2.5200 2.1437 2.5200 2.2853
2.5600 2.1370 2.5600 2.2769
2.5900 2.1141 2.5900 2.2140
2.6200 2.0771 2.6200 2.1687
2.6600 2.1695 2.6600 2.2661
2.6900 2.3044 2.6900 2.4534
2.7200 2.3634 2.7200 2.5201
2.7500 2.3504 2.7500 2.5064
2.7900 2.3749 2.7900 2.5297
2.8100 2.4320 2.8100 2.5885
2.8300 2.4260 2.8300 2.5806
2.8600 2.4280 2.8600 2.5806
2.8900 2.4502 2.8900 2.6017
2.9200 2.4975 2.9200 2.6522
2.9400 2.5166 2.9400 2.6729
2.9900 2.5349 2.9900 2.6922
3.0100 2.5748 3.0100 2.7345
3.0400 2.5962 3.0400 2.7570
3.0700 2.6132 3.0700 2.7750
3.0900 2.6388 3.0900 2.8013
3.1100 2.6789 3.1100 2.8439
3.1300 2.6816 3.1300 2.8462
3.1300 2.6900 3.1300 2.8540
3.1400 2.7244 3.1400 2.8897
3.1400 2.7526 3.1400 2.9198
3.1500 2.7722 3.1500 2.9410
3.1700 2.7813 3.1700 2.9497
3.1800 2.8412 3.1800 3.0140
3.1900 2.8453 3.1900 3.0179
3.2100 2.8622 3.2100 3.0358
3.2100 2.8930 3.2100 3.0675
3.2100 2.9036 3.2100 3.0782
3.2200 2.9121 3.2200 3.0866
3.2600 2.9322 3.2600 3.1068
3.2600 2.9170 3.2600 3.0884
3.2600 2.9254 3.2600 3.0797
3.2500 2.9251 3.2500 3.0675
3.2400 2.9362 3.2400 3.0733
3.2200 2.9624 3.2200 3.1287
3.2000 2.9661 3.2000 3.1366
3.1800 2.9675 3.1800 3.1317
3.1600 2.9940 3.1600 3.1698
3.1400 2.9828 3.1400 3.1490
3.0800 2.9734 3.0800 3.1096
3.0400 2.9929 3.0400 3.1427
3.0100 3.0521 3.0100 3.2314
2.9800 3.0267 2.9800 3.2048
2.9600 3.0094 2.9600 3.1612
2.9400 3.0018 2.9400 3.1350
2.9300 2.9785 2.9300 3.0930
2.9100 2.9157 2.9100 3.0261
2.7300 2.8798 2.7300 2.9872
2.7000 2.8553 2.7000 2.9609
2.7600 2.8330 2.7600 2.9376
2.6500 2.8113 2.6500 2.9153
2.5100 2.6715 2.5100 2.7654
2.5100 2.6138 2.5100 2.7021
2.5100 2.6322 2.5100 2.7209
2.4900 2.6051 2.4900 2.6958
2.5500 2.6074 2.5500 2.7020
2.9400 2.6253 2.9400 2.7221
3.0600 2.6434 3.0600 2.7431
3.1600 2.6256 3.1600 2.7252
3.2200 2.1134 3.2200 2.1747
3.1100 2.1493 3.1100 2.2058
2.9800 2.5976 2.9800 2.6852
2.9300 2.2302 2.9300 2.3097
2.8800 1.8138 2.8800 1.8668
2.9100 2.1443 2.9100 2.2035
2.8900 2.2893 2.8900 2.3647
2.8500 2.1750 2.8500 2.2608
2.8900 2.4505 2.8900 2.5578
3.0000 3.0793 3.0000 3.2855
3.0700 3.0551 3.0700 3.2720
2.9600 2.9720 2.9600 3.1850
2.9100 3.0352 2.9100 3.2364
2.7500 2.8474 2.7500 3.0217
2.7000 2.3866 2.7000 2.4569
2.7200 2.4357 2.7200 2.4952
2.6900 2.4064 2.6900 2.4710
2.5100 2.5523 2.5100 2.6441
2.4100 2.6159 2.4100 2.7188
2.4400 2.5122 2.4400 2.6093
2.3900 2.7124 2.3900 2.8202
2.3700 2.9170 2.3700 3.0931
2.3300 2.9416 2.3300 3.1267
2.2800 2.6715 2.2800 2.7903
2.2200 2.5239 2.2200 2.6136
2.1800 2.1927 2.1800 2.2432
2.1400 2.0948 2.1400 2.1416
2.1000 2.3797 2.1000 2.4542
2.0900 2.3740 2.0900 2.4615
2.0500 1.8491 2.0500 1.9052
2.0400 1.7709 2.0400 1.8072
2.0400 2.1485 2.0400 2.2067
1.9800 2.0598 1.9800 2.1293
1.9700 2.0042 1.9700 2.0824
1.9500 2.0749 1.9500 2.1519
1.9400 1.9873 1.9400 2.0564
1.9000 1.8655 1.9000 1.9274
1.8900 1.8632 1.8900 1.9242
1.8000 1.8424 1.8000 1.9046
1.7700 1.8077 1.7700 1.8707
1.7600 1.8696 1.7600 1.9392
1.7200 1.8318 1.7200 1.9007
1.6800 1.8442 1.6800 1.9160
1.6500 1.9205 1.6500 1.9982
1.6200 1.7687 1.6200 1.8372
1.5900 1.7709 1.5900 1.8394
1.5600 1.8151 1.5600 1.8849
1.5100 1.7948 1.5100 1.8668
1.5000 1.7170 1.5000 1.7852
1.4600 1.7441 1.4600 1.8131
1.4000 1.5446 1.4000 1.5987
1.4000 1.5102 1.4000 1.5612
1.3800 1.6146 1.3800 1.6731
1.4000 1.5441 1.4000 1.6026
1.3900 1.4698 1.3900 1.5262
1.4100 1.4963 1.4100 1.5521
1.3900 1.4736 1.3900 1.5289
1.4400 1.4392 1.4400 1.4944
1.5200 1.4228 1.5200 1.4778
1.6000 1.3475 1.6000 1.3976
1.6700 1.3840 1.6700 1.4373
1.7600 1.3496 1.7600 1.4018
1.7900 1.2198 1.7900 1.2643
1.7700 1.3053 1.7700 1.3556
1.7200 1.3379 1.7200 1.3919
1.5800 1.3945 1.5800 1.4575
1.4500 1.4125 1.4500 1.4783
1.3800 1.4670 1.3800 1.5371
1.3600 1.4213 1.3600 1.4879
1.3400 1.5432 1.3400 1.6186
1.2800 1.7329 1.2800 1.8513
1.2300 1.7973 1.2300 1.9238
1.2100 1.8343 1.2100 1.9652
1.2300 1.9190 1.2300 2.0558
1.2100 1.9103 1.2100 2.0449
1.1700 1.8414 1.1700 1.9392
1.1200 1.6515 1.1200 1.7227
1.0900 1.2718 1.0900 1.3082
1.1000 1.2241 1.1000 1.0838
1.1400 1.2063 1.1400 1.0662
1.2600 1.2033 1.2600 1.1406
1.4200 1.1801 1.4200 1.2125
1.5500 1.1312 1.5500 1.1528
1.6300 1.1111 1.6300 1.1151
1.5900 1.1308 1.5900 1.1717
1.5300 1.2442 1.5300 1.2970
1.5200 1.2185 1.5200 1.2742
1.5100 1.1274 1.5100 1.1772
1.4500 1.0651 1.4500 1.0976
1.4100 1.0629 1.4100 1.0748
1.4100 1.1129 1.4100 1.1593
1.4300 1.2567 1.4300 1.3180
1.4500 1.5520 1.4500 1.6596
1.4600 1.7168 1.4600 1.8453
1.4900 1.8018 1.4900 1.9413
1.5100 1.8177 1.5100 1.9579
1.5200 1.7062 1.5200 1.8309
1.5300 1.5228 1.5300 1.5928
1.5400 1.4922 1.5400 1.5504
1.5400 1.4696 1.5400 1.5276
1.5400 1.2888 1.5400 1.3393
1.5600 1.2456 1.5600 1.2921
1.5500 1.3551 1.5500 1.4078
1.5300 1.4474 1.5300 1.5110
1.4700 1.5012 1.4700 1.5741
1.4200 1.5316 1.4200 1.6077
1.4200 1.6039 1.4200 1.6842
1.4300 1.6342 1.4300 1.7161
1.3800 1.6081 1.3800 1.6882
1.3700 1.6042 1.3700 1.6825
1.3500 1.6119 1.3500 1.6891
1.3000 1.5817 1.3000 1.6564
1.3100 1.5628 1.3100 1.6355
1.3200 1.6149 1.3200 1.6907
1.3300 1.5748 1.3300 1.6481
1.3500 1.4953 1.3500 1.5626
1.3500 1.3554 1.3500 1.4096
1.3700 1.2591 1.3700 1.3036
1.4000 1.3361 1.4000 1.3864
1.4500 1.4210 1.4500 1.4817
1.4900 1.2923 1.4900 1.3481
1.5000 1.3039 1.5000 1.3594
1.4900 1.3329 1.4900 1.3882
1.4600 1.2036 1.4600 1.2511
1.9800 1.7369 1.9800 1.8238
1.9900 1.8781 1.9900 2.0058
1.9800 1.9363 1.9800 2.0688
1.9800 1.9217 1.9800 2.0537
1.9700 1.9054 1.9700 2.0278
1.9800 1.8858 1.9800 1.9739
1.9500 1.8563 1.9500 1.9403
1.9200 1.8281 1.9200 1.9099
1.8700 1.7761 1.8700 1.8543
1.8100 1.9509 1.8100 2.0416
1.8400 2.0533 1.8400 2.1874
1.8300 2.0589 1.8300 2.1958
1.8000 2.0096 1.8000 2.1089
1.7900 2.0009 1.7900 2.0922
1.7700 1.9504 1.7700 2.0346
1.7200 1.9089 1.7200 1.9907
1.6700 1.8829 1.6700 1.9630
1.6600 1.9204 1.6600 2.0030
1.6300 1.8388 1.6300 1.9161
1.5900 1.7562 1.5900 1.8267
1.5700 1.6676 1.5700 1.7294
1.5400 1.5527 1.5400 1.6051
1.5100 1.7180 1.5100 1.7838
1.4900 1.7622 1.4900 1.8357
1.4800 1.6500 1.4800 1.7206
1.4700 1.6843 1.4700 1.7547
1.4600 1.6870 1.4600 1.7551
1.4400 1.5426 1.4400 1.6024
1.3900 1.4574 1.3900 1.5101
1.3300 1.5216 1.3300 1.5778
1.2900 1.4988 1.2900 1.5564
1.2600 1.4181 1.2600 1.4731
1.2400 1.4425 1.2400 1.4988
1.2400 1.4312 1.2400 1.4868
1.2300 1.3816 1.2300 1.4358
1.2400 1.3896 1.2400 1.4451
1.2500 1.4193 1.2500 1.4779
1.2700 1.4249 1.2700 1.4860
1.2900 1.4266 1.2900 1.4891
1.3100 1.4008 1.3100 1.4616
1.3300 1.2912 1.3300 1.3434
1.3400 1.1732 1.3400 1.2152
1.3400 1.1535 1.3400 1.1850
1.3400 1.1474 1.3400 1.1880
1.3400 1.1563 1.3400 1.2012
1.3500 1.2214 1.3500 1.2737
1.3600 1.2435 1.3600 1.2994
1.3700 1.2884 1.3700 1.3491
1.3700 1.3377 1.3700 1.4026
1.3800 1.3817 1.3800 1.4509
1.3800 1.4195 1.3800 1.4921
1.3900 1.4483 1.3900 1.5229
1.3900 1.4691 1.3900 1.5448
1.4000 1.4628 1.4000 1.5372
1.4000 1.4281 1.4000 1.4989
1.3900 1.4088 1.3900 1.4766
1.3900 1.3994 1.3900 1.4655
1.4000 1.4166 1.4000 1.4841
1.3900 1.4371 1.3900 1.5066
1.3800 1.4497 1.3800 1.5206
1.3700 1.4366 1.3700 1.5063
1.3700 1.4519 1.3700 1.5219
1.3600 1.4443 1.3600 1.5133
1.3600 1.4538 1.3600 1.5235
1.3600 1.4486 1.3600 1.5177
1.3600 1.4627 1.3600 1.5327
1.3600 1.4567 1.3600 1.5262
1.3500 1.4171 1.3500 1.4832
1.3500 1.4174 1.3500 1.4828
1.3200 1.4552 1.3200 1.5231
1.2900 1.4188 1.2900 1.4849
1.3000 1.3855 1.3000 1.4492
1.2800 1.3800 1.2800 1.4420
1.2700 1.3909 1.2700 1.4536
1.2600 1.3711 1.2600 1.4333
1.2400 1.3793 1.2400 1.4426
1.2200 1.3966 1.2200 1.4612
1.2100 1.3987 1.2100 1.4640
1.1900 1.3997 1.1900 1.4654
1.1800 1.3775 1.1800 1.4413
1.1700 1.3799 1.1700 1.4436
1.1700 1.3116 1.1700 1.3698
1.1600 1.2392 1.1600 1.2914
1.1500 1.3113 1.1500 1.3683
1.1300 1.2897 1.1300 1.3465
1.1200 1.2565 1.1200 1.3131
1.1100 1.2764 1.1100 1.3337
1.1000 1.2448 1.1000 1.2997
1.0900 1.2045 1.0900 1.2571
1.0800 1.2165 1.0800 1.2697
1.0700 1.1915 1.0700 1.2436
1.0700 1.1861 1.0700 1.2388
1.0500 1.1956 1.0500 1.2493
1.0400 1.2159 1.0400 1.2719
1.0400 1.2062 1.0400 1.2625
1.0300 1.1913 1.0300 1.2467
1.0300 1.1583 1.0300 1.2108
1.0200 1.1511 1.0200 1.2029
1.0100 1.1498 1.0100 1.2019
1.0100 1.1408 1.0100 1.1931
1.0000 1.1344 1.0000 1.1868
0.9900 1.1308 0.9900 1.1831
0.9800 1.1222 0.9800 1.1742
0.9800 1.1398 0.9800 1.1934
0.9700 1.1038 0.9700 1.1553
0.9700 1.0870 0.9700 1.1373
0.9600 1.1169 0.9600 1.1692
0.9600 1.1036 0.9600 1.1557
0.9700 1.1071 0.9700 1.1605
0.9500 1.1032 0.9500 1.1561
0.9300 1.0821 0.9300 1.1335
0.9400 1.0963 0.9400 1.1488
0.9700 1.0850 0.9700 1.1368
1.0300 1.0616 1.0300 1.1123
1.1000 1.0554 1.1000 1.1053
1.1800 1.0710 1.1800 1.1221
1.3100 1.0565 1.3100 1.1073
1.4600 1.0632 1.4600 1.1149
1.5600 1.0544 1.5600 1.1055
1.6100 1.0591 1.6100 1.1107
1.6900 1.0962 1.6900 1.1510
1.6300 1.0471 1.6300 1.0987
1.9900 0.9914 1.9900 1.0385
2.0000 1.0475 2.0000 1.0976
2.0100 1.1378 2.0100 1.1958
2.0000 1.2689 2.0000 1.3401
1.9700 1.4073 1.9700 1.5007
1.9300 1.4740 1.9300 1.5840
1.8900 1.6018 1.8900 1.7240
1.8500 1.7423 1.8500 1.8777
1.8000 1.7880 1.8000 1.9276
1.7700 1.7774 1.7700 1.9127
1.8100 1.8520 1.8100 1.9882
1.8100 1.7347 1.8100 1.8513
1.7400 2.2370 1.7400 2.4008
1.6700 2.1526 1.6700 2.3098
1.6300 1.9996 1.6300 2.1451
1.5800 2.0083 1.5800 2.1408
1.5500 1.9869 1.5500 2.0653
1.5600 1.7199 1.5600 1.7858
1.5800 1.6841 1.5800 1.7453
2.0000 1.6287 2.0000 1.6866
2.1300 1.5558 2.1300 1.6100
2.4600 1.5531 2.4600 1.6083
2.6500 1.7554 2.6500 1.8278
2.6700 1.7882 2.6700 1.8684
2.5800 1.5585 2.5800 1.6246
2.4800 1.4242 2.4800 1.4742
2.4000 1.4302 2.4000 1.4753
2.3000 1.3569 2.3000 1.4004
2.2500 1.3422 2.2500 1.3896
2.2400 1.4783 2.2400 1.5379
2.2000 1.5901 2.2000 1.6615
2.1400 2.3134 2.1400 2.4811
2.1200 2.3394 2.1200 2.5183
2.0600 2.5895 2.0600 2.7984
1.9800 2.7388 1.9800 2.9519
1.9400 2.5982 1.9400 2.7928
1.9500 2.3754 1.9500 2.5366
1.9700 2.2161 1.9700 2.2856
1.9600 1.9668 1.9600 2.0130
1.9400 1.7517 1.9400 1.7898
1.9300 1.7562 1.9300 1.8019
1.9300 1.9262 1.9300 1.9889
1.9000 1.9083 1.9000 1.9770
1.8600 1.7985 1.8600 1.8628
1.8500 1.8674 1.8500 1.9337
1.8600 1.7875 1.8600 1.8484
1.8200 1.6013 1.8200 1.6518
1.7800 1.6224 1.7800 1.6730
1.7700 1.7857 1.7700 1.8500
1.7600 1.8852 1.7600 1.9650
1.7300 1.8664 1.7300 1.9500
1.7100 1.8301 1.7100 1.9092
1.6800 1.8380 1.6800 1.9140
1.6600 1.8538 1.6600 1.9308
1.6400 1.7690 1.6400 1.8419
1.5900 1.6753 1.5900 1.7410
1.5600 1.7119 1.5600 1.7783
1.5300 1.7913 1.5300 1.8650
1.5100 1.6815 1.5100 1.7513
1.4900 1.5909 1.4900 1.6536
1.4500 1.6494 1.4500 1.7132
1.4000 1.6663 1.4000 1.7330
1.3600 1.5906 1.3600 1.6557
1.3600 1.5832 1.3600 1.6475
1.3300 1.5596 1.3300 1.6212
1.2900 1.5368 1.2900 1.5977
1.2400 1.5304 1.2400 1.5920
1.2400 1.4347 1.2400 1.4900
1.3000 1.4025 1.3000 1.4555
1.3400 1.4037 1.3400 1.4565
1.4200 1.3963 1.4200 1.4509
1.4600 1.3951 1.4600 1.4518
1.4300 1.3383 1.4300 1.3916
1.4700 1.2517 1.4700 1.2985
1.5600 1.2193 1.5600 1.2629
1.6200 1.2943 1.6200 1.3448
1.6400 1.2666 1.6400 1.3186
1.6800 1.1874 1.6800 1.2356
1.7500 1.1287 1.7500 1.1711
1.7900 1.1994 1.7900 1.2465
1.8300 1.4117 1.8300 1.4784
1.9000 1.5123 1.9000 1.5925
1.9400 1.6434 1.9400 1.7591
1.9700 1.6663 1.9700 1.7841
2.0100 1.5428 2.0100 1.6245
2.0600 1.5941 2.0600 1.6741
2.0800 1.7738 2.0800 1.8955
2.0800 1.8029 2.0800 1.9296
2.0800 1.7716 2.0800 1.8954
2.1200 1.8138 2.1200 1.9378
2.0900 1.8999 2.0900 2.0299
2.0500 1.9136 2.0500 2.0449
2.0800 1.9282 2.0800 2.0595
2.0400 2.0082 2.0400 2.1442
2.0100 2.0302 2.0100 2.1673
2.0100 2.0294 2.0100 2.1655
2.0300 2.0688 2.0300 2.2053
2.0300 2.1217 2.0300 2.2614
1.9900 2.1146 1.9900 2.2530
2.0000 2.0801 2.0000 2.1777
2.0200 2.0487 2.0200 2.1395
2.0200 2.1448 2.0200 2.2407
1.9700 2.0158 1.9700 2.1040
1.9700 1.8560 1.9700 1.9319
1.9900 2.0111 1.9900 2.0934
1.9800 1.9201 1.9800 1.9971
2.0400 1.7875 2.0400 1.8589
2.0500 1.8845 2.0500 1.9593
2.0400 1.9832 2.0400 2.0663
2.1000 1.9554 2.1000 2.0421
2.1200 1.8419 2.1200 1.9199
2.1200 1.9037 2.1200 1.9825
2.1200 2.0024 2.1200 2.0880
2.1000 1.9615 2.1000 2.0487
2.0800 1.8029 2.0800 1.8788
2.0600 1.8469 2.0600 1.9211
2.0800 1.9568 2.0800 2.0384
2.0500 1.8987 2.0500 1.9813
2.0400 2.0603 2.0400 2.1568
1.9900 2.0970 1.9900 2.2043
1.9700 1.9845 1.9700 2.0758
1.9100 2.1412 1.9100 2.2565
1.8200 2.1615 1.8200 2.2990
1.8000 2.0788 1.8000 2.1760
1.7600 2.0698 1.7600 2.1620
1.7400 2.0127 1.7400 2.0965
1.7900 1.9299 1.7900 2.0077
1.7800 1.9024 1.7800 1.9775
1.7200 1.9921 1.7200 2.0746
1.6900 1.9208 1.6900 2.0007
1.6500 1.8873 1.6500 1.9655
1.6200 1.8025 1.6200 1.8719
1.6200 1.7769 1.6200 1.8435
1.6600 1.6688 1.6600 1.7282
1.6700 1.4704 1.6700 1.5156
1.6600 1.5326 1.6600 1.5814
1.6000 1.5545 1.6000 1.6069
1.5600 1.5342 1.5600 1.5920
1.5300 1.7708 1.5300 1.8484
1.5200 1.7803 1.5200 1.8616
1.5600 1.5574 1.5600 1.6245
1.6600 1.5406 1.6600 1.6000
1.0900 1.3696 1.0900 1.4200
1.0400 1.2165 1.0400 1.2444
0.9800 1.1813 0.9800 1.1042
0.9600 1.1398 0.9600 1.0143
0.9300 1.1189 0.9300 0.9977
0.9100 1.1259 0.9100 1.1182
0.9100 1.1570 0.9100 1.2038
0.9100 1.1691 0.9100 1.2216
0.9400 1.2282 0.9400 1.2854
0.9800 1.2332 0.9800 1.2904
1.0100 1.1802 1.0100 1.2341
1.0300 1.0992 1.0300 1.1462
1.0400 1.0600 1.0400 1.0996
1.0500 1.0371 1.0500 1.0158
1.0600 1.0092 1.0600 0.9163
1.0800 1.0058 1.0800 0.9342
1.0900 0.9903 1.0900 0.9458
1.1000 0.9804 1.1000 0.9372
1.1200 0.9789 1.1200 1.0073
1.1300 1.0087 1.1300 1.0567
1.1400 1.0919 1.1400 1.1484
1.1600 1.2020 1.1600 1.2682
1.1700 1.2450 1.1700 1.3160
1.1800 1.2493 1.1800 1.3205
1.1900 1.2383 1.1900 1.3064
1.2100 1.2242 1.2100 1.2894
1.2200 1.2180 1.2200 1.2816
1.2300 1.2426 1.2300 1.3076
1.2300 1.2449 1.2300 1.3101
1.2400 1.2424 1.2400 1.3071
1.2500 1.2777 1.2500 1.3444
1.2700 1.2818 1.2700 1.3484
1.2900 1.2743 1.2900 1.3403
1.3100 1.3104 1.3100 1.3782
1.3000 1.3144 1.3000 1.3822
1.3300 1.3068 1.3300 1.3739
1.3600 1.3170 1.3600 1.3840
1.3900 1.3497 1.3900 1.4186
1.4400 1.3507 1.4400 1.4198
1.5100 1.3480 1.5100 1.4166
1.5700 1.3315 1.5700 1.3978
1.6200 1.3408 1.6200 1.4069
1.6700 1.3558 1.6700 1.4229
1.7200 1.3894 1.7200 1.4593
1.7600 1.4228 1.7600 1.4956
1.8000 1.4477 1.8000 1.5223
1.8300 1.3893 1.8300 1.4589
1.8600 1.4451 1.8600 1.5172
1.8800 1.5196 1.8800 1.5968
1.9100 1.5430 1.9100 1.6237
1.9300 1.6322 1.9300 1.7200
1.9500 1.7165 1.9500 1.8365
1.9600 1.7575 1.9600 1.8818
1.9700 1.7830 1.9700 1.9089
1.9900 1.8205 1.9900 1.9477
2.0000 1.8609 2.0000 1.9899
2.0200 1.8835 2.0200 2.0129
2.0400 1.9105 2.0400 2.0404
2.0400 1.9286 2.0400 2.0581
2.0700 1.9487 2.0700 2.0742
2.1000 1.9580 2.1000 2.0610
2.1300 1.9852 2.1300 2.0858
2.1600 1.9953 2.1600 2.0906
2.1800 1.9946 2.1800 2.0892
2.1900 1.9811 2.1900 2.0734
2.2000 1.9727 2.2000 2.0629
2.2300 2.0018 2.2300 2.0932
2.2400 2.0012 2.2400 2.0924
2.2700 2.0216 2.2700 2.1144
2.2800 2.0579 2.2800 2.1527
2.3100 2.0186 2.3100 2.1102
2.3400 2.0739 2.3400 2.1686
2.3600 2.1380 2.3600 2.2456
2.3800 2.1564 2.3800 2.2717
2.4000 2.1771 2.4000 2.3084
2.4400 2.1890 2.4400 2.3175
2.4600 2.1826 2.4600 2.2825
2.4500 2.1718 2.4500 2.2687
2.4700 2.2302 2.4700 2.3302
2.4900 2.2198 2.4900 2.3197
2.5000 2.2574 2.5000 2.3607
2.5300 2.2603 2.5300 2.3652
2.5500 2.2905 2.5500 2.4052
2.5600 2.3200 2.5600 2.4622
2.5700 2.3282 2.5700 2.4632
2.5700 2.3377 2.5700 2.4647
2.6100 2.3575 2.6100 2.4884
2.6300 2.4023 2.6300 2.5521
2.6400 2.4087 2.6400 2.5588
2.6500 2.3563 2.6500 2.4603
2.6200 2.3935 2.6200 2.4964
2.6100 2.4334 2.6100 2.5528
2.6500 2.4166 2.6500 2.5220
2.7000 2.4591 2.7000 2.5853
2.7200 2.4793 2.7200 2.6281
2.7300 2.4725 2.7300 2.5940
2.6700 2.4776 2.6700 2.5886
2.6500 2.4604 2.6500 2.5641
2.7000 2.5303 2.7000 2.6627
2.5600 2.5448 2.5600 2.7000
2.9200 2.5330 2.9200 2.6602
2.9300 2.5394 2.9300 2.6631
2.8400 2.4441 2.8400 2.5432
2.7700 2.3944 2.7700 2.4882
2.8400 2.5560 2.8400 2.6605
2.8900 2.6248 2.8900 2.7844
2.7600 2.6086 2.7600 2.7693
2.7700 2.6007 2.7700 2.7593
2.7700 2.4436 2.7700 2.5407
2.7300 2.3757 2.7300 2.4628
2.6300 2.5970 2.6300 2.6990
2.4800 2.1547 2.4800 2.2308
2.4500 2.9582 2.4500 3.1467
2.5300 2.8965 2.5300 3.0834
2.5100 2.5143 2.5100 2.6424
2.4500 2.4337 2.4500 2.5233
2.3800 2.7702 2.3800 2.9261
2.3300 2.7816 2.3300 2.9325
2.3000 2.3250 2.3000 2.4193
2.2700 2.4324 2.2700 2.5224
2.2300 2.6351 2.2300 2.7289
2.1600 2.4103 2.1600 2.5005
2.0800 2.1347 2.0800 2.2075
2.1000 1.8611 2.1000 1.9033
2.1400 1.9507 2.1400 1.9957
2.0100 2.3875 2.0100 2.4726
1.9300 2.3243 1.9300 2.4237
1.8700 2.1104 1.8700 2.1989
1.7600 2.0509 1.7600 2.1211
1.7600 1.9984 1.7600 2.0590
1.7900 1.9705 1.7900 2.0345
1.8900 1.9724 1.8900 2.0421
1.9800 1.9354 1.9800 2.0056
1.9700 1.8184 1.9700 1.8800
2.0000 1.6855 2.0000 1.7359
1.9100 1.8759 1.9100 1.9402
1.8000 2.0888 1.8000 2.1753
1.7200 1.6787 1.7200 1.7440
1.7300 1.5018 1.7300 1.5483
1.8200 1.5698 1.8200 1.6103
1.8000 1.3724 1.8000 1.3605
1.7000 1.4377 1.7000 1.4816
1.6900 1.7276 1.6900 1.7957
1.7400 2.0115 1.7400 2.1114
1.8200 2.0942 1.8200 2.2355
1.9500 2.0166 1.9500 2.1520
1.9700 2.0349 1.9700 2.1693
1.9900 1.8088 1.9900 1.8828
1.9900 1.4332 1.9900 1.4759
2.0600 1.3546 2.0600 1.3702
2.0900 1.5258 2.0900 1.5715
1.9800 1.8516 1.9800 1.9340
2.0000 1.7936 2.0000 1.8820
2.0500 1.4685 2.0500 1.5317
2.0700 1.5506 2.0700 1.6073
1.9900 1.7887 1.9900 1.8610
1.8800 1.9464 1.8800 2.0432
1.8500 2.0883 1.8500 2.2319
1.8500 2.0499 1.8500 2.1908
1.8200 2.0259 1.8200 2.1631
1.8300 2.0281 1.8300 2.1600
1.7700 2.1292 1.7700 2.2678
1.7200 2.1375 1.7200 2.2771
1.7200 1.7704 1.7200 1.8465
1.7200 1.8451 1.7200 1.9178
1.6900 2.1197 1.6900 2.2075
1.6700 2.0638 1.6700 2.1597
1.6600 1.7749 1.6600 1.8531
1.6600 1.5345 1.6600 1.5836
1.6500 1.5742 1.6500 1.6185
1.6400 1.6820 1.6400 1.7388
1.6300 1.6179 1.6300 1.6813
1.6000 1.7104 1.6000 1.7836
1.5500 1.6258 1.5500 1.6906
1.4700 1.4947 1.4700 1.5493
1.3900 1.5938 1.3900 1.6537
1.3200 1.6558 1.3200 1.7232
1.2300 1.5637 1.2300 1.6301
1.1600 1.5571 1.1600 1.6219
1.1300 1.5927 1.1300 1.6581
1.1100 1.6107 1.1100 1.6793
1.1000 1.5960 1.1000 1.6657
1.1800 1.5874 1.1800 1.6567
1.2900 1.5843 1.2900 1.6528
1.4200 1.5184 1.4200 1.5819
1.5700 1.4026 1.5700 1.4571
1.6700 1.2427 1.6700 1.2836
1.7000 1.1942 1.7000 1.1435
1.8000 1.1675 1.8000 1.0726
1.8700 1.1231 1.8700 1.0000
1.9300 1.0921 1.9300 0.9742
2.0500 1.0826 2.0500 0.9828
2.0700 1.0731 2.0700 1.0558
2.0800 1.0647 2.0800 1.1072
2.1200 1.3385 2.1200 1.4062
2.1900 1.5849 2.1900 1.6975
2.2100 1.6921 2.2100 1.8189
2.2500 1.8193 2.2500 1.9593
2.2700 1.8742 2.2700 2.0184
2.2600 1.8345 2.2600 1.9720
2.2400 1.9420 2.2400 2.0830
2.1900 2.0086 2.1900 2.1511
2.2800 2.0256 2.2800 2.1684
2.2700 2.1541 2.2700 2.3050
2.3300 2.1303 2.3300 2.2765
2.3500 2.0872 2.3500 2.2273
2.3400 2.1499 2.3400 2.2894
2.2800 2.2432 2.2800 2.3892
2.2200 2.2173 2.2200 2.3621
2.2300 2.2446 2.2300 2.3898
2.3000 2.2625 2.3000 2.4064
2.3000 2.2130 2.3000 2.3116
2.3200 2.1084 2.3200 2.1968
2.3300 1.9797 2.3300 2.0546
2.3300 2.2701 2.3300 2.3663
2.3500 2.2549 2.3500 2.3553
2.3100 2.3090 2.3100 2.4250
2.2500 2.3280 2.2500 2.4741
2.2100 2.2865 2.2100 2.3886
2.1600 2.0554 2.1600 2.1379
2.0500 1.9296 2.0500 1.9954
1.5600 1.5003 1.5600 1.5664
1.4800 1.4865 1.4800 1.5513
1.4000 1.4424 1.4000 1.5046
1.3200 1.4120 1.3200 1.4717
1.2400 1.4192 1.2400 1.4794
1.1600 1.3670 1.1600 1.4240
1.0700 1.3381 1.0700 1.3937
0.8700 1.8172 0.8700 1.9393
0.7700 1.9186 0.7700 2.0547
0.6600 1.9426 0.6600 2.0859
0.5800 1.8247 0.5800 1.9534
0.5300 1.5751 0.5300 1.6435
0.5100 1.3034 0.5100 1.3405
0.4900 1.2536 0.4900 1.1904
0.4800 1.2151 0.4800 1.0784
0.4800 1.1652 0.4800 1.0325
0.4700 1.1235 0.4700 0.9972
0.4600 1.0873 0.4600 0.9680
0.4600 1.0469 0.4600 0.9346
0.4500 0.9435 0.4500 0.8395
0.4500 0.9183 0.4500 0.8198
0.4500 0.8745 0.4500 0.7832
0.4600 0.8421 0.4600 0.7599
0.4700 0.8122 0.4700 0.7388
0.4700 0.7983 0.4700 0.7329
0.4700 0.7901 0.4700 0.7332
0.4600 0.7820 0.4600 0.7307
0.4600 0.7828 0.4600 0.7356
0.4600 0.7786 0.4600 0.7344
0.4600 0.7749 0.4600 0.7325
0.4600 0.7759 0.4600 0.7342
0.4700 0.7717 0.4700 0.7309
0.4800 0.7725 0.4800 0.7322
0.4900 0.7716 0.4900 0.7316
0.5000 0.7768 0.5000 0.7371
0.5100 0.7805 0.5100 0.7537
0.5200 0.7785 0.5200 0.7481
0.5300 0.7789 0.5300 0.7397
0.6300 0.7746 0.6300 0.7352
0.6600 0.7771 0.6600 0.7373
0.6500 0.7774 0.6500 0.7372
0.8600 0.7766 0.8600 0.7365
0.8200 0.7758 0.8200 0.7359
0.7600 0.7806 0.7600 0.7420
0.7800 0.7852 0.7800 0.7664
0.8300 0.7888 0.8300 0.7809
0.8600 0.7926 0.8600 0.7956
0.8700 0.7973 0.8700 0.8083
0.8900 0.8024 0.8900 0.8167
0.8800 0.8069 0.8800 0.8251
0.8700 0.9962 0.8700 1.0591
0.9100 1.0449 0.9100 1.1135
0.9200 0.9172 0.9200 0.9771
0.9500 1.2746 0.9500 1.3760
0.9700 1.1960 0.9700 1.2905
0.9100 0.8954 0.9100 0.9189
0.8400 0.9728 0.8400 1.0240
0.8100 1.1203 0.8100 1.1780
0.8600 1.0759 0.8600 1.1387
0.9200 1.0792 0.9200 1.1425
0.9200 1.1223 0.9200 1.1860
0.9900 1.0687 0.9900 1.1266
1.1600 1.0000 1.1600 1.0516
1.2900 1.1010 1.2900 1.1590
1.3900 1.1215 1.3900 1.1819
1.4800 1.1441 1.4800 1.2081
1.5400 1.1895 1.5400 1.2560
1.6300 1.0026 1.6300 1.0534
1.7300 0.9404 1.7300 0.8660
1.8900 0.9385 1.8900 0.8621
1.9500 0.9797 1.9500 1.0228
1.9400 1.1454 1.9400 1.2080
1.9600 1.1171 1.9600 1.1822
2.1200 1.2673 2.1200 1.3428
2.1800 1.5162 2.1800 1.6315
2.1900 1.6134 2.1900 1.7410
2.2300 1.6437 2.2300 1.7751
2.3000 1.7070 2.3000 1.8399
2.2600 1.7412 2.2600 1.8731
2.2900 1.8150 2.2900 1.9500
2.3500 1.9096 2.3500 2.0493
2.3300 2.0711 2.3300 2.2241
2.3400 2.0649 2.3400 2.2161
2.4500 1.9756 2.4500 2.1145
2.6500 2.0033 2.6500 2.1368
2.5500 2.2486 2.5500 2.4001
2.5000 2.2541 2.5000 2.4090
2.4100 2.1723 2.4100 2.3197
2.3100 2.2269 2.3100 2.3720
2.2400 2.3329 2.2400 2.4840
2.2400 2.2112 2.2400 2.3130
2.2300 2.2190 2.2300 2.3185
2.2500 2.3597 2.2500 2.5067
2.2800 2.2796 2.2800 2.3822
2.2300 2.2218 2.2300 2.3210
2.1800 2.4656 2.1800 2.6201
2.1700 2.7147 2.1700 2.8964
2.1600 2.4216 2.1600 2.5813
2.1000 2.2149 2.1000 2.3114
2.1000 2.1346 2.1000 2.1990
2.1700 1.8345 2.1700 1.8769
2.2100 1.7084 2.2100 1.7500
2.2600 1.9300 2.2600 1.9902
2.2900 1.9972 2.2900 2.0720
2.2600 2.0991 2.2600 2.1883
2.2500 2.2439 2.2500 2.3444
2.3000 2.0796 2.3000 2.1681
2.3100 1.9168 2.3100 1.9901
2.2600 1.9853 2.2600 2.0574
2.1800 1.9976 2.1800 2.0733
2.0900 1.8234 2.0900 1.8922
2.0000 1.8967 2.0000 1.9696
1.9400 2.1983 1.9400 2.2931
1.9100 2.2418 1.9100 2.3788
1.9300 2.2612 1.9300 2.4075
1.9900 2.2839 1.9900 2.4303
2.0300 2.2056 2.0300 2.3047
2.0500 2.1221 2.0500 2.2104
2.0700 2.3001 2.0700 2.3978
2.0800 2.2855 2.0800 2.3870
2.0000 2.0596 2.0000 2.1479
1.9300 1.8678 1.9300 1.9345
1.9100 1.7044 1.9100 1.7518
1.9200 1.5487 1.9200 1.5851
1.8800 1.5209 1.8800 1.5589
2.0100 1.5940 2.0100 1.6427
2.0000 1.7690 2.0000 1.8372
2.0200 2.0085 2.0200 2.1009
2.0100 2.0950 2.0100 2.2157
2.0100 2.0848 2.0100 2.2096
2.0100 2.0995 2.0100 2.2241
1.9600 2.1048 1.9600 2.2011
1.9000 1.8148 1.9000 1.8884
1.8900 1.6228 1.8900 1.6775
1.8200 1.6908 1.8200 1.7457
1.7800 1.7889 1.7800 1.8562
1.7900 1.6901 1.7900 1.7585
1.7800 2.1113 1.7800 2.2158
1.7000 2.0700 1.7000 2.2028
1.6900 2.0000 1.6900 2.0991
1.6800 2.0061 1.6800 2.0973
1.6700 1.9818 1.6700 2.0662
1.6700 1.9342 1.6700 2.0175
1.6600 1.8017 1.6600 1.8743
1.6500 1.6424 1.6500 1.7019
1.7400 1.7096 1.7400 1.7709
1.9400 1.5789 1.9400 1.6330
2.1600 1.5015 2.1600 1.5534
2.3200 1.6660 2.3200 1.7294
2.4200 1.6946 2.4200 1.7642
2.5300 1.4641 2.5300 1.5212
2.7400 1.5209 2.7400 1.5781
2.8800 1.6054 2.8800 1.6672
2.9700 1.5702 2.9700 1.6354
3.0800 1.6029 3.0800 1.6733
3.1100 1.6242 3.1100 1.6952
3.1000 1.5979 3.1000 1.6675
3.0800 1.8715 3.0800 1.9620
3.0700 2.1466 3.0700 2.2961
2.9500 2.3480 2.9500 2.5223
2.8100 2.4192 2.8100 2.6030
2.6700 2.4403 2.6700 2.6214
2.5600 2.5310 2.5600 2.7121
2.3900 2.7818 2.3900 2.9799
2.1900 2.8654 2.1900 3.0695
1.9800 2.8573 1.9800 3.0575
1.8600 2.9585 1.8600 3.1586
1.7400 2.9489 1.7400 3.1408
1.6000 2.8732 1.6000 3.0535
1.4800 2.8502 1.4800 3.0114
1.4100 2.8481 1.4100 2.9550
1.3500 2.4567 1.3500 2.5362
1.3400 2.0981 1.3400 2.1478
1.4100 1.9203 1.4100 1.9493
1.4700 1.8282 1.4700 1.8528
1.4700 1.6575 1.4700 1.5643
1.4400 1.5467 1.4400 1.3182
1.3700 1.4501 1.3700 1.2331
1.3000 1.4209 1.3000 1.2150
1.2100 1.3638 1.2100 1.1724
1.1400 1.2816 1.1400 1.1057
1.0500 1.2221 1.0500 1.0594
0.9500 1.2025 0.9500 1.0510
0.8800 1.1811 0.8800 1.0412
0.8000 1.1775 0.8000 1.1758
0.7500 1.4637 0.7500 1.5304
0.7300 1.6604 0.7300 1.7484
0.8500 1.5890 0.8500 1.6757
0.9000 1.4734 0.9000 1.5465
0.8500 1.2950 0.8500 1.3471
0.9100 1.1584 0.9100 1.1589
1.0500 1.1178 1.0500 1.0022
1.2300 1.0877 1.2300 0.9739
1.3900 1.0417 1.3900 0.9325
1.4800 0.9933 1.4800 0.8899
1.4700 0.9664 1.4700 0.8687
1.4400 0.9297 1.4400 0.8386
1.3900 0.9106 1.3900 0.8260
1.3200 0.9009 1.3200 0.8221
1.2200 1.0685 1.2200 1.1229
1.1300 1.2267 1.1300 1.3008
1.0700 1.0086 1.0700 1.0699
1.0000 1.1478 1.0000 1.2141
0.9500 1.4230 0.9500 1.5293
0.9000 1.5852 0.9000 1.7111
1.8800 1.2909 1.8800 1.3900
1.9800 1.3117 1.9800 1.4107
2.0900 1.3064 2.0900 1.3833
2.1700 1.3113 2.1700 1.3866
2.2500 1.4070 2.2500 1.4880
2.3600 1.4888 2.3600 1.5986
2.4200 1.5784 2.4200 1.6966
2.4400 1.6434 2.4400 1.7675
2.4700 1.7352 2.4700 1.8668
2.4700 1.8124 2.4700 1.9492
2.4500 1.8704 2.4500 2.0102
2.4300 1.9638 2.4300 2.1091
2.4500 2.0151 2.4500 2.1618
2.4700 2.0921 2.4700 2.2429
2.4600 2.1933 2.4600 2.3497
2.4600 2.2374 2.4600 2.3954
2.4600 2.2851 2.4600 2.4443
2.4500 2.3992 2.4500 2.5644
2.4300 2.4206 2.4300 2.5854
2.3900 2.3847 2.3900 2.5431
2.3500 2.4121 2.3500 2.5668
2.2900 2.4044 2.2900 2.5543
2.2300 2.3067 2.2300 2.4029
2.1600 2.2422 2.1600 2.3308
2.1000 2.3292 2.1000 2.4227
2.0300 2.3873 2.0300 2.4886
1.9800 2.3218 1.9800 2.4217
1.9300 2.3186 1.9300 2.4164
1.8900 2.3424 1.8900 2.4386
1.8500 2.2944 1.8500 2.3880
1.8100 2.2332 1.8100 2.3226
1.7700 2.1445 1.7700 2.2258
1.7400 2.0681 1.7400 2.1425
1.7000 1.9596 1.7000 2.0255
1.6600 1.8623 1.6600 1.9216
1.6600 1.7698 1.6600 1.8231
1.6600 1.7152 1.6600 1.7660
1.6100 1.6417 1.6100 1.6896
1.5700 1.6249 1.5700 1.6741
1.5400 1.6143 1.5400 1.6656
1.5400 1.6075 1.5400 1.6614
1.5300 1.5969 1.5300 1.6526
1.5400 1.5761 1.5400 1.6320
1.5300 1.5470 1.5300 1.6023
1.5200 1.5462 1.5200 1.6026
1.5100 1.5086 1.5100 1.5640
1.5000 1.4634 1.5000 1.5169
1.4800 1.5441 1.4800 1.6045
1.4500 1.6057 1.4500 1.6733
1.4200 1.4762 1.4200 1.5375
1.4300 1.4071 1.4300 1.4617
1.4400 1.4158 1.4400 1.4682
1.4400 1.4620 1.4400 1.5201
1.4200 1.4712 1.4200 1.5341
1.4000 1.5263 1.4000 1.5952
1.3900 1.5272 1.3900 1.5966
1.3700 1.5002 1.3700 1.5674
1.3600 1.4897 1.3600 1.5554
1.3600 1.4790 1.3600 1.5436
1.3700 1.4343 1.3700 1.4962
1.3700 1.3767 1.3700 1.4341
1.3700 1.3331 1.3700 1.3867
1.3600 1.4077 1.3600 1.4672
1.3500 1.4688 1.3500 1.5354
1.3400 1.4614 1.3400 1.5305
1.3300 1.4146 1.3300 1.4799
1.3200 1.3791 1.3200 1.4394
1.3200 1.3740 1.3200 1.4330
1.3100 1.3396 1.3100 1.3969
1.3000 1.3312 1.3000 1.3890
1.2900 1.3686 1.2900 1.4296
1.2700 1.4131 1.2700 1.4786
1.2500 1.4146 1.2500 1.4818
1.2400 1.4130 1.2400 1.4801
1.2300 1.3912 1.2300 1.4558
1.2200 1.3652 1.2200 1.4272
1.2100 1.3487 1.2100 1.4092
1.2100 1.3357 1.2100 1.3954
1.1900 1.3237 1.1900 1.3829
1.1800 1.3429 1.1800 1.4039
1.1600 1.3318 1.1600 1.3926
1.1400 1.3120 1.1400 1.3717
1.1300 1.3055 1.1300 1.3645
1.1300 1.2694 1.1300 1.3255
1.1200 1.2332 1.1200 1.2868
1.1200 1.2402 1.1200 1.2942
1.1200 1.2420 1.1200 1.2970
1.1200 1.2339 1.1200 1.2895
1.1400 1.2319 1.1400 1.2878
1.1500 1.2539 1.1500 1.3117
1.1400 1.2163 1.1400 1.2719
1.1400 1.1995 1.1400 1.2540
1.1300 1.1784 1.1300 1.2308
1.1200 1.1438 1.1200 1.1938
1.1200 1.1468 1.1200 1.1974
1.1100 1.1794 1.1100 1.2332
1.1100 1.1683 1.1100 1.2228
1.1100 1.1810 1.1100 1.2370
1.1200 1.2016 1.1200 1.2592
1.1200 1.2035 1.1200 1.2617
1.1200 1.2563 1.1200 1.3190
1.1500 1.2817 1.1500 1.3468
1.1800 1.2302 1.1800 1.2919
1.1600 1.2245 1.1600 1.2844
1.1700 1.2081 1.1700 1.2654
1.1800 1.1727 1.1800 1.2276
1.1500 1.1847 1.1500 1.2405
1.1200 1.1736 1.1200 1.2287
1.1000 1.1756 1.1000 1.2316
1.0900 1.1929 1.0900 1.2502
1.0700 1.2212 1.0700 1.2811
1.0500 1.2198 1.0500 1.2803
1.0300 1.2131 1.0300 1.2730
1.0200 1.2917 1.0200 1.3573
1.0000 1.3605 1.0000 1.4321
0.9900 1.2627 0.9900 1.3279
0.9800 1.2650 0.9800 1.3284
1.0100 1.3108 1.0100 1.3751
1.0300 1.1976 1.0300 1.2543
1.0000 1.1091 1.0000 1.1586
0.9900 1.1094 0.9900 1.1563
0.9800 1.1106 0.9800 1.1583
0.9800 1.0805 0.9800 1.1281
0.9700 1.0612 0.9700 1.1080
1.6600 1.4839 1.6600 1.5628
1.7000 1.5096 1.7000 1.5903
1.7600 1.5673 1.7600 1.6515
1.9600 1.5930 1.9600 1.6784
2.0800 1.6325 2.0800 1.7201
2.0900 1.6847 2.0900 1.8019
2.0800 1.6840 2.0800 1.7778
2.0900 1.6348 2.0900 1.7189
2.1000 1.6265 2.1000 1.7063
2.1200 1.6451 2.1200 1.7246
2.1600 1.6592 2.1600 1.7403
2.2200 1.6776 2.2200 1.7603
2.3100 1.8211 2.3100 1.9339
2.3400 1.8477 2.3400 1.9733
2.3000 1.8899 2.3000 2.0197
2.2700 2.1448 2.2700 2.2972
2.3900 2.2276 2.3900 2.3896
2.4500 2.1109 2.4500 2.2631
2.4200 2.0686 2.4200 2.2079
2.4300 2.1144 2.4300 2.2494
2.4600 2.0874 2.4600 2.1767
2.4800 2.0825 2.4800 2.1755
2.4900 2.1842 2.4900 2.2889
2.4800 2.2513 2.4800 2.3956
2.4700 2.3438 2.4700 2.4977
2.4900 2.3311 2.4900 2.4842
2.5900 2.2281 2.5900 2.3319
2.6400 2.1143 2.6400 2.1994
2.6700 2.4193 2.6700 2.5692
2.7100 2.4617 2.7100 2.6195
2.7400 2.3240 2.7400 2.4382
2.7900 2.3464 2.7900 2.4525
2.8500 2.4259 2.8500 2.5732
2.8700 2.4242 2.8700 2.5373
2.9000 2.4000 2.9000 2.5071
2.9100 2.3662 2.9100 2.4672
2.8700 2.3203 2.8700 2.4151
2.8600 2.3836 2.8600 2.4820
2.8800 2.5674 2.8800 2.7267
2.8100 2.5879 2.8100 2.7522
2.7400 2.5680 2.7400 2.7315
2.7200 2.6103 2.7200 2.7739
2.6200 2.6407 2.6200 2.8046
2.5800 2.6824 2.5800 2.8498
2.4200 2.7450 2.4200 2.9165
2.2300 2.7328 2.2300 2.9026
2.0700 2.7482 2.0700 2.9174
1.9500 2.7537 1.9500 2.9203
1.8500 2.6469 1.8500 2.7531
1.7500 2.6028 1.7500 2.7024
1.6400 2.7185 1.6400 2.8242
1.5600 2.4816 1.5600 2.5744
1.5000 2.2790 1.5000 2.3563
1.3800 2.3796 1.3800 2.4570
1.2400 2.1613 1.2400 2.2257
1.1200 2.0984 1.1200 2.1633
1.0500 1.8207 1.0500 1.8633
1.0000 1.5659 1.0000 1.4075
0.9600 1.5068 0.9600 1.2931
0.9000 1.4647 0.9000 1.2588
0.8500 1.4190 0.8500 1.2253
0.8000 1.3546 0.8000 1.1925
0.7600 1.2960 0.7600 1.1286
0.7300 1.2676 0.7300 1.1345
0.7200 1.2470 0.7200 1.1799
0.7200 1.1807 0.7200 1.0404
0.7300 1.1127 0.7300 0.9806
0.7400 1.0673 0.7400 0.9419
0.7300 1.0515 0.7300 0.9333
0.7200 1.0288 0.7200 0.9191
0.7300 1.0006 0.7300 0.8991
0.7500 0.9648 0.7500 0.8715
0.7800 0.9453 0.7800 0.8584
0.8000 0.9276 0.8000 0.8458
0.8700 0.9131 0.8700 0.8355
0.9500 0.8999 0.9500 0.8261
0.9800 0.8952 0.9800 0.8248
0.9900 0.8945 0.9900 0.8558
0.9900 0.8974 0.9900 0.9195
1.0000 0.9171 1.0000 0.9662
1.0200 0.8949 1.0200 0.9427
1.0800 0.8901 1.0800 0.9115
1.1300 0.9009 1.1300 0.9476
1.1600 0.9510 1.1600 1.0022
1.2100 1.0074 1.2100 1.0644
1.2600 1.0386 1.2600 1.0988
1.3000 1.1809 1.3000 1.2519
1.3500 1.3049 1.3500 1.4039
1.4100 1.3004 1.4100 1.3996
1.4800 1.2468 1.4800 1.3227
1.5600 1.2035 1.5600 1.2703
1.5900 1.1792 1.5900 1.2412
1.6100 1.1916 1.6100 1.2542
1.6300 1.3178 1.6300 1.3908
1.6400 1.4091 1.6400 1.4906
1.6800 1.4100 1.6800 1.4923
1.7200 1.4689 1.7200 1.5634
1.7500 1.5170 1.7500 1.6265
1.8000 1.5373 1.8000 1.6467
1.8400 1.5761 1.8400 1.6890
1.8400 1.6333 1.8400 1.7500
1.8400 1.6933 1.8400 1.8149
1.8400 1.7605 1.8400 1.8875
1.8300 1.7547 1.8300 1.8798
1.8300 1.7478 1.8300 1.8696
1.8500 1.7669 1.8500 1.8640
1.8700 1.7351 1.8700 1.8190
1.8700 1.7847 1.8700 1.8724
1.8700 1.8549 1.8700 1.9555
1.8400 1.8675 1.8400 1.9684
1.8200 1.9140 1.8200 2.0424
1.8000 1.9481 1.8000 2.0785
1.7400 1.9097 1.7400 2.0043
1.7100 1.8497 1.7100 1.9362
1.6800 1.8394 1.6800 1.9210
1.6400 1.7830 1.6400 1.8602
1.6200 1.7720 1.6200 1.8489
1.5900 1.8448 1.5900 1.9270
1.5600 1.8912 1.5600 1.9785
1.5100 1.8594 1.5100 1.9456
1.4800 1.8434 1.4800 1.9269
1.4700 1.7587 1.4700 1.8335
1.4800 1.7013 1.4800 1.7705
1.4600 1.6828 1.4600 1.7498
1.4200 1.5422 1.4200 1.5997
1.3800 1.5072 1.3800 1.5621
1.3400 1.5231 1.3400 1.5788
1.3000 1.4580 1.3000 1.5118
1.2800 1.4659 1.2800 1.5224
1.2900 1.4651 1.2900 1.5220
1.3400 1.4238 1.3400 1.4795
1.4000 1.3483 1.4000 1.3989
1.4300 1.3340 1.4300 1.3833
1.4400 1.3827 1.4400 1.4368
1.4400 1.4572 1.4400 1.5201
1.4500 1.4256 1.4500 1.4893
1.4900 1.3361 1.4900 1.3928
1.5100 1.2788 1.5100 1.3288
1.5500 1.2290 1.5500 1.2742
1.5700 1.1727 1.5700 1.2153
1.6100 1.1881 1.6100 1.2335
1.6200 1.2838 1.6200 1.3386
1.6300 1.4525 1.6300 1.5237
1.6200 1.6052 1.6200 1.6918
1.1600 1.3473 1.1600 1.4267
1.1600 1.3956 1.1600 1.4768
1.1700 1.4043 1.1700 1.4844
1.1700 1.3567 1.1700 1.4317
1.1800 1.3305 1.1800 1.4009
1.1800 1.2988 1.1800 1.3646
1.1800 1.2943 1.1800 1.3589
1.1700 1.2803 1.1700 1.3435
1.1600 1.2384 1.1600 1.2982
1.1600 1.2126 1.1600 1.2697
1.1600 1.1995 1.1600 1.2547
1.1500 1.2333 1.1500 1.2916
1.1400 1.2427 1.1400 1.3027
1.1300 1.2360 1.1300 1.2963
1.1200 1.2691 1.1200 1.3316
1.1200 1.2688 1.1200 1.3311
1.1000 1.2785 1.1000 1.3419
1.1000 1.2780 1.1000 1.3410
1.0900 1.2650 1.0900 1.3269
1.0900 1.2360 1.0900 1.2952
1.0800 1.2116 1.0800 1.2682
1.0800 1.2210 1.0800 1.2781
1.0900 1.2313 1.0900 1.2897
1.1300 1.2054 1.1300 1.2627
1.1100 1.1882 1.1100 1.2439
1.0600 1.1800 1.0600 1.2345
1.0300 1.1658 1.0300 1.2194
1.0000 1.1797 1.0000 1.2349
0.9700 1.1439 0.9700 1.1969
0.9500 1.1529 0.9500 1.2067
0.9300 1.1550 0.9300 1.2089
0.9200 1.1584 0.9200 1.2133
0.9100 1.1466 0.9100 1.2011
0.9000 1.1564 0.9000 1.2116
0.8900 1.1938 0.8900 1.2522
0.8800 1.2975 0.8800 1.3648
0.8700 1.2263 0.8700 1.2896
0.8700 1.0641 0.8700 1.1138
0.8600 1.0307 0.8600 1.0675
0.8600 1.0247 0.8600 1.0361
0.8500 1.0119 0.8500 0.9772
0.8400 0.9979 0.8400 0.9829
0.8400 0.9869 0.8400 0.9929
0.8500 0.9841 0.8500 1.0075
0.8600 0.9785 0.8600 1.0221
0.8600 0.9772 0.8600 1.0232
0.8600 0.9743 0.8600 1.0206
0.8600 0.9702 0.8600 1.0164
0.8600 0.9617 0.8600 1.0077
0.8700 0.9784 0.8700 1.0260
0.8700 0.9687 0.8700 1.0161
0.8700 0.9748 0.8700 1.0231
0.8600 0.9662 0.8600 1.0140
0.8600 0.9465 0.8600 0.9924
0.8600 0.9595 0.8600 1.0069
0.8500 0.9978 0.8500 1.0484
0.8500 1.0208 0.8500 1.0744
0.8500 1.0146 0.8500 1.0682
0.8500 1.0092 0.8500 1.0619
0.8400 1.0084 0.8400 1.0603
0.8300 1.0025 0.8300 1.0538
0.8200 1.0232 0.8200 1.0762
0.8200 1.0218 0.8200 1.0750
0.8300 1.0113 0.8300 1.0637
0.8300 0.9878 0.8300 1.0378
0.8300 0.9879 0.8300 1.0374
0.8300 0.9941 0.8300 1.0441
0.8200 0.9687 0.8200 1.0171
0.8200 0.9720 0.8200 1.0207
0.8000 0.9868 0.8000 1.0364
0.7800 0.9853 0.7800 1.0353
0.7900 0.9623 0.7900 1.0109
0.7900 0.9437 0.7900 0.9904
0.7800 0.9383 0.7800 0.9763
0.7700 0.9418 0.7700 0.9881
0.7500 0.9773 0.7500 1.0270
0.7400 0.9805 0.7400 1.0314
0.7300 0.9756 0.7300 1.0265
0.7200 0.9807 0.7200 1.0314
0.7200 0.9543 0.7200 1.0027
0.7100 0.9515 0.7100 0.9996
0.7100 0.9277 0.7100 0.9583
0.7200 0.9194 0.7200 0.9079
0.7300 0.9281 0.7300 0.9610
0.7300 0.9377 0.7300 0.9848
0.7500 0.9190 0.7500 0.9501
0.7700 0.9124 0.7700 0.9389
0.7600 0.9046 0.7600 0.9053
0.7600 0.9040 0.7600 0.8870
0.7700 0.8991 0.7700 0.8857
0.7600 0.8938 0.7600 0.8771
0.7700 0.8939 0.7700 0.8967
0.8000 0.8875 0.8000 0.8918
0.8100 0.8887 0.8100 0.8983
0.8300 0.8942 0.8300 0.9411
0.8500 0.9200 0.8500 0.9696
0.8700 0.9101 0.8700 0.9596
0.8800 0.9533 0.8800 1.0058
0.9000 0.9981 0.9000 1.0540
0.8700 0.9451 0.8700 0.9974
0.8300 0.9240 0.8300 0.9738
0.8100 0.9575 0.8100 1.0081
0.7900 0.9192 0.7900 0.9672
0.7700 0.9281 0.7700 0.9771
0.7700 1.0157 0.7700 1.0710
0.7300 1.0225 0.7300 1.0795
0.8600 1.0373 0.8600 1.0961
0.8300 1.0791 0.8300 1.1399
0.8500 1.0961 0.8500 1.1578
0.8700 1.0846 0.8700 1.1453
0.8800 1.1071 0.8800 1.1684
0.8800 1.0097 0.8800 1.0626
0.8800 0.9386 0.8800 0.9268
0.9200 0.9358 0.9200 0.9047
0.9900 0.9299 0.9900 0.8895
1.0600 0.9194 1.0600 0.8566
1.1200 0.9167 1.1200 0.9025
1.1400 0.8933 1.1400 0.8400
1.1500 1.1347 1.1500 1.1981
1.1200 1.0939 1.1200 1.1573
1.0900 1.0157 1.0900 1.0754
1.1000 1.1127 1.1000 1.1753
1.1000 1.1063 1.1000 1.1661
1.1100 1.0338 1.1100 1.0905
1.0400 1.0395 1.0400 1.0938
0.9500 1.1272 0.9500 1.1879
0.9000 1.2857 0.9000 1.3600
0.8900 1.3796 0.8900 1.4823
0.9200 1.4155 0.9200 1.5220
0.9800 1.4080 0.9800 1.5126
1.0400 1.3711 1.0400 1.4486
1.1200 1.2369 1.1200 1.2997
1.1900 1.1209 1.1900 1.1717
1.2200 1.1623 1.2200 1.2147
1.2800 1.1815 1.2800 1.2367
1.3100 1.1931 1.3100 1.2521
1.3700 1.0319 1.3700 1.0782
1.4400 0.9856 1.4400 0.8970
1.5100 0.9782 1.5100 0.8899
1.5900 0.9841 1.5900 0.8969
1.6400 0.9972 1.6400 1.0272
1.6900 1.1787 1.6900 1.2426
1.7100 1.3289 1.7100 1.4077
1.6900 1.4257 1.6900 1.5318
1.7000 1.4792 1.7000 1.5907
1.7300 1.4752 1.7300 1.5855
1.7600 1.5255 1.7600 1.6380
1.7900 1.5455 1.7900 1.6572
1.7900 1.5953 1.7900 1.7102
1.8100 1.6629 1.8100 1.7823
1.8700 1.7192 1.8700 1.8430
1.8900 1.7806 1.8900 1.9094
1.9100 1.8059 1.9100 1.9350
1.8800 1.8334 1.8800 1.9629
1.8700 1.8329 1.8700 1.9593
1.8700 1.7394 1.8700 1.8235
1.8700 1.7198 1.8700 1.7984
1.8700 1.8033 1.8700 1.8862
1.9300 1.8361 1.9300 1.9248
2.0600 1.8714 2.0600 1.9645
2.2000 1.8383 2.2000 1.9271
2.2100 1.8525 2.2100 1.9399
2.1700 1.9785 2.1700 2.1002
2.1700 1.9768 2.1700 2.0922
2.1500 1.9589 2.1500 2.0556
2.1100 1.8529 2.1100 1.9370
2.0900 1.7966 2.0900 1.8725
2.0700 1.8127 2.0700 1.8884
2.0500 1.8108 2.0500 1.8882
2.0400 1.8055 2.0400 1.8848
2.0500 1.9948 2.0500 2.0881
2.0700 2.1834 2.0700 2.3289
2.0900 2.3099 2.0900 2.4709
2.1200 2.2187 2.1200 2.3726
2.2100 2.1165 2.2100 2.2555
2.2700 2.1411 2.2700 2.2298
2.3300 2.0559 2.3300 2.1354
2.3800 1.8792 2.3800 1.9514
2.4300 1.8801 2.4300 1.9519
2.4700 1.8988 2.4700 1.9711
2.4700 1.8654 2.4700 1.9382
2.4900 1.8827 2.4900 1.9582
2.5000 1.9581 2.5000 2.0399
2.4800 2.0291 2.4800 2.1184
2.4500 2.0741 2.4500 2.1688
2.4300 2.1386 2.4300 2.2383
2.4300 2.2611 2.4300 2.4074
2.4200 2.3031 2.4200 2.4547
2.3700 2.3303 2.3700 2.4849
2.2400 2.3665 2.2400 2.5217
2.1600 2.4082 2.1600 2.5648
2.1100 2.4289 2.1100 2.5857
2.0700 2.3988 2.0700 2.5502
2.0300 2.4175 2.0300 2.5553
2.0100 2.4316 2.0100 2.5559
2.0000 2.3321 2.0000 2.4293
1.9900 2.2290 1.9900 2.3170
1.9700 2.2143 1.9700 2.2978
2.0100 2.2470 2.0100 2.3337
2.0300 2.2361 2.0300 2.3254
2.0300 2.1033 2.0300 2.1843
1.9500 1.7742 1.9500 1.8279
1.9300 1.6710 1.9300 1.7110
1.9000 1.7194 1.9000 1.7625
1.8400 1.7110 1.8400 1.7628
1.8500 1.7039 1.8500 1.7628
1.8400 1.7762 1.8400 1.8415
1.8400 1.8332 1.8400 1.9045
1.8700 1.8485 1.8700 1.9237
1.8900 1.8250 1.8900 1.8998
1.9000 1.9783 1.9000 2.0645
1.9300 2.0498 1.9300 2.1434
1.9600 1.9895 1.9600 2.0816
1.9800 1.7511 1.9800 1.8224
1.9500 1.7348 1.9500 1.7983
1.9400 1.7351 1.9400 1.7971
1.9100 1.5778 1.9100 1.6333
1.9000 1.6794 1.9000 1.7443
1.8500 1.7582 1.8500 1.8293
1.8000 1.7433 1.8000 1.8186
1.7900 1.8661 1.7900 1.9510
1.8000 1.9331 1.8000 2.0232
1.7800 1.9070 1.7800 1.9971
1.7700 1.9757 1.7700 2.0691
1.7500 2.0303 1.7500 2.1319
1.7300 2.0263 1.7300 2.1232
1.7000 1.8918 1.7000 1.9773
1.6500 1.8493 1.6500 1.9274
1.5700 1.7921 1.5700 1.8632
1.5000 1.7667 1.5000 1.8371
1.4500 1.6624 1.4500 1.7263
1.4200 1.5652 1.4200 1.6215
1.4100 1.6251 1.4100 1.6850
1.4200 1.7243 1.4200 1.7943
1.4300 1.6758 1.4300 1.7475
1.4500 1.6721 1.4500 1.7441
1.4600 1.6683 1.4600 1.7378
1.4900 1.6271 1.4900 1.6936
1.4800 1.5713 1.4800 1.6343
1.4400 1.4762 1.4400 1.5318
1.4100 1.3129 1.4100 1.3558
1.4200 1.2451 1.4200 1.2516
1.4700 1.2291 1.4700 1.2398
1.4700 1.2308 1.4700 1.2710
1.4500 1.2945 1.4500 1.3443
1.4900 1.3961 1.4900 1.4569
1.5500 1.4607 1.5500 1.5290
1.4500 1.7213 1.4500 1.7860
1.4200 1.6523 1.4200 1.7135
1.4100 1.5739 1.4100 1.6300
1.4300 1.5145 1.4300 1.5663
1.4800 1.4927 1.4800 1.5437
1.5100 1.5223 1.5100 1.5778
1.5300 1.5380 1.5300 1.5979
1.5300 1.5070 1.5300 1.5670
1.5300 1.6486 1.5300 1.7198
1.5300 1.5771 1.5300 1.6447
1.5200 1.3374 1.5200 1.3880
1.5000 1.2693 1.5000 1.3099
1.4700 1.2508 1.4700 1.2881
1.4400 1.2334 1.4400 1.2746
1.3900 1.2992 1.3900 1.3496
1.3500 1.4270 1.3500 1.4901
1.3300 1.5924 1.3300 1.6713
1.3100 1.6553 1.3100 1.7417
1.2900 1.6556 1.2900 1.7421
1.2600 1.6215 1.2600 1.7023
1.2200 1.5852 1.2200 1.6602
1.1700 1.5623 1.1700 1.6343
1.1200 1.5213 1.1200 1.5899
1.0600 1.4629 1.0600 1.5271
1.0000 1.4016 1.0000 1.4602
0.9500 1.3524 0.9500 1.4066
0.8900 1.2611 0.8900 1.3086
0.8400 1.2079 0.8400 1.2517
0.8000 1.2342 0.8000 1.2807
0.7600 1.2425 0.7600 1.2921
0.7300 1.2316 0.7300 1.2830
0.6900 1.2053 0.6900 1.2554
0.6600 1.1465 0.6600 1.1921
0.6500 1.0936 0.6500 1.1073
0.6400 1.0731 0.6400 1.0380
0.6300 1.0459 0.6300 0.9542
0.6200 1.0191 0.6200 0.9211
0.6100 0.9979 0.6100 0.9035
0.6000 0.9693 0.6000 0.8791
0.5900 0.9475 0.5900 0.8617
0.5900 0.9299 0.5900 0.8482
0.5800 0.9117 0.5800 0.8344
0.5800 0.8983 0.5800 0.8251
0.5700 0.8779 0.5700 0.8084
0.5600 0.8660 0.5600 0.8000
0.5600 0.8639 0.5600 0.8006
0.5600 0.8586 0.5600 0.7980
0.5600 0.8522 0.5600 0.7941
0.5800 0.8459 0.5800 0.7928
0.6100 0.8424 0.6100 0.7928
0.6300 0.8392 0.6300 0.7856
0.6700 0.8347 0.6700 0.7819
0.7100 0.8356 0.7100 0.7928
0.7300 0.8297 0.7300 0.7839
0.7400 0.8302 0.7400 0.7904
0.7600 0.8246 0.7600 0.7819
0.7900 0.8206 0.7900 0.7711
0.8200 0.8220 0.8200 0.7741
0.8600 0.8218 0.8600 0.7883
0.9200 0.8214 0.9200 0.7899
0.9700 0.8308 0.9700 0.8463
1.0100 0.8738 1.0100 0.9249
1.0600 0.8989 1.0600 0.9531
1.1000 0.9638 1.1000 1.0232
1.1300 1.0347 1.1300 1.0990
1.1700 1.0272 1.1700 1.0910
1.2200 0.9970 1.2200 1.0572
1.2800 1.0131 1.2800 1.0721
1.3300 1.0520 1.3300 1.1129
1.3800 1.0820 1.3800 1.1455
1.4300 1.1376 1.4300 1.2054
1.4800 1.2448 1.4800 1.3204
1.5200 1.3005 1.5200 1.3881
1.5700 1.3197 1.5700 1.4040
1.6100 1.3607 1.6100 1.4600
1.6500 1.3902 1.6500 1.4886
1.7000 1.3910 1.7000 1.4718
1.7200 1.4240 1.7200 1.5051
1.7600 1.4831 1.7600 1.5777
1.8300 1.5345 1.8300 1.6457
1.9200 1.5673 1.9200 1.6807
2.0500 1.6016 2.0500 1.7170
2.1000 1.6406 2.1000 1.7579
2.0800 1.6788 2.0800 1.7982
2.2400 1.7017 2.2400 1.8217
2.4400 1.7431 2.4400 1.8650
2.6300 1.7713 2.6300 1.8941
2.7900 1.7975 2.7900 1.9213
2.9800 1.8420 2.9800 1.9683
3.1400 1.8423 3.1400 1.9671
3.3400 1.8741 3.3400 1.9919
3.5100 1.9573 3.5100 2.0894
3.5900 2.0468 3.5900 2.1873
3.6200 2.1719 3.6200 2.3246
3.6400 2.1673 3.6400 2.3189
3.7000 2.0756 3.7000 2.2159
3.7800 2.3150 3.7800 2.4707
3.8600 2.5696 3.8600 2.7484
3.9300 2.6872 3.9300 2.8834
4.0000 2.7752 4.0000 2.9775
4.0000 2.9598 4.0000 3.1725
4.0000 3.0772 4.0000 3.2966
4.0000 3.2516 4.0000 3.4826
4.0000 3.3811 4.0000 3.6182
4.0000 3.3649 4.0000 3.5944
4.0000 3.3239 4.0000 3.5398
4.0000 3.3409 4.0000 3.5465
4.0000 3.4245 4.0000 3.6320
4.0000 3.5125 4.0000 3.7266
4.0000 3.5747 4.0000 3.7947
4.0000 3.6202 4.0000 3.8433
4.0000 3.6784 4.0000 3.9043
4.0000 3.6262 4.0000 3.8442
4.0000 3.6040 4.0000 3.8154
4.0000 3.6173 4.0000 3.8245
4.0000 3.6193 4.0000 3.8253
4.0000 3.6120 4.0000 3.8127
4.0000 3.6152 4.0000 3.8196
4.0000 3.6152 4.0000 3.8196
4.0000 3.6152 4.0000 3.8196
4.0000 3.6152 4.0000 3.8196
4.0000 3.6152 4.0000 3.8196
4.0000 3.6152 4.0000 3.8196
4.0000 3.6152 4.0000 3.8196
4.0000 3.6152 4.0000 3.8196
4.0000 3.6152 4.0000 3.8196
4.0000 3.6152 4.0000 3.8196
4.0000 3.6152 4.0000 3.8196
4.0000 3.6152 4.0000 3.8196
4.0000 3.6152 4.0000 3.8196
4.0000 3.6152 4.0000 3.8196
3.9800 3.6152 3.9800 3.8196
3.9200 3.6152 3.9200 3.8196
3.8600 3.6152 3.8600 3.8196
3.8300 3.6152 3.8300 3.8196
3.8000 3.6152 3.8000 3.8196
3.7400 3.6152 3.7400 3.8196
3.7100 3.6152 3.7100 3.8196
3.6800 3.6152 3.6800 3.8196
3.6100 3.6152 3.6100 3.8196
3.5100 3.6152 3.5100 3.8196
3.5200 3.6152 3.5200 3.8196
3.5000 3.6152 3.5000 3.8196
3.3900 3.5833 3.3900 3.7523
3.3200 3.4349 3.3200 3.5573
3.2800 3.3078 3.2800 3.4165
3.3000 3.3273 3.3000 3.4354
3.3400 3.3192 3.3400 3.4313
3.3600 3.1903 3.3600 3.2980
3.3200 3.2031 3.3200 3.3116
3.2400 3.2328 3.2400 3.3431
3.1600 3.0669 3.1600 3.1685
3.1100 2.8478 3.1100 2.9326
3.0700 3.0597 3.0700 3.1571
3.0500 3.1261 3.0500 3.2345
3.0400 2.7706 3.0400 2.8628
3.0100 2.6952 3.0100 2.7759
2.9400 2.8030 2.9400 2.8845
2.8900 2.9383 2.8900 3.0401
2.9000 3.1165 2.9000 3.2433
2.9200 3.1198 2.9200 3.3018
2.9700 3.0298 2.9700 3.1537
3.0000 2.7978 3.0000 2.8958
3.0300 2.6345 3.0300 2.7123
3.0400 2.6006 3.0400 2.6752
3.0500 2.5918 3.0500 2.6722
3.0100 2.6336 3.0100 2.7242
2.9500 2.7053 2.9500 2.8050
2.9300 2.6758 2.9300 2.7756
2.8700 2.5092 2.8700 2.5964
2.8000 2.4505 2.8000 2.5298
2.7100 2.6032 2.7100 2.6934
2.6000 2.7156 2.6000 2.8218
2.5200 2.8234 2.5200 2.9805
2.4300 2.8418 2.4300 3.0129
2.3500 2.8587 2.3500 3.0319
2.2600 2.8532 2.2600 3.0247
2.2100 2.8580 2.2100 3.0283
2.1400 2.7561 2.1400 2.8644
2.1000 2.5668 2.1000 2.6577
2.0600 2.5815 2.0600 2.6696
2.0300 2.4761 2.0300 2.5579
2.0000 2.3062 2.0000 2.3797
1.9400 2.1780 1.9400 2.2402
1.8700 2.0010 1.8700 2.0490
1.8200 1.9326 1.8200 1.9774
1.7900 1.8678 1.7900 1.9114
1.7300 1.7962 1.7300 1.8405
1.6500 1.7248 1.6500 1.7673
1.5900 1.7625 1.5900 1.8104
1.5500 1.7232 1.5500 1.7727
1.5100 1.7317 1.5100 1.7863
1.5000 1.7584 1.5000 1.8175
1.5300 1.7692 1.5300 1.8320
1.5300 1.7654 1.5300 1.8307
1.5400 1.6716 1.5400 1.7309
1.5600 1.5484 1.5600 1.5984
1.5600 1.5258 1.5600 1.5730
1.5700 1.5522 1.5700 1.6036
1.5900 1.4646 1.5900 1.5142
1.6100 1.3292 1.6100 1.3705
1.6000 1.2978 1.6000 1.3353
1.6200 1.3184 1.6200 1.3587
1.6400 1.3001 1.6400 1.3439
1.6500 1.3625 1.6500 1.4147
1.6600 1.5312 1.6600 1.5986
1.6600 1.5533 1.6600 1.6261
1.6800 1.5629 1.6800 1.6381
1.7000 1.6375 1.7000 1.7162
1.7200 1.6152 1.7200 1.6919
1.6800 1.6056 1.6800 1.6820
1.6800 1.6618 1.6800 1.7409
1.7100 1.6898 1.7100 1.7715
1.7200 1.6239 1.7200 1.7012
1.7200 1.6623 1.7200 1.7407
1.7400 1.7188 1.7400 1.8003
1.7700 1.7008 1.7700 1.7823
1.8300 1.6981 1.8300 1.7794
1.9200 1.6893 1.9200 1.7679
2.0200 1.7213 2.0200 1.8017
2.1300 1.7622 2.1300 1.8457
2.1900 1.7810 2.1900 1.8668
2.2000 1.6373 2.2000 1.7118
2.2200 1.6294 2.2200 1.7000
1.7300 1.9001 1.7300 2.0277
1.6500 1.8313 1.6500 1.9351
1.6100 1.6339 1.6100 1.7125
1.5500 1.7024 1.5500 1.7759
1.5000 1.6465 1.5000 1.7147
1.4500 1.5688 1.4500 1.6359
1.3700 1.7018 1.3700 1.7786
1.3200 1.7990 1.3200 1.8844
1.2700 1.8275 1.2700 1.9184
1.2200 1.8814 1.2200 1.9754
1.1700 1.8652 1.1700 1.9560
1.0800 1.8103 1.0800 1.8953
1.0600 1.6192 1.0600 1.6870
1.0800 1.4046 1.0800 1.4528
1.0900 1.3848 1.0900 1.4281
1.1200 1.3178 1.1200 1.3582
1.1400 1.2504 1.1400 1.2857
1.1400 1.2336 1.1400 1.2741
1.1300 1.1796 1.1300 1.1557
1.1600 1.1647 1.1600 1.1187
1.1700 1.1423 1.1700 1.1208
1.1500 1.1197 1.1500 1.0750
1.1300 1.0940 1.1300 1.0401
1.1200 1.0463 1.1200 0.9397
1.0900 1.0513 1.0900 0.9517
1.0500 1.1006 1.0500 1.1447
1.0300 1.1578 1.0300 1.2127
1.0400 1.2413 1.0400 1.3065
1.0500 1.3180 1.0500 1.3882
1.0500 1.2819 1.0500 1.3491
1.0300 1.2265 1.0300 1.2881
1.0100 1.3016 1.0100 1.3668
1.0200 1.3150 1.0200 1.3819
1.0200 1.2178 1.0200 1.2785
1.0000 1.1670 1.0000 1.2217
0.9900 1.1699 0.9900 1.2223
0.9900 1.0989 0.9900 1.1467
1.0300 1.0407 1.0300 1.0541
1.0700 1.0339 1.0700 1.0567
1.1500 1.0949 1.1500 1.1432
1.2200 1.1428 1.2200 1.1979
1.2800 1.1460 1.2800 1.2036
1.3500 1.1048 1.3500 1.1588
1.4100 1.0650 1.4100 1.1144
1.4400 1.1098 1.4400 1.1618
1.4600 1.1228 1.4600 1.1772
1.4700 1.0622 1.4700 1.1135
1.4800 1.0546 1.4800 1.1045
1.4800 1.0848 1.4800 1.1360
1.4700 1.1891 1.4700 1.2498
1.4700 1.2848 1.4700 1.3552
1.4700 1.4446 1.4700 1.5331
1.4800 1.5023 1.4800 1.6131
1.4800 1.5369 1.4800 1.6511
1.4900 1.5914 1.4900 1.7094
1.4800 1.6380 1.4800 1.7582
1.4500 1.6366 1.4500 1.7550
1.4400 1.6375 1.4400 1.7405
1.4400 1.6123 1.4400 1.6945
1.4500 1.5796 1.4500 1.6572
1.4600 1.5400 1.4600 1.6136
1.4700 1.4897 1.4700 1.5586
1.4800 1.4861 1.4800 1.5538
1.4800 1.4932 1.4800 1.5612
1.4900 1.5146 1.4900 1.5851
1.5000 1.5136 1.5000 1.5846
1.5100 1.5335 1.5100 1.6059
1.5200 1.5041 1.5200 1.5739
1.5300 1.4124 1.5300 1.4746
1.5300 1.4044 1.5300 1.4645
1.5400 1.4408 1.5400 1.5033
1.5500 1.4712 1.5500 1.5385
1.5400 1.5034 1.5400 1.5749
1.5400 1.5301 1.5400 1.6038
1.5400 1.5464 1.5400 1.6210
1.5600 1.5307 1.5600 1.6036
1.5700 1.5415 1.5700 1.6146
1.5700 1.5618 1.5700 1.6360
1.5700 1.5681 1.5700 1.6431
1.5800 1.5780 1.5800 1.6537
1.5800 1.5909 1.5800 1.6670
1.5800 1.5710 1.5800 1.6453
1.5900 1.5827 1.5900 1.6572
1.5900 1.6031 1.5900 1.6787
1.5900 1.5545 1.5900 1.6267
1.6000 1.5439 1.6000 1.6145
1.6100 1.5571 1.6100 1.6276
1.6100 1.6037 1.6100 1.6785
1.6100 1.6219 1.6100 1.6992
1.6200 1.5995 1.6200 1.6754
1.6200 1.5906 1.6200 1.6645
1.6200 1.6169 1.6200 1.6915
1.6300 1.6023 1.6300 1.6763
1.6300 1.5869 1.6300 1.6601
1.6100 1.6173 1.6100 1.6920
1.6200 1.6121 1.6200 1.6864
1.6300 1.5952 1.6300 1.6686
1.6400 1.6256 1.6400 1.7006
1.6700 1.6480 1.6700 1.7247
1.6900 1.6274 1.6900 1.7033
1.7100 1.6180 1.7100 1.6925
1.7400 1.6461 1.7400 1.7217
1.7500 1.6361 1.7500 1.7112
1.7600 1.6199 1.7600 1.6941
1.7700 1.6504 1.7700 1.7263
1.7900 1.6451 1.7900 1.7206
1.8000 1.5728 1.8000 1.6431
1.8100 1.6106 1.8100 1.6824
1.8100 1.6575 1.8100 1.7327
1.8200 1.6605 1.8200 1.7380
1.8300 1.7340 1.8300 1.8176
1.8400 1.7762 1.8400 1.8626
1.8500 1.7817 1.8500 1.8689
1.8600 1.8341 1.8600 1.9240
1.8800 1.8212 1.8800 1.9093
1.8800 1.7957 1.8800 1.8811
1.9000 1.8036 1.9000 1.8876
1.9100 1.8329 1.9100 1.9183
1.9300 1.8286 1.9300 1.9142
1.9500 1.8260 1.9500 1.9111
1.9500 1.8083 1.9500 1.8909
1.9700 1.8190 1.9700 1.9014
2.0500 1.8352 2.0500 1.9185
2.1600 1.8421 2.1600 1.9264
2.0200 1.8521 2.0200 1.9371
2.1000 1.8653 2.1000 1.9507
2.1700 1.9013 2.1700 1.9891
2.2300 1.8771 2.2300 1.9631
2.2700 1.9054 2.2700 1.9930
2.3100 1.9246 2.3100 2.0128
2.3300 1.9450 2.3300 2.0349
2.3500 1.9769 2.3500 2.0691
2.3900 1.9438 2.3900 2.0330
2.4500 1.9690 2.4500 2.0590
2.4800 2.1306 2.4800 2.2683
2.5100 2.2508 2.5100 2.4015
2.5500 1.8785 2.5500 1.9681
2.5700 2.0458 2.5700 2.1370
2.5600 2.2591 2.5600 2.4010
2.5300 2.2667 2.5300 2.4163
2.4900 2.2541 2.4900 2.4030
2.4900 2.3104 2.4900 2.4590
2.5100 2.3058 2.5100 2.4539
2.5100 2.3154 2.5100 2.4619
2.4900 2.3625 2.4900 2.5112
2.4900 2.4308 2.4900 2.5850
2.4600 2.4336 2.4600 2.5884
2.4300 2.4449 2.4300 2.5994
2.4100 2.4898 2.4100 2.6460
2.3900 2.4959 2.3900 2.6515
2.3900 2.4551 2.3900 2.5637
2.3600 2.3413 2.3600 2.4358
2.3300 2.2366 2.3300 2.3193
2.3400 2.2732 2.3400 2.3579
2.3100 2.3742 2.3100 2.4696
2.2800 2.3654 2.2800 2.4654
2.2600 2.2995 2.2600 2.3953
2.2300 2.3321 2.2300 2.4264
2.1800 2.2622 2.1800 2.3502
2.1200 2.1717 2.1200 2.2541
2.0800 2.1723 2.0800 2.2535
2.0900 2.1647 2.0900 2.2461
2.0900 2.1959 2.0900 2.2823
2.0800 2.1484 2.0800 2.2328
2.0800 2.0840 2.0800 2.1639
2.0900 2.1781 2.0900 2.2636
2.0900 2.1248 2.0900 2.2082
2.1100 2.0322 2.1100 2.1113
2.1400 2.0497 2.1400 2.1276
2.1300 2.0132 2.1300 2.0884
2.1300 1.8963 2.1300 1.9652
2.1100 1.7995 2.1100 1.8603
2.1000 1.7834 2.1000 1.8423
2.1000 1.9080 2.1000 1.9786
2.0900 1.9619 2.0900 2.0423
2.0300 1.9417 2.0300 2.0248
2.0000 1.9800 2.0000 2.0645
1.9800 2.0344 1.9800 2.1216
1.9900 2.0189 1.9900 2.1065
2.0100 2.0666 2.0100 2.1583
2.0000 2.1524 2.0000 2.2504
2.0000 2.0813 2.0000 2.1750
1.9700 2.0467 1.9700 2.1364
1.9600 2.0067 1.9600 2.0899
1.9600 1.9693 1.9600 2.0493
1.9600 1.9885 1.9600 2.0704
1.9500 1.9753 1.9500 2.0573
1.9400 1.8062 1.9400 1.8765
1.9200 1.7702 1.9200 1.8351
1.9000 1.8037 1.9000 1.8696
1.8700 1.8660 1.8700 1.9408
1.8400 1.9526 1.8400 2.0384
1.8000 1.9310 1.8000 2.0169
1.7600 1.9243 1.7600 2.0089
1.7400 1.8612 1.7400 1.9383
1.7300 1.8329 1.7300 1.9072
1.7200 1.8684 1.7200 1.9455
1.7100 1.8808 1.7100 1.9608
1.6700 1.8538 1.6700 1.9336
1.6400 1.8457 1.6400 1.9239
1.6200 1.8077 1.6200 1.8822
1.6200 1.7685 1.6200 1.8400
1.6300 1.7162 1.6300 1.7838
1.5800 1.6706 1.5800 1.7350
1.5600 1.6103 1.5600 1.6706
1.5600 1.5568 1.5600 1.6136
1.5600 1.5728 1.5600 1.6317
1.5600 1.6115 1.5600 1.6753
1.5700 1.6220 1.5700 1.6896
1.5400 1.6291 1.5400 1.6987
1.5200 1.5506 1.5200 1.6141
1.5200 1.5004 1.5200 1.5592
1.5300 1.5081 1.5300 1.5668
1.5800 1.5497 1.5800 1.6135
1.6300 1.6063 1.6300 1.6775
1.6600 1.4836 1.6600 1.5471
1.6700 1.4484 1.6700 1.5076
1.7200 1.5255 1.7200 1.5883
1.7400 1.5367 1.7400 1.6033
1.7400 1.5361 1.7400 1.6060
1.7500 1.5912 1.7500 1.6647
1.7700 1.5108 1.7700 1.5782
1.7600 1.4529 1.7600 1.5149
1.7400 1.4981 1.7400 1.5619
1.7000 1.5422 1.7000 1.6109
1.6800 1.6724 1.6800 1.7543
1.6800 1.7953 1.6800 1.8921
1.6800 1.8008 1.6800 1.9077
1.6800 1.7746 1.6800 1.8652
1.6600 1.8522 1.6600 1.9651
1.6400 1.8616 1.6400 1.9644
1.6400 1.7789 1.6400 1.8656
1.6500 1.7808 1.6500 1.8644
1.6500 1.8271 1.6500 1.9115
1.6400 1.7524 1.6400 1.8326
1.6500 1.6718 1.6500 1.7453
1.6200 1.5844 1.6200 1.6485
1.6000 1.5586 1.6000 1.6193
1.5900 1.6045 1.5900 1.6698
1.5700 1.6305 1.5700 1.7009
1.5700 1.6415 1.5700 1.7150
1.5400 1.6065 1.5400 1.6770
1.5200 1.5646 1.5200 1.6308
1.5200 1.5951 1.5200 1.6628
1.4900 1.6433 1.4900 1.7159
1.4500 1.6387 1.4500 1.7134
1.4300 1.6114 1.4300 1.6843
1.4100 1.6528 1.4100 1.7274
1.3800 1.5750 1.3800 1.6435
1.3700 1.5116 1.3700 1.5753
1.3900 1.5325 1.3900 1.5963
1.3800 1.5025 1.3800 1.5649
1.3700 1.5172 1.3700 1.5826
1.3300 1.4753 1.3300 1.5379
1.2900 1.4358 1.2900 1.4956
1.2700 1.4855 1.2700 1.5486
1.2400 1.4305 1.2400 1.4908
1.2100 1.3315 1.2100 1.3855
1.2100 1.3440 1.2100 1.3972
1.2100 1.3457 1.2100 1.3996
1.1900 1.2912 1.1900 1.3437
1.1800 1.3145 1.1800 1.3694
1.1700 1.4228 1.1700 1.4867
1.1500 1.4056 1.1500 1.4710
1.1300 1.3692 1.1300 1.4328
1.5300 1.5520 1.5300 1.6319
1.5300 1.5284 1.5300 1.6052
1.5600 1.5344 1.5600 1.6093
1.6100 1.5037 1.6100 1.5757
1.6900 1.5073 1.6900 1.5792
1.8000 1.5288 1.8000 1.6018
1.9200 1.5623 1.9200 1.6383
2.0400 1.6234 2.0400 1.7045
2.1400 1.6176 2.1400 1.6984
2.2400 1.6303 2.2400 1.7114
2.3300 1.6374 2.3300 1.7173
2.4300 1.5708 2.4300 1.6449
2.5100 1.5245 2.5100 1.5937
2.5900 1.5363 2.5900 1.6047
2.6500 1.6186 2.6500 1.6941
2.6900 1.7424 2.6900 1.8297
2.7600 1.8571 2.7600 1.9839
2.8200 1.9665 2.8200 2.1045
2.8800 2.0714 2.8800 2.2200
2.9400 2.1625 2.9400 2.3192
2.9900 2.2259 2.9900 2.3863
3.0300 2.2988 3.0300 2.4623
3.0400 2.3648 3.0400 2.5303
3.0200 2.4471 3.0200 2.6163
3.0000 2.4984 3.0000 2.6688
2.9600 2.5544 2.9600 2.7264
2.9100 2.5894 2.9100 2.7607
2.8300 2.6022 2.8300 2.7708
2.7300 2.6745 2.7300 2.8460
2.6400 2.7285 2.6400 2.9024
2.5700 2.7661 2.5700 2.9425
2.5100 2.8138 2.5100 2.9921
2.4400 2.8500 2.4400 3.0293
2.3800 2.8691 2.3800 3.0482
2.3300 2.8540 2.3300 3.0287
2.2700 2.8088 2.2700 2.9577
2.2000 2.7543 2.2000 2.8604
2.1200 2.6465 2.1200 2.7422
2.1000 2.5188 2.1000 2.6054
2.0500 2.3527 2.0500 2.4264
2.0000 2.1624 2.0000 2.2211
1.9400 2.0516 1.9400 2.1017
1.8400 2.0269 1.8400 2.0775
1.7300 2.0109 1.7300 2.0665
1.6500 1.9538 1.6500 2.0108
1.5900 1.9289 1.5900 1.9866
1.5700 1.9343 1.5700 1.9940
1.5500 1.8786 1.5500 1.9375
1.5500 1.7867 1.5500 1.8414
1.5900 1.6908 1.5900 1.7389
1.6400 1.7767 1.6400 1.8322
1.6600 1.7565 1.6600 1.8151
1.6600 1.6770 1.6600 1.7348
1.6200 1.6281 1.6200 1.6821
1.5800 1.4571 1.5800 1.4977
1.5300 1.3461 1.5300 1.2900
1.4700 1.3174 1.4700 1.2501
1.4100 1.2954 1.4100 1.2639
1.3600 1.3194 1.3600 1.3608
1.3100 1.3894 1.3100 1.4417
1.2600 1.4654 1.2600 1.5270
1.2100 1.6343 1.2100 1.7105
1.1700 1.7794 1.1700 1.8690
1.1200 1.7757 1.1200 1.8677
1.0800 1.7230 1.0800 1.8089
1.0400 1.5899 1.0400 1.6610
1.0000 1.4712 1.0000 1.5296
0.9700 1.3733 0.9700 1.4228
0.9400 1.2623 0.9400 1.3041
0.9100 1.2062 0.9100 1.2179
0.8800 1.1837 0.8800 1.1899
0.8500 1.1608 0.8500 1.1559
0.8200 1.1361 0.8200 1.1162
0.8000 1.1120 0.8000 1.0818
0.7700 1.0957 0.7700 1.0727
0.7500 1.0719 0.7500 1.0281
0.7300 1.0548 0.7300 1.0026
0.7100 1.0365 0.7100 0.9877
0.6900 1.0186 0.6900 0.9578
0.6800 1.0062 0.6800 0.9536
0.6600 0.9918 0.6600 0.9503
0.6400 0.9782 0.6400 0.9302
0.6300 0.9640 0.6300 0.9115
0.6100 0.9508 0.6100 0.8909
0.6000 0.9380 0.6000 0.8657
0.5800 0.9302 0.5800 0.8674
0.5700 0.9152 0.5700 0.8430
0.5600 0.9069 0.5600 0.8369
0.5400 0.8976 0.5400 0.8323
0.5300 0.8887 0.5300 0.8229
0.5100 0.8795 0.5100 0.8156
0.5000 0.8756 0.5000 0.8182
0.5100 0.8658 0.5100 0.8053
0.5500 0.8565 0.5500 0.7975
0.6200 0.8531 0.6200 0.7953
0.6800 0.8437 0.6800 0.7874
0.7400 0.8401 0.7400 0.7851
0.8100 0.8293 0.8100 0.7756
0.8600 0.8263 0.8600 0.7737
0.9100 0.8219 0.9100 0.7705
0.9600 0.8115 0.9600 0.7614
0.9900 0.8081 0.9900 0.7590
1.0400 0.7983 1.0400 0.7502
1.0700 0.7955 1.0700 0.7486
1.0700 0.8011 1.0700 0.7549
1.0700 0.8201 1.0700 0.8512
1.0800 0.9623 1.0800 1.0229
1.0900 1.0705 1.0900 1.1416
1.1000 1.1311 1.1000 1.2208
1.0900 1.1893 1.0900 1.2839
1.0900 1.2209 1.0900 1.3175
1.1000 1.2502 1.1000 1.3480
1.1000 1.2893 1.1000 1.3884
1.1100 1.3023 1.1100 1.3860
1.1100 1.3427 1.1100 1.4232
1.0900 1.3548 1.0900 1.4341
1.1000 1.2693 1.1000 1.3406
1.1200 1.2182 1.1200 1.2827
1.1400 1.2288 1.1400 1.2911
1.2000 1.2265 1.2000 1.2886
1.3300 1.2277 1.3300 1.2907
1.5000 1.1915 1.5000 1.2512
1.6200 1.1826 1.6200 1.2406
1.8300 1.2148 1.8300 1.2745
1.2500 1.5541 1.2500 1.6193
1.1900 1.5514 1.1900 1.6161
1.0900 1.5139 1.0900 1.5749
1.0900 1.4380 1.0900 1.4935
1.0500 1.3823 1.0500 1.4337
1.0600 1.3143 1.0600 1.3609
1.0700 1.1941 1.0700 1.1753
1.0500 1.1858 1.0500 1.1680
1.0100 1.1873 1.0100 1.2265
0.9400 1.1979 0.9400 1.2432
0.8800 1.2403 0.8800 1.2924
0.8600 1.2262 0.8600 1.2779
0.8500 1.2071 0.8500 1.2580
0.8400 1.1026 0.8400 1.1451
0.8300 1.0512 0.8300 0.9475
0.7800 1.0705 0.7800 1.0172
0.8000 1.0475 0.8000 1.0374
0.8300 1.0541 0.8300 1.0835
0.7700 1.1488 0.7700 1.2037
0.7300 1.1196 0.7300 1.1732
0.7800 1.0171 0.7800 1.0598
0.8200 0.9838 0.8200 0.9185
0.8300 0.9669 0.8300 0.8819
0.8300 0.9657 0.8300 0.8818
0.8400 0.9593 0.8400 0.8986
0.8700 0.9480 0.8700 0.9232
0.8400 0.9381 0.8400 0.9502
0.8500 0.9120 0.8500 0.8588
0.8800 0.9336 0.8800 0.9376
0.9300 1.0222 0.9300 1.0745
0.9200 0.9085 0.9200 0.8937
0.9200 0.8901 0.9200 0.8240
0.9200 0.9558 0.9200 1.0014
0.9000 1.0657 0.9000 1.1232
0.8800 1.0259 0.8800 1.0859
0.8400 1.0215 0.8400 1.0798
0.7500 1.0472 0.7500 1.1040
0.7300 1.0917 0.7300 1.1517
0.7100 0.9852 0.7100 1.0375
0.7200 0.9813 0.7200 1.0322
0.7800 1.0872 0.7800 1.1446
0.7800 1.1831 0.7800 1.2497
0.7700 1.1110 0.7700 1.1744
0.7000 1.0757 0.7000 1.1342
0.7100 1.0821 0.7100 1.1379
0.7500 1.0105 0.7500 1.0599
0.7700 0.9668 0.7700 0.9901
0.7800 0.9444 0.7800 0.9160
0.8200 0.9014 0.8200 0.8281
0.8600 0.9039 0.8600 0.8309
0.9200 0.8961 0.9200 0.8251
0.9800 0.9008 0.9800 0.8344
1.0500 0.9917 1.0500 1.0457
1.0700 1.0118 1.0700 1.0696
1.0800 0.9362 1.0800 0.9893
1.0800 0.8717 1.0800 0.8191
1.1200 0.8954 1.1200 0.8468
1.2200 0.9502 1.2200 0.9981
1.2600 0.9793 1.2600 1.0338
1.2400 0.9767 1.2400 1.0335
1.2700 1.0842 1.2700 1.1469
1.2200 1.1557 1.2200 1.2238
1.2600 1.2372 1.2600 1.3128
1.3400 1.3114 1.3400 1.4104
1.3700 1.3692 1.3700 1.4733
1.4100 1.3591 1.4100 1.4613
1.4900 1.3095 1.4900 1.3853
1.5800 1.2602 1.5800 1.3277
1.6800 1.3196 1.6800 1.3892
1.7800 1.5120 1.7800 1.6210
1.8700 1.5218 1.8700 1.6327
1.9400 1.3926 1.9400 1.4721
2.0200 1.4413 2.0200 1.5172
2.1100 1.2967 2.1100 1.3571
2.1900 1.3287 2.1900 1.3922
2.2800 1.5833 2.2800 1.6665
2.3600 1.5917 2.3600 1.6801
2.3700 1.5965 2.3700 1.6869
1.8200 1.1590 1.8200 1.2293
1.8400 1.1909 1.8400 1.2631
1.8400 1.1719 1.8400 1.2415
1.8200 1.1958 1.8200 1.2653
1.8000 1.2279 1.8000 1.2981
1.7800 1.2677 1.7800 1.3408
1.7500 1.3433 1.7500 1.4219
1.7300 1.4149 1.7300 1.5190
1.7000 1.4479 1.7000 1.5548
1.6900 1.5081 1.6900 1.6196
1.6900 1.5148 1.6900 1.6256
1.6900 2.2158 1.6900 2.3933
1.6800 2.0604 1.6800 2.2290
1.6700 1.8565 1.6700 2.0068
1.6500 1.8985 1.6500 2.0321
1.6400 1.9201 1.6400 2.0461
1.6300 1.6717 1.6300 1.7413
1.6300 1.6775 1.6300 1.7453
1.6300 1.6138 1.6300 1.6777
1.6200 1.5951 1.6200 1.6583
1.6300 1.5649 1.6300 1.6263
1.6400 1.5780 1.6400 1.6416
1.6400 1.6276 1.6400 1.6962
1.6400 1.6495 1.6400 1.7219
1.6200 1.6314 1.6200 1.7037
1.6100 1.6216 1.6100 1.6923
1.6100 1.5844 1.6100 1.6516
1.6200 1.5735 1.6200 1.6399
1.6200 1.5736 1.6200 1.6405
1.6200 1.5919 1.6200 1.6612
1.6200 1.6093 1.6200 1.6809
1.6200 1.5898 1.6200 1.6606
1.6200 1.6259 1.6200 1.6993
1.6300 1.6662 1.6300 1.7426
1.6200 1.6474 1.6200 1.7236
1.6200 1.6388 1.6200 1.7141
1.6100 1.5885 1.6100 1.6586
1.6100 1.5611 1.6100 1.6283
1.6100 1.5853 1.6100 1.6540
1.6000 1.6219 1.6000 1.6948
1.6200 1.6195 1.6200 1.6939
1.6100 1.6183 1.6100 1.6925
1.6000 1.6235 1.6000 1.6972
1.5900 1.6211 1.5900 1.6943
1.5900 1.6164 1.5900 1.6895
1.5700 1.6449 1.5700 1.7202
1.5400 1.6135 1.5400 1.6867
1.5100 1.6049 1.5100 1.6772
1.5000 1.5915 1.5000 1.6620
1.5500 1.5915 1.5500 1.6620
1.7000 1.6006 1.7000 1.6723
1.8500 1.5765 1.8500 1.6467
1.9400 1.6363 1.9400 1.7112
2.0000 1.6183 2.0000 1.6921
2.0400 1.5670 2.0400 1.6375
2.0500 1.5609 2.0500 1.6293
2.0500 1.5762 2.0500 1.6451
2.0600 1.5227 2.0600 1.5890
2.0700 1.4533 2.0700 1.5143
2.0700 1.4116 2.0700 1.4682
2.0800 1.4310 2.0800 1.4889
2.0800 1.6045 2.0800 1.6779
2.0900 1.9142 2.0900 2.0451
2.0800 2.0503 2.0800 2.1984
2.0800 2.0662 2.0800 2.2184
2.0800 2.0764 2.0800 2.2262
2.0700 2.1000 2.0700 2.2459
2.0600 2.0838 2.0600 2.2237
2.0400 2.0616 2.0400 2.1562
2.0200 2.0463 2.0200 2.1367
2.0200 2.0454 2.0200 2.1353
2.0100 2.0122 2.0100 2.1008
2.0000 2.0294 2.0000 2.1188
2.2700 2.0267 2.2700 2.1151
2.2300 2.0362 2.2300 2.1254
2.2200 2.0012 2.2200 2.0876
2.2000 1.9919 2.2000 2.0770
2.1900 2.0024 2.1900 2.0876
2.1900 1.9703 2.1900 2.0535
2.1900 1.9425 2.1900 2.0238
2.1700 1.9078 2.1700 1.9857
2.1600 1.8684 2.1600 1.9432
2.1700 1.9022 2.1700 1.9796
2.1700 1.9008 2.1700 1.9796
2.1600 1.8788 2.1600 1.9575
2.1400 2.4248 2.1400 2.5861
2.1200 2.2639 2.1200 2.4163
2.1000 2.1070 2.1000 2.2175
2.0700 2.1663 2.0700 2.2713
2.0300 2.1232 2.0300 2.2034
1.9800 2.0233 1.9800 2.1057
1.9300 2.0792 1.9300 2.1661
1.8700 2.0227 1.8700 2.1066
1.8200 2.0132 1.8200 2.0954
1.7700 2.0761 1.7700 2.1622
1.7100 2.0787 1.7100 2.1669
1.6600 2.0372 1.6600 2.1239
1.6200 1.9975 1.6200 2.0797
1.5800 1.9627 1.5800 2.0407
1.5300 1.9312 1.5300 2.0069
1.4800 1.8768 1.4800 1.9493
1.4300 1.8037 1.4300 1.8712
1.3900 1.7233 1.3900 1.7845
1.3600 1.6570 1.3600 1.7132
1.3400 1.5746 1.3400 1.6256
1.3100 1.5291 1.3100 1.5783
1.2900 1.4978 1.2900 1.5465
1.2500 1.4277 1.2500 1.4736
1.2300 1.3925 1.2300 1.4375
1.2100 1.3969 1.2100 1.4435
1.2000 1.3772 1.2000 1.4252
1.1800 1.3224 1.1800 1.3688
1.1600 1.2766 1.1600 1.3203
1.1500 1.2358 1.1500 1.2771
1.1200 1.2162 1.1200 1.2577
1.0900 1.2226 1.0900 1.2668
1.0500 1.2451 1.0500 1.2935
1.0200 1.2270 1.0200 1.2762
1.0000 1.2269 1.0000 1.2773
1.0100 1.1782 1.0100 1.2253
1.0400 1.1694 1.0400 1.2164
1.0600 1.1773 1.0600 1.2257
1.0800 1.1887 1.0800 1.2396
1.1000 1.1724 1.1000 1.2237
1.1200 1.1539 1.1200 1.2042
1.1300 1.1641 1.1300 1.2154
1.1300 1.1180 1.1300 1.1662
1.1300 1.0629 1.1300 1.1076
1.1100 1.0397 1.1100 1.0517
1.1200 1.0297 1.1200 1.0211
1.1500 1.0226 1.1500 1.0268
1.1800 1.0619 1.1800 1.1093
1.1900 1.1719 1.1900 1.2305
1.2000 1.2235 1.2000 1.2886
1.2300 1.2530 1.2300 1.3211
1.2400 1.2876 1.2400 1.3572
1.2500 1.3050 1.2500 1.3749
1.2500 1.2905 1.2500 1.3589
1.2800 1.2580 1.2800 1.3227
1.3100 1.2386 1.3100 1.3004
1.3500 1.1773 1.3500 1.2334
1.4000 1.1986 1.4000 1.2557
1.4400 1.2928 1.4400 1.3575
1.4600 1.3495 1.4600 1.4207
1.5100 1.3388 1.5100 1.4104
1.5700 1.3403 1.5700 1.4103
1.6200 1.3992 1.6200 1.4719
1.6800 1.3898 1.6800 1.4617
1.7200 1.3671 1.7200 1.4374
1.7700 1.3532 1.7700 1.4208
1.8100 1.4139 1.8100 1.4849
1.8500 1.4719 1.8500 1.5480
1.8800 1.5306 1.8800 1.6123
1.9200 1.6156 1.9200 1.7074
1.9500 1.6439 1.9500 1.7567
1.9900 1.6364 1.9900 1.7244
2.0200 1.6933 2.0200 1.8000
2.0500 1.7567 2.0500 1.8787
2.0800 1.7865 2.0800 1.9112
2.1000 1.8321 2.1000 1.9599
2.1200 1.8569 2.1200 1.9851
2.1300 1.8940 2.1300 2.0242
2.1400 1.9223 2.1400 2.0531
2.1400 1.9500 2.1400 2.0816
2.1400 1.9655 2.1400 2.0968
2.1300 2.0015 2.1300 2.1342
2.1200 2.0210 2.1200 2.1541
2.1000 2.0544 2.1000 2.1895
2.0900 2.0741 2.0900 2.2096
2.0700 2.0940 2.0700 2.2303
2.0600 2.1171 2.0600 2.2541
2.0400 2.1271 2.0400 2.2484
2.0300 2.1383 2.0300 2.2428
2.0100 2.1286 2.0100 2.2256
1.9900 2.1152 1.9900 2.2100
1.9800 2.0874 1.9800 2.1791
1.9600 2.0665 1.9600 2.1557
1.9500 2.0302 1.9500 2.1160
1.9300 2.0009 1.9300 2.0839
1.9200 1.9563 1.9200 2.0356
1.9100 1.9476 1.9100 2.0262
1.9000 1.9192 1.9000 1.9961
1.9000 1.9137 1.9000 1.9910
1.8900 1.8910 1.8900 1.9671
1.8900 1.8895 1.8900 1.9660
1.8800 1.8659 1.8800 1.9412
1.8800 1.8356 1.8800 1.9091
1.8700 1.8451 1.8700 1.9195
1.8700 1.8235 1.8700 1.8969
1.8500 1.8177 1.8500 1.8919
1.8100 1.8001 1.8100 1.8732
1.8000 1.7976 1.8000 1.8711
1.7800 1.8027 1.7800 1.8772
1.7800 1.7969 1.7800 1.8718
1.7900 1.8179 1.7900 1.8951
1.8100 1.8102 1.8100 1.8873
1.8200 1.8168 1.8200 1.8949
1.8400 1.8066 1.8400 1.8839
1.8700 1.8124 1.8700 1.8903
1.8800 1.7974 1.8800 1.8744
1.8800 1.8040 1.8800 1.8817
1.8700 1.7607 1.8700 1.8352
1.8600 1.6581 1.8600 1.7246
1.8600 1.6720 1.8600 1.7381
1.8600 1.6702 1.8600 1.7366
1.8700 1.6843 1.8700 1.7546
1.8800 1.7515 1.8800 1.8284
1.8700 1.8188 1.8700 1.9020
1.8600 1.8311 1.8600 1.9167
1.8500 1.8696 1.8500 1.9575
1.8300 1.9353 1.8300 2.0273
1.8200 1.9204 1.8200 2.0115
1.8000 1.8725 1.8000 1.9593
1.7700 1.8318 1.7700 1.9128
