2.0300 1.9769 2.0300 1.9330
1.9900 1.9724 1.9900 1.9321
1.9600 1.9381 1.9600 1.9001
1.9500 1.8466 1.9500 1.8142
1.9700 1.8599 1.9700 1.8312
1.9900 1.8519 1.9900 1.8246
2.0600 1.8636 2.0600 1.8373
2.0800 1.8757 2.0800 1.8509
2.0600 1.9135 2.0600 1.8892
2.0200 1.9099 2.0200 1.8859
2.0300 1.8901 2.0300 1.8685
2.0200 1.9266 2.0200 1.9050
1.9800 1.9311 1.9800 1.9084
1.9700 1.8462 1.9700 1.8265
1.9700 1.7982 1.9700 1.7835
1.9700 1.8155 1.9700 1.8016
1.9800 1.8784 1.9800 1.8609
1.9800 1.9198 1.9800 1.8992
1.9800 2.0432 1.9800 2.0187
1.9800 2.0579 1.9800 2.0303
2.0100 1.9671 2.0100 1.9434
2.1400 1.8825 2.1400 1.8645
2.1700 1.9194 2.1700 1.9008
2.1400 1.9171 2.1400 1.8940
2.0800 1.8209 2.0800 1.8009
2.0600 1.8206 2.0600 1.8046
2.0600 1.8538 2.0600 1.8373
2.0900 1.8661 2.0900 1.8478
2.1400 1.8875 2.1400 1.8693
2.1300 1.8879 2.1300 1.8705
2.1500 1.8878 2.1500 1.8710
2.1500 1.8901 2.1500 1.8734
2.1300 1.9491 2.1300 1.9301
2.1100 2.2027 2.1100 2.1720
2.0800 2.2009 2.0800 2.1619
2.0600 2.0399 2.0600 2.0081
2.0300 1.9121 2.0300 1.8907
2.0000 1.9011 2.0000 1.8809
1.9600 1.9380 1.9600 1.9111
1.9100 1.9895 1.9100 1.9582
1.8600 2.0810 1.8600 2.0457
1.8200 2.0319 1.8200 1.9980
1.7800 2.0516 1.7800 2.0198
1.7400 2.0563 1.7400 2.0237
1.7000 1.9963 1.7000 1.9642
1.6800 1.9583 1.6800 1.9282
1.6400 1.9086 1.6400 1.8812
1.6200 1.8919 1.6200 1.8656
1.6000 1.8563 1.6000 1.8320
1.5700 1.8198 1.5700 1.7986
1.4800 1.7751 1.4800 1.7577
1.3900 1.7124 1.3900 1.6999
1.3500 1.6619 1.3500 1.6540
1.2100 1.6356 1.2100 1.6313
1.2400 1.6086 1.2400 1.6071
1.2500 1.5759 1.2500 1.5781
1.2300 1.5454 1.2300 1.5519
1.2100 1.5545 1.2100 1.5636
1.2300 1.5194 1.2300 1.5311
1.2600 1.5135 1.2600 1.5285
1.2200 1.5160 1.2200 1.5330
1.2100 1.4839 1.2100 1.5034
1.1900 1.3428 1.1900 1.3687
1.1500 1.2182 1.1500 1.2669
1.1600 1.2260 1.1600 1.2725
1.1100 1.0591 1.1100 1.1542
1.1300 1.1511 1.1300 1.2151
1.1300 1.2585 1.1300 1.3016
1.0800 1.2203 1.0800 1.2647
1.0400 1.2135 1.0400 1.2647
1.0500 1.2725 1.0500 1.3274
1.0800 1.3586 1.0800 1.4098
1.1100 1.2631 1.1100 1.3145
1.1100 1.2368 1.1100 1.2929
1.0700 1.2268 1.0700 1.2841
1.0500 1.1621 1.0500 1.2195
1.0300 1.1993 1.0300 1.2569
1.0200 1.1239 1.0200 1.1823
1.0100 1.1732 1.0100 1.2334
0.9800 1.2034 0.9800 1.2628
0.9600 1.1037 0.9600 1.1654
0.9600 1.0532 0.9600 1.1199
0.9400 1.1022 0.9400 1.1700
0.9100 1.1933 0.9100 1.2479
0.9200 1.2294 0.9200 1.2905
0.9700 1.2131 0.9700 1.2762
1.0500 1.1334 1.0500 1.2011
1.1100 1.1088 1.1100 1.1793
1.1500 1.0918 1.1500 1.1611
1.1700 1.0816 1.1700 1.1490
1.1700 1.0772 1.1700 1.1420
1.2300 1.0298 1.2300 1.0997
1.2800 1.0216 1.2800 1.0866
1.2900 1.0611 1.2900 1.1112
1.3000 1.0426 1.3000 1.0901
1.3500 0.9961 1.3500 1.0477
1.4000 1.0478 1.4000 1.0865
1.4400 1.1678 1.4400 1.1933
1.4800 1.2856 1.4800 1.3258
1.5100 1.3286 1.5100 1.3962
1.5100 1.3522 1.5100 1.4201
1.5600 1.3502 1.5600 1.4184
1.5900 1.3140 1.5900 1.3810
1.6200 1.3975 1.6200 1.4597
1.6300 1.4592 1.6300 1.5136
1.6500 1.4197 1.6500 1.4711
1.6600 1.4012 1.6600 1.4540
1.6900 1.4785 1.6900 1.5290
1.7300 1.5503 1.7300 1.5938
1.7200 1.5731 1.7200 1.6119
1.7100 1.6014 1.7100 1.6384
1.7200 1.6197 1.7200 1.6545
1.6900 1.5817 1.6900 1.6150
1.7200 1.6465 1.7200 1.6768
1.7200 1.6798 1.7200 1.7045
1.7000 1.6883 1.7000 1.7096
1.6700 1.6754 1.6700 1.6960
1.6600 1.6836 1.6600 1.7034
1.6500 1.6889 1.6500 1.7062
1.6300 1.7200 1.6300 1.7345
1.6600 1.7780 1.6600 1.7882
1.6000 1.7217 1.6000 1.7312
1.6200 1.6770 1.6200 1.6892
1.7800 1.7007 1.7800 1.7127
1.8000 1.6398 1.8000 1.6509
1.8000 1.6942 1.8000 1.7040
1.8400 1.7006 1.8400 1.7084
1.9000 1.6419 1.9000 1.6515
1.9000 1.5944 1.9000 1.6079
1.8800 1.5916 1.8800 1.6069
1.8800 1.5979 1.8800 1.6117
1.8900 1.5638 1.8900 1.5786
1.8600 1.6362 1.8600 1.6507
1.8500 1.5301 1.8500 1.5466
1.8300 1.5700 1.8300 1.5895
1.7700 1.9224 1.7700 1.9303
1.6200 1.9028 1.6200 1.9001
1.5700 1.8010 1.5700 1.8041
1.5300 1.8671 1.5300 1.8739
1.4800 1.9712 1.4800 1.9690
1.4600 1.9192 1.4600 1.9101
1.4700 1.8131 1.4700 1.8085
1.4900 1.8144 1.4900 1.8118
1.4900 1.8416 1.4900 1.8352
1.5100 1.7708 1.5100 1.7637
1.5500 1.7443 1.5500 1.7404
1.5700 1.7287 1.5700 1.7263
1.6300 1.6246 1.6300 1.6258
1.6000 1.3665 1.6000 1.3922
1.5300 1.3463 1.5300 1.3804
1.5000 1.3817 1.5000 1.4015
1.5200 1.3298 1.5200 1.3637
1.5400 1.3457 1.5400 1.3710
1.5600 1.4163 1.5600 1.4446
1.6000 1.4934 1.6000 1.5203
1.6400 1.4963 1.6400 1.5242
1.6500 1.5323 1.6500 1.5621
1.6300 1.6131 1.6300 1.6407
1.6100 1.6309 1.6100 1.6554
1.5800 1.7154 1.5800 1.7368
1.5400 1.6261 1.5400 1.6475
1.5000 1.4583 1.5000 1.4868
1.4600 1.4324 1.4600 1.4649
1.4500 1.5069 1.4500 1.5348
1.4300 1.5552 1.4300 1.5766
1.3700 1.5723 1.3700 1.5936
1.3400 1.6421 1.3400 1.6640
1.3300 1.7086 1.3300 1.7280
1.3300 1.6962 1.3300 1.7141
1.3200 1.6252 1.3200 1.6453
1.3300 1.5791 1.3300 1.6015
1.3600 1.5313 1.3600 1.5541
1.3600 1.4654 1.3600 1.4892
1.4100 1.4116 1.4100 1.4381
1.4500 1.3694 1.4500 1.3987
1.4700 1.3897 1.4700 1.4201
1.4900 1.3851 1.4900 1.4162
1.5500 1.2914 1.5500 1.3270
1.6300 1.2717 1.6300 1.3127
1.7000 1.3030 1.7000 1.3449
1.7600 1.3304 1.7600 1.3709
1.7800 1.3250 1.7800 1.3665
1.8200 1.3533 1.8200 1.3969
1.8500 1.4255 1.8500 1.4683
1.8600 1.4184 1.8600 1.4601
1.8800 1.4981 1.8800 1.5390
1.9000 1.5630 1.9000 1.6003
1.9500 1.5604 1.9500 1.5956
1.9500 1.5688 1.9500 1.6036
1.9400 1.6578 1.9400 1.6891
1.9600 1.7815 1.9600 1.8042
1.9800 1.8492 1.9800 1.8645
1.9400 1.8901 1.9400 1.9014
1.8500 1.8614 1.8500 1.8713
1.8100 1.8858 1.8100 1.8929
1.7600 1.9051 1.7600 1.9066
1.7300 1.8700 1.7300 1.8681
1.6700 1.8734 1.6700 1.8697
1.6000 1.8878 1.6000 1.8816
1.5100 1.9616 1.5100 1.9502
1.4100 1.9264 1.4100 1.9127
1.3300 1.8661 1.3300 1.8551
1.2500 1.9074 1.2500 1.8958
1.1800 1.9402 1.1800 1.9243
1.1400 1.8364 1.1400 1.8215
1.1100 1.6504 1.1100 1.6457
1.1000 1.6232 1.1000 1.6248
1.1100 1.5940 1.1100 1.5953
1.1200 1.5714 1.1200 1.5735
1.1300 1.4997 1.1300 1.5067
1.1400 1.4096 1.1400 1.4248
1.1500 1.3128 1.1500 1.3447
1.1600 1.1973 1.1600 1.2585
1.1700 1.1419 1.1700 1.2250
1.1900 1.0931 1.1900 1.1874
1.2200 1.0559 1.2200 1.1510
1.2500 1.0438 1.2500 1.1396
1.2700 1.0520 1.2700 1.1326
1.2900 1.0875 1.2900 1.1470
1.3000 1.1462 1.3000 1.2042
1.3200 1.1874 1.3200 1.2467
1.3200 1.2147 1.3200 1.2755
1.3200 1.2348 1.3200 1.2966
1.3300 1.2505 1.3300 1.3124
1.3300 1.2622 1.3300 1.3235
1.3400 1.2703 1.3400 1.3307
1.3400 1.2968 1.3400 1.3560
1.3500 1.3400 1.3500 1.3970
1.3600 1.3757 1.3600 1.4304
1.3900 1.3872 1.3900 1.4405
1.4200 1.3999 1.4200 1.4524
1.4700 1.3983 1.4700 1.4496
1.5300 1.4153 1.5300 1.4648
1.6100 1.3977 1.6100 1.4456
1.3800 1.3785 1.3800 1.4262
1.4400 1.3928 1.4400 1.4397
1.4900 1.3848 1.4900 1.4304
1.5200 1.3956 1.5200 1.4404
1.5100 1.3901 1.5100 1.4347
1.4600 1.4020 1.4600 1.4462
1.4300 1.4188 1.4300 1.4620
1.3600 1.4644 1.3600 1.5058
1.2600 1.5088 1.2600 1.5475
1.2100 1.5766 1.2100 1.6124
1.2000 1.6615 1.2000 1.6929
1.2200 1.7668 1.2200 1.7923
1.2400 1.2722 1.2400 1.3082
1.2600 1.3784 1.2600 1.4254
1.2900 1.5906 1.2900 1.6231
1.3200 1.5737 1.3200 1.5948
1.3700 1.5297 1.3700 1.5543
1.5800 1.4045 1.5800 1.4407
1.6300 1.4007 1.6300 1.4393
1.6800 1.2911 1.6800 1.3304
1.7100 1.1288 1.7100 1.1942
1.7400 1.0973 1.7400 1.1680
1.7900 1.1501 1.7900 1.2038
1.8200 1.2317 1.8200 1.2779
1.8200 1.2862 1.8200 1.3329
1.8400 1.3272 1.8400 1.3767
1.8700 1.3879 1.8700 1.4385
1.9100 1.4339 1.9100 1.4831
1.9500 1.5040 1.9500 1.5501
1.9300 1.8735 1.9300 1.9073
1.9100 1.8841 1.9100 1.9051
1.9100 1.8307 1.9100 1.8534
1.9200 1.8412 1.9200 1.8647
1.9300 1.8351 1.9300 1.8530
1.9300 1.8902 1.9300 1.8983
1.9500 1.8751 1.9500 1.8777
1.9900 1.8227 1.9900 1.8244
2.0100 1.8323 2.0100 1.8337
2.0400 1.8771 2.0400 1.8745
2.0400 1.9258 2.0400 1.9176
2.0700 1.9656 2.0700 1.9533
2.0900 1.8817 2.0900 1.8708
2.1300 1.8193 2.1300 1.8125
2.1500 1.8330 2.1500 1.8259
2.1400 1.8561 2.1400 1.8451
2.1300 1.8665 2.1300 1.8530
2.1500 1.8522 2.1500 1.8397
2.1800 1.8893 2.1800 1.8765
2.2200 1.9664 2.2200 1.9497
2.3200 1.9798 2.3200 1.9599
2.3800 2.0053 2.3800 1.9840
2.4100 1.9812 2.4100 1.9598
2.4300 2.0175 2.4300 1.9943
2.5000 2.0446 2.5000 2.0176
2.5300 2.0882 2.5300 2.0574
2.5200 2.1000 2.5200 2.0662
2.5200 2.0387 2.5200 2.0065
2.5000 2.0074 2.5000 1.9771
2.4600 2.0503 2.4600 2.0180
2.4100 2.1057 2.4100 2.0678
2.3800 2.1564 2.3800 2.1140
2.3600 2.3254 2.3600 2.2749
2.3200 2.3890 2.3200 2.3304
2.3100 2.3578 2.3100 2.2977
2.2500 2.3436 2.2500 2.2839
2.2100 2.4494 2.2100 2.3826
2.1700 2.4616 2.1700 2.3861
2.1500 2.3587 2.1500 2.2848
2.1100 2.3322 2.1100 2.2612
2.0700 2.2901 2.0700 2.2196
2.0500 2.2070 2.0500 2.1386
2.0400 2.1219 2.0400 2.0590
2.0200 2.1010 2.0200 2.0416
2.0000 2.1078 2.0000 2.0487
1.9700 2.0552 1.9700 1.9993
1.9500 2.0686 1.9500 2.0158
1.9300 1.9879 1.9300 1.9400
1.9200 1.9411 1.9200 1.8991
1.9200 1.9244 1.9200 1.8858
1.9400 1.9264 1.9400 1.8895
1.9400 1.8902 1.9400 1.8557
1.9100 1.8402 1.9100 1.8115
1.8900 1.8533 1.8900 1.8274
1.8900 1.8742 1.8900 1.8487
1.8900 1.8595 1.8900 1.8351
1.9100 1.8389 1.9100 1.8179
1.9400 1.8075 1.9400 1.7900
1.9700 1.7972 1.9700 1.7820
1.9800 1.7882 1.9800 1.7742
1.9600 1.7901 1.9600 1.7772
1.9300 1.8120 1.9300 1.7993
1.9200 1.8632 1.9200 1.8493
1.9100 1.8642 1.9100 1.8498
1.9000 1.7957 1.9000 1.7850
1.8700 1.7691 1.8700 1.7622
1.8500 1.7950 1.8500 1.7876
1.8600 1.8068 1.8600 1.7971
1.8800 1.8448 1.8800 1.8338
1.8900 1.9011 1.8900 1.8881
1.8800 1.9440 1.8800 1.9286
1.8500 1.9390 1.8500 1.9230
1.8300 1.8754 1.8300 1.8620
1.8600 1.8133 1.8600 1.8031
1.8800 1.8096 1.8800 1.7998
1.9100 1.8057 1.9100 1.7944
1.9200 1.7907 1.9200 1.7796
2.0500 1.7419 2.0500 1.7339
2.1600 1.7219 2.1600 1.7173
2.2700 1.7731 2.2700 1.7677
2.3400 1.8248 2.3400 1.8163
2.4600 1.8358 2.4600 1.8262
2.4300 1.8042 2.4300 1.7971
2.5300 1.7466 2.5300 1.7434
2.5400 1.7241 2.5400 1.7230
2.5300 1.8056 2.5300 1.8012
2.5200 1.8463 2.5200 1.8373
2.4800 1.8800 2.4800 1.8694
2.4100 1.8833 2.4100 1.8732
2.3600 2.1240 2.3600 2.1058
2.3500 2.3044 2.3500 2.2705
2.4000 2.3942 2.4000 2.3501
2.4800 2.4255 2.4800 2.3764
2.4700 2.5597 2.4700 2.5016
2.5100 2.3996 2.5100 2.3379
2.5200 2.4972 2.5200 2.4309
2.4900 2.4897 2.4900 2.4146
2.4800 2.3579 2.4800 2.2841
2.5000 2.3290 2.5000 2.2568
2.5200 2.2314 2.5200 2.1635
2.4900 2.1107 2.4900 2.0470
2.4800 2.0455 2.4800 1.9885
2.4300 2.0903 2.4300 2.0332
2.3700 2.2338 2.3700 2.1697
2.3900 2.3945 2.3900 2.3212
2.3600 2.3200 2.3600 2.2478
2.2800 2.3616 2.2800 2.2925
2.2700 2.3868 2.2700 2.3150
2.2700 2.2847 2.2700 2.2140
2.2400 2.2607 2.2400 2.1921
2.2200 2.3129 2.2200 2.2422
2.2100 2.3531 2.2100 2.2768
2.1900 2.2640 2.1900 2.1906
2.1500 2.2394 2.1500 2.1712
2.2400 2.1678 2.2400 2.1033
2.2500 2.0669 2.2500 2.0082
2.2100 2.1631 2.2100 2.1034
2.1800 2.1344 2.1800 2.0734
2.1300 1.9719 2.1300 1.9197
2.1200 2.0078 2.1200 1.9622
2.0900 2.0754 2.0900 2.0269
2.0400 2.0286 2.0400 1.9796
1.9900 2.0007 1.9900 1.9571
1.9300 2.0157 1.9300 1.9749
1.8700 2.0044 1.8700 1.9638
1.8100 1.9401 1.8100 1.9034
1.7500 2.1512 1.7500 2.1095
1.7200 2.1771 1.7200 2.1279
1.6700 2.0301 1.6700 1.9873
1.6200 1.9855 1.6200 1.9511
1.5000 1.9199 1.5000 1.8891
1.4700 1.9385 1.4700 1.9057
1.4100 1.9035 1.4100 1.8716
1.3500 1.8184 1.3500 1.7920
1.3400 1.7656 1.3400 1.7455
1.3000 1.7010 1.3000 1.6866
1.2500 1.6427 1.2500 1.6328
1.1700 1.5866 1.1700 1.5818
1.1600 1.5335 1.1600 1.5340
1.1000 1.5428 1.1000 1.5467
1.0500 1.5053 1.0500 1.5125
1.0500 1.4554 1.0500 1.4681
1.0000 1.2864 1.0000 1.3205
0.9600 1.3017 0.9600 1.3396
0.9300 1.2826 0.9300 1.3149
0.9200 1.2090 0.9200 1.2610
0.8700 1.2598 0.8700 1.2972
0.8400 1.2344 0.8400 1.2747
0.7900 1.1820 0.7900 1.2321
0.7600 1.0801 0.7600 1.1427
0.7300 1.1175 0.7300 1.1775
0.7100 1.0680 0.7100 1.1316
0.6700 1.0036 0.6700 1.0863
0.6700 1.0626 0.6700 1.1212
0.6700 1.0118 0.6700 1.0747
0.7100 0.9743 0.7100 1.0450
0.7600 0.9758 0.7600 1.0278
0.7900 1.0178 0.7900 1.0456
0.8000 0.9590 0.8000 0.9984
0.8100 0.9356 0.8100 0.9752
0.8000 0.9162 0.8000 0.9474
0.7900 0.9306 0.7900 0.9355
0.7900 0.9347 0.7900 0.9228
0.7800 0.9375 0.7800 0.9130
0.7700 0.9106 0.7700 0.8850
0.7600 0.9316 0.7600 0.9000
0.7500 0.9519 0.7500 0.9165
0.7700 1.0294 0.7700 0.9899
0.7900 1.0994 0.7900 1.0664
0.8300 1.0938 0.8300 1.0979
0.8900 1.0578 0.8900 1.0968
0.9400 1.0466 0.9400 1.0950
0.9900 1.0200 0.9900 1.0635
1.0100 0.9990 1.0100 1.0291
1.0500 1.0080 1.0500 1.0228
1.1100 0.9950 1.1100 1.0018
1.1800 0.9810 1.1800 0.9849
1.2500 0.9729 1.2500 0.9738
1.3500 0.9697 1.3500 0.9650
1.2000 1.0226 1.2000 1.0090
1.3000 1.0553 1.3000 1.0460
1.3800 1.1029 1.3800 1.1064
1.4600 1.1750 1.4600 1.1993
1.5100 1.2021 1.5100 1.2575
1.5600 1.2252 1.5600 1.3070
1.6100 1.2195 1.6100 1.2997
1.6600 1.2519 1.6600 1.3301
1.7000 1.3304 1.7000 1.4034
1.7500 1.4095 1.7500 1.4757
1.7800 1.4814 1.7800 1.5419
1.8200 1.6029 1.8200 1.6576
1.8400 1.2552 1.8400 1.3129
1.8500 1.3986 1.8500 1.4611
1.8800 1.5988 1.8800 1.6465
1.8900 1.6458 1.8900 1.6806
1.8800 1.6788 1.8800 1.7112
1.8700 1.6916 1.8700 1.7260
1.8900 1.7647 1.8900 1.7939
1.8600 1.7923 1.8600 1.8147
1.8400 1.8070 1.8400 1.8238
1.8900 1.8442 1.8900 1.8564
1.8900 1.8514 1.8900 1.8593
1.8800 1.8764 1.8800 1.8806
1.8600 1.8739 1.8600 1.8749
1.8200 1.8487 1.8200 1.8483
1.7900 1.8831 1.7900 1.8799
1.7700 1.8760 1.7700 1.8699
1.7600 1.8259 1.7600 1.8200
1.7500 1.7955 1.7500 1.7913
1.8100 1.8388 1.8100 1.8328
1.8600 1.7772 1.8600 1.7704
1.8300 1.7278 1.8300 1.7245
1.8200 1.8528 1.8200 1.8469
1.8600 1.8509 1.8600 1.8407
1.9000 1.8003 1.9000 1.7923
1.9500 1.7650 1.9500 1.7614
1.9500 1.6995 1.9500 1.6990
1.9200 1.6671 1.9200 1.6681
1.8800 1.6542 1.8800 1.6562
1.8500 1.6601 1.8500 1.6623
1.8000 1.6609 1.8000 1.6639
1.7600 1.7940 1.7600 1.7943
1.7300 1.8920 1.7300 1.8863
1.6900 1.7850 1.6900 1.7815
1.6500 1.7471 1.6500 1.7499
1.5900 1.8475 1.5900 1.8475
1.5200 1.9171 1.5200 1.9083
1.4800 1.9692 1.4800 1.9552
1.4300 1.9225 1.4300 1.9096
1.6400 1.8325 1.6400 1.8244
1.6400 1.7618 1.6400 1.7575
1.6500 1.7222 1.6500 1.7189
1.6600 1.6502 1.6600 1.6481
1.6700 1.5982 1.6700 1.5998
1.6900 1.5863 1.6900 1.5907
1.7000 1.5491 1.7000 1.5563
1.6800 1.5118 1.6800 1.5230
1.6600 1.4407 1.6600 1.4573
1.6600 1.3577 1.6600 1.3818
1.6200 1.3456 1.6200 1.3722
1.5900 1.3110 1.5900 1.3406
1.5300 1.7640 1.5300 1.7832
1.4700 1.7565 1.4700 1.7647
1.4100 1.6560 1.4100 1.6730
1.3700 1.6981 1.3700 1.7214
1.3300 1.6962 1.3300 1.7168
1.3100 1.7316 1.3100 1.7448
1.3100 1.7025 1.3100 1.7142
1.3100 1.6474 1.3100 1.6604
1.3200 1.6052 1.3200 1.6210
1.3900 1.6198 1.3900 1.6354
1.4000 1.5515 1.4000 1.5675
1.4300 1.5014 1.4300 1.5207
1.4700 1.4197 1.4700 1.4434
1.5100 1.3412 1.5100 1.3696
1.5400 1.2850 1.5400 1.3208
1.5700 1.2615 1.5700 1.3008
1.5800 1.2428 1.5800 1.2829
1.5900 1.2483 1.5900 1.2884
1.6100 1.2925 1.6100 1.3341
1.6400 1.3188 1.6400 1.3613
1.6700 1.3524 1.6700 1.3960
1.6700 1.4920 1.6700 1.5336
1.6800 1.4972 1.6800 1.5359
1.6900 1.5138 1.6900 1.5533
1.6900 1.5781 1.6900 1.6161
1.6900 1.6202 1.6900 1.6538
1.6900 1.6407 1.6900 1.6704
1.7200 1.6521 1.7200 1.6800
1.7400 1.6405 1.7400 1.6668
1.7400 1.6296 1.7400 1.6546
1.7400 1.6498 1.7400 1.6725
1.7500 1.6865 1.7500 1.7055
1.7500 1.7180 1.7500 1.7336
1.7400 1.6856 1.7400 1.7007
1.7400 1.6830 1.7400 1.6988
1.7300 1.6961 1.7300 1.7104
1.7300 1.6802 1.7300 1.6929
1.7200 1.6684 1.7200 1.6808
1.7500 1.6627 1.7500 1.6752
1.8100 1.7200 1.8100 1.7302
1.7900 1.7494 1.7900 1.7564
1.7400 1.7228 1.7400 1.7300
1.7200 1.7110 1.7200 1.7197
1.7200 1.7285 1.7200 1.7366
1.7200 1.7235 1.7200 1.7298
1.7200 1.6919 1.7200 1.6986
1.6900 1.6915 1.6900 1.6991
1.6600 1.6776 1.6600 1.6852
1.6500 1.6796 1.6500 1.6872
1.6400 1.6659 1.6400 1.6739
1.6200 1.7269 1.6200 1.7336
1.6000 1.8462 1.6000 1.8471
1.5900 1.7706 1.5900 1.7709
1.6200 1.6427 1.6200 1.6507
1.6300 1.6299 1.6300 1.6424
1.6000 1.6626 1.6000 1.6716
1.5800 1.6693 1.5800 1.6748
1.5800 1.6633 1.5800 1.6698
1.5800 1.6111 1.5800 1.6213
1.5800 1.5697 1.5800 1.5838
1.5400 1.5807 1.5400 1.5959
1.5200 1.5820 1.5200 1.5963
1.5100 1.5540 1.5100 1.5694
1.4900 1.5299 1.4900 1.5482
1.4600 1.5345 1.4600 1.5545
1.4600 1.6132 1.4600 1.6311
1.4600 1.6345 1.4600 1.6500
1.4600 1.5587 1.4600 1.5774
1.4500 1.5272 1.4500 1.5505
1.4400 1.5521 1.4400 1.5754
1.4300 1.5639 1.4300 1.5845
1.4100 1.5607 1.4100 1.5810
1.4100 1.4848 1.4100 1.5086
1.4100 1.4618 1.4100 1.4894
1.4000 1.4757 1.4000 1.5034
1.3900 1.4510 1.3900 1.4785
1.3900 1.4081 1.3900 1.4380
1.3800 1.4296 1.3800 1.4616
1.3700 1.4556 1.3700 1.4868
1.3700 1.4603 1.3700 1.4914
1.3800 1.4464 1.3800 1.4792
1.3700 1.4338 1.3700 1.4685
1.3500 1.4284 1.3500 1.4639
1.3500 1.3986 1.3500 1.4350
1.3500 1.4098 1.3500 1.4468
1.3400 1.4227 1.3400 1.4592
1.3400 1.4062 1.3400 1.4431
1.3400 1.3935 1.3400 1.4321
1.3400 1.4038 1.3400 1.4432
1.3400 1.3942 1.3400 1.4335
1.3400 1.3783 1.3400 1.4185
1.3500 1.3876 1.3500 1.4285
1.3600 1.4141 1.3600 1.4542
1.3700 1.3955 1.3700 1.4356
1.3800 1.3555 1.3800 1.3978
1.3800 1.3679 1.3800 1.4115
1.3800 1.3801 1.3800 1.4226
1.3700 1.3617 1.3700 1.4040
1.3900 1.3643 1.3900 1.4077
1.4000 1.3723 1.4000 1.4160
1.4000 1.3756 1.4000 1.4191
1.4100 1.3766 1.4100 1.4203
1.4200 1.3768 1.4200 1.4208
1.4300 1.3974 1.4300 1.4410
1.4400 1.4140 1.4400 1.4566
1.4400 1.4248 1.4400 1.4667
1.4400 1.4358 1.4400 1.4774
1.4400 1.4269 1.4400 1.4685
1.4300 1.4200 1.4300 1.4617
1.4200 1.3985 1.4200 1.4404
1.4000 1.4354 1.4000 1.4764
1.4000 1.4539 1.4000 1.4926
1.4000 1.4377 1.4000 1.4764
1.4200 1.4522 1.4200 1.4914
1.4400 1.4673 1.4400 1.5057
1.4300 1.4784 1.4300 1.5154
1.4400 1.4857 1.4400 1.5219
1.4500 1.4749 1.4500 1.5110
1.4600 1.4680 1.4600 1.5042
1.4600 1.4653 1.4600 1.5013
1.4700 1.4434 1.4700 1.4794
1.4800 1.4249 1.4800 1.4615
1.4900 1.3936 1.4900 1.4314
1.5000 1.4038 1.5000 1.4420
1.5000 1.4165 1.5000 1.4538
1.5100 1.4549 1.5100 1.4913
1.5200 1.4923 1.5200 1.5273
1.5300 1.4589 1.5300 1.4948
1.5300 1.4722 1.5300 1.5093
1.5500 1.4935 1.5500 1.5294
1.5500 1.5015 1.5500 1.5356
1.5500 1.4906 1.5500 1.5242
1.5800 1.4994 1.5800 1.5333
1.6000 1.5171 1.6000 1.5497
1.6200 1.5248 1.6200 1.5562
1.6500 1.5338 1.6500 1.5644
1.6900 1.5229 1.6900 1.5534
1.7200 1.5349 1.7200 1.5651
1.7300 1.5491 1.7300 1.5780
1.7400 1.5568 1.7400 1.5845
1.7400 1.5466 1.7400 1.5741
1.7500 1.5763 1.7500 1.6032
1.8000 1.5707 1.8000 1.5963
1.8600 1.5553 1.8600 1.5812
2.0000 1.6118 2.0000 1.6361
2.1100 1.6393 2.1100 1.6606
2.2000 1.6537 2.2000 1.6733
2.2500 1.6917 2.2500 1.7100
2.2900 1.7470 2.2900 1.7621
2.3600 1.7742 2.3600 1.7857
2.3700 1.7537 2.3700 1.7643
2.3500 1.7460 2.3500 1.7565
2.3200 1.7303 2.3200 1.7398
2.3100 1.7350 2.3100 1.7428
2.2600 1.8226 2.2600 1.8258
2.1700 1.9147 2.1700 1.9112
2.0600 2.1426 2.0600 2.1280
1.9700 2.2826 1.9700 2.2557
1.9200 2.3316 1.9200 2.2978
1.8900 2.3265 1.8900 2.2894
1.9100 2.3118 1.9100 2.2713
1.8900 2.3893 1.8900 2.3392
1.8300 2.3275 1.8300 2.2715
1.7800 2.2098 1.7800 2.1563
1.7300 2.1332 1.7300 2.0839
1.6900 2.1233 1.6900 2.0738
1.6600 2.0371 1.6600 1.9884
1.6300 1.8668 1.6300 1.8277
1.5800 1.7112 1.5800 1.6842
1.5200 1.6306 1.5200 1.6165
1.4800 1.6389 1.4800 1.6233
1.4500 1.6604 1.4500 1.6448
1.4200 1.7576 1.4200 1.7420
1.4100 1.7551 1.4100 1.7415
1.3700 1.6521 1.3700 1.6469
1.3400 1.6037 1.3400 1.6063
1.3100 1.5657 1.3100 1.5716
1.2800 1.5380 1.2800 1.5452
1.2900 1.5233 1.2900 1.5328
1.3000 1.5059 1.3000 1.5184
1.2700 1.4507 1.2700 1.4677
1.2300 1.3794 1.2300 1.4026
1.2000 1.3599 1.2000 1.3873
1.1900 1.3579 1.1900 1.3868
1.1800 1.3412 1.1800 1.3718
1.1600 1.3580 1.1600 1.3911
1.1600 1.3157 1.1600 1.3520
1.1600 1.2876 1.1600 1.3279
1.1700 1.2718 1.1700 1.3149
1.1800 1.2456 1.1800 1.2906
1.2000 1.2968 1.2000 1.3421
1.1900 1.3355 1.1900 1.3799
1.2000 1.2817 1.2000 1.3280
1.2000 1.2173 1.2000 1.2689
1.2000 1.1921 1.2000 1.2471
1.2000 1.2057 1.2000 1.2600
1.1900 1.2064 1.1900 1.2598
1.2100 1.1795 1.2100 1.2346
1.2300 1.1980 1.2300 1.2554
1.2200 1.2176 1.2200 1.2754
1.2100 1.2423 1.2100 1.2998
1.2000 1.2629 1.2000 1.3203
1.2400 1.2945 1.2400 1.3516
1.3000 1.2703 1.3000 1.3276
1.4100 1.2787 1.4100 1.3368
1.5400 1.2815 1.5400 1.3388
1.6700 1.2716 1.6700 1.3283
1.7700 1.2707 1.7700 1.3271
1.8500 1.2477 1.8500 1.3046
1.8900 1.2883 1.8900 1.3446
1.9500 1.3252 1.9500 1.3793
1.9900 1.2912 1.9900 1.3451
2.0300 1.2649 2.0300 1.3211
2.0900 1.2525 2.0900 1.3098
2.1600 1.3334 2.1600 1.3881
2.2100 1.4400 2.2100 1.4890
2.2800 1.6096 2.2800 1.6520
2.3400 1.8031 2.3400 1.8369
2.4100 1.9574 2.4100 1.9820
2.4500 2.0374 2.4500 2.0542
2.4400 2.0703 2.4400 2.0806
2.4400 2.0415 2.4400 2.0461
2.4100 2.0660 2.4100 2.0634
2.3600 2.0710 2.3600 2.0600
2.3400 2.0684 2.3400 2.0514
2.3200 2.1304 2.3200 2.1069
2.3000 2.2083 2.3000 2.1767
2.2800 2.2362 2.2800 2.1981
2.2800 2.3018 2.2800 2.2581
2.2500 2.3576 2.2500 2.3069
2.2500 2.4198 2.2500 2.3614
2.2500 2.4234 2.2500 2.3595
2.2500 2.3227 2.2500 2.2600
2.2800 2.2863 2.2800 2.2250
2.2900 2.2168 2.2900 2.1562
2.2900 2.1096 2.2900 2.0524
2.2900 2.0961 2.2900 2.0415
2.3100 2.0906 2.3100 2.0362
2.3300 2.0718 2.3300 2.0185
2.3400 2.0556 2.3400 2.0054
2.3300 2.0828 2.3300 2.0338
2.3500 2.0454 2.3500 1.9981
2.4000 2.0589 2.4000 2.0135
2.4400 2.0862 2.4400 2.0401
2.5100 2.0879 2.5100 2.0416
2.5700 2.1548 2.5700 2.1063
2.5100 2.1661 2.5100 2.1161
2.4400 2.1458 2.4400 2.0964
2.4000 2.1404 2.4000 2.0922
2.3800 2.1794 2.3800 2.1292
2.3300 2.2125 2.3300 2.1585
2.2800 2.2065 2.2800 2.1514
2.2300 2.1676 2.2300 2.1143
2.1800 2.2041 2.1800 2.1502
2.1500 2.3064 2.1500 2.2460
2.1500 2.3521 2.1500 2.2855
2.1400 2.4444 2.1400 2.3721
2.1600 2.5153 2.1600 2.4368
2.2300 2.3174 2.2300 2.2442
2.3400 2.1462 2.3400 2.0852
2.4400 2.1226 2.4400 2.0654
2.5300 2.1307 2.5300 2.0698
2.5900 2.0526 2.5900 1.9934
2.6600 1.9763 2.6600 1.9256
2.7000 1.9406 2.7000 1.8961
2.7300 1.9023 2.7300 1.8621
2.7400 1.9015 2.7400 1.8639
2.7300 1.9521 2.7300 1.9147
2.7000 1.9637 2.7000 1.9265
2.6200 2.0187 2.6200 1.9816
2.5800 2.1736 2.5800 2.1311
2.5400 2.3707 2.5400 2.3164
2.2000 2.4964 2.2000 2.4310
2.1700 2.5699 2.1700 2.4977
2.2100 2.5911 2.2100 2.5140
2.1900 2.6410 2.1900 2.5569
2.1300 2.6388 2.1300 2.5476
2.0500 2.6103 2.0500 2.5153
1.9400 2.5721 1.9400 2.4754
1.8100 2.5062 1.8100 2.4103
1.7100 2.4278 1.7100 2.3344
1.6400 2.2669 1.6400 2.1815
1.5900 2.2268 1.5900 2.1471
1.5400 2.2131 1.5400 2.1347
1.4900 1.5674 1.4900 1.5667
1.4600 1.6473 1.4600 1.6527
1.3800 1.9919 1.3800 1.9467
1.3100 1.9546 1.3100 1.9000
1.3000 1.8447 1.3000 1.8031
1.2800 1.7345 1.2800 1.7128
1.2900 1.6344 1.2900 1.6200
1.2900 1.4690 1.2900 1.4870
1.2800 1.3795 1.2800 1.4138
1.2900 1.3628 1.2900 1.3997
1.2900 1.3651 1.2900 1.3918
1.3100 1.3498 1.3100 1.3735
1.3200 1.3257 1.3200 1.3507
1.3200 1.3403 1.3200 1.3675
1.3300 1.2484 1.3300 1.2859
1.3400 1.1699 1.3400 1.2255
1.3500 1.2272 1.3500 1.2698
1.3600 1.2432 1.3600 1.2847
1.3500 1.2876 1.3500 1.3298
1.3400 1.3107 1.3400 1.3552
1.3500 1.3022 1.3500 1.3496
1.3500 1.3378 1.3500 1.3865
1.3600 1.3426 1.3600 1.3909
1.3900 1.3773 1.3900 1.4247
1.4000 1.3914 1.4000 1.4376
1.4000 1.3768 1.4000 1.4234
1.4100 1.3918 1.4100 1.4385
1.4200 1.4048 1.4200 1.4504
1.4500 1.4142 1.4500 1.4584
1.4900 1.4215 1.4900 1.4649
1.5100 1.3921 1.5100 1.4359
1.5300 1.3687 1.5300 1.4136
1.5600 1.3928 1.5600 1.4371
1.5600 1.3932 1.5600 1.4359
1.5300 1.4049 1.5300 1.4471
1.4900 1.4590 1.4900 1.5000
1.4500 1.4663 1.4500 1.5058
1.4300 1.4481 1.4300 1.4881
1.4000 1.4591 1.4000 1.4995
1.3900 1.4728 1.3900 1.5117
1.3900 1.5182 1.3900 1.5542
1.3700 1.6609 1.3700 1.6804
1.3400 1.5951 1.3400 1.6168
1.3200 1.4802 1.3200 1.5050
1.3000 1.3702 1.3000 1.3986
1.2800 1.3012 1.2800 1.3367
1.2500 1.4508 1.2500 1.4796
1.2200 1.4055 1.2200 1.4316
1.2100 1.2643 1.2100 1.3021
1.1700 1.3981 1.1700 1.4377
1.1200 1.4190 1.1200 1.4547
1.1100 1.4091 1.1100 1.4441
1.1300 1.4152 1.1300 1.4532
1.1300 1.3626 1.1300 1.4034
1.1100 1.3256 1.1100 1.3686
1.0900 1.3055 1.0900 1.3499
1.0900 1.2909 1.0900 1.3355
1.0900 1.2718 1.0900 1.3173
1.0900 1.2350 1.0900 1.2829
1.1200 1.2045 1.1200 1.2553
1.1400 1.2164 1.1400 1.2687
1.1400 1.1669 1.1400 1.2206
1.2100 1.0953 1.2100 1.1569
1.3900 1.1157 1.3900 1.1760
1.5200 1.1877 1.5200 1.2465
1.6600 1.1983 1.6600 1.2556
1.6300 1.1586 1.6300 1.2191
1.7200 1.1354 1.7200 1.2001
1.8300 1.1570 1.8300 1.2223
1.9400 1.1689 1.9400 1.2326
2.0900 1.1671 2.0900 1.2304
2.2100 1.2244 2.2100 1.2877
2.2300 1.2595 2.2300 1.3215
2.0300 1.2430 2.0300 1.3051
2.0600 1.3617 2.0600 1.4226
2.1000 1.6845 2.1000 1.7343
2.1200 1.8514 2.1200 1.8866
2.1000 1.9791 2.1000 2.0066
2.1100 1.8010 2.1100 1.8307
2.1400 1.8790 2.1400 1.9080
2.1400 2.0694 2.1400 2.0808
2.1500 2.1494 2.1500 2.1429
2.1500 2.3265 2.1500 2.3056
2.1100 2.4226 2.1100 2.3907
2.0900 2.3185 2.0900 2.2830
2.0900 1.8093 2.0900 1.7928
2.0300 1.8859 2.0300 1.8758
2.0100 2.0686 2.0100 2.0393
1.9900 2.0348 1.9900 1.9948
1.9900 1.9586 1.9900 1.9249
2.0300 1.9704 2.0300 1.9445
2.0500 2.0729 2.0500 2.0411
2.0400 2.0479 2.0400 2.0131
2.0700 2.0419 2.0700 2.0077
2.0900 2.0367 2.0900 2.0034
2.1300 1.9497 2.1300 1.9191
2.1600 1.9201 2.1600 1.8925
2.1700 1.9487 2.1700 1.9204
2.2100 1.8403 2.2100 1.8145
2.2800 1.8189 2.2800 1.7980
2.3200 1.8292 2.3200 1.8098
2.3400 1.8528 2.3400 1.8324
2.4300 1.9543 2.4300 1.9305
2.5300 1.9843 2.5300 1.9585
2.6200 1.9425 2.6200 1.9187
2.6700 1.9973 2.6700 1.9742
2.6700 2.0367 2.6700 2.0097
2.6300 2.0870 2.6300 2.0554
2.6800 2.1167 2.6800 2.0819
2.7500 2.0945 2.7500 2.0594
2.8300 2.1526 2.8300 2.1148
2.9100 2.2687 2.9100 2.2230
2.9500 2.2929 2.9500 2.2405
3.0100 2.2637 3.0100 2.2107
3.0400 2.4087 3.0400 2.3496
3.0600 2.5660 3.0600 2.4926
3.0500 2.6406 3.0500 2.5556
3.0300 2.6289 3.0300 2.5401
2.9700 2.5350 2.9700 2.4486
2.9000 2.4074 2.9000 2.3253
2.8700 2.5062 2.8700 2.4188
2.7900 2.6451 2.7900 2.5437
2.6800 2.7298 2.6800 2.6177
2.6600 2.8125 2.6600 2.6937
2.6500 2.8061 2.6500 2.6851
2.7700 2.8610 2.7700 2.7346
2.7600 2.8616 2.7600 2.7299
2.7600 2.8288 2.7600 2.6946
2.7500 2.7638 2.7500 2.6304
2.7300 2.6940 2.7300 2.5638
2.7100 2.5753 2.7100 2.4506
2.6900 2.4545 2.6900 2.3384
2.7000 2.4595 2.7000 2.3464
2.6800 2.3521 2.6800 2.2445
2.6300 2.1767 2.6300 2.0825
2.6300 2.2436 2.6300 2.1550
2.5800 2.3223 2.5800 2.2300
2.4800 2.6023 2.4800 2.4969
2.3900 2.5582 2.3900 2.4499
2.3200 2.4822 2.3200 2.3831
2.3700 2.4980 2.3700 2.4017
2.3700 2.4535 2.3700 2.3577
2.3200 2.4270 2.3200 2.3302
2.2500 2.3883 2.2500 2.2948
2.2200 2.4327 2.2200 2.3379
2.1700 2.4031 2.1700 2.3088
2.1000 2.3005 2.1000 2.2129
2.1200 2.3394 2.1200 2.2544
2.1700 2.2757 2.1700 2.1927
2.2100 2.0881 2.2100 2.0158
2.2300 1.9784 2.2300 1.9184
2.1900 1.9408 2.1900 1.8870
2.1300 2.1384 2.1300 2.0777
2.0800 2.1767 2.0800 2.1108
2.0200 2.0498 2.0200 1.9929
2.0200 1.9507 2.0200 1.9066
2.0100 1.9606 2.0100 1.9210
2.0000 1.9273 2.0000 1.8869
2.0000 1.8156 2.0000 1.7815
1.9900 1.9178 1.9900 1.8856
1.9500 2.0721 1.9500 2.0327
1.9000 2.1354 1.9000 2.0904
1.9000 2.1402 1.9000 2.0965
1.8600 2.0350 1.8600 1.9981
1.8100 1.9217 1.8100 1.8919
1.8300 1.8619 1.8300 1.8359
1.8200 1.7866 1.8200 1.7629
1.8400 1.8327 1.8400 1.8088
1.8700 1.8545 1.8700 1.8298
1.9500 1.8463 1.9500 1.8237
2.0200 1.8722 2.0200 1.8519
2.1000 1.8681 2.1000 1.8494
2.1600 1.8020 2.1600 1.7864
2.2000 1.7225 2.2000 1.7127
2.2100 1.7653 2.2100 1.7565
2.2200 1.7209 2.2200 1.7119
2.2300 1.6353 2.2300 1.6315
2.2500 1.7220 2.2500 1.7199
2.2700 1.7360 2.2700 1.7317
2.3200 1.7746 2.3200 1.7695
2.3100 1.8413 2.3100 1.8352
2.3100 1.9839 2.3100 1.9723
2.2900 2.0907 2.2900 2.0709
2.2700 2.1720 2.2700 2.1464
2.2800 2.2229 2.2800 2.1922
2.2800 2.2214 2.2800 2.1872
2.2300 2.1782 2.2300 2.1421
2.1700 2.1484 2.1700 2.1111
2.1200 2.1425 2.1200 2.1021
2.0700 2.1555 2.0700 2.1116
2.0400 2.1717 2.0400 2.1247
2.0200 2.2458 2.0200 2.1945
2.0100 2.1932 2.0100 2.1409
2.0000 2.1572 2.0000 2.1078
1.9900 2.1235 1.9900 2.0756
1.9800 2.0808 1.9800 2.0342
1.9500 2.1189 1.9500 2.0704
1.9200 2.1210 1.9200 2.0712
1.8800 2.0143 1.8800 1.9689
1.8600 1.9116 1.8600 1.8750
1.8200 1.8684 1.8200 1.8370
1.8000 1.8264 1.8000 1.7972
1.7500 1.8161 1.7500 1.7890
1.6800 1.8234 1.6800 1.7985
1.6300 1.8412 1.6300 1.8179
1.5900 1.8517 1.5900 1.8300
1.5500 1.8524 1.5500 1.8327
1.5100 1.8524 1.5100 1.8344
1.4900 1.8084 1.4900 1.7930
1.5100 1.7683 1.5100 1.7564
1.5100 1.7206 1.5100 1.7120
1.4500 1.7140 1.4500 1.7073
1.3800 1.6711 1.3800 1.6665
1.3200 1.6593 1.3200 1.6577
1.2700 1.6019 1.2700 1.6039
1.2300 1.4984 1.2300 1.5071
1.1900 1.4624 1.1900 1.4765
1.1800 1.4469 1.1800 1.4634
1.2200 1.4211 1.2200 1.4395
1.2200 1.3887 1.2200 1.4112
1.1700 1.3982 1.1700 1.4242
1.1500 1.4813 1.1500 1.5069
1.1400 1.5008 1.1400 1.5255
1.1500 1.3855 1.1500 1.4156
1.1800 1.2777 1.1800 1.3165
1.2200 1.2221 1.2200 1.2664
1.2000 1.1847 1.2000 1.2386
1.1900 1.1567 1.1900 1.2127
1.2300 1.1265 1.2300 1.1828
1.2900 1.1555 1.2900 1.2069
1.2700 1.2717 1.2700 1.3226
1.2600 1.2842 1.2600 1.3343
1.1800 1.1834 1.1800 1.2387
1.1500 1.1661 1.1500 1.2273
1.1600 1.1824 1.1600 1.2431
1.1600 1.2138 1.1600 1.2716
1.1600 1.2705 1.1600 1.3264
1.1700 1.3359 1.1700 1.3908
1.1600 1.2850 1.1600 1.3410
1.1600 1.2514 1.1600 1.3111
1.1500 1.3379 1.1500 1.3962
1.1400 1.4404 1.1400 1.4917
1.1300 1.3638 1.1300 1.4128
1.1800 1.3100 1.1800 1.3641
1.1900 1.1767 1.1900 1.2352
1.1600 1.1376 1.1600 1.1992
1.1400 1.2000 1.1400 1.2569
1.0800 1.2037 1.0800 1.2575
1.0500 1.2099 1.0500 1.2650
1.1100 1.2349 1.1100 1.2929
1.1100 1.2284 1.1100 1.2876
1.0900 1.2300 1.0900 1.2899
1.0700 1.2156 1.0700 1.2757
1.0200 1.1979 1.0200 1.2585
0.9700 1.1879 0.9700 1.2488
0.9900 1.2855 0.9900 1.3447
1.0100 1.3025 1.0100 1.3586
1.0800 1.2188 1.0800 1.2773
1.1200 1.1863 1.1200 1.2492
1.1100 1.0940 1.1100 1.1588
1.1000 1.0609 1.1000 1.1318
1.0900 1.2123 1.0900 1.2645
1.0900 1.2068 1.0900 1.2651
1.0900 1.1497 1.0900 1.2116
1.0900 1.1258 1.0900 1.1935
1.1000 1.0546 1.1000 1.1246
1.0900 0.9884 1.0900 1.0689
1.0900 1.0809 1.0900 1.1208
1.1700 1.1483 1.1700 1.1780
1.1700 1.2521 1.1700 1.2979
1.1800 1.2932 1.1800 1.3573
1.1800 1.2382 1.1800 1.3050
1.1600 1.2079 1.1600 1.2781
1.0800 1.1859 1.0800 1.2556
1.1500 1.1837 1.1500 1.2502
1.2100 1.1765 1.2100 1.2408
1.2500 1.1703 1.2500 1.2346
1.2800 1.1917 1.2800 1.2561
1.2700 1.1736 1.2700 1.2383
1.2500 1.1718 1.2500 1.2374
1.2900 1.3244 1.2900 1.3872
1.3300 1.3079 1.3300 1.3663
1.3500 1.2830 1.3500 1.3434
1.3400 1.2809 1.3400 1.3431
1.3000 1.2319 1.3000 1.2938
1.3100 1.0887 1.3100 1.1523
1.3200 1.2271 1.3200 1.2907
1.3300 1.3683 1.3300 1.4229
1.3300 1.3904 1.3300 1.4408
1.3700 1.4146 1.3700 1.4674
1.3600 1.3662 1.3600 1.4222
1.3400 1.3217 1.3400 1.3786
1.3300 1.3888 1.3300 1.4423
1.3400 1.4521 1.3400 1.4988
1.3800 1.4508 1.3800 1.4943
1.4400 1.4022 1.4400 1.4481
1.4500 1.3170 1.4500 1.3669
1.4200 1.3492 1.4200 1.3990
1.4300 1.3788 1.4300 1.4243
1.4300 1.3822 1.4300 1.4254
1.4400 1.3752 1.4400 1.4194
1.4700 1.4463 1.4700 1.4904
1.4800 1.4250 1.4800 1.4675
1.4800 1.3631 1.4800 1.4079
1.4900 1.3536 1.4900 1.4002
1.5300 1.3801 1.5300 1.4250
1.5600 1.4590 1.5600 1.4996
1.5600 1.5529 1.5600 1.5892
1.5100 1.5379 1.5100 1.5731
1.5000 1.4467 1.5000 1.4862
1.4700 1.4655 1.4700 1.5070
1.5200 1.4730 1.5200 1.5109
1.5900 1.4759 1.5900 1.5107
1.6500 1.5233 1.6500 1.5563
1.7200 1.5272 1.7200 1.5592
1.7900 1.5120 1.7900 1.5446
1.8300 1.5231 1.8300 1.5561
1.8600 1.5944 1.8600 1.6243
1.8800 1.6331 1.8800 1.6584
1.9000 1.5959 1.9000 1.6210
1.9100 1.4803 1.9100 1.5102
1.9300 1.4699 1.9300 1.5027
1.9200 1.4405 1.9200 1.4718
1.9200 1.5401 1.9200 1.5676
1.9000 1.6812 1.9000 1.7017
1.8800 1.7497 1.8800 1.7658
1.8500 1.8401 1.8500 1.8536
1.7600 1.9208 1.7600 1.9303
1.6800 1.9351 1.6800 1.9397
1.6400 1.9241 1.6400 1.9259
1.6800 1.9120 1.6800 1.9111
1.6800 1.9095 1.6800 1.9051
1.7000 1.8946 1.7000 1.8873
1.7300 1.9034 1.7300 1.8938
1.6900 1.8629 1.6900 1.8527
1.6900 1.8453 1.6900 1.8359
1.7200 1.8089 1.7200 1.8003
1.7600 1.7692 1.7600 1.7622
1.7900 1.7281 1.7900 1.7230
1.8200 1.5697 1.8200 1.5712
1.8400 1.4611 1.8400 1.4727
1.8400 1.4641 1.8400 1.4772
1.8400 1.6066 1.8400 1.6149
1.8500 1.6312 1.8500 1.6361
1.8800 1.6567 1.8800 1.6649
1.9100 1.7323 1.9100 1.7415
1.9100 1.6444 1.9100 1.6558
1.8500 1.6422 1.8500 1.6562
1.8100 1.7191 1.8100 1.7301
1.8300 1.7847 1.8300 1.7894
1.8300 1.8130 1.8300 1.8147
1.8500 1.8343 1.8500 1.8360
1.8500 1.8515 1.8500 1.8519
1.8700 1.8231 1.8700 1.8228
1.8800 1.8024 1.8800 1.8020
1.8800 1.8129 1.8800 1.8109
1.8700 1.8619 1.8700 1.8562
1.8900 1.9008 1.8900 1.8913
1.9400 1.8691 1.9400 1.8594
2.0400 1.7311 2.0400 1.7275
1.9600 1.6676 1.9600 1.6699
1.9800 1.7531 1.9800 1.7523
1.9800 1.7660 1.9800 1.7601
1.9700 1.7906 1.9700 1.7842
1.9600 1.7907 1.9600 1.7863
1.9500 1.8258 1.9500 1.8215
1.9600 1.8474 1.9600 1.8412
1.9300 1.8259 1.9300 1.8196
1.9200 1.8000 1.9200 1.7947
1.8100 1.8375 1.8100 1.8314
1.7100 1.9369 1.7100 1.9250
1.7700 2.1052 1.7700 2.0837
1.7400 1.8822 1.7400 1.8640
1.7400 1.8762 1.7400 1.8663
1.7300 1.9280 1.7300 1.9146
1.7300 1.8768 1.7300 1.8599
1.7500 1.8578 1.7500 1.8411
1.7700 1.8305 1.7700 1.8172
1.7900 1.8728 1.7900 1.8576
1.8200 1.8143 1.8200 1.8003
1.8200 1.7967 1.8200 1.7857
1.7600 1.6071 1.7600 1.6037
1.7800 1.4491 1.7800 1.4664
1.8000 1.6695 1.8000 1.6742
1.7400 1.6549 1.7400 1.6526
1.7100 1.6347 1.7100 1.6358
1.7000 1.6502 1.7000 1.6572
1.7500 1.6664 1.7500 1.6750
1.7500 1.7310 1.7500 1.7364
1.8200 1.7547 1.8200 1.7585
1.8600 1.7815 1.8600 1.7839
1.8800 1.8229 1.8800 1.8238
1.8900 1.8022 1.8900 1.8025
1.8500 1.6637 1.8500 1.6687
1.7800 1.7144 1.7800 1.7211
1.8000 1.7815 1.8000 1.7824
1.7600 1.6391 1.7600 1.6412
1.7600 1.5847 1.7600 1.5943
1.7600 1.6123 1.7600 1.6237
1.7200 1.7377 1.7200 1.7427
1.7900 1.7317 1.7900 1.7332
1.8300 1.8361 1.8300 1.8372
1.8600 1.9103 1.8600 1.9072
1.8900 1.8925 1.8900 1.8882
1.9000 1.8837 1.9000 1.8795
1.9000 1.7755 1.9000 1.7743
1.8800 1.6388 1.8800 1.6426
1.8600 1.7096 1.8600 1.7129
1.8400 1.6623 1.8400 1.6626
1.8100 1.6569 1.8100 1.6588
1.8000 1.6897 1.8000 1.6928
1.7800 1.6161 1.7800 1.6225
1.7600 1.7790 1.7600 1.7829
1.7500 1.8629 1.7500 1.8601
1.7400 1.8694 1.7400 1.8642
1.7200 1.9004 1.7200 1.8956
1.7300 1.8878 1.7300 1.8829
1.7300 1.8680 1.7300 1.8618
1.7400 1.8078 1.7400 1.8025
1.7400 1.7643 1.7400 1.7604
1.7400 1.7374 1.7400 1.7341
1.7800 1.6913 1.7800 1.6895
1.7400 1.6924 1.7400 1.6919
1.7700 1.6772 1.7700 1.6778
1.8100 1.6543 1.8100 1.6570
1.7800 1.6594 1.7800 1.6637
1.8000 1.6597 1.8000 1.6649
1.7200 1.6362 1.7200 1.6429
1.7000 1.6710 1.7000 1.6784
1.7100 1.6857 1.7100 1.6923
1.7400 1.7024 1.7400 1.7086
1.7100 1.7039 1.7100 1.7105
1.6700 1.6985 1.6700 1.7059
1.6300 1.7805 1.6300 1.7853
1.6000 1.6891 1.6000 1.6941
1.5500 1.7317 1.5500 1.7382
1.4800 1.8289 1.4800 1.8306
1.4100 1.7338 1.4100 1.7349
1.3600 1.7587 1.3600 1.7619
1.4100 1.6100 1.4100 1.6179
1.4300 1.5804 1.4300 1.5922
1.4200 1.6551 1.4200 1.6640
1.4200 1.7126 1.4200 1.7168
1.4000 1.6512 1.4000 1.6563
1.3800 1.5622 1.3800 1.5757
1.3900 1.5288 1.3900 1.5467
1.4400 1.5059 1.4400 1.5245
1.4600 1.4419 1.4600 1.4620
1.4900 1.3374 1.4900 1.3642
1.5100 1.2611 1.5100 1.3006
1.5000 1.2344 1.5000 1.2785
1.4900 1.3923 1.4900 1.4259
1.4800 1.4599 1.4800 1.4891
1.4600 1.4219 1.4600 1.4544
1.4500 1.4320 1.4500 1.4702
1.4600 1.4090 1.4600 1.4492
1.4700 1.3814 1.4700 1.4217
1.4800 1.4085 1.4800 1.4479
1.5000 1.5091 1.5000 1.5446
1.5100 1.5330 1.5100 1.5652
1.5300 1.5579 1.5300 1.5904
1.5500 1.5814 1.5500 1.6138
1.5600 1.5382 1.5600 1.5707
1.5700 1.5055 1.5700 1.5386
1.5900 1.4834 1.5900 1.5164
1.6000 1.4475 1.6000 1.4801
1.6100 1.4343 1.6100 1.4674
1.6400 1.4652 1.6400 1.4976
1.7000 1.4903 1.7000 1.5213
1.7500 1.5045 1.7500 1.5353
1.8200 1.5376 1.8200 1.5683
1.9100 1.5489 1.9100 1.5789
1.9500 1.5734 1.9500 1.6023
1.9600 1.5986 1.9600 1.6257
1.9600 1.5970 1.9600 1.6228
1.8900 1.5989 1.8900 1.6241
2.0000 1.6237 2.0000 1.6475
2.0000 1.6281 2.0000 1.6499
1.9200 1.6278 1.9200 1.6487
1.8400 1.6731 1.8400 1.6921
1.7500 1.7725 1.7500 1.7863
1.6800 1.8328 1.6800 1.8409
1.5800 1.9146 1.5800 1.9181
1.4900 2.0388 1.4900 2.0351
1.4200 2.0404 1.4200 2.0312
1.3600 1.9799 1.3600 1.9705
1.3100 1.9364 1.3100 1.9278
1.2700 1.7751 1.2700 1.7694
1.2400 1.9974 1.2400 1.9846
1.2000 1.9970 1.2000 1.9740
1.1500 1.7521 1.1500 1.7378
1.1100 1.6273 1.1100 1.6268
1.0700 1.5184 1.0700 1.5251
1.0300 1.4661 1.0300 1.4852
1.0000 1.3360 1.0000 1.3691
1.0000 1.2393 1.0000 1.3017
1.0200 1.2113 1.0200 1.2765
1.0100 1.1879 1.0100 1.2548
0.9700 1.1733 0.9700 1.2313
0.9400 1.1657 0.9400 1.2161
0.9200 1.1718 0.9200 1.2198
0.9000 1.1488 0.9000 1.1998
0.8600 1.0995 0.8600 1.1592
0.8700 1.0734 0.8700 1.1373
0.8600 1.0476 0.8600 1.1152
0.8100 1.0152 0.8100 1.0884
0.8100 1.0100 0.8100 1.0741
0.8800 1.0632 0.8800 1.1055
0.8800 1.1298 0.8800 1.1707
0.8800 1.0971 0.8800 1.1619
0.8700 1.0251 0.8700 1.0970
0.8000 0.9915 0.8000 1.0675
0.7800 1.0112 0.7800 1.0609
0.7800 1.0139 0.7800 1.0461
0.8200 0.9600 0.8200 0.9958
0.8600 1.0163 0.8600 1.0295
0.8800 1.0278 0.8800 1.0399
0.9000 0.9343 0.9000 0.9670
0.8900 0.9696 0.8900 0.9836
0.8900 1.1460 0.8900 1.1331
0.8900 1.1122 0.8900 1.1261
0.8700 1.0453 0.8700 1.0983
0.8400 1.0198 0.8400 1.0877
0.8600 0.9096 0.8600 0.9710
0.8700 0.9300 0.8700 0.9588
0.9200 0.9879 0.9200 0.9705
0.9500 1.0830 0.9500 1.0480
0.9600 1.1280 0.9600 1.1194
0.9800 1.1017 0.9800 1.1362
1.0700 1.1015 1.0700 1.1650
1.2200 1.0584 1.2200 1.1343
1.1700 1.0543 1.1700 1.1203
1.2200 1.0607 1.2200 1.1131
1.2900 1.0205 1.2900 1.0662
1.3700 0.9733 1.3700 1.0142
1.4600 1.0422 1.4600 1.0609
1.5300 1.0770 1.5300 1.0897
1.6300 1.1490 1.6300 1.1678
1.7100 1.1611 1.7100 1.2115
1.7600 1.1231 1.7600 1.2022
1.8000 1.1467 1.8000 1.2264
1.8300 1.2924 1.8300 1.3682
1.8600 1.5372 1.8600 1.6022
1.9200 1.3567 1.9200 1.4177
1.9000 1.3684 1.9000 1.4358
1.8900 1.5087 1.8900 1.5708
1.8900 1.5936 1.8900 1.6434
1.8800 1.6935 1.8800 1.7339
1.9200 1.7300 1.9200 1.7662
1.9000 1.8548 1.9000 1.8845
1.8700 1.9269 1.8700 1.9476
1.8400 1.9197 1.8400 1.9341
1.8200 1.9141 1.8200 1.9246
1.8400 1.9062 1.8400 1.9125
1.8700 1.9112 1.8700 1.9122
1.8400 1.9802 1.8400 1.9742
1.8000 1.8864 1.8000 1.8785
1.7600 1.8209 1.7600 1.8163
1.7000 1.8300 1.7000 1.8254
1.6800 1.8050 1.6800 1.7982
1.6600 1.8823 1.6600 1.8716
1.7100 1.8293 1.7100 1.8184
1.7000 1.7516 1.7000 1.7456
1.6400 1.7189 1.6400 1.7168
1.6600 1.7036 1.6600 1.7024
1.6400 1.7701 1.6400 1.7656
1.6200 1.8322 1.6200 1.8243
1.6100 1.7570 1.6100 1.7512
1.5900 1.6751 1.5900 1.6765
1.5500 1.6326 1.5500 1.6385
1.5300 1.5518 1.5300 1.5601
1.5100 1.5521 1.5100 1.5618
1.5000 1.5549 1.5000 1.5651
1.5700 1.6774 1.5700 1.6851
1.7000 1.6703 1.7000 1.6767
1.7400 1.5336 1.7400 1.5478
1.7700 1.6082 1.7700 1.6262
1.7900 1.6015 1.7900 1.6167
1.8000 1.5564 1.8000 1.5718
1.7700 1.5530 1.7700 1.5710
1.7000 1.5297 1.7000 1.5496
1.6500 1.4755 1.6500 1.4975
1.5900 1.4579 1.5900 1.4831
1.5300 1.4535 1.5300 1.4795
1.5500 1.4558 1.5500 1.4822
1.5500 1.6103 1.5500 1.6335
1.5400 1.8583 1.5400 1.8710
1.5100 1.8674 1.5100 1.8740
1.4700 1.8384 1.4700 1.8486
1.4400 1.8459 1.4400 1.8572
1.4500 1.8302 1.4500 1.8377
1.4100 1.7386 1.4100 1.7444
1.3500 1.5789 1.3500 1.5900
1.3600 1.5111 1.3600 1.5267
1.3700 1.4457 1.3700 1.4632
1.3700 1.3742 1.3700 1.3995
1.4000 1.4685 1.4000 1.4895
1.4100 1.5101 1.4100 1.5291
1.4300 1.4951 1.4300 1.5163
1.4600 1.4564 1.4600 1.4832
1.4900 1.4031 1.4900 1.4347
1.5200 1.3837 1.5200 1.4170
1.5300 1.4305 1.5300 1.4627
1.5200 1.3726 1.5200 1.4050
1.5100 1.2684 1.5100 1.3069
1.5300 1.3333 1.5300 1.3750
1.5400 1.3908 1.5400 1.4292
1.5400 1.3902 1.5400 1.4273
1.6100 1.4462 1.6100 1.4847
1.6700 1.4658 1.6700 1.5044
1.6600 1.4929 1.6600 1.5308
1.6700 1.5383 1.6700 1.5745
1.6800 1.5720 1.6800 1.6055
1.6700 1.6032 1.6700 1.6340
1.6900 1.5903 1.6900 1.6201
1.7100 1.5461 1.7100 1.5767
1.7600 1.5171 1.7600 1.5484
1.7800 1.5555 1.7800 1.5846
1.8000 1.5690 1.8000 1.5947
1.8300 1.5494 1.8300 1.5749
1.8700 1.6782 1.8700 1.7011
1.9000 1.7778 1.9000 1.7938
1.8800 1.6991 1.8800 1.7143
1.8900 1.6813 1.8900 1.7002
1.9300 1.6985 1.9300 1.7162
1.9700 1.6626 1.9700 1.6774
2.0000 1.6858 2.0000 1.6988
2.0400 1.7153 2.0400 1.7261
2.0600 1.7951 2.0600 1.8017
2.0600 1.8079 2.0600 1.8117
2.0800 1.8062 2.0800 1.8101
2.1200 1.8483 2.1200 1.8502
2.1200 1.8982 2.1200 1.8957
2.1800 1.9211 2.1800 1.9142
2.2100 1.8368 2.2100 1.8312
2.2500 1.8371 2.2500 1.8331
2.2200 1.9212 2.2200 1.9122
2.2900 1.9732 2.2900 1.9574
2.3400 1.9890 2.3400 1.9703
2.3100 2.0290 2.3100 2.0089
2.2100 2.0381 2.2100 2.0157
2.1400 1.9998 2.1400 1.9769
2.1000 2.0179 2.1000 1.9938
2.0900 2.0829 2.0900 2.0537
2.1100 2.0491 2.1100 2.0171
2.1300 2.1358 2.1300 2.1009
2.1700 2.1756 2.1700 2.1357
2.1400 2.2002 2.1400 2.1569
2.1700 2.1046 2.1700 2.0633
2.2600 2.2174 2.2600 2.1737
2.3500 2.3187 2.3500 2.2642
2.4500 2.1736 2.4500 2.1203
2.5600 1.9457 2.5600 1.9059
2.5800 1.8489 2.5800 1.8201
2.5700 1.8595 2.5700 1.8291
2.5500 1.8858 2.5500 1.8522
2.5400 1.9544 2.5400 1.9190
2.5300 2.0060 2.5300 1.9705
2.4900 2.0871 2.4900 2.0501
2.4200 2.0143 2.4200 1.9799
2.3500 2.0616 2.3500 2.0284
2.2800 2.2595 2.2800 2.2161
2.2200 2.3845 2.2200 2.3281
2.1300 2.4948 2.1300 2.4289
2.0900 2.6195 2.0900 2.5451
2.0300 2.5505 2.0300 2.4726
1.9900 2.4318 1.9900 2.3576
1.9700 2.3624 1.9700 2.2903
1.9200 2.3326 1.9200 2.2584
1.8800 2.3101 1.8800 2.2334
1.8800 2.2198 1.8800 2.1469
1.9000 2.0951 1.9000 2.0308
1.9100 2.0076 1.9100 1.9517
1.9000 1.9416 1.9000 1.8914
1.8600 1.8945 1.8600 1.8489
1.7700 1.7867 1.7700 1.7489
1.7800 1.7865 1.7800 1.7550
1.7800 1.7574 1.7800 1.7298
1.7700 1.7364 1.7700 1.7136
1.7600 1.7683 1.7600 1.7483
1.7200 1.7144 1.7200 1.6988
1.7000 1.6823 1.7000 1.6720
1.6900 1.7378 1.6900 1.7293
1.6700 1.8147 1.6700 1.8031
1.6700 1.8385 1.6700 1.8253
1.6600 1.8101 1.6600 1.8000
1.6600 1.7373 1.6600 1.7326
1.6800 1.5845 1.6800 1.5874
1.7400 1.6532 1.7400 1.6575
1.7900 1.7058 1.7900 1.7047
1.7900 1.6777 1.7900 1.6764
1.8000 1.6720 1.8000 1.6748
1.8100 1.6107 1.8100 1.6186
1.8300 1.6036 1.8300 1.6138
1.8600 1.6142 1.8600 1.6244
1.8900 1.5904 1.8900 1.6010
1.9300 1.6069 1.9300 1.6186
2.0400 1.6043 2.0400 1.6171
2.0900 1.6142 2.0900 1.6278
1.8300 1.6650 1.8300 1.6776
1.8300 1.7787 1.8300 1.7869
1.8200 1.8525 1.8200 1.8552
1.8200 1.8006 1.8200 1.8038
1.8200 1.7895 1.8200 1.7952
1.7700 1.8027 1.7700 1.8069
1.7400 1.8235 1.7400 1.8236
1.7300 1.8599 1.7300 1.8560
1.7100 1.8885 1.7100 1.8819
1.6700 1.9390 1.6700 1.9293
1.5900 2.1252 1.5900 2.1068
1.5200 2.1626 1.5200 2.1357
1.4900 1.5562 1.4900 1.5504
1.4800 1.5884 1.4800 1.5995
1.4600 1.7302 1.4600 1.7293
1.4300 1.7072 1.4300 1.6961
1.4000 1.7185 1.4000 1.7100
1.3800 1.6163 1.3800 1.6190
1.3600 1.6161 1.3600 1.6228
1.3500 1.6376 1.3500 1.6448
1.3400 1.6205 1.3400 1.6269
1.3300 1.5581 1.3300 1.5677
1.3300 1.4305 1.3300 1.4481
1.3200 1.3513 1.3200 1.3778
1.3200 1.3667 1.3200 1.3930
1.3300 1.4013 1.3300 1.4262
1.3400 1.3937 1.3400 1.4197
1.3400 1.3618 1.3400 1.3929
1.3300 1.3418 1.3300 1.3776
1.3200 1.3420 1.3200 1.3799
1.3600 1.3333 1.3600 1.3720
1.3800 1.3351 1.3800 1.3749
1.3900 1.3368 1.3900 1.3779
1.4000 1.3334 1.4000 1.3759
1.4400 1.3489 1.4400 1.3923
1.4700 1.3406 1.4700 1.3848
1.5100 1.3473 1.5100 1.3922
1.5500 1.3748 1.5500 1.4195
1.5900 1.3931 1.5900 1.4370
1.6200 1.3879 1.6200 1.4318
1.6400 1.3638 1.6400 1.4090
1.7800 1.3482 1.7800 1.3946
1.8200 1.4301 1.8200 1.4743
1.8500 1.4628 1.8500 1.5031
1.8700 1.4526 1.8700 1.4927
1.8900 1.4597 1.8900 1.5009
1.9000 1.5258 1.9000 1.5651
1.9200 1.5671 1.9200 1.6019
1.9300 1.6041 1.9300 1.6360
1.9400 1.6496 1.9400 1.6788
1.9500 1.6873 1.9500 1.7134
1.9500 1.7063 1.9500 1.7293
1.9400 1.7022 1.9400 1.7232
1.9800 1.9437 1.9800 1.9553
2.0000 1.9623 2.0000 1.9633
2.0300 1.9078 2.0300 1.9089
2.0700 1.9091 2.0700 1.9111
2.0900 1.9063 2.0900 1.9050
2.0900 1.8987 2.0900 1.8923
2.0600 1.8955 2.0600 1.8870
2.0100 1.8947 2.0100 1.8841
1.9500 1.8913 1.9500 1.8797
1.8800 1.8978 1.8800 1.8851
1.8200 1.8832 1.8200 1.8701
1.7500 1.8541 1.7500 1.8416
1.6600 1.9327 1.6600 1.9177
1.6000 1.9652 1.6000 1.9457
1.5700 1.9892 1.5700 1.9676
1.5300 2.0480 1.5300 2.0238
1.4700 2.0529 1.4700 2.0265
1.4300 2.0195 1.4300 1.9929
1.4400 1.9378 1.4400 1.9144
1.4300 1.8407 1.4300 1.8217
1.4200 1.7497 1.4200 1.7351
1.4000 1.6546 1.4000 1.6449
1.4400 1.5941 1.4400 1.5890
1.4500 1.5229 1.4500 1.5229
1.4200 1.4151 1.4200 1.4330
1.3800 1.3815 1.3800 1.4046
1.3600 1.4105 1.3600 1.4270
1.3400 1.3953 1.3400 1.4137
1.3200 1.3274 1.3200 1.3535
1.3100 1.3087 1.3100 1.3397
1.3000 1.3915 1.3000 1.4231
1.3000 1.4075 1.3000 1.4377
1.2800 1.3955 1.2800 1.4283
1.2800 1.3783 1.2800 1.4151
1.3300 1.4745 1.3300 1.5109
1.3600 1.5040 1.3600 1.5369
1.3500 1.4197 1.3500 1.4549
1.3500 1.3502 1.3500 1.3910
1.3400 1.3376 1.3400 1.3806
1.3100 1.3291 1.3100 1.3705
1.3100 1.3026 1.3100 1.3442
1.3200 1.3023 1.3200 1.3457
1.3400 1.3049 1.3400 1.3497
1.3200 1.3218 1.3200 1.3673
1.3300 1.2960 1.3300 1.3428
1.3600 1.3048 1.3600 1.3533
1.3900 1.4148 1.3900 1.4610
1.3900 1.4621 1.3900 1.5042
1.4100 1.4114 1.4100 1.4545
1.4500 1.3975 1.4500 1.4441
1.4500 1.3838 1.4500 1.4306
1.4100 1.3256 1.4100 1.3719
1.4000 1.3295 1.4000 1.3759
1.4200 1.3603 1.4200 1.4052
1.4200 1.3977 1.4200 1.4406
1.4600 1.3534 1.4600 1.3974
1.5200 1.3672 1.5200 1.4137
1.5400 1.4380 1.5400 1.4824
1.6300 1.4795 1.6300 1.5201
1.7000 1.4553 1.7000 1.4953
1.7500 1.4718 1.7500 1.5130
1.8000 1.5444 1.8000 1.5827
1.8000 1.5179 1.8000 1.5534
1.7900 1.4130 1.7900 1.4513
1.8200 1.3968 1.8200 1.4383
1.8500 1.4565 1.8500 1.4948
1.8700 1.4526 1.8700 1.4872
1.9300 1.5132 1.9300 1.5468
1.9500 1.6212 1.9500 1.6514
1.9600 1.6261 1.9600 1.6537
1.9700 1.7603 1.9700 1.7844
1.9800 1.8566 1.9800 1.8733
1.9900 1.8727 1.9900 1.8842
2.0100 1.9055 2.0100 1.9138
1.9800 1.8428 1.9800 1.8500
1.9700 1.7805 1.9700 1.7876
2.0200 1.8228 2.0200 1.8267
2.0900 1.8629 2.0900 1.8605
2.1400 1.8641 2.1400 1.8582
2.2000 1.9511 2.2000 1.9422
2.2300 1.9592 2.2300 1.9470
2.2400 1.9317 2.2400 1.9192
2.2500 1.9305 2.2500 1.9180
2.2800 1.9308 2.2800 1.9164
2.3000 1.9352 2.3000 1.9181
2.3000 1.9545 2.3000 1.9355
2.3000 1.8780 2.3000 1.8604
2.3300 1.8507 2.3300 1.8361
2.3500 1.9727 2.3500 1.9538
2.3600 2.1006 2.3600 2.0720
2.3800 2.1452 2.3800 2.1106
2.4000 2.2023 2.4000 2.1657
2.4100 2.2137 2.4100 2.1747
2.4300 2.1789 2.4300 2.1387
2.4600 2.1641 2.4600 2.1225
2.5000 2.1990 2.5000 2.1534
2.5400 2.2116 2.5400 2.1614
2.5700 2.1724 2.5700 2.1221
2.5800 2.1537 2.5800 2.1047
2.5400 2.2120 2.5400 2.1602
2.4600 2.2394 2.4600 2.1831
2.3800 2.2257 2.3800 2.1685
2.3200 2.2472 2.3200 2.1895
2.3000 2.2732 2.3000 2.2131
2.2400 2.2707 2.2400 2.2086
2.2600 2.2887 2.2600 2.2252
2.2300 2.3327 2.2300 2.2659
2.1800 2.3872 2.1800 2.3156
2.0700 2.4307 2.0700 2.3545
2.0100 2.4457 2.0100 2.3667
1.9300 2.4240 1.9300 2.3443
1.8900 2.3108 1.8900 2.2355
1.8500 2.1460 1.8500 2.0797
1.8100 2.0306 1.8100 1.9727
1.7400 1.9839 1.7400 1.9299
1.6100 2.0148 1.6100 1.9607
1.6600 1.9438 1.6600 1.8936
1.6300 2.0287 1.6300 1.9810
1.5700 2.0233 1.5700 1.9764
1.4800 1.9293 1.4800 1.8891
1.5200 1.7625 1.5200 1.7340
1.5500 1.7122 1.5500 1.6925
1.5700 1.6573 1.5700 1.6400
1.5700 1.6385 1.5700 1.6248
1.5500 1.6381 1.5500 1.6274
1.5700 1.6092 1.5700 1.6037
1.6000 1.5350 1.6000 1.5361
1.6300 1.3425 1.6300 1.3704
1.6900 1.5336 1.6900 1.5482
1.7200 1.5542 1.7200 1.5628
1.7800 1.4240 1.7800 1.4411
1.8000 1.3084 1.8000 1.3354
1.8500 1.4516 1.8500 1.4810
1.9400 1.5779 1.9400 1.5977
2.0200 1.5788 2.0200 1.5969
2.1100 1.5716 2.1100 1.5942
2.2100 1.5299 2.2100 1.5573
2.2700 1.5859 2.2700 1.6121
2.3500 1.6420 2.3500 1.6633
2.4500 1.6736 2.4500 1.6913
2.5500 1.7628 2.5500 1.7772
2.6500 1.7863 2.6500 1.7979
2.7100 1.8584 2.7100 1.8666
2.7400 1.8578 2.7400 1.8627
2.8400 1.9009 2.8400 1.9027
2.9300 2.0464 2.9300 2.0392
3.0100 2.1315 3.0100 2.1143
3.0000 2.2212 3.0000 2.1957
3.0300 2.3303 3.0300 2.2962
3.1200 2.3492 3.1200 2.3076
3.1300 2.4092 3.1300 2.3604
3.0600 2.5273 3.0600 2.4669
3.0900 2.6219 3.0900 2.5481
3.0400 2.7035 3.0400 2.6181
3.0000 2.6998 3.0000 2.6078
2.9700 2.6515 2.9700 2.5571
2.9100 2.7894 2.9100 2.6847
2.8500 2.8989 2.8500 2.7788
2.7800 2.9340 2.7800 2.8037
2.7200 2.7986 2.7200 2.6708
2.6400 2.7915 2.6400 2.6655
2.5700 2.9750 2.5700 2.8349
2.5400 2.9122 2.5400 2.7648
2.4900 2.6734 2.4900 2.5377
2.4500 2.7493 2.4500 2.6171
2.3800 2.6848 2.3800 2.5504
2.3000 2.5812 2.3000 2.4513
2.2000 2.5668 2.2000 2.4420
2.1300 2.4772 2.1300 2.3586
2.0600 2.4083 2.0600 2.2955
2.0000 2.3282 2.0000 2.2243
1.9600 2.2816 1.9600 2.1839
1.8400 2.1982 1.8400 2.1078
1.8000 2.1329 1.8000 2.0511
1.5900 2.1681 1.5900 2.0896
1.5400 2.1382 1.5400 2.0630
1.4900 2.1091 1.4900 2.0393
1.4200 2.0313 1.4200 1.9697
1.4600 1.9345 1.4600 1.8822
1.3500 1.8229 1.3500 1.7800
1.2300 1.7761 1.2300 1.7406
1.2000 1.7388 1.2000 1.7079
1.2400 1.6984 1.2400 1.6732
1.2900 1.7030 1.2900 1.6826
1.3800 1.5368 1.3800 1.5301
1.4900 1.5399 1.4900 1.5398
1.6100 1.2420 1.6100 1.3201
1.7300 1.2503 1.7300 1.3204
1.8300 1.3060 1.8300 1.3432
1.8800 1.2241 1.8800 1.2922
1.9400 1.3838 1.9400 1.4096
1.9900 1.2231 1.9900 1.2556
2.0400 1.0565 2.0400 1.1389
2.1800 1.0925 2.1800 1.1610
2.2500 1.2442 2.2500 1.2912
2.2400 1.3667 2.2400 1.4063
2.2500 1.5092 2.2500 1.5481
2.3000 1.6958 2.3000 1.7321
2.2600 1.8671 2.2600 1.8964
2.1800 2.0060 2.1800 2.0261
2.1100 2.0820 2.1100 2.0931
2.0600 2.0584 2.0600 2.0636
2.0000 2.0724 2.0000 2.0718
1.9500 2.0932 1.9500 2.0844
1.9200 2.1078 1.9200 2.0909
1.9000 2.3177 1.9000 2.2872
1.9300 2.3612 1.9300 2.3184
1.9600 2.2064 1.9600 2.1655
1.9400 2.1718 1.9400 2.1350
1.8900 2.2614 1.8900 2.2175
1.8500 2.1391 1.8500 2.0909
1.8700 1.9310 1.8700 1.8930
1.8900 1.8347 1.8900 1.8066
1.8900 1.8077 1.8900 1.7814
1.8800 1.7489 1.8800 1.7239
1.9000 1.6977 1.9000 1.6785
1.9200 1.7055 1.9200 1.6906
1.9100 1.7245 1.9100 1.7114
1.9100 1.8256 1.9100 1.8110
1.8400 1.9029 1.8400 1.8853
1.8000 1.8465 1.8000 1.8312
1.8000 1.7451 1.8000 1.7376
1.8100 1.6980 1.8100 1.6959
1.7900 1.7817 1.7900 1.7762
1.7800 1.8366 1.7800 1.8252
1.8000 1.8153 1.8000 1.8042
1.8000 1.7908 1.8000 1.7838
1.8100 1.8414 1.8100 1.8349
1.8100 1.8869 1.8100 1.8764
1.8400 1.8436 1.8400 1.8327
1.8600 1.8312 1.8600 1.8225
1.8800 1.6995 1.8800 1.6957
1.9400 1.6395 1.9400 1.6409
1.9900 1.6944 1.9900 1.6946
2.0300 1.7342 2.0300 1.7307
2.0600 1.6986 2.0600 1.6960
2.0700 1.6827 2.0700 1.6849
2.0900 1.7509 2.0900 1.7529
2.1000 1.7571 2.1000 1.7569
2.1000 1.7647 2.1000 1.7644
2.0500 1.7624 2.0500 1.7629
1.9700 1.8166 1.9700 1.8154
1.8700 1.8497 1.8700 1.8451
1.7900 1.8591 1.7900 1.8532
1.6900 1.9604 1.6900 1.9505
1.5700 2.0261 1.5700 2.0102
1.4400 2.0488 1.4400 2.0290
1.3000 2.0582 1.3000 2.0367
1.1700 2.0349 1.1700 2.0125
1.0600 2.0443 1.0600 2.0195
0.9500 2.0385 0.9500 2.0111
0.8700 2.0101 0.8700 1.9818
0.8000 1.8960 0.8000 1.8715
0.7500 1.7454 0.7500 1.7294
0.7100 1.6031 0.7100 1.5956
0.7100 1.5227 0.7100 1.5274
0.7500 1.4160 0.7500 1.4376
0.8100 1.2714 0.8100 1.3350
0.8500 1.1648 0.8500 1.2558
0.8900 1.0856 0.8900 1.1792
0.8700 1.0200 0.8700 1.1152
0.8200 0.9830 0.8200 1.0659
0.7600 0.9696 0.7600 1.0089
0.7200 0.9692 0.7200 0.9721
0.6800 0.9630 0.6800 0.9411
0.6500 0.9604 0.6500 0.9204
0.6400 0.9508 0.6400 0.9031
0.6200 0.9718 0.6200 0.9264
0.6200 1.0332 0.6200 0.9762
0.6400 1.1274 0.6400 1.0865
0.6600 1.1378 0.6600 1.1489
0.6800 1.1421 0.6800 1.1972
0.6500 1.0531 0.6500 1.1406
0.6600 0.9445 0.6600 1.0304
0.7200 0.8795 0.7200 0.9370
0.7200 0.9019 0.7200 0.9120
0.7400 0.9248 0.7400 0.8950
0.7800 0.9268 0.7800 0.8899
0.9100 0.9360 0.9100 0.9033
1.0600 0.9235 1.0600 0.8953
1.1600 0.9262 1.1600 0.9018
1.2500 0.9667 1.2500 0.9372
1.2700 0.9969 1.2700 0.9686
1.2600 1.0090 1.2600 0.9817
1.2200 0.9248 1.2200 0.9155
1.1800 0.9480 1.1800 0.9311
1.1300 1.0800 1.1300 1.0510
1.1000 1.0394 1.1000 1.0189
1.1100 1.0233 1.1100 1.0262
1.1300 1.0777 1.1300 1.0898
1.1400 1.2967 1.1400 1.2995
1.1500 1.4776 1.1500 1.5187
1.1500 1.5162 1.1500 1.5893
1.1300 1.5809 1.1300 1.6519
1.1400 1.5292 1.1400 1.5978
1.1300 1.4314 1.1300 1.4977
1.0000 1.3121 1.0000 1.3756
1.0000 1.2136 1.0000 1.2748
1.0100 1.1302 1.0100 1.1899
1.0400 1.0909 1.0400 1.1556
1.0700 1.1423 1.0700 1.2013
1.1100 1.1993 1.1100 1.2568
1.1400 1.2211 1.1400 1.2792
1.0700 1.2381 1.0700 1.2985
1.0200 1.2396 1.0200 1.3015
1.0800 1.2008 1.0800 1.2636
1.1100 1.2198 1.1100 1.2826
1.1800 1.2057 1.1800 1.2671
1.2300 0.9649 1.2300 1.0463
1.2700 0.9938 1.2700 1.0757
1.3000 1.1167 1.3000 1.1472
1.3200 1.1766 1.3200 1.1975
1.3400 1.1910 1.3400 1.2545
1.3900 1.2471 1.3900 1.3130
1.4400 1.3018 1.4400 1.3674
1.4300 1.1442 1.4300 1.2120
1.4200 1.0455 1.4200 1.1186
1.4300 1.1908 1.4300 1.2612
1.4400 1.2568 1.4400 1.3119
1.4600 1.3404 1.4600 1.3980
1.4800 1.4056 1.4800 1.4631
1.5100 1.4388 1.5100 1.4963
1.5500 1.4646 1.5500 1.5203
1.5400 1.4551 1.5400 1.5083
1.5300 1.4600 1.5300 1.5101
1.5200 1.5213 1.5200 1.5668
1.5400 1.5811 1.5400 1.6207
1.5600 1.5118 1.5600 1.5501
1.6600 1.4587 1.6600 1.5000
1.7500 1.4783 1.7500 1.5190
1.8200 1.4912 1.8200 1.5278
1.8500 1.5119 1.8500 1.5455
1.8400 1.5321 1.8400 1.5645
1.8500 1.5737 1.8500 1.6047
1.8600 1.6323 1.8600 1.6604
1.8500 1.5818 1.8500 1.6092
1.8800 1.5371 1.8800 1.5669
1.8900 1.5210 1.8900 1.5514
1.9100 1.5596 1.9100 1.5871
1.9600 1.5941 1.9600 1.6177
1.9600 1.7643 1.9600 1.7820
1.9200 1.9063 1.9200 1.9149
1.9400 1.9561 1.9400 1.9597
1.9900 1.9405 1.9900 1.9435
2.0200 1.8566 2.0200 1.8614
2.0600 1.8484 2.0600 1.8514
2.0600 1.8481 2.0600 1.8464
2.0700 1.7991 2.0700 1.7950
2.1100 1.8433 2.1100 1.8378
2.1300 1.8561 2.1300 1.8484
2.1000 1.8727 2.1000 1.8635
2.1100 1.9602 2.1100 1.9474
2.1200 1.9285 2.1200 1.9139
2.0900 1.8161 2.0900 1.8060
2.0600 1.8625 2.0600 1.8537
2.0400 1.9776 2.0400 1.9611
2.0200 2.0029 2.0200 1.9798
2.0100 2.0355 2.0100 2.0112
2.0000 2.0043 2.0000 1.9813
1.9800 1.9998 1.9800 1.9770
1.9700 2.0727 1.9700 2.0453
1.9500 2.0814 1.9500 2.0493
1.9300 1.9814 1.9300 1.9515
1.9100 1.9910 1.9100 1.9638
1.9000 2.0270 1.9000 1.9967
1.8900 1.9507 1.8900 1.9205
1.8800 1.8887 1.8800 1.8632
1.8500 1.8757 1.8500 1.8531
1.8100 1.8650 1.8100 1.8423
1.8200 1.8641 1.8200 1.8418
1.8100 1.8614 1.8100 1.8405
1.7900 1.8377 1.7900 1.8189
1.7700 1.8371 1.7700 1.8203
1.7600 1.8181 1.7600 1.8028
1.7600 1.7945 1.7600 1.7812
1.7500 1.7774 1.7500 1.7661
1.7500 1.7789 1.7500 1.7687
1.7700 1.7799 1.7700 1.7701
1.7800 1.7726 1.7800 1.7640
1.7600 1.7281 1.7600 1.7223
1.7400 1.6687 1.7400 1.6673
1.7400 1.7234 1.7400 1.7223
1.7400 1.7291 1.7400 1.7262
1.7200 1.6887 1.7200 1.6879
1.7200 1.6680 1.7200 1.6709
1.7100 1.6714 1.7100 1.6759
1.7100 1.6940 1.7100 1.6975
1.6900 1.6805 1.6900 1.6844
1.6900 1.6866 1.6900 1.6917
1.6800 1.7370 1.6800 1.7412
1.6700 1.7545 1.6700 1.7569
1.6600 1.7021 1.6600 1.7063
1.6300 1.6628 1.6300 1.6706
1.5700 1.6815 1.5700 1.6894
1.4900 1.6925 1.4900 1.6983
1.4000 1.6510 1.4000 1.6576
1.2300 1.6567 1.2300 1.6654
1.3900 1.6540 1.3900 1.6631
1.4800 1.6592 1.4800 1.6683
1.4300 1.6288 1.4300 1.6390
1.4000 1.6339 1.4000 1.6455
1.3400 1.6318 1.3400 1.6434
1.4300 1.6143 1.4300 1.6269
1.5400 1.6076 1.5400 1.6212
1.5000 1.5585 1.5000 1.5744
1.5600 1.4612 1.5600 1.4817
1.4600 1.3431 1.4600 1.3702
1.4900 1.2309 1.4900 1.2783
1.4700 1.0419 1.4700 1.1387
1.2900 1.3827 1.2900 1.4226
1.2400 1.6318 1.2400 1.6541
1.2900 1.4358 1.2900 1.4611
1.4200 1.3728 1.4200 1.4151
1.5100 1.3020 1.5100 1.3521
1.5600 1.5201 1.5600 1.5610
1.6000 1.7215 1.6000 1.7466
1.6000 1.5503 1.6000 1.5751
1.6100 1.6241 1.6100 1.6561
1.4500 1.4451 1.4500 1.4813
1.2500 1.4854 1.2500 1.5218
1.1100 1.4897 1.1100 1.5205
1.1800 1.1169 1.1800 1.1799
1.3200 1.0921 1.3200 1.1636
1.3400 1.2827 1.3400 1.3289
1.2500 1.5614 1.2500 1.5925
1.2000 1.6870 1.2000 1.7107
1.1500 1.6963 1.1500 1.7248
1.1300 1.7378 1.1300 1.7694
1.1100 1.6950 1.1100 1.7252
1.2400 1.6706 1.2400 1.6971
1.3500 1.3358 1.3500 1.3678
1.3700 1.0099 1.3700 1.1121
1.3300 0.9651 1.3300 1.0681
1.4200 1.1961 1.4200 1.2162
1.4800 1.5235 1.4800 1.4760
1.4900 1.4298 1.4900 1.4610
1.4300 1.2256 1.4300 1.2750
1.3700 1.1740 1.3700 1.2384
1.3500 1.1524 1.3500 1.2150
1.3300 1.1344 1.3300 1.2008
1.2500 1.1126 1.2500 1.1702
1.1700 1.3704 1.1700 1.4236
1.1500 1.5846 1.1500 1.6285
1.1200 1.5357 1.1200 1.5789
1.0800 1.4068 1.0800 1.4592
1.0300 1.5666 1.0300 1.6187
1.3600 1.1015 1.3600 1.0755
1.4400 1.0546 1.4400 1.0764
1.5000 1.1187 1.5000 1.1585
1.5200 1.1997 1.5200 1.2461
1.5400 1.1649 1.5400 1.2363
1.5700 1.2696 1.5700 1.3514
1.5900 1.3592 1.5900 1.4350
1.5900 1.3998 1.5900 1.4705
1.5800 1.4316 1.5800 1.4990
1.5300 1.4989 1.5300 1.5618
1.5000 1.4450 1.5000 1.5033
1.4500 1.4191 1.4500 1.4760
1.3900 1.5289 1.3900 1.5802
1.3600 1.6348 1.3600 1.6762
1.3300 1.6798 1.3300 1.7144
1.3100 1.6430 1.3100 1.6773
1.3000 1.6348 1.3000 1.6694
1.2600 1.6644 1.2600 1.6949
1.2200 1.6640 1.2200 1.6893
1.1600 1.6239 1.1600 1.6473
1.1400 1.5803 1.1400 1.6047
1.1400 1.4809 1.1400 1.5081
1.0800 1.4360 1.0800 1.4657
1.0900 1.3730 1.0900 1.4041
1.1200 1.2856 1.1200 1.3223
1.1700 1.2771 1.1700 1.3145
1.2300 1.2672 1.2300 1.3061
1.2800 1.2666 1.2800 1.3072
1.2900 1.2812 1.2900 1.3240
1.2600 1.2326 1.2600 1.2786
1.2500 1.1864 1.2500 1.2368
1.2300 1.1144 1.2300 1.1716
1.2000 1.1178 1.2000 1.1776
1.1400 1.1620 1.1400 1.2178
1.0800 1.0691 1.0800 1.1316
1.1600 1.1124 1.1600 1.1745
1.2100 1.2083 1.2100 1.2696
1.2100 1.2993 1.2100 1.3571
1.1900 1.3945 1.1900 1.4499
1.2000 1.4485 1.2000 1.5029
1.2200 1.4315 1.2200 1.4858
1.2300 1.3387 1.2300 1.3952
1.2200 1.3090 1.2200 1.3662
1.1700 1.2759 1.1700 1.3306
1.1400 1.2168 1.1400 1.2705
1.1900 1.1178 1.1900 1.1751
1.2200 1.0361 1.2200 1.1078
1.2200 1.2368 1.2200 1.2933
1.2100 1.3485 1.2100 1.3997
1.1900 1.3035 1.1900 1.3552
1.2000 1.2530 1.2000 1.3122
1.1900 1.2798 1.1900 1.3418
1.1900 1.3302 1.1900 1.3874
1.1800 1.3233 1.1800 1.3768
1.1500 1.2849 1.1500 1.3392
1.1200 1.1889 1.1200 1.2470
1.1200 1.1507 1.1200 1.2118
1.1400 1.2730 1.1400 1.3309
1.1400 1.3317 1.1400 1.3835
1.1400 1.3008 1.1400 1.3530
1.1400 1.2724 1.1400 1.3293
1.1700 1.2423 1.1700 1.3018
1.2200 1.2717 1.2200 1.3295
1.2400 1.2527 1.2400 1.3082
1.2200 1.2443 1.2200 1.3001
1.2500 1.2340 1.2500 1.2908
1.3200 1.1817 1.3200 1.2404
1.3800 1.1426 1.3800 1.2035
1.4700 1.1629 1.4700 1.2243
1.4400 1.2183 1.4400 1.2775
1.4600 1.2174 1.4600 1.2756
1.4800 1.2120 1.4800 1.2724
1.5200 1.2183 1.5200 1.2804
1.5600 1.2768 1.5600 1.3376
1.5900 1.3632 1.5900 1.4200
1.5900 1.3700 1.5900 1.4244
1.6000 1.3015 1.6000 1.3580
1.6300 1.3476 1.6300 1.4053
1.6800 1.4786 1.6800 1.5300
1.6600 1.5507 1.6600 1.5942
1.6700 1.6608 1.6700 1.6994
1.7400 1.5434 1.7400 1.5827
1.7200 1.5313 1.7200 1.5738
1.7300 1.5730 1.7300 1.6113
1.7900 1.6090 1.7900 1.6404
1.8700 1.6555 1.8700 1.6813
1.9500 1.6621 1.9500 1.6865
1.9800 1.6341 1.9800 1.6585
1.9300 1.6280 1.9300 1.6527
1.8900 1.6765 1.8900 1.6978
1.8700 1.7492 1.8700 1.7644
1.8500 1.6713 1.8500 1.6856
1.8700 1.6585 1.8700 1.6757
1.8900 1.8046 1.8900 1.8166
1.8800 1.7328 1.8800 1.7405
1.8900 1.7080 1.8900 1.7179
1.8800 1.8299 1.8800 1.8369
1.8800 1.9612 1.8800 1.9580
1.8800 2.0572 1.8800 2.0450
1.8400 2.0300 1.8400 2.0165
1.8200 1.8691 1.8200 1.8617
1.7700 1.7775 1.7700 1.7758
1.9500 1.7658 1.9500 1.7626
2.2500 1.7389 2.2500 1.7325
2.4400 1.7862 2.4400 1.7777
2.5300 1.8322 2.5300 1.8223
2.4400 1.8033 2.4400 1.7946
2.3500 1.8221 2.3500 1.8155
2.4200 1.8092 2.4200 1.8031
2.5800 1.8060 2.5800 1.7995
2.5400 1.8104 2.5400 1.8034
2.4500 1.7271 2.4500 1.7227
2.5300 1.7012 2.5300 1.7002
2.5900 1.6339 2.5900 1.6360
2.6500 2.0184 2.6500 2.0091
2.7300 2.6186 2.7300 2.5755
2.8200 2.7868 2.8200 2.7183
2.7800 2.7079 2.7800 2.6396
2.6700 2.3597 2.6700 2.3093
2.7100 2.1317 2.7100 2.0924
2.7100 2.3270 2.7100 2.2726
2.6900 2.6390 2.6900 2.5547
2.5300 2.4140 2.5300 2.3257
2.3900 2.1199 2.3900 2.0565
2.4700 2.3676 2.4700 2.3044
2.4300 2.5320 2.4300 2.4481
2.3500 2.5561 2.3500 2.4614
2.4600 2.6432 2.4600 2.5465
2.4800 2.7639 2.4800 2.6594
2.4800 2.5973 2.4800 2.4933
2.4700 2.3004 2.4700 2.2139
2.4600 2.4442 2.4600 2.3570
2.4500 2.4949 2.4500 2.3958
2.4300 2.4014 2.4300 2.3025
2.4100 2.0765 2.4100 1.9987
2.3600 1.8658 2.3600 1.8109
2.3200 2.2137 2.3200 2.1481
2.2700 2.1926 2.2700 2.1162
2.1600 1.9858 2.1600 1.9224
2.1200 2.2905 2.1200 2.2284
2.0800 2.3745 2.0800 2.3013
2.0400 2.3032 2.0400 2.2293
1.9900 2.2690 1.9900 2.2028
1.9300 2.2526 1.9300 2.1886
1.8700 2.2526 1.8700 2.1852
1.8400 2.2034 1.8400 2.1379
1.8100 2.1733 1.8100 2.1104
1.7700 2.0930 1.7700 2.0348
1.7600 2.0440 1.7600 1.9908
1.7600 1.9943 1.7600 1.9453
1.7700 1.8181 1.7700 1.7786
1.7600 1.8132 1.7600 1.7807
1.7500 1.8281 1.7500 1.7967
1.7500 1.7953 1.7500 1.7661
1.7400 1.7503 1.7400 1.7273
1.7400 1.6851 1.7400 1.6701
1.7400 1.6386 1.7400 1.6291
1.7400 1.6456 1.7400 1.6391
1.7400 1.6443 1.7400 1.6392
1.7600 1.6045 1.7600 1.6032
1.8000 1.6292 1.8000 1.6312
1.8400 1.6708 1.8400 1.6732
1.7700 1.7087 1.7700 1.7102
1.7400 1.6954 1.7400 1.6983
1.7300 1.6787 1.7300 1.6844
1.7700 1.6953 1.7700 1.7017
1.8100 1.6827 1.8100 1.6889
1.8400 1.6857 1.8400 1.6920
1.8300 1.6916 1.8300 1.6981
1.8400 1.6931 1.8400 1.6995
1.8300 1.6958 1.8300 1.7024
1.7500 1.7350 1.7500 1.7407
1.6900 1.8100 1.6900 1.8119
1.5600 1.8648 1.5600 1.8627
1.5000 1.6911 1.5000 1.6937
1.6300 1.6246 1.6300 1.6352
1.7400 1.6567 1.7400 1.6664
1.7900 1.7465 1.7900 1.7493
1.7900 1.8189 1.7900 1.8157
1.7900 1.8373 1.7900 1.8341
1.7900 1.7979 1.7900 1.7974
1.7900 1.8036 1.7900 1.8048
1.7900 1.7866 1.7900 1.7863
1.7900 1.6156 1.7900 1.6197
1.8000 1.5210 1.8000 1.5324
1.8000 1.3323 1.8000 1.3616
1.8400 1.2878 1.8400 1.3352
1.8800 1.9322 1.8800 1.9239
1.8700 1.9024 1.8700 1.8906
1.8500 1.8416 1.8500 1.8343
1.8300 1.7971 1.8300 1.7941
1.8200 1.8699 1.8200 1.8631
1.8200 1.9039 1.8200 1.8911
1.8100 1.9070 1.8100 1.8925
1.8000 1.9092 1.8000 1.8951
1.7700 1.8929 1.7700 1.8797
1.7100 1.8484 1.7100 1.8363
1.6900 1.8276 1.6900 1.8167
1.6500 1.7999 1.6500 1.7894
1.6200 1.7485 1.6200 1.7401
1.5600 1.7504 1.5600 1.7435
1.5500 1.7344 1.5500 1.7284
1.5500 1.7112 1.5500 1.7071
1.5200 1.7148 1.5200 1.7123
1.5000 1.7348 1.5000 1.7326
1.4800 1.7280 1.4800 1.7261
1.4400 1.7145 1.4400 1.7145
1.4300 1.6698 1.4300 1.6726
1.4000 1.5708 1.4000 1.5786
1.3900 1.5695 1.3900 1.5804
1.3600 1.5359 1.3600 1.5476
1.3500 1.5034 1.3500 1.5175
1.3300 1.4284 1.3300 1.4473
1.3000 1.4495 1.3000 1.4720
1.2700 1.5029 1.2700 1.5241
1.2500 1.4567 1.2500 1.4793
1.2300 1.4387 1.2300 1.4656
1.2100 1.4310 1.2100 1.4609
1.2000 1.3816 1.2000 1.4135
1.1700 1.3882 1.1700 1.4218
1.1600 1.3598 1.1600 1.3948
1.1300 1.3601 1.1300 1.3967
1.1000 1.3314 1.1000 1.3699
1.0800 1.3295 1.0800 1.3703
1.0800 1.3218 1.0800 1.3637
1.0800 1.2785 1.0800 1.3227
1.0800 1.2489 1.0800 1.2959
1.0600 1.2381 1.0600 1.2870
1.0600 1.2292 1.0600 1.2789
1.0500 1.2122 1.0500 1.2634
1.0400 1.2158 1.0400 1.2687
1.0400 1.1813 1.0400 1.2361
1.0500 1.1818 1.0500 1.2387
1.0700 1.1512 1.0700 1.2096
1.0200 1.1121 1.0200 1.1728
0.9700 1.1044 0.9700 1.1670
0.9300 1.1272 0.9300 1.1901
0.9900 1.1463 0.9900 1.2089
1.0500 1.1516 1.0500 1.2151
1.1000 1.1234 1.1000 1.1891
1.1600 1.1328 1.1600 1.2003
1.2200 1.1289 1.2200 1.1963
1.2500 1.1123 1.2500 1.1800
1.2700 1.1216 1.2700 1.1897
1.2600 1.1452 1.2600 1.2131
1.2200 1.1844 1.2200 1.2513
1.2600 1.0863 1.2600 1.1546
1.2800 0.9970 1.2800 1.0719
1.2900 0.9659 1.2900 1.0397
1.2400 1.1559 1.2400 1.1708
1.2400 1.2656 1.2400 1.2860
1.2200 1.2715 1.2200 1.3357
1.1900 1.3558 1.1900 1.4215
1.1500 1.4328 1.1500 1.4970
1.1100 1.4442 1.1100 1.5049
1.0100 1.4251 1.0100 1.4836
0.9500 1.3684 0.9500 1.4258
0.9900 1.2692 0.9900 1.3268
1.0400 1.3425 1.0400 1.3978
1.0700 1.3808 1.0700 1.4300
1.1000 1.3667 1.1000 1.4142
1.1300 1.2621 1.1300 1.3138
1.1800 1.2653 1.1800 1.3209
1.2300 1.2612 1.2300 1.3149
1.2800 1.2003 1.2800 1.2538
1.3300 1.1455 1.3300 1.2018
1.3100 1.0954 1.3100 1.1551
1.2200 0.9590 1.2200 1.0525
1.2800 0.9264 1.2800 1.0206
1.3600 1.0971 1.3600 1.1001
1.4400 1.2214 1.4400 1.2180
1.4100 1.2060 1.4100 1.2603
1.1500 1.2373 1.1500 1.3038
1.0600 1.2865 1.0600 1.3548
1.1700 1.3620 1.1700 1.4272
1.2900 1.4175 1.2900 1.4776
1.0900 1.4604 1.0900 1.5163
1.1200 1.5072 1.1200 1.5596
1.3300 1.4204 1.3300 1.4721
1.4400 1.2187 1.4400 1.2757
1.4600 1.3458 1.4600 1.4026
1.5500 1.5203 1.5500 1.5643
1.6300 1.6093 1.6300 1.6437
1.6300 1.4896 1.6300 1.5275
1.6200 0.9736 1.6200 1.0515
1.4600 0.9214 1.4600 1.0309
1.4000 1.2919 1.4000 1.2875
1.4000 1.5349 1.4000 1.4993
1.3900 1.0230 1.3900 1.0863
1.4400 1.0685 1.4400 1.1377
1.4700 1.6072 1.4700 1.6662
1.5600 1.7508 1.5600 1.7851
1.6300 1.6397 1.6300 1.6737
1.5600 1.7254 1.5600 1.7677
1.5100 1.8650 1.5100 1.8984
1.3300 1.7689 1.3300 1.7933
1.2400 1.6605 1.2400 1.6858
1.2900 1.3328 1.2900 1.3674
1.5000 1.2505 1.5000 1.3062
1.6100 1.3439 1.6100 1.3792
1.9400 1.3431 1.9400 1.3726
2.2400 1.4546 2.2400 1.4836
2.2000 1.5170 2.2000 1.5474
1.5700 1.6809 1.5700 1.7087
1.0900 1.7895 1.0900 1.8114
1.6100 1.5778 1.6100 1.6036
1.5500 1.4563 1.5500 1.4915
1.2700 1.1568 1.2700 1.2112
1.5900 1.0676 1.5900 1.1616
1.4500 1.2507 1.4500 1.2938
1.0900 1.6943 1.0900 1.7081
1.0000 1.8455 1.0000 1.8577
1.8200 2.3622 1.8200 2.3640
2.1500 2.8508 2.1500 2.8240
1.8600 2.4459 1.8600 2.4165
1.5500 1.0631 1.5500 1.1273
1.5400 0.6736 1.5400 0.8055
1.9600 1.9343 1.9600 1.7665
2.4100 1.8188 2.4100 1.6490
2.7300 0.9950 2.7300 1.0754
2.8600 1.6266 2.8600 1.6731
2.7700 1.5127 2.7700 1.5434
2.7400 0.8908 2.7400 0.9913
2.7600 0.8386 2.7600 0.9499
2.7900 2.7535 2.7900 2.5678
2.8100 3.0852 2.8100 3.0298
2.8100 1.8441 2.8100 1.8278
2.7900 1.1742 2.7900 1.2400
2.7700 1.4162 2.7700 1.4837
2.7500 2.4442 2.7500 2.4102
2.7300 3.1062 2.7300 3.0265
2.6300 3.2970 2.6300 3.1930
2.6000 3.1923 2.6000 3.0960
2.5500 2.7614 2.5500 2.6870
2.5000 2.6112 2.5000 2.5378
2.4500 2.6415 2.4500 2.5481
2.4000 2.6243 2.4000 2.5149
2.3400 2.5899 2.3400 2.4779
2.3000 2.5434 2.3000 2.4370
2.2500 2.5017 2.2500 2.3986
2.2200 2.4710 2.2200 2.3701
2.1900 2.4470 2.1900 2.3471
2.1300 2.4214 2.1300 2.3227
2.1100 2.2334 2.1100 2.1445
2.0800 2.2220 2.0800 2.1408
2.0300 2.2097 2.0300 2.1300
1.9600 2.1444 1.9600 2.0688
1.9000 2.1058 1.9000 2.0362
1.8500 2.0615 1.8500 1.9987
1.7800 2.0102 1.7800 1.9524
1.7100 1.9918 1.7100 1.9391
1.6500 1.9571 1.6500 1.9085
1.5900 1.9507 1.5900 1.9059
1.5200 1.9472 1.5200 1.9053
1.4100 1.8669 1.4100 1.8308
1.2500 1.8795 1.2500 1.8477
1.0600 1.8763 1.0600 1.8461
0.9200 1.8074 0.9200 1.7814
0.8500 1.7137 0.8500 1.6955
0.8300 1.6560 0.8300 1.6448
0.8100 1.6327 0.8100 1.6248
0.7800 1.5549 0.7800 1.5516
0.7300 1.4804 0.7300 1.4864
0.7000 1.4414 0.7000 1.4517
0.7000 1.4009 0.7000 1.4186
0.7200 1.3350 0.7200 1.3639
0.7400 1.1954 0.7400 1.2554
0.7700 1.0467 0.7700 1.1430
0.7900 0.9258 0.7900 1.0256
0.7800 0.9125 0.7800 0.9706
0.7600 1.0124 0.7600 0.9724
0.7800 1.0665 0.7800 0.9865
0.7900 1.0279 0.7900 0.9717
0.8100 0.9576 0.8100 0.9418
0.8300 0.9008 0.8300 0.9059
0.8300 0.9065 0.8300 0.8971
0.8200 0.9503 0.8200 0.9155
0.8000 1.0047 0.8000 0.9555
0.7900 1.0283 0.7900 0.9900
0.7900 1.0543 0.7900 1.0420
0.8100 1.0622 0.8100 1.0746
0.8500 1.0125 0.8500 1.0442
0.8700 0.9663 0.8700 0.9998
0.9100 1.0240 0.9100 1.0341
0.9300 1.0493 0.9300 1.0482
0.8900 1.0615 0.8900 1.0657
0.8600 1.0717 0.8600 1.0919
0.8700 1.0443 0.8700 1.0797
0.8800 1.0137 0.8800 1.0555
0.9000 0.9804 0.9000 1.0161
0.9000 0.9841 0.9000 1.0015
0.9000 1.0057 0.9000 1.0071
0.9000 1.0485 0.9000 1.0431
0.9000 1.1100 0.9000 1.1120
0.9300 1.1059 0.9300 1.1343
0.9600 1.1377 0.9600 1.1872
0.9800 1.1359 0.9800 1.2057
0.9800 1.0234 0.9800 1.1070
0.9800 0.9689 0.9800 1.0460
0.9600 1.0387 0.9600 1.0748
0.9700 1.0814 0.9700 1.0944
1.0000 1.0973 1.0000 1.1180
1.0400 1.0659 1.0400 1.1116
1.0600 1.0534 1.0600 1.1106
1.0800 1.0594 1.0800 1.1154
1.1100 1.0607 1.1100 1.1103
1.1500 1.1183 1.1500 1.1602
1.2000 1.1540 1.2000 1.2030
1.2400 1.1478 1.2400 1.2176
1.2900 1.1231 1.2900 1.1999
1.3300 1.1098 1.3300 1.1875
1.3500 1.0702 1.3500 1.1476
1.3600 1.0909 1.3600 1.1595
1.3800 1.1567 1.3800 1.2135
1.4000 1.2040 1.4000 1.2687
1.4400 1.2141 1.4400 1.2836
1.5000 1.2254 1.5000 1.2957
1.5300 1.2667 1.5300 1.3361
1.5500 1.3174 1.5500 1.3832
1.6000 1.3776 1.6000 1.4392
1.4700 1.4106 1.4700 1.4689
1.5200 1.4612 1.5200 1.5167
1.5700 1.4957 1.5700 1.5478
1.6100 1.4854 1.6100 1.5349
1.6800 1.4654 1.6800 1.5135
1.7400 1.4753 1.7400 1.5212
1.7500 1.4911 1.7500 1.5334
1.7500 1.5391 1.7500 1.5776
1.7400 1.6246 1.7400 1.6582
1.7300 1.6386 1.7300 1.6687
1.7200 1.6299 1.7200 1.6596
1.7300 1.6969 1.7300 1.7239
1.7200 1.4153 1.7200 1.4463
1.6700 1.4994 1.6700 1.5342
1.6400 1.6533 1.6400 1.6778
1.6300 1.6717 1.6300 1.6884
1.6400 1.7761 1.6400 1.7902
1.7300 1.8408 1.7300 1.8533
1.8700 1.8179 1.8700 1.8282
1.8300 1.7653 1.8300 1.7769
1.8700 1.7257 1.8700 1.7374
1.8900 1.6954 1.8900 1.7053
1.9100 1.6710 1.9100 1.6798
1.9200 1.6888 1.9200 1.6965
1.9200 1.6720 1.9200 1.6794
1.9500 1.5719 1.9500 1.5835
1.9800 1.5364 1.9800 1.5527
2.0000 1.5573 2.0000 1.5737
1.9300 1.5989 1.9300 1.6127
1.9900 1.7804 1.9900 1.7882
2.0600 2.0325 2.0600 2.0286
2.0500 1.8660 2.0500 1.8621
2.0400 1.8697 2.0400 1.8732
2.0300 1.9251 2.0300 1.9252
2.0300 1.9138 2.0300 1.9069
2.0300 1.9021 2.0300 1.8917
2.0300 1.8599 2.0300 1.8512
2.0400 1.9179 2.0400 1.9063
2.0200 1.9608 2.0200 1.9448
1.8700 1.9666 1.8700 1.9481
1.7700 1.7992 1.7700 1.7866
1.8400 1.9218 1.8400 1.9097
1.8700 2.0917 1.8700 2.0673
1.9600 1.9975 1.9600 1.9697
2.0900 1.9352 2.0900 1.9138
2.1500 1.9216 2.1500 1.9040
2.1700 1.9356 2.1700 1.9146
2.1800 1.9316 2.1800 1.9083
2.1500 1.9204 2.1500 1.8976
2.1200 1.9432 2.1200 1.9200
2.0900 1.9021 2.0900 1.8801
2.0700 1.6069 2.0700 1.5974
2.1200 1.4676 2.1200 1.4835
2.1700 1.7316 2.1700 1.7299
2.1800 1.8328 2.1800 1.8174
2.1700 1.9634 2.1700 1.9434
2.1300 2.1972 2.1300 2.1718
2.0900 2.2393 2.0900 2.2080
2.0400 2.1868 2.0400 2.1558
2.0000 2.1450 2.0000 2.1157
1.9300 2.0527 1.9300 2.0228
1.8400 1.9729 1.8400 1.9433
1.8200 1.9193 1.8200 1.8911
1.8200 1.8967 1.8200 1.8691
1.8100 2.0221 1.8100 1.9899
1.7800 2.1221 1.7800 2.0831
1.7000 2.0978 1.7000 2.0582
1.6600 2.0487 1.6600 2.0139
1.6200 1.9681 1.6200 1.9384
1.5600 1.9059 1.5600 1.8789
1.4900 1.8357 1.4900 1.8112
1.4400 1.7891 1.4400 1.7677
1.4500 1.6966 1.4500 1.6803
1.4500 1.5704 1.4500 1.5629
1.4500 1.6133 1.4500 1.6098
1.4300 1.6870 1.4300 1.6810
1.4100 1.6919 1.4100 1.6856
1.4000 1.6511 1.4000 1.6502
1.5100 1.5254 1.5100 1.5336
1.5400 1.5036 1.5400 1.5174
1.5200 1.4913 1.5200 1.5058
1.5100 1.4116 1.5100 1.4288
1.4900 1.3265 1.4900 1.3555
1.4900 1.2944 1.4900 1.3269
1.4500 1.3842 1.4500 1.4136
1.3700 1.4235 1.3700 1.4510
1.3600 1.4308 1.3600 1.4604
1.3900 1.4099 1.3900 1.4438
1.4400 1.3887 1.4400 1.4262
1.4000 1.3949 1.4000 1.4330
1.4500 1.6168 1.4500 1.6486
