2.2000 1.9175 2.2000 2.1091
2.2100 1.9706 2.2100 2.1699
2.2200 1.9829 2.2200 2.1853
2.2600 2.0037 2.2600 2.2099
2.2900 2.0297 2.2900 2.2400
2.3200 2.0158 2.3200 2.2349
2.3400 2.0047 2.3400 2.2396
2.3500 2.0552 2.3500 2.2833
2.3700 2.1212 2.3700 2.3431
2.3900 2.1585 2.3900 2.3860
2.4100 2.1664 2.4100 2.3970
2.4400 2.1168 2.4400 2.3506
2.4900 2.0576 2.4900 2.2963
2.5300 2.0744 2.5300 2.3050
2.5500 2.0886 2.5500 2.3155
2.6000 2.1753 2.6000 2.4323
2.6200 2.1978 2.6200 2.4363
2.6900 2.2183 2.6900 2.4569
2.8000 2.2270 2.8000 2.4677
2.8400 2.2150 2.8400 2.4694
2.8700 2.2373 2.8700 2.4988
2.9000 2.2524 2.9000 2.5163
2.9100 2.2702 2.9100 2.5347
2.8600 2.3044 2.8600 2.5609
2.8100 2.3569 2.8100 2.6153
2.7900 2.3850 2.7900 2.6479
2.8300 2.3816 2.8300 2.6454
2.8200 2.4287 2.8200 2.6991
2.8100 2.4330 2.8100 2.7046
2.8300 2.5212 2.8300 2.8034
2.8700 2.6275 2.8700 2.9237
2.9100 2.6171 2.9100 2.9146
2.8800 2.6135 2.8800 2.9126
2.8400 2.6143 2.8400 2.9150
2.8300 2.6373 2.8300 2.9397
2.8600 2.5124 2.8600 2.8397
2.9200 2.3809 2.9200 2.6749
2.9000 2.3737 2.9000 2.6583
2.8600 2.5470 2.8600 2.8622
2.8600 2.5207 2.8600 2.8387
2.8900 2.4932 2.8900 2.8099
2.9500 2.5326 2.9500 2.8343
3.0600 2.6136 3.0600 2.9111
3.1200 2.6636 3.1200 2.9660
3.1400 2.5596 3.1400 2.8653
3.1300 2.4680 3.1300 2.7901
3.0900 2.4708 3.0900 2.7773
3.0500 2.5684 3.0500 2.8962
3.0500 2.6894 3.0500 2.9935
3.0600 2.5939 3.0600 2.8940
3.0900 2.4919 3.0900 2.8168
3.1000 2.5087 3.1000 2.8348
3.1000 2.5960 3.1000 2.9297
3.0900 2.7165 3.0900 3.0244
3.0800 2.8059 3.0800 3.1270
3.0500 2.8108 3.0500 3.1360
3.0400 2.7894 3.0400 3.1147
2.9900 2.7472 2.9900 3.0687
2.8800 2.6660 2.8800 3.0256
2.9400 2.5828 2.9400 2.9141
2.9600 2.6374 2.9600 2.9675
3.8000 3.1624 3.8000 3.5394
3.7700 3.1478 3.7700 3.5235
3.7400 3.1487 3.7400 3.5310
3.6900 3.1070 3.6900 3.5143
3.6600 3.2055 3.6600 3.5851
3.6500 3.2804 3.6500 3.6691
3.6500 3.3285 3.6500 3.7241
3.6300 3.2787 3.6300 3.6711
3.5800 3.2756 3.5800 3.6693
3.5500 3.3114 3.5500 3.7086
3.5300 3.2547 3.5300 3.6643
3.3600 3.1950 3.3600 3.6205
3.3300 3.1663 3.3300 3.5956
3.4100 3.1376 3.4100 3.5661
3.4500 3.1137 3.4500 3.5369
3.4600 3.0345 3.4600 3.4437
3.4500 3.0277 3.4500 3.4339
3.4300 3.0592 3.4300 3.4713
3.4000 3.0953 3.4000 3.5025
3.3800 3.0670 3.3800 3.4671
3.3500 2.9712 3.3500 3.3742
3.3200 2.9524 3.3200 3.3519
3.2900 2.9581 3.2900 3.3557
3.2300 2.4944 3.2300 2.8069
3.2000 2.6193 3.2000 2.9435
3.1500 2.9637 3.1500 3.3506
3.1000 3.0716 3.1000 3.4292
3.0500 3.0170 3.0500 3.3700
3.0200 2.9178 3.0200 3.2643
2.9700 2.9213 2.9700 3.2906
2.9200 2.8879 2.9200 3.2781
2.8800 2.8700 2.8800 3.2543
2.8100 2.8316 2.8100 3.2002
2.7500 2.8017 2.7500 3.1607
2.7400 2.7734 2.7400 3.1269
2.7000 2.6508 2.7000 2.9841
2.6600 2.6579 2.6600 2.9893
2.6100 2.5860 2.6100 2.9041
2.5800 2.5338 2.5800 2.8409
2.5700 2.4898 2.5700 2.7885
2.5500 2.5043 2.5500 2.8038
2.5400 2.4457 2.5400 2.7347
2.5300 2.3969 2.5300 2.6778
2.5100 2.3797 2.5100 2.6573
2.4900 2.2613 2.4900 2.5188
2.4900 2.2069 2.4900 2.4525
2.4900 2.3038 2.4900 2.5621
2.5000 2.2660 2.5000 2.5179
2.5300 2.2421 2.5300 2.4911
2.5200 2.1756 2.5200 2.4168
2.5600 2.1721 2.5600 2.4114
2.6100 2.2270 2.6100 2.4721
2.6700 2.2268 2.6700 2.4726
2.6900 2.2535 2.6900 2.5057
2.7500 2.2588 2.7500 2.5147
2.8200 2.2261 2.8200 2.4779
2.8300 2.2021 2.8300 2.4498
2.8500 2.2377 2.8500 2.4903
2.8800 2.2595 2.8800 2.5152
2.8900 2.2924 2.8900 2.5702
2.9400 2.3477 2.9400 2.6233
3.0500 2.3038 3.0500 2.5896
3.0800 2.3854 3.0800 2.6553
3.0800 2.4382 3.0800 2.7088
3.0800 2.5021 3.0800 2.7810
3.0800 2.4843 3.0800 2.7631
3.0800 2.5338 3.0800 2.8200
3.0700 2.6093 3.0700 2.9052
3.0600 2.5885 3.0600 2.8830
3.0700 2.5906 3.0700 2.8861
3.0500 2.6071 3.0500 2.9052
3.0000 2.6194 3.0000 2.9269
2.9500 2.6871 2.9500 2.9937
2.9300 2.7979 2.9300 3.1188
2.9100 2.7818 2.9100 3.1029
2.8800 2.7366 2.8800 3.0543
2.8600 2.7092 2.8600 3.0249
2.8400 2.7128 2.8400 3.0572
2.8200 2.7229 2.8200 3.0815
2.8000 2.6878 2.8000 3.0402
2.7200 2.6682 2.7200 3.0180
2.6200 2.7003 2.6200 3.0443
2.5700 2.6565 2.5700 3.0038
2.5600 2.5510 2.5600 2.8696
2.5700 2.4542 2.5700 2.7552
2.5200 2.4697 2.5200 2.7678
2.4800 2.4818 2.4800 2.7769
2.4700 2.4605 2.4700 2.7517
2.4700 2.4663 2.4700 2.7606
2.4100 2.4554 2.4100 2.7491
2.3500 2.4446 2.3500 2.7359
2.3100 2.4329 2.3100 2.7223
2.3100 2.2338 2.3100 2.4920
2.3200 2.0339 2.3200 2.2599
2.3000 2.0304 2.3000 2.2447
2.2600 2.1335 2.2600 2.3560
2.2200 2.2708 2.2200 2.5133
2.1900 2.1771 2.1900 2.4126
2.1700 2.1250 2.1700 2.3585
2.1300 2.1564 2.1300 2.3949
2.1100 2.2012 2.1100 2.4433
2.0800 2.0640 2.0800 2.2841
2.0600 1.9607 2.0600 2.1652
2.0300 1.9283 2.0300 2.1246
1.9900 2.0146 1.9900 2.2183
1.9200 2.1104 1.9200 2.3278
1.9600 2.0829 1.9600 2.3014
1.9900 1.9971 1.9900 2.2073
1.9900 1.9223 1.9900 2.1208
1.9100 1.8919 1.9100 2.0807
1.8400 1.9002 1.8400 2.0854
1.8900 1.8455 1.8900 2.0208
1.8800 1.8589 1.8800 2.0362
1.8500 1.8276 1.8500 2.0003
1.8200 1.8289 1.8200 2.0008
1.8000 1.7971 1.8000 1.9639
1.6900 1.7367 1.6900 1.8936
1.6700 1.6052 1.6700 1.7418
1.6400 1.8116 1.6400 1.9742
1.6100 1.9216 1.6100 2.1021
1.5600 1.9246 1.5600 2.1107
1.5400 1.7001 1.5400 1.8592
1.5200 1.5452 1.5200 1.6795
1.4800 1.7631 1.4800 1.9207
1.4300 1.7496 1.4300 1.8998
1.4000 1.7096 1.4000 1.8556
1.3700 1.6641 1.3700 1.8098
1.2700 1.6327 1.2700 1.7734
1.2200 1.3740 1.2200 1.4908
1.2000 1.4309 1.2000 1.5419
1.1700 1.4251 1.1700 1.5164
1.1500 1.4210 1.1500 1.5133
1.1600 1.3718 1.1600 1.4628
1.1800 1.3867 1.1800 1.4725
1.2000 1.3950 1.2000 1.4817
1.2400 1.3397 1.2400 1.4190
1.3000 1.2711 1.3000 1.3484
1.3300 1.2583 1.3300 1.3284
1.3600 1.2420 1.3600 1.3080
1.4500 1.0464 1.4500 1.1063
1.5300 1.0290 1.5300 1.1362
1.6000 1.1057 1.6000 1.2019
1.7500 1.0626 1.7500 1.1230
1.8900 1.0948 1.8900 1.1354
2.0200 1.1742 2.0200 1.2161
2.1200 1.2535 2.1200 1.3114
2.1800 1.3126 2.1800 1.3834
2.1900 1.4051 2.1900 1.4949
2.1500 1.5024 2.1500 1.6368
2.1000 1.5175 2.1000 1.6582
2.0000 1.5334 2.0000 1.6803
1.8800 1.6360 1.8800 1.7833
1.8400 1.7075 1.8400 1.8646
1.8000 1.7557 1.8000 1.9207
1.7400 1.8879 1.7400 2.0715
1.6800 1.9991 1.6800 2.1997
1.6300 2.1025 1.6300 2.3193
1.5800 2.1354 1.5800 2.3611
1.5400 2.1472 1.5400 2.3776
1.5300 2.1371 1.5300 2.3669
1.5300 2.0387 1.5300 2.2914
1.5100 1.8695 1.5100 2.0748
1.4900 1.6077 1.4900 1.7693
1.4600 1.3852 1.4600 1.5255
1.4300 1.4356 1.4300 1.5786
1.4000 1.4587 1.4000 1.5657
1.4000 1.4250 1.4000 1.5310
1.4100 1.3876 1.4100 1.4869
1.4000 1.3563 1.4000 1.4462
1.4000 1.3242 1.4000 1.4141
1.4100 1.3187 1.4100 1.4038
1.4100 1.3833 1.4100 1.4626
1.4000 1.4468 1.4000 1.5379
1.3700 1.4349 1.3700 1.5281
1.3500 1.4191 1.3500 1.5136
1.3200 1.3687 1.3200 1.4569
1.2800 1.3266 1.2800 1.4062
1.2600 1.2935 1.2600 1.3670
1.2400 1.3428 1.2400 1.4195
1.2300 1.4036 1.2300 1.4898
1.2300 1.3940 1.2300 1.4815
1.2200 1.4123 1.2200 1.5059
1.2100 1.4424 1.2100 1.5427
1.2300 1.4372 1.2300 1.5372
1.2500 1.4108 1.2500 1.5070
1.2800 1.3345 1.2800 1.4192
1.3000 1.3025 1.3000 1.3798
1.3000 1.2503 1.3000 1.3162
1.3000 1.1852 1.3000 1.2462
1.3100 1.1880 1.3100 1.2446
1.3100 1.1814 1.3100 1.2311
1.3100 1.2023 1.3100 1.2525
1.3100 1.2400 1.3100 1.2971
1.3200 1.2353 1.3200 1.2941
1.3200 1.2308 1.3200 1.2907
1.3200 1.2987 1.3200 1.3696
1.3200 1.3466 1.3200 1.4261
1.3200 1.4134 1.3200 1.5053
1.3200 1.4377 1.3200 1.5375
1.3300 1.4015 1.3300 1.4992
1.3400 1.3777 1.3400 1.4722
1.3500 1.3834 1.3500 1.4769
1.3600 1.3662 1.3600 1.4549
1.3800 1.3595 1.3800 1.4460
1.4000 1.3547 1.4000 1.4403
1.4200 1.3771 1.4200 1.4657
1.4400 1.3701 1.4400 1.4578
1.4600 1.3658 1.4600 1.4531
1.4800 1.3627 1.4800 1.4498
1.5000 1.3587 1.5000 1.4449
1.5100 1.3584 1.5100 1.4440
1.5100 1.3839 1.5100 1.4731
1.5200 1.4036 1.5200 1.4965
1.5400 1.4199 1.5400 1.5163
1.5600 1.4330 1.5600 1.5328
1.5800 1.4687 1.5800 1.5750
1.5900 1.4974 1.5900 1.6092
1.6100 1.5218 1.6100 1.6388
1.6300 1.5430 1.6300 1.6649
1.6500 1.5601 1.6500 1.6861
1.6600 1.5770 1.6600 1.7063
1.6700 1.5930 1.6700 1.7254
1.6800 1.5820 1.6800 1.7134
1.6900 1.5510 1.6900 1.6776
1.7000 1.5578 1.7000 1.6843
1.7100 1.5915 1.7100 1.7219
1.7200 1.6219 1.7200 1.7568
1.7300 1.6495 1.7300 1.7902
1.7400 1.6434 1.7400 1.7855
1.7400 1.6684 1.7400 1.8154
1.7500 1.6888 1.7500 1.8393
1.7600 1.7082 1.7600 1.8620
1.7700 1.7006 1.7700 1.8543
1.7900 1.6967 1.7900 1.8503
1.8100 1.6970 1.8100 1.8504
1.8100 1.7001 1.8100 1.8531
1.8300 1.7072 1.8300 1.8608
1.8400 1.7145 1.8400 1.8694
1.8500 1.7225 1.8500 1.8789
1.8600 1.7304 1.8600 1.8884
1.8700 1.7384 1.8700 1.8979
1.8800 1.7186 1.8800 1.8753
1.8800 1.7342 1.8800 1.8931
1.8900 1.7460 1.8900 1.9065
1.9100 1.7575 1.9100 1.9198
1.9200 1.7974 1.9200 1.9666
1.9300 1.8214 1.9300 2.0010
1.9400 1.7947 1.9400 1.9666
1.9400 1.8298 1.9400 2.0091
1.9500 1.8274 1.9500 2.0053
1.9500 1.8309 1.9500 2.0089
1.9600 1.8385 1.9600 2.0179
1.9600 1.8420 1.9600 2.0223
1.9700 1.8504 1.9700 2.0319
1.9700 1.8295 1.9700 2.0079
1.9800 1.8455 1.9800 2.0260
1.9900 1.8857 1.9900 2.0723
2.6700 1.9650 2.6700 2.1733
2.7200 2.0832 2.7200 2.3030
2.7500 2.1836 2.7500 2.4303
2.8000 2.1864 2.8000 2.4247
2.8200 2.1751 2.8200 2.4146
2.8300 2.1641 2.8300 2.4136
2.8500 2.1101 2.8500 2.3492
2.8500 2.1099 2.8500 2.3443
2.8900 2.1794 2.8900 2.4400
2.9200 2.2256 2.9200 2.4875
2.8800 2.3453 2.8800 2.5993
2.8300 2.5043 2.8300 2.7800
2.8700 2.5272 2.8700 2.8098
2.8400 2.5207 2.8400 2.8064
2.7500 2.5047 2.7500 2.7911
2.7200 2.5845 2.7200 2.8793
2.7200 2.6070 2.7200 2.9032
2.7200 2.5840 2.7200 2.8778
2.6800 2.5897 2.6800 2.8845
2.6700 2.5605 2.6700 2.8726
2.6300 2.6393 2.6300 2.9394
2.5600 2.6507 2.5600 2.9529
2.5300 2.5407 2.5300 2.8667
2.5100 2.4304 2.5100 2.7333
2.4400 2.5575 2.4400 2.8871
2.3800 2.4884 2.3800 2.7898
2.3300 2.2608 2.3300 2.5242
2.3200 2.2715 2.3200 2.5359
2.3200 2.3379 2.3200 2.6077
2.3300 2.4046 2.3300 2.6794
2.3500 2.3312 2.3500 2.5988
2.3600 2.3487 2.3600 2.6262
2.3500 2.2589 2.3500 2.5201
2.3200 2.1076 2.3200 2.3410
2.1900 2.1210 2.1900 2.3519
2.2400 2.1404 2.2400 2.3709
2.2500 2.0095 2.2500 2.2169
2.2300 1.9451 2.2300 2.1417
2.1900 1.9033 2.1900 2.0918
2.1400 1.9825 2.1400 2.1787
2.0900 2.0666 2.0900 2.2754
2.0700 2.1457 2.0700 2.3717
2.0500 2.1945 2.0500 2.4561
2.0400 2.2019 2.0400 2.4655
2.0200 2.1729 2.0200 2.4355
2.0000 2.0914 2.0000 2.3248
2.0000 1.7309 2.0000 1.9090
1.9200 2.0013 1.9200 2.2056
1.8800 2.0574 1.8800 2.2661
1.9400 2.0324 1.9400 2.2375
1.9800 1.9617 1.9800 2.1637
2.0100 1.8376 2.0100 2.0234
2.0100 1.7618 2.0100 1.9281
1.9600 1.7884 1.9600 1.9516
1.9100 1.8033 1.9100 1.9662
1.8600 1.8398 1.8600 2.0093
1.8900 1.8288 1.8900 2.0000
1.9000 1.8106 1.9000 1.9810
1.8700 1.8496 1.8700 2.0263
1.8300 1.6433 1.8300 1.7878
1.8200 1.6124 1.8200 1.7494
1.8100 1.8543 1.8100 2.0236
1.8600 1.9666 1.8600 2.1551
1.9400 2.0073 1.9400 2.2222
2.0200 1.9505 2.0200 2.1577
2.0500 1.8088 2.0500 1.9956
2.1000 1.6829 2.1000 1.8431
2.1600 1.5869 2.1600 1.7221
2.2200 1.7464 2.2200 1.8969
2.2800 1.8076 2.2800 1.9671
2.2500 1.7419 2.2500 1.8964
2.2000 1.6621 2.2000 1.8094
2.2500 1.6654 2.2500 1.8123
2.3300 1.6699 2.3300 1.8125
2.4800 1.8469 2.4800 2.0147
2.6900 1.9852 2.6900 2.1841
2.9200 2.0457 2.9200 2.2546
3.0900 2.0316 3.0900 2.2424
3.2100 2.0643 3.2100 2.2811
3.3100 2.1312 3.3100 2.3566
3.3700 2.1941 3.3700 2.4273
3.4100 2.2324 3.4100 2.4716
3.4200 2.1339 3.4200 2.3686
3.4400 1.9947 3.4400 2.2226
3.4600 2.1351 3.4600 2.3887
3.4700 2.2860 3.4700 2.5350
3.4400 2.4551 3.4400 2.7204
3.3600 2.6168 3.3600 2.9071
3.4000 2.8008 3.4000 3.1197
3.4400 2.8961 3.4400 3.2327
3.4400 2.9259 3.4400 3.2717
3.4500 2.9840 3.4500 3.3390
3.4300 3.0226 3.4300 3.3820
3.4200 3.0450 3.4200 3.4058
3.3800 3.0124 3.3800 3.3691
3.3500 3.0229 3.3500 3.3800
3.3400 3.0378 3.3400 3.3958
3.3200 3.0333 3.3200 3.3905
3.3200 2.9452 3.3200 3.3211
3.2900 2.7587 3.2900 3.1237
3.2800 2.9296 3.2800 3.3200
3.3100 3.0257 3.3100 3.3903
3.2700 3.0131 3.2700 3.3695
3.2000 2.9806 3.2000 3.3316
3.1000 2.9240 3.1000 3.2786
3.0300 2.9332 3.0300 3.3198
3.0100 2.8557 3.0100 3.2396
2.9400 2.8231 2.9400 3.1907
2.9200 2.8430 2.9200 3.2205
2.9600 2.8261 2.9600 3.2002
2.9800 2.8589 2.9800 3.2372
2.9200 2.7987 2.9200 3.1702
2.8800 2.8082 2.8800 3.1809
2.8300 2.8954 2.8300 3.2490
2.8000 2.7976 2.8000 3.1693
2.7500 2.6506 2.7500 2.9893
2.7000 2.4171 2.7000 2.7171
2.7000 2.3389 2.7000 2.6161
2.6800 2.4425 2.6800 2.7249
2.6700 2.3515 2.6700 2.6173
2.6200 2.4397 2.6200 2.7210
2.6000 2.6141 2.6000 2.9459
2.6100 2.6657 2.6100 2.9864
2.6100 2.5289 2.6100 2.8531
2.5600 2.4552 2.5600 2.7596
2.5500 2.3441 2.5500 2.6268
2.5200 2.3379 2.5200 2.6096
2.5200 2.2786 2.5200 2.5365
2.5700 2.2249 2.5700 2.4737
2.5200 2.3294 2.5200 2.5935
2.4900 2.3256 2.4900 2.5897
2.4500 2.3569 2.4500 2.6274
2.3800 2.2443 2.3800 2.5011
2.3500 2.2446 2.3500 2.5010
2.3500 2.3297 2.3500 2.5968
2.3700 2.3547 2.3700 2.6254
2.3300 2.2284 2.3300 2.4818
2.2800 2.2486 2.2800 2.5067
2.2000 2.1872 2.2000 2.4340
2.1100 2.2408 2.1100 2.4916
2.0700 2.3884 2.0700 2.6752
2.0300 2.2488 2.0300 2.5066
2.0000 2.1963 2.0000 2.4475
1.9900 2.1060 1.9900 2.3426
1.9700 1.9489 1.9700 2.1534
1.9700 1.9734 1.9700 2.1736
1.9500 2.0571 1.9500 2.2679
1.9400 2.1758 1.9400 2.4055
1.9200 2.0809 1.9200 2.3015
1.9100 1.9743 1.9100 2.1825
1.9100 1.7971 1.9100 1.9757
1.8900 1.6364 1.8900 1.8002
1.8700 1.6668 1.8700 1.8216
1.8400 1.6729 1.8400 1.8105
1.7800 1.7052 1.7800 1.8439
1.7400 1.7717 1.7400 1.9248
1.6600 1.7705 1.6600 1.9281
1.6500 1.8228 1.6500 1.9911
1.6900 1.7921 1.6900 1.9585
1.7600 1.7938 1.7600 1.9613
1.7900 1.7629 1.7900 1.9258
1.8000 1.7629 1.8000 1.9247
1.8200 1.7916 1.8200 1.9571
1.8400 1.7507 1.8400 1.9102
1.8100 1.7233 1.8100 1.8786
1.7600 1.6678 1.7600 1.8139
1.7700 1.5405 1.7700 1.6642
1.8100 1.5039 1.8100 1.6208
1.8400 1.3568 1.8400 1.4606
1.8700 1.4391 1.8700 1.5404
1.9000 1.6262 1.9000 1.7462
1.9400 1.8293 1.9400 2.0004
1.9800 1.8506 1.9800 2.0311
2.0100 1.8197 2.0100 2.0003
2.0100 1.8346 2.0100 2.0318
2.0600 1.8535 2.0600 2.0566
2.1000 1.7395 2.1000 1.9063
2.0900 1.6004 2.0900 1.7418
2.1000 1.6614 2.1000 1.8066
2.1000 1.7863 2.1000 1.9460
2.1800 1.8643 2.1800 2.0372
2.2900 1.8891 2.2900 2.0879
2.3600 1.9079 2.3600 2.1015
2.4100 1.9597 2.4100 2.1592
2.4300 1.9977 2.4300 2.2017
2.4200 2.0104 2.4200 2.2171
2.4200 1.9691 2.4200 2.1934
2.4300 2.0453 2.4300 2.2612
2.4500 2.0841 2.4500 2.3012
2.4700 2.0236 2.4700 2.2606
2.5200 2.0214 2.5200 2.2589
2.5400 1.9972 2.5400 2.2191
2.5500 2.1639 2.5500 2.3953
2.5900 2.2732 2.5900 2.5145
2.6200 2.2932 2.6200 2.5405
2.6300 2.2957 2.6300 2.5470
2.6400 2.2767 2.6400 2.5281
2.6600 2.2621 2.6600 2.5240
2.6600 2.2470 2.6600 2.5278
2.6500 2.2538 2.6500 2.5299
2.6600 2.2871 2.6600 2.5672
2.6800 2.3078 2.6800 2.5819
2.6900 2.3729 2.6900 2.6336
2.7100 2.3730 2.7100 2.6351
2.7300 2.3681 2.7300 2.6331
2.7500 2.4126 2.7500 2.6807
2.7600 2.4397 2.7600 2.7114
2.7600 2.4358 2.7600 2.7137
2.7700 2.4218 2.7700 2.7011
2.7900 2.4400 2.7900 2.7241
2.8000 2.4234 2.8000 2.7247
2.8500 2.3908 2.8500 2.6935
2.9100 2.4079 2.9100 2.7123
2.9300 2.4451 2.9300 2.7464
2.9400 2.4547 2.9400 2.7546
2.9400 2.4779 2.9400 2.7654
2.9300 2.4942 2.9300 2.7786
2.9500 2.5157 2.9500 2.8035
2.9600 2.5114 2.9600 2.8043
2.9600 2.4887 2.9600 2.7916
2.9700 2.5007 2.9700 2.8079
2.9900 2.5318 2.9900 2.8360
3.0200 2.5357 3.0200 2.8411
3.0500 2.6091 3.0500 2.9047
3.0800 2.6619 3.0800 2.9648
3.1000 2.6551 3.1000 2.9587
3.1000 2.6399 3.1000 2.9430
3.1000 2.6213 3.1000 2.9271
3.1000 2.5937 3.1000 2.9307
3.1000 2.6415 3.1000 2.9724
3.1000 2.6446 3.1000 2.9693
3.1100 2.6333 3.1100 2.9591
3.1100 2.6433 3.1100 2.9619
3.1100 2.6729 3.1100 2.9879
3.1100 2.7218 3.1100 3.0340
3.1100 2.7400 3.1100 3.0551
3.1100 2.7562 3.1100 3.0743
3.1100 2.7634 3.1100 3.0832
3.1200 2.7494 3.1200 3.0680
3.1400 2.7329 3.1400 3.0661
3.1500 2.7245 3.1500 3.0680
3.1400 2.7239 3.1400 3.0727
3.1400 2.7224 3.1400 3.0692
3.1300 2.7407 3.1300 3.0791
3.1200 2.7334 3.1200 3.0734
3.1200 2.7303 3.1200 3.0713
3.1300 2.7266 3.1300 3.0686
3.1200 2.7261 3.1200 3.0712
3.1200 2.7280 3.1200 3.0741
3.1100 2.7262 3.1100 3.0710
3.1300 2.7480 3.1300 3.0871
3.1400 2.7843 3.1400 3.1136
3.1400 2.7884 3.1400 3.1162
3.1400 2.7493 3.1400 3.0875
3.1300 2.7455 3.1300 3.0882
3.1200 2.7241 3.1200 3.0798
3.1200 2.7148 3.1200 3.0723
3.1000 2.7242 3.1000 3.0793
3.0800 2.7492 3.0800 3.0942
3.0700 2.7260 3.0700 3.0756
3.0600 2.7288 3.0600 3.0736
3.0500 2.7064 3.0500 3.0571
3.0300 2.7621 3.0300 3.1035
3.0000 2.7748 3.0000 3.1105
2.9900 2.7613 2.9900 3.0974
2.9900 2.7530 2.9900 3.0902
2.8900 2.7803 2.8900 3.1252
2.8600 2.6840 2.8600 3.0173
2.8600 2.5795 2.8600 2.8990
2.8200 2.7419 2.8200 3.1000
2.7700 2.8481 2.7700 3.1922
2.7300 2.7296 2.7300 3.0876
2.8400 2.6708 2.8400 3.0242
2.8500 2.6247 2.8500 2.9661
2.7800 2.4635 2.7800 2.7653
2.8600 2.4574 2.8600 2.7513
2.8600 2.4306 2.8600 2.7181
2.8500 2.4089 2.8500 2.6900
2.8300 2.4516 2.8300 2.7389
2.7800 2.4309 2.7800 2.7170
2.7200 2.5042 2.7200 2.8024
2.7300 2.4203 2.7300 2.7078
2.7800 2.3273 2.7800 2.6004
2.7600 2.2843 2.7600 2.5488
2.6500 2.6286 2.6500 2.9292
2.6400 2.6104 2.6400 2.9055
2.7100 2.4299 2.7100 2.7416
2.7900 2.5806 2.7900 2.8746
2.8100 2.5652 2.8100 2.8748
2.8200 2.5701 2.8200 2.9005
2.8100 2.4928 2.8100 2.8112
2.8100 2.3658 2.8100 2.6554
2.8200 2.2464 2.8200 2.5086
2.8200 2.3680 2.8200 2.6426
2.8000 2.5346 2.8000 2.8508
2.7600 2.4761 2.7600 2.7872
2.6700 2.1832 2.6700 2.4382
2.7000 2.2415 2.7000 2.5039
2.6500 2.4813 2.6500 2.7899
2.5900 2.6386 2.5900 2.9320
2.5100 2.5705 2.5100 2.8601
2.4800 2.5157 2.4800 2.8030
2.4300 2.5103 2.4300 2.8048
2.5600 2.5170 2.5600 2.8439
2.6800 2.5390 2.6800 2.8652
2.6700 2.5248 2.6700 2.8482
2.6100 2.4780 2.6100 2.7953
2.5500 2.3862 2.5500 2.6749
2.5000 2.1560 2.5000 2.4049
2.4500 2.3591 2.4500 2.6315
2.4800 2.2449 2.4800 2.4965
2.5300 2.1516 2.5300 2.3867
2.5100 2.0144 2.5100 2.2294
2.4700 2.0341 2.4700 2.2478
2.4700 1.9956 2.4700 2.1966
2.5300 2.4423 2.5300 2.7157
2.5700 2.5507 2.5700 2.8318
2.6200 2.4533 2.6200 2.7277
2.6800 2.3219 2.6800 2.5855
2.7100 2.1674 2.7100 2.4363
2.7100 2.0564 2.7100 2.2887
2.7900 2.0056 2.7900 2.2138
2.8400 2.2090 2.8400 2.4434
2.8600 2.3589 2.8600 2.6398
2.8100 2.2947 2.8100 2.5751
2.7600 2.2052 2.7600 2.4638
2.7800 2.2195 2.7800 2.4809
2.7800 2.3731 2.7800 2.6629
2.7400 2.4348 2.7400 2.7038
2.7000 2.4472 2.7000 2.7187
2.6600 2.4796 2.6600 2.7576
2.6100 2.4977 2.6100 2.7792
2.5700 2.4846 2.5700 2.7650
2.5700 2.5829 2.5700 2.8751
2.6000 2.6229 2.6000 2.9204
2.6400 2.6202 2.6400 2.9182
2.5700 2.4802 2.5700 2.7875
2.5500 2.3593 2.5500 2.6549
2.6300 2.4625 2.6300 2.7628
2.6200 2.4790 2.6200 2.7744
2.5700 2.3888 2.5700 2.6695
2.5400 2.3157 2.5400 2.5884
2.5300 2.2429 2.5300 2.5028
2.5100 2.1658 2.5100 2.4071
2.4600 2.1430 2.4600 2.3759
2.4600 2.2355 2.4600 2.4812
2.3600 2.3703 2.3600 2.6522
2.2400 2.4505 2.2400 2.7268
2.2100 2.2679 2.2100 2.5341
2.1300 2.2439 2.1300 2.5077
2.0400 2.4466 2.0400 2.7307
1.9500 2.4041 1.9500 2.7029
1.7800 2.2837 1.7800 2.5503
1.6200 2.2174 1.6200 2.4777
1.5100 2.2107 1.5100 2.4643
1.4100 2.1991 1.4100 2.4427
1.3600 2.1031 1.3600 2.3307
1.4400 2.1739 1.4400 2.4129
1.3700 1.9129 1.3700 2.1104
1.3200 1.6811 1.3200 1.8670
1.2600 1.7625 1.2600 1.9324
1.2500 1.6468 1.2500 1.7939
1.2600 1.5585 1.2600 1.7115
1.2300 1.4719 1.2300 1.6049
1.1800 1.1728 1.1800 1.2691
1.1700 1.0932 1.1700 1.2548
1.2100 1.1552 1.2100 1.3017
1.2600 1.0912 1.2600 1.2118
1.4200 1.0730 1.4200 1.1853
1.5500 1.3805 1.5500 1.4335
1.5900 1.2477 1.5900 1.2959
1.6000 1.2054 1.6000 1.2713
1.6400 1.1129 1.6400 1.1665
1.7000 1.1420 1.7000 1.2342
1.6800 1.2395 1.6800 1.3029
1.6900 1.1926 1.6900 1.2388
1.7200 1.1134 1.7200 1.1620
1.7700 1.1366 1.7700 1.1801
1.9200 1.2730 1.9200 1.3343
2.0300 1.4095 2.0300 1.4921
2.1200 1.6547 2.1200 1.7992
2.1800 1.7374 2.1800 1.8967
2.2500 1.7205 2.2500 1.8831
2.2500 1.6870 2.2500 1.8493
2.2600 1.7348 2.2600 1.9027
2.2900 1.8341 2.2900 2.0143
2.2900 1.7284 2.2900 1.8940
2.2600 1.7205 2.2600 1.8827
2.3100 1.7568 2.3100 1.9316
2.3000 1.8395 2.3000 2.0371
2.2100 2.0308 2.2100 2.2331
2.1300 2.0806 2.1300 2.2936
2.0900 2.1297 2.0900 2.3531
2.1000 2.1334 2.1000 2.3615
2.0600 2.1973 2.0600 2.4344
2.0600 2.1835 2.0600 2.4189
2.0800 2.1714 2.0800 2.4157
2.0700 2.1957 2.0700 2.4465
2.0400 2.1638 2.0400 2.4259
2.0300 2.0720 2.0300 2.3017
2.0400 2.1912 2.0400 2.4510
2.0500 2.1469 2.0500 2.3942
2.0800 1.8892 2.0800 2.0865
2.1800 1.7323 2.1800 1.9059
2.2600 1.7065 2.2600 1.8620
2.2600 1.8411 2.2600 2.0061
2.3000 1.7996 2.3000 1.9577
2.3000 1.8774 2.3000 2.0533
2.2300 1.9682 2.2300 2.1644
2.2400 1.9379 2.2400 2.1323
2.2500 1.8697 2.2500 2.0552
2.2500 1.8625 2.2500 2.0475
2.2600 1.9093 2.2600 2.0990
2.2700 1.9491 2.2700 2.1434
2.2600 2.0217 2.2600 2.2488
2.2300 2.1610 2.2300 2.3873
2.2100 2.2238 2.2100 2.4600
2.1800 2.1700 2.1800 2.4028
2.1700 2.1938 2.1700 2.4314
2.1600 2.1746 2.1600 2.4211
2.1600 1.9716 2.1600 2.1919
2.1600 2.0418 2.1600 2.2639
2.1800 2.0725 2.1800 2.2941
2.1500 2.0872 2.1500 2.3074
2.1500 2.1243 2.1500 2.3659
2.1800 2.1229 2.1800 2.3759
2.2200 2.1044 2.2200 2.3362
2.2900 2.0166 2.2900 2.2340
2.3400 1.9802 2.3400 2.1894
2.3000 1.9226 2.3000 2.1188
2.2500 1.9431 2.2500 2.1383
2.2400 1.9548 2.2400 2.1508
2.2300 1.9879 2.2300 2.1897
2.2300 2.0094 2.2300 2.2166
2.2300 2.0688 2.2300 2.2966
2.2300 1.9775 2.2300 2.1846
2.2200 1.9954 2.2200 2.2051
2.2200 2.0775 2.2200 2.3114
2.2100 2.1479 2.2100 2.3965
2.2200 2.2372 2.2200 2.4753
2.2200 2.2460 2.2200 2.4882
2.2100 2.1474 2.2100 2.3954
2.2200 2.0146 2.2200 2.2452
2.2100 1.9966 2.2100 2.2154
2.1700 1.9905 2.1700 2.1972
2.1500 2.0368 2.1500 2.2455
2.1400 2.0634 2.1400 2.2794
2.1400 2.0731 2.1400 2.2943
2.2200 2.0500 2.2200 2.2692
2.2700 2.0591 2.2700 2.2799
2.2400 2.0345 2.2400 2.2510
2.2500 2.0763 2.2500 2.2985
2.2800 2.0759 2.2800 2.2986
2.2900 2.0464 2.2900 2.2652
2.3200 2.0849 2.3200 2.3099
2.3700 2.0472 2.3700 2.2667
2.4000 1.9394 2.4000 2.1410
2.4300 1.9198 2.4300 2.1159
2.4600 1.9244 2.4600 2.1181
2.4900 1.9612 2.4900 2.1576
2.5300 2.1741 2.5300 2.4116
2.5800 2.2039 2.5800 2.4379
2.5800 2.1143 2.5800 2.3569
2.5800 2.1163 2.5800 2.3616
2.6100 2.1601 2.6100 2.4171
2.6200 2.1781 2.6200 2.4340
2.6300 2.2178 2.6300 2.4720
2.6100 2.2593 2.6100 2.5036
2.6200 2.2863 2.6200 2.5347
2.5700 2.3045 2.5700 2.5561
2.4700 2.3158 2.4700 2.5700
2.4400 2.3468 2.4400 2.6050
2.4400 2.3869 2.4400 2.6502
2.4600 2.4256 2.4600 2.6945
2.4700 2.3936 2.4700 2.6599
2.4900 2.3672 2.4900 2.6469
2.5300 2.4108 2.5300 2.6901
2.5800 2.4104 2.5800 2.7046
2.5500 2.4175 2.5500 2.7110
2.5400 2.3470 2.5400 2.6433
2.5600 2.3736 2.5600 2.6725
2.5500 2.2389 2.5500 2.5004
2.5400 1.9852 2.5400 2.2021
2.5600 2.0136 2.5600 2.2271
2.6100 2.1004 2.6100 2.3203
2.6200 2.2360 2.6200 2.4739
2.6000 2.2764 2.6000 2.5502
2.5900 2.2989 2.5900 2.5604
2.5900 2.3654 2.5900 2.6260
2.6100 2.4220 2.6100 2.6899
2.7500 2.3320 2.7500 2.6125
2.8400 2.3006 2.8400 2.5908
2.8400 2.3403 2.8400 2.6340
2.8000 2.3180 2.8000 2.5899
2.8000 2.3037 2.8000 2.5710
2.7800 2.3379 2.7800 2.6282
2.7900 2.4378 2.7900 2.7108
2.8600 2.4282 2.8600 2.7047
2.9500 2.3532 2.9500 2.6423
2.9800 2.3250 2.9800 2.6190
3.0500 2.3365 3.0500 2.6197
3.1100 2.3928 3.1100 2.6907
2.5900 2.6077 2.5900 2.8981
2.5900 2.6517 2.5900 2.9507
2.6200 2.5770 2.6200 2.8710
2.5800 2.4763 2.5800 2.7609
2.5900 2.4794 2.5900 2.8008
2.5800 2.4393 2.5800 2.7406
2.5600 2.5047 2.5600 2.8067
2.5400 2.6291 2.5400 2.9257
2.5200 2.7143 2.5200 3.0228
2.5500 2.7013 2.5500 3.0108
2.6400 2.7478 2.6400 3.0656
2.7200 2.7944 2.7200 3.1192
2.7700 1.3899 2.7700 1.5998
2.8300 1.8666 2.8300 2.2637
2.8800 2.1982 2.8800 2.5446
2.9400 2.0852 2.9400 2.2833
2.9800 2.3520 2.9800 2.5941
2.8800 2.2280 2.8800 2.4770
2.8500 2.2757 2.8500 2.5391
2.8200 2.2507 2.8200 2.5086
2.7500 2.2171 2.7500 2.4690
2.7100 2.3380 2.7100 2.6183
2.7000 2.4932 2.7000 2.7685
2.7100 2.5534 2.7100 2.8382
2.6200 2.5552 2.6200 2.8437
2.5400 2.5847 2.5400 2.8797
2.4900 2.6308 2.4900 2.9321
2.5100 2.7018 2.5100 3.0114
2.4800 2.7124 2.4800 3.0243
2.3500 2.4795 2.3500 2.8094
2.2600 2.4306 2.2600 2.7385
2.1700 2.3708 2.1700 2.6584
2.1400 2.2264 2.1400 2.4788
2.0600 2.2389 2.0600 2.4879
1.9900 2.3018 1.9900 2.5616
1.9400 2.4045 1.9400 2.6795
1.8700 2.1723 1.8700 2.4144
1.8000 2.0326 1.8000 2.2538
1.7700 1.9988 1.7700 2.2097
1.7900 2.1738 1.7900 2.4031
1.8300 2.1585 1.8300 2.3847
1.8300 1.8436 1.8300 2.0304
1.8300 1.7255 1.8300 1.9079
1.8200 1.6051 1.8200 1.7652
1.8000 1.6976 1.8000 1.8559
1.8000 1.6180 1.8000 1.7612
1.8100 1.5702 1.8100 1.7048
1.8100 1.5723 1.8100 1.7007
1.8000 1.4902 1.8000 1.6090
1.7800 1.4329 1.7800 1.5529
1.7600 1.4803 1.7600 1.5882
1.7500 1.6362 1.7500 1.7584
1.7400 1.8023 1.7400 1.9546
1.7200 1.8056 1.7200 1.9685
1.7200 1.7985 1.7200 1.9706
1.7000 1.7539 1.7000 1.9213
1.6800 1.6913 1.6800 1.8461
1.7000 1.7090 1.7000 1.8621
1.7000 1.7460 1.7000 1.9029
1.6700 1.7494 1.6700 1.9071
1.6800 1.7257 1.6800 1.8816
1.7300 1.6751 1.7300 1.8241
1.7400 1.6361 1.7400 1.7773
1.6600 1.6348 1.6600 1.7727
1.6400 1.6329 1.6400 1.7684
1.6400 1.6043 1.6400 1.7349
1.6400 1.6358 1.6400 1.7714
1.6300 1.5973 1.6300 1.7275
1.6300 1.5697 1.6300 1.6951
1.6400 1.6563 1.6400 1.7944
1.7200 1.6568 1.7200 1.7959
1.8900 1.5827 1.8900 1.7117
2.0200 1.6343 2.0200 1.7720
2.1000 1.7701 2.1000 1.9289
2.1900 1.7677 2.1900 1.9279
2.2900 1.5271 2.2900 1.6541
2.2500 1.5089 2.2500 1.6316
2.3100 1.5317 2.3100 1.6513
2.3800 1.5609 2.3800 1.6778
2.4100 1.5691 2.4100 1.6882
2.4600 1.5854 2.4600 1.7117
2.4800 1.6223 2.4800 1.7563
2.4800 1.8139 2.4800 2.0029
2.4900 2.0131 2.4900 2.2119
2.4800 2.0959 2.4800 2.3096
2.4800 2.1044 2.4800 2.3251
2.4800 2.1488 2.4800 2.3793
2.5000 2.2535 2.5000 2.4978
2.4800 2.1705 2.4800 2.4054
2.4800 2.2396 2.4800 2.4822
2.4400 2.2982 2.4400 2.5481
2.4100 2.3297 2.4100 2.5829
2.4000 2.3507 2.4000 2.6079
2.4100 2.3096 2.4100 2.5648
2.4500 2.3129 2.4500 2.5824
2.4800 2.3110 2.4800 2.5906
2.4300 2.2671 2.4300 2.5493
2.4100 2.2730 2.4100 2.5408
2.4200 2.2674 2.4200 2.5374
2.4000 2.3082 2.4000 2.5922
2.3900 2.2557 2.3900 2.5203
2.4200 2.2598 2.4200 2.5311
2.4700 2.1502 2.4700 2.3937
2.5300 2.0973 2.5300 2.3286
2.5700 2.1203 2.5700 2.3511
2.5800 2.1878 2.5800 2.4269
2.5900 2.2999 2.5900 2.5772
2.6000 2.3312 2.6000 2.5858
2.6000 2.1953 2.6000 2.4598
2.6000 2.1576 2.6000 2.4061
2.6300 2.1989 2.6300 2.4493
2.6500 2.1470 2.6500 2.3834
2.6400 2.1583 2.6400 2.3947
2.6500 2.2410 2.6500 2.5121
2.6500 2.3390 2.6500 2.5985
2.6400 2.4024 2.6400 2.6658
2.6500 2.4024 2.6500 2.6685
2.6100 2.3835 2.6100 2.6493
2.5500 2.3922 2.5500 2.6601
2.5300 2.3899 2.5300 2.6782
2.4600 2.3763 2.4600 2.6760
2.4900 2.3660 2.4900 2.6631
2.4800 2.4199 2.4800 2.7091
2.4800 2.4410 2.4800 2.7267
2.4900 2.3974 2.4900 2.6944
2.5300 2.4074 2.5300 2.7007
2.5400 2.3950 2.5400 2.6981
2.5400 2.3785 2.5400 2.6737
2.5800 2.4019 2.5800 2.7038
2.6000 2.2957 2.6000 2.5661
2.6100 2.1523 2.6100 2.3974
2.6400 2.1654 2.6400 2.4078
2.6400 2.0137 2.6400 2.2271
2.6100 2.2177 2.6100 2.4571
2.6200 2.2237 2.6200 2.4668
2.5900 2.2577 2.5900 2.5096
2.5900 2.2823 2.5900 2.5618
2.6200 2.3521 2.6200 2.6192
2.6600 2.3610 2.6600 2.6383
2.6500 2.3324 2.6500 2.6113
2.5800 2.4003 2.5800 2.6665
2.5100 2.4118 2.5100 2.6867
2.5100 2.4120 2.5100 2.6945
2.5400 2.4403 2.5400 2.7127
2.5400 2.4095 2.5400 2.6968
2.5400 2.3400 2.5400 2.6283
2.5400 2.3673 2.5400 2.6654
2.5100 2.2863 2.5100 2.5545
2.4900 2.3223 2.4900 2.5919
2.4600 2.3990 2.4600 2.6965
2.4300 2.4674 2.4300 2.7448
2.3900 2.4186 2.3900 2.7063
2.3700 2.2338 2.3700 2.5002
2.3400 2.0657 2.3400 2.3015
2.3100 2.1488 2.3100 2.3864
2.2800 2.3028 2.2800 2.5566
2.3000 2.3258 2.3000 2.5933
2.2600 2.3106 2.2600 2.5920
2.2200 2.3006 2.2200 2.5859
2.1900 2.2360 2.1900 2.4962
2.1700 2.2038 2.1700 2.4552
2.1700 2.1448 2.1700 2.3840
2.1700 2.1038 2.1700 2.3328
2.1900 2.0458 2.1900 2.2630
2.2000 2.0559 2.2000 2.2725
2.2100 2.0278 2.2100 2.2386
2.2300 2.0036 2.2300 2.2098
2.2500 1.9802 2.2500 2.1826
2.2600 2.0994 2.2600 2.3200
2.2700 2.0027 2.2700 2.2097
2.2700 1.9371 2.2700 2.1346
2.2900 1.9070 2.2900 2.0995
2.3100 1.9003 2.3100 2.0880
2.3500 1.9630 2.3500 2.1573
2.4000 1.9987 2.4000 2.2005
2.4100 2.0734 2.4100 2.2966
2.4400 2.0843 2.4400 2.3264
2.4600 2.0947 2.4600 2.3419
2.4700 2.1233 2.4700 2.3756
2.4700 2.1440 2.4700 2.3964
2.4900 2.1456 2.4900 2.4025
2.4900 2.1452 2.4900 2.4028
2.4900 2.1283 2.4900 2.3840
2.4900 2.1634 2.4900 2.4232
2.5000 2.1874 2.5000 2.4503
2.5100 2.2486 2.5100 2.4966
2.5100 2.2951 2.5100 2.5439
2.5200 2.2752 2.5200 2.5233
2.5200 2.3029 2.5200 2.5550
2.5200 2.3106 2.5200 2.5654
2.5300 2.3065 2.5300 2.5796
2.5700 2.2851 2.5700 2.5677
2.5800 2.3084 2.5800 2.5870
2.5900 2.2940 2.5900 2.5781
2.5800 2.2859 2.5800 2.5686
2.5700 2.2775 2.5700 2.5591
2.5600 2.2954 2.5600 2.5789
2.5400 2.3129 2.5400 2.5985
2.5300 2.2999 2.5300 2.5843
2.4900 2.3144 2.4900 2.6014
2.4200 2.3038 2.4200 2.5897
2.3600 2.3021 2.3600 2.5874
2.3300 2.3195 2.3300 2.6071
2.3200 2.3941 2.3200 2.6695
2.3300 2.3869 2.3300 2.6649
2.3200 2.3842 2.3200 2.6619
2.3200 2.3395 2.3200 2.6316
2.3200 2.3185 2.3200 2.6061
2.3000 2.3031 2.3000 2.5736
2.3500 2.2557 2.3500 2.5158
2.4400 2.2566 2.4400 2.5145
2.4700 2.1626 2.4700 2.4049
2.4900 2.0078 2.4900 2.2232
2.5100 1.9239 2.5100 2.1212
2.5100 1.9399 2.5100 2.1332
2.5200 2.0080 2.5200 2.2075
2.5200 2.1124 2.5200 2.3297
2.5200 2.1160 2.5200 2.3402
2.5300 2.1369 2.5300 2.3723
2.5400 2.1424 2.5400 2.3827
2.5500 2.0879 2.5500 2.3160
2.5800 2.2269 2.5800 2.4939
2.5900 2.3505 2.5900 2.6051
2.5900 2.3474 2.5900 2.6039
2.6000 2.3279 2.6000 2.5846
2.6100 2.3255 2.6100 2.5836
2.6100 2.3212 2.6100 2.6034
2.6100 2.3344 2.6100 2.6265
2.5600 2.3096 2.5600 2.5973
2.6100 2.3038 2.6100 2.5898
2.6500 2.3212 2.6500 2.6091
2.6400 2.3314 2.6400 2.6207
2.6400 2.3443 2.6400 2.6342
2.6700 2.3923 2.6700 2.6680
2.7000 2.3861 2.7000 2.6657
2.7300 2.3683 2.7300 2.6574
2.7400 2.3756 2.7400 2.6656
2.7500 2.3847 2.7500 2.6806
2.7400 2.3779 2.7400 2.6764
2.7400 2.3681 2.7400 2.6654
2.7400 2.2344 2.7400 2.4958
2.7400 2.3975 2.7400 2.6963
2.7700 2.4625 2.7700 2.7447
2.7900 2.4148 2.7900 2.7079
2.7800 2.3954 2.7800 2.6800
2.7700 2.4364 2.7700 2.7171
2.7900 2.4977 2.7900 2.7894
2.7900 2.5251 2.7900 2.8082
2.8100 2.4976 2.8100 2.7792
2.8500 2.4981 2.8500 2.7863
2.8700 2.4601 2.8700 2.7715
2.8900 2.4591 2.8900 2.7736
2.8800 2.4582 2.8800 2.7711
2.8600 2.4577 2.8600 2.7697
2.8700 2.5220 2.8700 2.8240
2.8800 2.5403 2.8800 2.8335
2.8800 2.4977 2.8800 2.8039
2.8800 2.4669 2.8800 2.7817
2.9000 2.5108 2.9000 2.8230
2.9000 2.5076 2.9000 2.8279
2.9000 2.5466 2.9000 2.8545
2.9000 2.5959 2.9000 2.8901
2.9000 2.6051 2.9000 2.9012
2.9100 2.6187 2.9100 2.9171
2.9000 2.5682 2.9000 2.8747
2.9000 2.5208 2.9000 2.8490
2.9200 2.5549 2.9200 2.8851
2.9400 2.5746 2.9400 2.9050
2.9300 2.5722 2.9300 2.8998
2.9200 2.5614 2.9200 2.8810
2.9500 2.5984 2.9500 2.9099
2.9800 2.5889 2.9800 2.9105
3.0100 2.5829 3.0100 2.9062
3.0200 2.5740 3.0200 2.8978
2.9700 2.5730 2.9700 2.9030
2.9600 2.5980 2.9600 2.9246
2.9400 2.5660 2.9400 2.8971
2.9200 2.5701 2.9200 2.9006
2.9000 2.6125 2.9000 2.9316
2.8700 2.6444 2.8700 2.9577
2.8500 2.6048 2.8500 2.9268
2.8400 2.5736 2.8400 2.9012
2.8600 2.6418 2.8600 2.9593
2.8300 2.6944 2.8300 3.0062
2.7700 2.7194 2.7700 3.0309
2.7300 2.6940 2.7300 3.0041
2.7000 2.5712 2.7000 2.9107
2.6800 2.5773 2.6800 2.9151
2.6900 2.5440 2.6900 2.8603
2.7600 2.5246 2.7600 2.8320
2.8300 2.5163 2.8300 2.8212
2.8900 2.4647 2.8900 2.7623
2.9700 2.4593 2.9700 2.7546
2.9500 2.4788 2.9500 2.7761
2.9500 2.5525 2.9500 2.8770
2.9400 2.4859 2.9400 2.7975
2.9100 2.3433 2.9100 2.6235
2.8600 2.2884 2.8600 2.5577
2.8400 2.2676 2.8400 2.5275
2.8300 2.2921 2.8300 2.5502
2.8000 2.3963 2.8000 2.6711
2.7700 2.5487 2.7700 2.8336
2.7700 2.6145 2.7700 2.9089
2.8000 2.6467 2.8000 2.9477
2.7600 2.7046 2.7600 3.0152
2.7400 2.6308 2.7400 2.9346
2.7600 2.6415 2.7600 2.9482
2.7700 2.5950 2.7700 2.9295
2.7800 2.5289 2.7800 2.8467
2.8000 2.4167 2.8000 2.7099
2.8200 2.4205 2.8200 2.7104
2.7300 2.4500 2.7300 2.7407
2.6700 2.4109 2.6700 2.6942
2.6200 2.3815 2.6200 2.6613
2.6000 2.4366 2.6000 2.7259
2.5800 2.5255 2.5800 2.8443
2.5700 2.4333 2.5700 2.7263
2.5800 2.4078 2.5800 2.7001
2.5600 2.4654 2.5600 2.7787
2.5300 2.4963 2.5300 2.8123
2.4900 2.5190 2.4900 2.8297
2.5000 2.5334 2.5000 2.8230
2.5000 2.5579 2.5000 2.8506
2.4700 2.3197 2.4700 2.6022
2.4500 2.2013 2.4500 2.4604
2.4200 2.1307 2.4200 2.3702
2.4000 2.1739 2.4000 2.4093
2.3800 2.2169 2.3800 2.4557
2.3000 2.2588 2.3000 2.5085
2.2500 2.3275 2.2500 2.6045
2.2000 2.2907 2.2000 2.5537
2.1500 2.2281 2.1500 2.4827
2.1100 2.1452 2.1100 2.3862
2.0700 2.2298 2.0700 2.4801
2.0500 2.2594 2.0500 2.5123
2.0700 2.1936 2.0700 2.4376
2.1000 2.1738 2.1000 2.4170
2.1200 2.1126 2.1200 2.3459
2.1400 2.1026 2.1400 2.3304
2.1700 2.0944 2.1700 2.3187
2.1900 1.9053 2.1900 2.0993
2.1800 1.8598 2.1800 2.0429
2.1300 1.8086 2.1300 1.9791
2.1000 1.7684 2.1000 1.9276
2.0900 1.7694 2.0900 1.9255
2.1100 1.7495 2.1100 1.9031
2.1100 1.7850 2.1100 1.9442
2.1400 1.9135 2.1400 2.0940
2.1400 2.0221 2.1400 2.2281
2.1500 2.0494 2.1500 2.2845
2.1900 2.0646 2.1900 2.2937
2.2200 2.1003 2.2200 2.3287
2.2400 2.1149 2.2400 2.3537
2.2600 2.0678 2.2600 2.3124
2.2900 1.9152 2.2900 2.1192
2.2700 1.8548 2.2700 2.0436
2.2900 1.8665 2.2900 2.0496
2.3200 1.9668 2.3200 2.1608
2.3300 1.9851 2.3300 2.1841
2.3500 2.0563 2.3500 2.2934
2.3700 2.0358 2.3700 2.2732
2.4000 2.0501 2.4000 2.2872
2.4200 2.1201 2.4200 2.3603
2.4300 2.1477 2.4300 2.3854
2.4400 2.1600 2.4400 2.3991
2.4400 2.1612 2.4400 2.3982
2.4400 2.1936 2.4400 2.4348
2.4500 2.1246 2.4500 2.3787
2.4600 2.1602 2.4600 2.4209
2.4500 2.2015 2.4500 2.4608
2.4700 2.2015 2.4700 2.4673
2.4700 2.2239 2.4700 2.4814
2.4900 2.2298 2.4900 2.4832
2.4900 2.2746 2.4900 2.5311
2.4600 2.2849 2.4600 2.5425
2.4700 2.2726 2.4700 2.5358
2.5000 2.2716 2.5000 2.5422
2.5400 2.2537 2.5400 2.5321
2.5400 2.2479 2.5400 2.5238
2.5700 2.2629 2.5700 2.5408
2.6100 2.2747 2.6100 2.5539
2.6500 2.2445 2.6500 2.5138
2.6300 2.2846 2.6300 2.5656
2.6400 2.2703 2.6400 2.5498
2.6500 2.3105 2.6500 2.5937
2.6000 2.2911 2.6000 2.5743
2.6200 2.2133 2.6200 2.4694
2.6400 2.2577 2.6400 2.5242
2.6500 2.3174 2.6500 2.6021
2.6900 2.3914 2.6900 2.6624
2.7000 2.3507 2.7000 2.6199
2.6800 2.3810 2.6800 2.6452
2.6500 2.4300 2.6500 2.7004
2.6700 2.4751 2.6700 2.7511
2.7000 2.4009 2.7000 2.6854
2.7200 2.4016 2.7200 2.6892
2.7300 2.4110 2.7300 2.7115
2.7200 2.2759 2.7200 2.5452
2.7100 2.3735 2.7100 2.6634
2.7100 2.4023 2.7100 2.7026
2.7000 2.4256 2.7000 2.7288
2.6900 2.4867 2.6900 2.7643
2.6900 2.4629 2.6900 2.7396
2.6800 2.4119 2.6800 2.7180
2.6700 2.3452 2.6700 2.6296
2.6600 2.4066 2.6600 2.7103
2.6500 2.4767 2.6500 2.7853
2.6400 2.4989 2.6400 2.7902
2.6400 2.4867 2.6400 2.7677
2.6500 2.4393 2.6500 2.7376
2.6500 2.4222 2.6500 2.7317
2.6400 2.4294 2.6400 2.7378
2.6200 2.4125 2.6200 2.7072
2.6100 2.4006 2.6100 2.6908
2.6100 2.4076 2.6100 2.7107
2.2200 2.1030 2.2200 2.3308
2.2200 2.1241 2.2200 2.3661
2.2100 2.1415 2.2100 2.3918
2.1900 2.1323 2.1900 2.3778
2.1800 2.0445 2.1800 2.2671
2.1700 2.0627 2.1700 2.2863
2.1500 2.0128 2.1500 2.2261
2.1500 1.9541 2.1500 2.1551
2.1600 2.0294 2.1600 2.2405
2.2000 2.0998 2.2000 2.3225
2.2200 2.0995 2.2200 2.3240
2.2800 2.0901 2.2800 2.3273
2.3700 2.0590 2.3700 2.2832
2.5200 2.0608 2.5200 2.2836
2.6800 2.0353 2.6800 2.2522
2.8000 1.9888 2.8000 2.1971
2.9200 1.9852 2.9200 2.1917
3.0200 1.9770 3.0200 2.1809
3.1300 1.9439 3.1300 2.1414
3.2200 1.9772 3.2200 2.1793
3.2900 2.0231 3.2900 2.2329
3.2900 2.1185 3.2900 2.3653
3.3000 2.1325 3.3000 2.3748
3.2900 2.2076 3.2900 2.4432
3.2600 2.2970 3.2600 2.5450
3.2200 2.4577 3.2200 2.7269
3.2000 2.5914 3.2000 2.8803
3.1600 2.6409 3.1600 2.9410
3.1000 2.7152 3.1000 3.0282
3.0700 2.7772 3.0700 3.1002
3.0500 2.8846 3.0500 3.2210
2.9900 2.9387 2.9900 3.2827
2.9200 2.9634 2.9200 3.3119
2.8500 2.9036 2.8500 3.2462
2.8000 2.9019 2.8000 3.2440
2.7300 2.8697 2.7300 3.2279
2.6500 2.8028 2.6500 3.1794
2.5800 2.7244 2.5800 3.0763
2.5300 2.7165 2.5300 3.0625
2.4800 2.6484 2.4800 2.9796
2.4400 2.5407 2.4400 2.8525
2.3900 2.5513 2.3900 2.8626
2.3300 2.5736 2.3300 2.8862
2.2700 2.4647 2.2700 2.7589
2.2200 2.3544 2.2200 2.6311
2.1700 2.2565 2.1700 2.5158
2.1300 2.2388 2.1300 2.4892
2.0700 2.1610 2.0700 2.3947
2.0200 2.0667 2.0200 2.2850
1.9900 2.0133 1.9900 2.2217
1.9600 2.0152 1.9600 2.2188
1.9500 2.0063 1.9500 2.2061
1.9200 2.0174 1.9200 2.2194
1.8800 1.9778 1.8800 2.1756
1.8400 1.9059 1.8400 2.0929
1.8100 1.8433 1.8100 2.0190
1.7800 1.8135 1.7800 1.9815
1.7600 1.7827 1.7600 1.9430
1.7400 1.7803 1.7400 1.9386
1.7200 1.7081 1.7200 1.8554
1.7000 1.6741 1.7000 1.8168
1.7000 1.6927 1.7000 1.8351
1.6900 1.6934 1.6900 1.8350
1.6700 1.7471 1.6700 1.8975
1.6500 1.7159 1.6500 1.8646
1.6200 1.6580 1.6200 1.7992
1.5900 1.6083 1.5900 1.7412
1.5700 1.5886 1.5700 1.7157
1.5300 1.5723 1.5300 1.6939
1.4800 1.5829 1.4800 1.7051
1.4600 1.5834 1.4600 1.7063
1.4600 1.5766 1.4600 1.6994
1.4600 1.5662 1.4600 1.6881
1.4600 1.6062 1.4600 1.7345
1.4800 1.6034 1.4800 1.7321
1.4900 1.5725 1.4900 1.6973
1.5000 1.5460 1.5000 1.6673
1.5200 1.4916 1.5200 1.6034
1.5300 1.4517 1.5300 1.5546
1.5400 1.4455 1.5400 1.5448
1.5600 1.3821 1.5600 1.4701
1.5800 1.3077 1.5800 1.3914
1.5900 1.3247 1.5900 1.4026
1.5900 1.3804 1.5900 1.4620
1.6000 1.4225 1.6000 1.5111
1.6300 1.4513 1.6300 1.5481
1.6500 1.5171 1.6500 1.6284
1.6700 1.5343 1.6700 1.6516
1.7000 1.5485 1.7000 1.6699
1.7200 1.5852 1.7200 1.7140
1.7400 1.5832 1.7400 1.7130
1.7700 1.5880 1.7700 1.7190
1.7900 1.6190 1.7900 1.7553
1.8200 1.6431 1.8200 1.7837
1.8400 1.6399 1.8400 1.7808
1.8600 1.6128 1.8600 1.7504
1.8800 1.6207 1.8800 1.7592
1.9000 1.6829 1.9000 1.8299
1.9300 1.7062 1.9300 1.8573
1.9500 1.7276 1.9500 1.8870
1.9700 1.7582 1.9700 1.9420
1.9900 1.7686 1.9900 1.9509
2.0000 1.7840 2.0000 1.9662
2.0000 1.8134 2.0000 2.0099
2.0000 1.8217 2.0000 2.0187
2.0000 1.8548 2.0000 2.0584
2.0000 1.8591 2.0000 2.0646
2.0100 1.8705 2.0100 2.0783
2.0300 1.8838 2.0300 2.0939
2.0500 1.8960 2.0500 2.1082
2.0600 1.9318 2.0600 2.1492
2.0800 1.9389 2.0800 2.1583
2.0800 1.9509 2.0800 2.1730
2.0700 1.9626 2.0700 2.1870
2.0700 1.9567 2.0700 2.1806
2.0800 1.9393 2.0800 2.1415
2.0800 1.9179 2.0800 2.1154
2.0900 1.9049 2.0900 2.0984
2.1100 1.8996 2.1100 2.0904
2.1100 1.9271 2.1100 2.1213
2.1200 1.9715 2.1200 2.1780
2.1200 1.9965 2.1200 2.2224
2.1100 1.9959 2.1100 2.2252
2.1100 2.0175 2.1100 2.2513
2.1100 1.9967 2.1100 2.2198
2.1000 1.9560 2.1000 2.1615
2.1100 1.9516 2.1100 2.1546
2.1200 1.9754 2.1200 2.1799
2.0900 1.9702 2.0900 2.1728
2.0800 1.9980 2.0800 2.2057
2.1000 2.0291 2.1000 2.2601
2.1100 2.0152 2.1100 2.2331
2.1200 2.0283 2.1200 2.2532
2.1200 2.0136 2.1200 2.2300
2.1000 1.9740 2.1000 2.1814
2.0800 1.9780 2.0800 2.1844
2.0800 1.9772 2.0800 2.1823
2.1200 1.9521 2.1200 2.1523
2.1700 1.9930 2.1700 2.1993
2.1800 2.0177 2.1800 2.2286
2.1700 1.9227 2.1700 2.1196
2.1600 1.9153 2.1600 2.1104
2.1600 1.9860 2.1600 2.1906
2.1500 2.0101 2.1500 2.2174
2.1500 2.0330 2.1500 2.2511
2.1600 2.0120 2.1600 2.2358
2.1700 1.9488 2.1700 2.1531
2.1700 1.9005 2.1700 2.0948
2.1600 1.9205 2.1600 2.1145
2.1500 2.0488 2.1500 2.2637
2.1500 2.1307 2.1500 2.3617
3.3500 2.0567 3.3500 2.2847
3.3600 2.0828 3.3600 2.3276
3.3200 2.1864 3.3200 2.4182
3.2700 2.4036 3.2700 2.6623
3.2000 2.5514 3.2000 2.8321
3.1100 2.6777 3.1100 2.9796
3.0200 2.7397 3.0200 3.0557
2.9500 2.7359 2.9500 3.0557
2.8600 2.8432 2.8600 3.1761
2.7600 2.8693 2.7600 3.2056
2.6900 2.9089 2.6900 3.2493
2.6400 2.9695 2.6400 3.3172
2.6200 2.9912 2.6200 3.3427
2.5800 2.9672 2.5800 3.3164
2.5200 2.8641 2.5200 3.2101
2.5000 2.7539 2.5000 3.1284
2.4800 2.5838 2.4800 2.9154
2.4400 2.4117 2.4400 2.7042
2.4100 2.2945 2.4100 2.5641
2.3500 2.2612 2.3500 2.5141
2.2800 2.1638 2.2800 2.4036
2.1800 2.0545 2.1800 2.2851
2.0900 2.0464 2.0900 2.2649
2.0000 2.0748 2.0000 2.2856
1.9300 2.1736 1.9300 2.3992
1.8200 2.1654 1.8200 2.3941
1.7100 2.0821 1.7100 2.3025
1.6100 2.1262 1.6100 2.3547
1.5400 2.1377 1.5400 2.3672
1.4700 2.0879 1.4700 2.3087
1.4000 2.0768 1.4000 2.2971
1.3500 1.9611 1.3500 2.1637
1.3000 1.8483 1.3000 2.0294
1.2700 1.6739 1.2700 1.8429
1.2300 1.5671 1.2300 1.7235
1.2100 1.4808 1.2100 1.6233
1.1800 1.4612 1.1800 1.5907
1.1500 1.3264 1.1500 1.4399
1.1300 1.2196 1.1300 1.3135
1.1100 1.1433 1.1100 1.2712
1.1000 1.1366 1.1000 1.2809
1.0800 1.1218 1.0800 1.2228
1.0600 1.0905 1.0600 1.1479
1.0400 1.0980 1.0400 1.1552
1.0100 1.0851 1.0100 1.1361
0.9900 1.1159 0.9900 1.1662
0.9800 1.0991 0.9800 1.1448
0.9600 1.1259 0.9600 1.1702
0.9500 1.1107 0.9500 1.1525
0.9500 1.0889 0.9500 1.1296
0.9500 1.0933 0.9500 1.1326
0.8200 1.0851 0.8200 1.1202
0.8200 1.1033 0.8200 1.1387
0.8100 1.0855 0.8100 1.1182
0.8100 1.0677 0.8100 1.0998
0.8100 1.0498 0.8100 1.0803
0.8400 1.0048 0.8400 1.0368
0.8800 0.9943 0.8800 1.0504
0.9100 1.0054 0.9100 1.0552
0.9200 0.9864 0.9200 1.0175
0.9300 0.9961 0.9300 1.0205
0.9200 1.0218 0.9200 1.0418
0.9200 1.0383 0.9200 1.0617
0.9300 0.7552 0.9300 0.7882
0.9400 0.9724 0.9400 1.0230
0.9400 1.0215 0.9400 1.0582
0.9400 0.9410 0.9400 0.9700
0.9300 0.9196 0.9300 0.9434
0.9000 1.0012 0.9000 1.0158
0.8900 1.1025 0.8900 1.1364
0.8600 1.1471 0.8600 1.1914
0.8400 1.1363 0.8400 1.1836
0.8300 1.1239 0.8300 1.1718
0.8000 1.0653 0.8000 1.1039
0.7900 1.0481 0.7900 1.0808
0.7800 1.0635 0.7800 1.0955
0.7700 1.0780 0.7700 1.1109
0.7500 1.0718 0.7500 1.1043
0.7400 1.0653 0.7400 1.0980
0.7400 1.0349 0.7400 1.0633
0.7500 0.9618 0.7500 0.9884
0.8000 0.9833 0.8000 1.0264
0.8500 0.9456 0.8500 0.9842
0.9100 0.9388 0.9100 0.9774
0.9600 0.9520 0.9600 0.9858
0.9600 0.8943 0.9600 0.9219
0.9700 0.9245 0.9700 0.9539
0.9600 0.9224 0.9600 0.9447
0.9100 0.9118 0.9100 0.9322
0.8900 0.8918 0.8900 0.9117
0.9000 0.8986 0.9000 0.9160
0.9000 0.9300 0.9000 0.9461
0.9100 0.9384 0.9100 0.9523
0.9000 1.0218 0.9000 1.0393
0.9100 1.1222 0.9100 1.1586
0.9200 1.2246 0.9200 1.2882
0.9100 1.2664 0.9100 1.3578
0.9000 1.2111 0.9000 1.2786
0.8800 1.1811 0.8800 1.2443
0.8500 1.1051 0.8500 1.1539
0.8400 0.9558 0.8400 1.0040
0.8500 0.9981 0.8500 1.0522
0.8400 1.0399 0.8400 1.0822
0.8400 0.9934 0.8400 1.0284
0.8500 1.0339 0.8500 1.0541
0.8600 1.0119 0.8600 1.0332
0.8500 1.0417 0.8500 1.0691
0.8300 1.0629 0.8300 1.0937
0.8200 1.0274 0.8200 1.0532
0.8200 1.0058 0.8200 1.0284
0.8200 0.9577 0.8200 0.9872
0.8300 0.9386 0.8300 0.9772
0.8600 0.9685 0.8600 1.0068
0.9000 0.9918 0.9000 1.0221
0.9400 0.9379 0.9400 0.9610
0.9800 0.9566 0.9800 0.9662
1.0100 0.9889 1.0100 1.0053
1.0300 1.0109 1.0300 1.0316
1.0500 0.9825 1.0500 1.0000
1.0700 0.9326 1.0700 0.9435
1.0500 0.9529 1.0500 0.9823
1.0200 0.9771 1.0200 1.0052
1.0000 0.9614 1.0000 0.9865
0.9500 0.9705 0.9500 0.9862
0.8800 1.0449 0.8800 1.0693
0.8300 1.1278 0.8300 1.1671
0.8300 1.1951 0.8300 1.2482
0.8300 1.2488 0.8300 1.3144
0.8400 1.2661 0.8400 1.3382
0.8400 1.2575 0.8400 1.3302
0.8300 1.2550 0.8300 1.3272
0.8000 1.2573 0.8000 1.3288
0.7500 1.1650 0.7500 1.2215
0.7000 1.0760 0.7000 1.1167
0.6700 1.0322 0.6700 1.0901
0.6400 0.9676 0.6400 1.0263
0.6100 0.9096 0.6100 0.9610
0.6000 0.9238 0.6000 0.9680
0.6200 0.9894 0.6200 1.0341
0.6800 0.9602 0.6800 0.9910
0.8000 0.9448 0.8000 0.9463
0.9100 0.9674 0.9100 0.9768
1.0300 0.9502 1.0300 0.9617
1.1400 0.9037 1.1400 0.9300
1.2000 0.8702 1.2000 0.9004
1.1700 0.8818 1.1700 0.9068
1.1800 0.9042 1.1800 0.9236
1.1800 0.8759 1.1800 0.8862
1.1700 0.8337 1.1700 0.8365
1.1400 0.8412 1.1400 0.8436
1.1000 0.8908 1.1000 0.8870
1.0600 0.9632 1.0600 0.9684
1.0100 1.1825 1.0100 1.2443
0.9400 1.2618 0.9400 1.3514
0.9000 1.3502 0.9000 1.4535
0.8700 1.4231 0.8700 1.5388
0.8400 1.4514 0.8400 1.5736
0.8200 1.3917 0.8200 1.5089
0.8100 1.3648 0.8100 1.4736
0.8200 1.2904 0.8200 1.3770
0.8400 1.2304 0.8400 1.2968
0.8300 1.1560 0.8300 1.2064
0.8100 1.0676 0.8100 1.1078
0.8000 1.0164 0.8000 1.0924
0.7900 0.9795 0.7900 1.0515
0.8100 0.9233 0.8100 0.9820
0.8300 0.9505 0.8300 1.0044
0.8600 0.9496 0.8600 0.9967
0.8800 0.9092 0.8800 0.9481
0.8900 0.8976 0.8900 0.9321
0.8700 0.9041 0.8700 0.9300
0.8700 0.9491 0.8700 0.9720
0.8600 0.9887 0.8600 1.0003
0.8600 0.9659 0.8600 0.9781
0.8800 0.9220 0.8800 0.9306
0.8900 0.9403 0.8900 0.9657
0.9100 0.9540 0.9100 0.9797
0.9300 0.9953 0.9300 1.0220
0.9500 1.0008 0.9500 1.0164
0.9600 1.0670 0.9600 1.0952
0.9700 1.0956 0.9700 1.1323
0.9900 1.0892 0.9900 1.1281
1.0000 1.0126 1.0000 1.0415
1.0200 1.0002 1.0200 1.0313
1.0400 0.9911 1.0400 1.0279
1.0600 0.9827 1.0600 1.0165
1.0700 1.0272 1.0700 1.0512
1.0900 1.0438 1.0900 1.0693
1.1100 1.0880 1.1100 1.1221
1.1200 1.1187 1.1200 1.1599
1.1300 1.1421 1.1300 1.1886
1.1400 1.1393 1.1400 1.1867
1.1500 1.1366 1.1500 1.1841
1.1500 1.1626 1.1500 1.2137
1.1600 1.1595 1.1600 1.2100
1.1800 1.1882 1.1800 1.2429
1.1900 1.2118 1.1900 1.2710
1.2100 1.2324 1.2100 1.2956
1.2100 1.2281 1.2100 1.2917
1.2200 1.2506 1.2200 1.3181
1.2400 1.2710 1.2400 1.3419
1.2400 1.2645 1.2400 1.3347
1.2500 1.2649 1.2500 1.3355
1.2500 1.2651 1.2500 1.3358
1.2500 1.2688 1.2500 1.3395
1.2600 1.2498 1.2600 1.3172
1.2700 1.2630 1.2700 1.3319
1.2800 1.3001 1.2800 1.3744
1.2900 1.3050 1.2900 1.3805
1.3200 1.3396 1.3200 1.4213
1.3400 1.3127 1.3400 1.3922
1.3700 1.3207 1.3700 1.4015
1.3900 1.3546 1.3900 1.4401
1.4100 1.3285 1.4100 1.4101
1.4200 1.3431 1.4200 1.4269
1.4300 1.3248 1.4300 1.4063
1.4400 1.3132 1.4400 1.3922
1.4500 1.3346 1.4500 1.4158
1.4700 1.3486 1.4700 1.4318
1.4800 1.3645 1.4800 1.4506
1.4900 1.3768 1.4900 1.4660
1.5000 1.4387 1.5000 1.5383
1.5100 1.4608 1.5100 1.5655
1.5200 1.5083 1.5200 1.6221
1.5200 1.5196 1.5200 1.6378
1.5200 1.5294 1.5200 1.6506
1.5200 1.5160 1.5200 1.6358
1.5200 1.5074 1.5200 1.6253
1.5200 1.5068 1.5200 1.6235
1.5200 1.5089 1.5200 1.6250
1.5100 1.5427 1.5100 1.6634
1.5000 1.5429 1.5000 1.6644
1.5100 1.5473 1.5100 1.6703
1.5100 1.5520 1.5100 1.6764
1.5200 1.5560 1.5200 1.6810
1.5200 1.5637 1.5200 1.6896
1.5200 1.5439 1.5200 1.6669
1.5200 1.5320 1.5200 1.6528
1.5300 1.5237 1.5300 1.6424
1.5400 1.5187 1.5400 1.6356
1.5500 1.5178 1.5500 1.6337
1.5600 1.5170 1.5600 1.6326
1.5700 1.4900 1.5700 1.6015
1.5800 1.4703 1.5800 1.5781
1.5800 1.5079 1.5800 1.6204
1.5900 1.5077 1.5900 1.6200
1.5900 1.5384 1.5900 1.6559
2.1300 2.0015 2.1300 2.2161
2.1300 2.0072 2.1300 2.2220
2.1500 1.9917 2.1500 2.2007
2.1700 1.9539 2.1700 2.1569
2.1800 1.9539 2.1800 2.1561
2.1900 1.9251 2.1900 2.1213
2.2000 1.9368 2.2000 2.1331
2.2700 1.9733 2.2700 2.1751
2.3600 1.9977 2.3600 2.2042
2.4600 2.0138 2.4600 2.2300
2.5400 2.0403 2.5400 2.2771
2.6300 2.0232 2.6300 2.2490
2.7300 2.0357 2.7300 2.2640
2.7900 2.0225 2.7900 2.2401
2.8500 2.0586 2.8500 2.2915
2.9400 2.0848 2.9400 2.3291
3.0000 2.0829 3.0000 2.3281
3.0400 2.0867 3.0400 2.3335
2.9900 2.0886 2.9900 2.3363
2.9300 2.2153 2.9300 2.4510
2.8100 2.3034 2.8100 2.5510
2.6700 2.3834 2.6700 2.6432
2.5700 2.4160 2.5700 2.6833
2.5100 2.4787 2.5100 2.7565
2.4600 2.5721 2.4600 2.8628
2.4200 2.5989 2.4200 2.8946
2.4100 2.6337 2.4100 2.9348
2.3800 2.7109 2.3800 3.0223
2.2900 2.7505 2.2900 3.0674
2.1900 2.7610 2.1900 3.0801
2.1000 2.6332 2.1000 2.9436
2.0400 2.4897 2.0400 2.8141
2.0000 2.1610 2.0000 2.4208
1.9500 1.8847 1.9500 2.1260
1.8900 1.8172 1.8900 2.0377
1.8500 1.8670 1.8500 2.0611
1.8200 1.9257 1.8200 2.1111
1.7700 1.9778 1.7700 2.1643
1.7200 2.0738 1.7200 2.2825
1.6700 2.0598 1.6700 2.2720
1.6100 1.8654 1.6100 2.0499
1.5500 1.6894 1.5500 1.8621
1.4900 1.5725 1.4900 1.7297
1.4500 1.5664 1.4500 1.7128
1.4400 1.6142 1.4400 1.7500
1.4500 1.6055 1.4500 1.7315
1.4900 1.5562 1.4900 1.6788
1.5200 1.5564 1.5200 1.6749
1.5500 1.5670 1.5500 1.6845
1.5600 1.5122 1.5600 1.6241
1.5600 1.4656 1.5600 1.5740
1.5500 1.4158 1.5500 1.5163
1.5300 1.3420 1.5300 1.4375
1.5200 1.2827 1.5200 1.3728
1.5000 1.2268 1.5000 1.3073
1.4800 1.2283 1.4800 1.3023
1.4700 1.2990 1.4700 1.3676
1.4600 1.3953 1.4600 1.4739
1.4200 1.5421 1.4200 1.6488
1.3900 1.6165 1.3900 1.7432
1.3600 1.6517 1.3600 1.8108
1.3300 1.6414 1.3300 1.7940
1.3100 1.6052 1.3100 1.7450
1.3100 1.5507 1.3100 1.6800
1.3000 1.4849 1.3000 1.6002
1.2900 1.4690 1.2900 1.5774
1.2800 1.4305 1.2800 1.5299
1.2800 1.4045 1.2800 1.4978
1.2800 1.4105 1.2800 1.5035
1.2900 1.4097 1.2900 1.5020
1.2900 1.3297 1.2900 1.4097
1.2900 1.2939 1.2900 1.3673
1.2800 1.2585 1.2800 1.3253
1.2700 1.2287 1.2700 1.2925
1.2600 1.2330 1.2600 1.2939
1.2400 1.2798 1.2400 1.3436
1.2300 1.2858 1.2300 1.3521
1.2400 1.2876 1.2400 1.3563
1.2500 1.2828 1.2500 1.3526
1.2400 1.2990 1.2400 1.3716
1.2400 1.3111 1.2400 1.3855
1.2300 1.3447 1.2300 1.4247
1.2200 1.3432 1.2200 1.4247
1.1900 1.3410 1.1900 1.4234
1.1700 1.3126 1.1700 1.3913
1.1600 1.2891 1.1600 1.3633
1.1500 1.2726 1.1500 1.3426
1.1500 1.2326 1.1500 1.2951
1.1300 1.2300 1.1300 1.2904
1.1300 1.2764 1.1300 1.3428
1.1400 1.3107 1.1400 1.3828
1.1400 1.2870 1.1400 1.3577
1.1300 1.2925 1.1300 1.3659
1.1300 1.2650 1.1300 1.3348
1.1300 1.2451 1.1300 1.3103
1.1300 1.1800 1.1300 1.2340
1.1100 1.1533 1.1100 1.2011
1.1000 1.1578 1.1000 1.2039
1.1100 1.1582 1.1100 1.2028
1.1100 1.1867 1.1100 1.2356
1.1000 1.1515 1.1000 1.1970
1.1000 1.1742 1.1000 1.2236
1.1000 1.2125 1.1000 1.2679
1.0300 1.2136 1.0300 1.2699
1.0400 1.1935 1.0400 1.2481
1.0400 1.1974 1.0400 1.2535
1.0300 1.1986 1.0300 1.2545
1.0600 1.2012 1.0600 1.2566
1.1000 1.1531 1.1000 1.2015
1.1700 1.1402 1.1700 1.1861
1.2200 1.1791 1.2200 1.2294
1.2500 1.1822 1.2500 1.2324
1.2600 1.1642 1.2600 1.2126
1.2600 1.1720 1.2600 1.2227
1.2400 1.1736 1.2400 1.2248
1.2100 1.0000 1.2100 1.0359
1.1600 1.0698 1.1600 1.1314
1.1100 1.0862 1.1100 1.1390
1.0700 1.0790 1.0700 1.1080
1.0300 1.1852 1.0300 1.2318
0.9800 1.2717 0.9800 1.3358
0.9200 1.4196 0.9200 1.5196
0.8600 1.4581 0.8600 1.5790
0.8200 1.4628 0.8200 1.5867
0.7800 1.4404 0.7800 1.5612
0.7400 1.3847 0.7400 1.4865
0.7100 1.2940 0.7100 1.3773
0.6800 1.2061 0.6800 1.2701
0.6600 1.0939 0.6600 1.1462
0.6700 1.0207 0.6700 1.1082
0.7000 1.0237 0.7000 1.1061
0.7300 0.9891 0.7300 1.0620
0.7500 0.9389 0.7500 1.0021
0.7800 0.8983 0.7800 0.9507
0.7900 0.8946 0.7900 0.9385
0.8000 0.9217 0.8000 0.9607
0.8200 0.8978 0.8200 0.9279
0.8300 0.8603 0.8300 0.8822
0.8400 0.8562 0.8400 0.8745
0.8400 0.8468 0.8400 0.8606
0.8400 0.8573 0.8400 0.8694
0.8500 0.9000 0.8500 0.9081
0.8600 0.9302 0.8600 0.9341
0.8600 0.9520 0.8600 0.9574
0.8700 0.9874 0.8700 1.0035
0.8700 1.0348 0.8700 1.0623
0.8700 1.0207 0.8700 1.0487
0.8900 1.0116 0.8900 1.0382
0.9000 1.0314 0.9000 1.0601
0.9100 1.0237 0.9100 1.0506
0.9300 1.0267 0.9300 1.0534
0.9500 1.0052 0.9500 1.0290
0.9800 0.9902 0.9800 1.0113
1.0000 1.0060 1.0000 1.0307
1.0000 1.0186 1.0000 1.0419
1.0200 1.0087 1.0200 1.0307
1.0400 1.0265 1.0400 1.0517
1.0700 1.0145 1.0700 1.0385
1.1100 1.0072 1.1100 1.0298
1.1400 1.0522 1.1400 1.0809
1.1700 1.0612 1.1700 1.0917
1.1800 1.0740 1.1800 1.1073
1.2000 1.1086 1.2000 1.1482
1.2200 1.1338 1.2200 1.1784
1.2200 1.1841 1.2200 1.2369
1.2400 1.1990 1.2400 1.2560
1.2600 1.1632 1.2600 1.2168
1.2700 1.1891 1.2700 1.2465
1.2900 1.2076 1.2900 1.2671
1.3200 1.2546 1.3200 1.3204
1.3600 1.3228 1.3600 1.4003
1.4000 1.3504 1.4000 1.4353
1.4500 1.3788 1.4500 1.4709
1.4800 1.3497 1.4800 1.4394
1.5000 1.3575 1.5000 1.4481
1.5200 1.3682 1.5200 1.4592
1.5400 1.3291 1.5400 1.4132
1.5800 1.3605 1.5800 1.4483
1.6000 1.3827 1.6000 1.4739
1.6300 1.3798 1.6300 1.4707
1.6600 1.4102 1.6600 1.5063
1.6900 1.4567 1.6900 1.5612
1.7300 1.5242 1.7300 1.6402
1.7700 1.5661 1.7700 1.7081
1.8000 1.6180 1.8000 1.7661
1.8400 1.6272 1.8400 1.7819
1.8700 1.6242 1.8700 1.7889
1.8900 1.6280 1.8900 1.7819
1.9100 1.6347 1.9100 1.7787
1.9300 1.6895 1.9300 1.8509
1.9300 1.6898 1.9300 1.8505
1.9300 1.7170 1.9300 1.8927
1.9500 1.7397 1.9500 1.9231
1.9600 1.7642 1.9600 1.9519
1.9700 1.8094 1.9700 1.9956
1.9800 1.8421 1.9800 2.0249
1.9900 1.8578 1.9900 2.0460
1.9900 1.8925 1.9900 2.0810
1.9900 1.9066 1.9900 2.1010
1.9900 1.9073 1.9900 2.1140
2.0100 1.9124 2.0100 2.1261
2.0400 1.9208 2.0400 2.1384
2.0700 1.8967 2.0700 2.0925
2.0700 1.8716 2.0700 2.0608
2.1000 1.9111 2.1000 2.1047
2.1300 1.9140 2.1300 2.1070
2.1500 1.9250 2.1500 2.1198
2.1700 1.9279 2.1700 2.1303
2.1600 1.9347 2.1600 2.1363
2.1600 1.9172 2.1600 2.1127
2.1600 1.9042 2.1600 2.0972
2.1600 1.8958 2.1600 2.0867
2.1800 1.9484 2.1800 2.1464
2.1900 1.9996 2.1900 2.2268
2.2000 2.0342 2.2000 2.2613
2.2100 2.0017 2.2100 2.2338
2.2300 2.0431 2.2300 2.2739
2.2400 2.0768 2.2400 2.3093
2.2600 2.0897 2.2600 2.3286
2.2600 2.0996 2.2600 2.3358
2.2600 2.0451 2.2600 2.2877
2.2700 2.0409 2.2700 2.2638
2.2900 2.0276 2.2900 2.2456
2.3100 2.0220 2.3100 2.2363
2.3200 2.0781 2.3200 2.3061
2.3400 2.0807 2.3400 2.3207
2.3600 2.0908 2.3600 2.3370
2.3700 2.0957 2.3700 2.3439
2.3800 2.1228 2.3800 2.3751
2.3800 2.1271 2.3800 2.3804
2.3500 2.1502 2.3500 2.4054
2.3400 2.1276 2.3400 2.3826
2.3300 2.1176 2.3300 2.3639
2.3100 2.1324 2.3100 2.3823
2.3000 2.1638 2.3000 2.4226
2.2900 2.1906 2.2900 2.4526
2.2800 2.1859 2.2800 2.4458
2.2800 2.2077 2.2800 2.4650
2.2900 2.2269 2.2900 2.4860
2.2800 2.2260 2.2800 2.4923
2.2800 2.2271 2.2800 2.4959
2.2700 2.2083 2.2700 2.4783
2.2700 2.1242 2.2700 2.3639
2.2900 2.1126 2.2900 2.3471
2.3300 2.1001 2.3300 2.3293
2.3400 2.0660 2.3400 2.2870
2.7000 2.0744 2.7000 2.2957
2.7000 2.0704 2.7000 2.2915
2.6900 2.0673 2.6900 2.2875
2.6800 2.0928 2.6800 2.3172
2.6700 2.1341 2.6700 2.3670
2.6600 2.1056 2.6600 2.3345
2.6500 2.1146 2.6500 2.3459
2.6300 2.0859 2.6300 2.3132
2.6100 2.0950 2.6100 2.3225
2.5900 2.1530 2.5900 2.3996
2.5900 2.2218 2.5900 2.4762
2.5600 2.2132 2.5600 2.4682
2.5300 2.7094 2.5300 3.0071
2.5200 2.5306 2.5200 2.8146
2.5500 2.4595 2.5500 2.7394
2.6500 2.3714 2.6500 2.6443
2.7700 2.3819 2.7700 2.6951
2.8600 2.3804 2.8600 2.6660
2.9000 2.3639 2.9000 2.6422
2.8900 2.3254 2.8900 2.5973
2.9600 2.2967 2.9600 2.5632
3.0000 2.2724 3.0000 2.5338
3.0100 2.3128 3.0100 2.5788
2.9700 2.2480 2.9700 2.5038
2.9100 2.2023 2.9100 2.4506
2.8700 2.2219 2.8700 2.4724
2.8500 2.3351 2.8500 2.6166
2.8400 2.5122 2.8400 2.7895
2.8500 2.6141 2.8500 2.9064
2.9100 2.6534 2.9100 2.9547
2.9200 2.6293 2.9200 2.9317
2.9500 2.5819 2.9500 2.8804
2.9600 2.7038 2.9600 3.0151
2.9300 2.7439 2.9300 3.0589
2.9100 2.7274 2.9100 3.0407
2.9000 2.6000 2.9000 2.9256
2.8900 2.4520 2.8900 2.7637
2.8900 2.3861 2.8900 2.6765
2.8500 2.4042 2.8500 2.6876
2.7900 2.4540 2.7900 2.7409
2.6300 2.5275 2.6300 2.8466
2.6200 2.6454 2.6200 2.9452
2.6100 2.6308 2.6100 2.9305
2.5800 2.6575 2.5800 2.9616
2.5400 2.6446 2.5400 2.9485
2.5300 2.5731 2.5300 2.9081
2.5100 2.5464 2.5100 2.8767
2.4600 2.5348 2.4600 2.8548
2.3900 2.5371 2.3900 2.8472
2.3700 2.5559 2.3700 2.8829
2.3500 2.4656 2.3500 2.7650
2.3300 2.3289 2.3300 2.6061
2.2900 1.9244 2.2900 2.1534
2.2600 2.0894 2.2600 2.3135
2.2500 2.1824 2.2500 2.4115
2.2400 2.1981 2.2400 2.4283
2.1000 2.1797 2.1000 2.4150
1.9100 2.2088 1.9100 2.4556
1.7400 2.1969 1.7400 2.4407
1.8600 2.0992 1.8600 2.3265
1.8900 1.9664 1.8900 2.1721
1.9400 2.0051 1.9400 2.2129
1.9800 2.0237 1.9800 2.2301
1.9900 2.0402 1.9900 2.2480
2.0100 1.9858 2.0100 2.1884
1.9900 1.9596 1.9900 2.1596
1.9900 1.9922 1.9900 2.1958
1.9900 2.0091 1.9900 2.2143
1.9900 1.6453 1.9900 1.8066
1.9500 1.2733 1.9500 1.4033
1.9100 1.1995 1.9100 1.3934
1.8800 1.7268 1.8800 1.9419
1.8700 1.7804 1.8700 1.9052
1.7700 1.9596 1.7700 2.1628
1.5600 1.9225 1.5600 2.1187
1.4300 1.9348 1.4300 2.1348
1.6600 1.9974 1.6600 2.2253
1.7600 1.9054 1.7600 2.1066
1.8100 1.8917 1.8100 2.0858
1.8500 1.8852 1.8500 2.0744
1.8600 1.8825 1.8600 2.0686
1.8600 1.7760 1.8600 1.9448
1.8600 1.6948 1.8600 1.8493
1.8900 1.6595 1.8900 1.8044
1.9200 1.6857 1.9200 1.8295
1.9100 1.4571 1.9100 1.5763
1.9100 1.0280 1.9100 1.1056
1.9400 1.1168 1.9400 1.2625
1.9900 1.8169 1.9900 2.0086
2.1200 1.9348 2.1200 2.1210
2.2000 1.8913 2.2000 2.0747
2.2700 1.8074 2.2700 1.9902
2.3200 1.8407 2.3200 2.0286
2.3600 1.8788 2.3600 2.0823
2.3400 1.8240 2.3400 2.0086
2.3000 1.8821 2.3000 2.0699
2.2500 1.9231 2.2500 2.1302
2.2000 1.8689 2.2000 2.0550
2.1600 1.8535 2.1600 2.0388
2.0900 1.9107 2.0900 2.1145
1.9900 1.9973 1.9900 2.2197
1.9200 2.1580 1.9200 2.3811
1.8600 2.1825 1.8600 2.4127
1.8300 2.2158 1.8300 2.4537
1.8200 2.2262 1.8200 2.4683
1.8100 2.2603 1.8100 2.5072
1.7900 2.2128 1.7900 2.4703
1.7800 2.0860 1.7800 2.3294
1.8400 1.9438 1.8400 2.1554
1.9200 1.8476 1.9200 2.0327
2.0000 1.8176 2.0000 1.9890
2.0800 1.7052 2.0800 1.8588
2.1300 1.5361 2.1300 1.6816
2.1400 1.4869 2.1400 1.6215
2.1900 1.4594 2.1900 1.5798
2.2200 1.5182 2.2200 1.6339
2.2300 1.6057 2.2300 1.7220
2.2400 1.6517 2.2400 1.7809
2.2600 1.6486 2.2600 1.7831
2.2800 1.6605 2.2800 1.8007
2.2900 1.8539 2.2900 2.0274
2.3000 1.9798 2.3000 2.1775
2.3000 2.0389 2.3000 2.2464
2.3000 2.0793 2.3000 2.2954
2.3000 2.0945 2.3000 2.3156
2.2600 2.0885 2.2600 2.3101
2.2500 2.1467 2.2500 2.3750
2.2700 2.1687 2.2700 2.3997
2.3300 2.1526 2.3300 2.3992
2.3300 2.1362 2.3300 2.3850
2.3300 2.1481 2.3300 2.4015
2.3500 2.1747 2.3500 2.4352
2.3500 2.1692 2.3500 2.4303
2.3300 2.1671 2.3300 2.4285
2.3900 2.1501 2.3900 2.4097
2.4500 2.1445 2.4500 2.3915
2.5300 2.1405 2.5300 2.3797
2.5500 2.0187 2.5500 2.2367
2.5500 2.0241 2.5500 2.2398
2.5500 2.1081 2.5500 2.3344
2.5500 2.2439 2.5500 2.4996
2.5400 2.2053 2.5400 2.4588
2.5300 2.1759 2.5300 2.4296
2.5200 2.2015 2.5200 2.4590
2.5200 2.1899 2.5200 2.4565
2.5500 2.1351 2.5500 2.3742
2.5800 2.2692 2.5800 2.5270
2.5800 2.3424 2.5800 2.5971
2.5600 2.4232 2.5600 2.6889
2.5500 2.3773 2.5500 2.6410
2.5600 2.3472 2.5600 2.6092
2.5900 2.3411 2.5900 2.6222
2.6100 2.3297 2.6100 2.6233
2.5900 2.3061 2.5900 2.5776
2.5900 2.2829 2.5900 2.5482
2.5800 2.2659 2.5800 2.5272
2.6000 2.2838 2.6000 2.5465
2.6300 2.3544 2.6300 2.6448
2.8000 2.4997 2.8000 2.7924
2.9600 2.4729 2.9600 2.7655
3.0700 2.3210 3.0700 2.5931
3.1400 2.3848 3.1400 2.6657
3.1500 2.5245 3.1500 2.8391
3.1200 2.6417 3.1200 2.9452
3.0700 2.4510 3.0700 2.7647
3.0100 2.2560 3.0100 2.5278
3.0200 2.4511 3.0200 2.7507
3.0200 2.4018 3.0200 2.6828
2.9900 2.4049 2.9900 2.6837
2.9500 2.3965 2.9500 2.6986
2.9200 2.5728 2.9200 2.8624
2.8700 2.7956 2.8700 3.1113
2.8300 2.8383 2.8300 3.1637
2.7600 2.8279 2.7600 3.1572
2.7500 2.7647 2.7500 3.0903
2.7300 2.7380 2.7300 3.0596
2.7000 2.6271 2.7000 2.9776
2.6800 2.4702 2.6800 2.7811
2.6700 2.5935 2.6700 2.9114
2.6800 2.6438 2.6800 2.9693
2.6200 2.5928 2.6200 2.9126
2.5600 2.5205 2.5600 2.8302
2.6100 2.4769 2.6100 2.7799
2.6500 2.3850 2.6500 2.6688
2.6200 2.3545 2.6200 2.6290
2.5200 2.2312 2.5200 2.4843
2.4900 2.3203 2.4900 2.5839
2.4500 2.3393 2.4500 2.6049
2.4900 2.3182 2.4900 2.5816
2.5100 2.3285 2.5100 2.5962
2.4600 2.3436 2.4600 2.6156
2.4200 2.4086 2.4200 2.6980
2.3400 2.2491 2.3400 2.5077
2.2600 2.1327 2.2600 2.3724
2.1800 2.3624 2.1800 2.6391
2.1600 2.4519 2.1600 2.7526
2.1400 2.3740 2.1400 2.6687
2.1100 2.1011 2.1100 2.3427
2.0700 2.0820 2.0700 2.3170
2.0000 2.0319 2.0000 2.2474
1.9800 2.2536 1.9800 2.4950
2.0400 2.3207 2.0400 2.6001
2.1200 2.1903 2.1200 2.4364
2.0800 2.1108 2.0800 2.3481
2.0200 1.9090 2.0200 2.1117
2.0200 1.7766 2.0200 1.9618
2.0300 1.6836 2.0300 1.8537
2.0000 1.7751 2.0000 1.9303
1.9800 1.8332 1.9800 1.9947
2.1100 1.7857 2.1100 1.9569
2.1400 1.8192 2.1400 2.0094
2.1900 1.8454 2.1900 2.0425
2.2800 1.8980 2.2800 2.0870
2.3900 1.9283 2.3900 2.1221
2.5000 1.9494 2.5000 2.1466
2.5800 2.0014 2.5800 2.2060
2.6900 2.1309 2.6900 2.3521
2.7300 2.1012 2.7300 2.3215
2.7400 1.9967 2.7400 2.2209
2.8500 1.9733 2.8500 2.2095
2.9300 1.9752 2.9300 2.1883
2.9000 2.0278 2.9000 2.2393
2.8700 2.0783 2.8700 2.3186
2.8500 2.1341 2.8500 2.3590
2.8400 2.2355 2.8400 2.4737
2.8500 2.3353 2.8500 2.5878
2.8600 2.4167 2.8600 2.6823
2.9000 2.4475 2.9000 2.7205
2.9000 2.5413 2.9000 2.8280
2.8900 2.5373 2.8900 2.8254
2.9500 2.5219 2.9500 2.8088
3.1300 2.6561 3.1300 2.9586
3.2100 2.7207 3.2100 3.0314
3.2400 2.6306 3.2400 2.9318
3.2500 2.5315 3.2500 2.8363
3.2400 2.4802 3.2400 2.8066
3.2500 2.4776 3.2500 2.7818
3.2700 2.5484 3.2700 2.8605
3.2500 2.5553 3.2500 2.8753
3.2200 2.6306 3.2200 2.9293
3.2400 2.6025 3.2400 2.9034
3.2700 2.5663 3.2700 2.8826
3.2700 2.6754 3.2700 2.9811
3.2800 2.9155 3.2800 3.2495
3.2900 2.9371 3.2900 3.2768
3.2700 2.8728 3.2700 3.2097
3.2300 2.8204 3.2300 3.1544
3.1800 2.8363 3.1800 3.1725
3.1300 2.8703 3.1300 3.2392
3.0900 2.8891 3.0900 3.2408
3.0000 2.8223 3.0000 3.1841
2.9700 2.7585 2.9700 3.1261
2.9600 2.8193 2.9600 3.1757
2.9100 2.8901 2.9100 3.2363
2.8600 2.8757 2.8600 3.2205
2.7900 2.8694 2.7900 3.2045
2.6800 2.8732 2.6800 3.2094
2.6500 2.8279 2.6500 3.1924
2.5900 2.7504 2.5900 3.1174
2.5200 2.6466 2.5200 2.9849
2.4800 2.5647 2.4800 2.8840
2.4200 2.5405 2.4200 2.8497
2.3700 2.3628 2.3700 2.6409
2.3300 2.4206 2.3300 2.7040
2.2800 2.4999 2.2800 2.7941
2.2500 2.4258 2.2500 2.7085
2.2200 2.3754 2.2200 2.6524
2.1500 2.2486 2.1500 2.5075
1.8300 2.0317 1.8300 2.2594
1.8100 2.1195 1.8100 2.3444
1.7800 2.0663 1.7800 2.2791
1.7500 2.0014 1.7500 2.2040
1.7200 2.0312 1.7200 2.2375
1.6900 1.9583 1.6900 2.1541
1.7300 1.9381 1.7300 2.1281
1.8000 1.9364 1.8000 2.1259
1.8600 1.8887 1.8600 2.0704
1.8900 1.9086 1.8900 2.0925
1.8800 1.9060 1.8800 2.0901
1.8600 1.7795 1.8600 1.9441
1.8700 1.0348 1.8700 1.1291
1.8800 1.4261 1.8800 1.6518
1.9000 1.4853 1.9000 1.6784
1.9300 1.4296 1.9300 1.5293
1.9300 1.5194 1.9300 1.6214
1.9500 1.4971 1.9500 1.6025
1.9400 1.6836 1.9400 1.8207
1.9000 1.8618 1.9000 2.0564
1.8400 1.9243 1.8400 2.1146
1.8000 1.9123 1.8000 2.1045
1.7800 1.8624 1.7800 2.0600
1.7700 1.7954 1.7700 1.9802
1.7700 1.8048 1.7700 1.9832
1.7700 1.8194 1.7700 1.9935
1.7600 1.8717 1.7600 2.0520
1.7400 1.9195 1.7400 2.1325
1.7300 1.8916 1.7300 2.0926
1.7300 1.9215 1.7300 2.1339
1.7100 1.8706 1.7100 2.0600
1.7100 1.7447 1.7100 1.9122
1.6800 1.6039 1.6800 1.7449
1.6700 1.5496 1.6700 1.6749
1.6100 1.5664 1.6100 1.6869
1.5400 1.6062 1.5400 1.7295
1.4900 1.6611 1.4900 1.7949
1.4400 1.6913 1.4400 1.8344
1.4000 1.6791 1.4000 1.8241
1.3700 1.6381 1.3700 1.7782
1.3400 1.6310 1.3400 1.7692
1.3100 1.6504 1.3100 1.7899
1.2900 1.6099 1.2900 1.7423
1.2700 1.6368 1.2700 1.7732
1.2500 1.5667 1.2500 1.6930
1.2500 1.5702 1.2500 1.6955
1.2500 1.4337 1.2500 1.5366
1.2500 1.3032 1.2500 1.3984
1.2400 1.2585 1.2400 1.3456
1.2300 1.2101 1.2300 1.2842
1.2200 1.2057 1.2200 1.2770
1.2300 1.2177 1.2300 1.2800
1.2300 1.2148 1.2300 1.2729
1.2000 1.2056 1.2000 1.2633
1.2100 1.2140 1.2100 1.2691
1.1900 1.2115 1.1900 1.2644
1.1700 1.2046 1.1700 1.2569
1.1500 1.2457 1.1500 1.3047
1.1300 1.2700 1.1300 1.3340
1.1200 1.2872 1.1200 1.3556
1.1100 1.2715 1.1100 1.3397
1.1200 1.2544 1.1200 1.3210
1.1300 1.2399 1.1300 1.3037
1.1300 1.2786 1.1300 1.3469
1.1100 1.2826 1.1100 1.3515
1.0900 1.2089 1.0900 1.2678
1.1000 1.2559 1.1000 1.3216
1.1600 1.2052 1.1600 1.2628
1.2600 1.1726 1.2600 1.2233
1.3600 1.1483 1.3600 1.1944
1.4300 1.1191 1.4300 1.1596
1.5100 1.1285 1.5100 1.1692
1.5500 1.1292 1.5500 1.1685
1.6400 1.1804 1.6400 1.2278
1.7000 1.2166 1.7000 1.2713
1.7500 1.2167 1.7500 1.2741
1.8100 1.1656 1.8100 1.2174
1.9000 1.1214 1.9000 1.1663
1.9300 1.1619 1.9300 1.2101
1.9300 1.3209 1.9300 1.3909
1.9000 1.5184 1.9000 1.6445
1.9000 1.5870 1.9000 1.7243
1.8800 1.6131 1.8800 1.7578
1.8500 1.6702 1.8500 1.8247
1.8300 1.6900 1.8300 1.8488
1.8300 1.7902 1.8300 1.9612
1.8200 1.8227 1.8200 1.9992
1.8200 1.8490 1.8200 2.0303
1.8200 1.8881 1.8200 2.0757
1.7900 1.9679 1.7900 2.1664
1.7600 1.9731 1.7600 2.1737
1.7200 1.9357 1.7200 2.1336
1.6600 1.8324 1.6600 2.0277
1.6800 1.8055 1.6800 1.9879
1.6800 1.7441 1.6800 1.9078
1.6600 1.6814 1.6600 1.8298
1.6300 1.6676 1.6300 1.8116
1.6200 1.7026 1.6200 1.8506
1.6200 1.7029 1.6200 1.8502
1.6300 1.7303 1.6300 1.8829
1.6400 1.7438 1.6400 1.9009
1.6400 1.6656 1.6400 1.8118
1.6600 1.6108 1.6600 1.7473
1.6700 1.5351 1.6700 1.6571
1.6500 1.4234 1.6500 1.5303
1.6200 1.5609 1.6200 1.6766
1.5900 1.5950 1.5900 1.7160
1.5500 1.5716 1.5500 1.6917
1.5000 1.5241 1.5000 1.6413
1.4700 1.5224 1.4700 1.6400
1.4500 1.5512 1.4500 1.6705
1.4300 1.5993 1.4300 1.7249
1.4100 1.6351 1.4100 1.7688
1.4000 1.6299 1.4000 1.7664
1.3700 1.6799 1.3700 1.8261
1.3600 1.6857 1.3600 1.8342
1.3500 1.6115 1.3500 1.7492
1.3300 1.5330 1.3300 1.6576
1.3100 1.4690 1.3100 1.5803
1.3100 1.3960 1.3100 1.4905
1.3000 1.3180 1.3000 1.4061
1.3000 1.3095 1.3000 1.3898
1.2800 1.3222 1.2800 1.3955
1.2800 1.3286 1.2800 1.4009
1.2800 1.3291 1.2800 1.4030
1.2900 1.3459 1.2900 1.4243
1.3100 1.2993 1.3100 1.3717
1.3300 1.3139 1.3300 1.3881
1.3200 1.3179 1.3200 1.3926
1.3400 1.2910 1.3400 1.3614
1.3700 1.2722 1.3700 1.3398
1.3800 1.3012 1.3800 1.3729
1.3800 1.2947 1.3800 1.3654
1.4000 1.3166 1.4000 1.3908
1.4200 1.2770 1.4200 1.3468
1.4600 1.2956 1.4600 1.3681
1.4700 1.3080 1.4700 1.3822
1.4700 1.3407 1.4700 1.4198
1.4800 1.3954 1.4800 1.4843
1.5100 1.4322 1.5100 1.5294
1.5400 1.3842 1.5400 1.4771
1.5500 1.4265 1.5500 1.5264
1.5600 1.4814 1.5600 1.5899
1.5700 1.4747 1.5700 1.5825
1.5800 1.4526 1.5800 1.5586
1.6000 1.4835 1.6000 1.5951
1.6300 1.5083 1.6300 1.6233
1.6600 1.5882 1.6600 1.7152
1.6900 1.5709 1.6900 1.6981
1.7300 1.5343 1.7300 1.6583
1.7600 1.5360 1.7600 1.6602
1.8000 1.5885 1.8000 1.7188
1.8300 1.6384 1.8300 1.7756
1.8600 1.6265 1.8600 1.7642
1.8900 1.6207 1.8900 1.7600
1.9200 1.6147 1.9200 1.7536
1.9500 1.6143 1.9500 1.7515
1.9800 1.6476 1.9800 1.7887
1.9900 1.7017 1.9900 1.8517
1.9800 1.7347 1.9800 1.9053
2.0000 1.7616 2.0000 1.9478
2.0200 1.8043 2.0200 1.9877
2.0300 1.8228 2.0300 2.0106
2.0500 1.8635 2.0500 2.0504
2.0800 1.8770 2.0800 2.0683
2.1300 1.8958 2.1300 2.0932
2.1700 1.9164 2.1700 2.1180
2.1900 1.9361 2.1900 2.1419
2.1900 1.9596 2.1900 2.1689
2.1500 1.9799 2.1500 2.1906
2.1600 1.9623 2.1600 2.1857
2.2000 1.9166 2.2000 2.1176
2.2300 1.9485 2.2300 2.1568
2.2500 1.9732 2.2500 2.1858
2.2700 1.9776 2.2700 2.1873
2.3300 1.9970 2.3300 2.2263
2.3600 2.0313 2.3600 2.2605
2.3600 2.1072 2.3600 2.3273
2.3500 2.1307 2.3500 2.3549
2.3300 2.1259 2.3300 2.3511
2.3500 2.0924 2.3500 2.3318
2.4000 1.9711 2.4000 2.1880
2.4100 2.0087 2.4100 2.2246
2.4200 2.1133 2.4200 2.3515
2.4300 2.1554 2.4300 2.4075
2.4400 2.1618 2.4400 2.3980
2.4400 2.1616 2.4400 2.3949
2.4600 2.2464 2.4600 2.4883
2.4700 2.2655 2.4700 2.5104
2.4800 2.2302 2.4800 2.4806
2.5000 2.1787 2.5000 2.4469
2.5000 2.1196 2.5000 2.3618
2.5300 2.1876 2.5300 2.4337
2.5400 2.2857 2.5400 2.5514
2.5300 2.2700 2.5300 2.5313
2.5300 2.2627 2.5300 2.5196
2.5400 2.2547 2.5400 2.5178
2.5400 2.2665 2.5400 2.5465
2.5500 2.2581 2.5500 2.5359
2.5900 2.2858 2.5900 2.5647
2.6000 2.2894 2.6000 2.5695
2.6000 2.2971 2.6000 2.5782
2.6100 2.3225 2.6100 2.5967
2.6200 2.3000 2.6200 2.5839
2.6300 2.3562 2.6300 2.6317
2.6300 2.3479 2.6300 2.6258
2.6500 2.3105 2.6500 2.5989
2.6500 2.3060 2.6500 2.5936
2.6300 2.3212 2.6300 2.6100
2.6200 2.3224 2.6200 2.6091
2.6200 2.3375 2.6200 2.6275
2.6300 2.4076 2.6300 2.6803
2.6300 2.3998 2.6300 2.6783
2.6400 2.3796 2.6400 2.6654
2.6700 2.3817 2.6700 2.6684
2.6900 2.3920 2.6900 2.6889
2.7500 2.4079 2.7500 2.7078
2.7600 2.3896 2.7600 2.6889
2.7500 2.4230 2.7500 2.7150
2.7500 2.4071 2.7500 2.7071
2.7500 2.3586 2.7500 2.6536
2.7400 2.3445 2.7400 2.6289
2.7200 2.3544 2.7200 2.6380
2.7100 2.3886 2.7100 2.6859
2.7000 2.3829 2.7000 2.6805
2.6800 2.3980 2.6800 2.6954
2.6600 2.4527 2.6600 2.7374
2.6400 2.4726 2.6400 2.7562
2.6300 2.5477 2.6300 2.8339
2.6400 2.5204 2.6400 2.8050
2.6900 2.4833 2.6900 2.7771
2.7900 2.4689 2.7900 2.7754
2.8800 2.4635 2.8800 2.7793
2.9500 2.4524 2.9500 2.7568
3.0000 2.4091 3.0000 2.6990
2.9800 2.4013 2.9800 2.6896
2.9400 2.3949 2.9400 2.6793
2.9000 2.3608 2.9000 2.6385
2.8900 2.3358 2.8900 2.6090
2.8600 2.3114 2.8600 2.5802
2.7900 2.3220 2.7900 2.5908
2.7800 2.3799 2.7800 2.6662
2.8000 2.4878 2.8000 2.7720
2.8700 2.6064 2.8700 2.8986
2.8900 2.6700 2.8900 2.9726
2.8900 2.6975 2.8900 3.0069
2.8700 2.7079 2.8700 3.0212
2.8400 2.6520 2.8400 2.9597
2.8400 2.5706 2.8400 2.9144
2.8200 2.4705 2.8200 2.7840
2.7800 2.4848 2.7800 2.7885
2.7300 2.4462 2.7300 2.7371
2.7000 2.2979 2.7000 2.5646
2.7000 2.3692 2.7000 2.6457
2.6900 2.4852 2.6900 2.7840
2.6500 2.6521 2.6500 2.9503
2.6200 2.6215 2.6200 2.9188
2.5400 2.5798 2.5400 2.8748
2.4500 2.5323 2.4500 2.8441
2.4200 2.4770 2.4200 2.7882
2.4100 2.5074 2.4100 2.8152
2.4000 2.4675 2.4000 2.7652
2.3900 2.3850 2.3900 2.6682
2.3900 2.2919 2.3900 2.5597
2.4000 2.2752 2.4000 2.5371
2.4100 2.3526 2.4100 2.6222
2.3900 2.3737 2.3900 2.6465
2.3800 2.2949 2.3800 2.5584
2.3900 2.2589 2.3900 2.5187
2.3900 2.0695 2.3900 2.2978
2.4000 1.9102 2.4000 2.1158
2.4100 1.9670 2.4100 2.1644
2.4100 2.0488 2.4100 2.2543
2.3900 2.1119 2.3900 2.3278
2.3700 2.1449 2.3700 2.3729
2.3400 2.1749 2.3400 2.4161
2.3000 2.2126 2.3000 2.4709
2.2900 2.2340 2.2900 2.5048
2.2700 2.1837 2.2700 2.4302
2.2300 2.1639 2.2300 2.4076
2.1900 2.2012 2.1900 2.4519
2.1700 2.2029 2.1700 2.4497
2.1700 2.2273 2.1700 2.4931
2.1800 2.2336 2.1800 2.5054
2.1400 2.2253 2.1400 2.4970
2.1300 2.1763 2.1300 2.4234
2.1500 2.1265 2.1500 2.3643
2.1700 2.0603 2.1700 2.2845
2.1700 1.9855 2.1700 2.1938
2.1200 2.0201 2.1200 2.2300
2.0800 2.0074 2.0800 2.2138
2.0600 1.9409 2.0600 2.1365
2.0500 1.8887 2.0500 2.0760
2.0600 1.8951 2.0600 2.0816
2.0900 1.9543 2.0900 2.1475
2.1400 2.0242 2.1400 2.2290
2.1600 1.9242 2.1600 2.1176
2.1200 1.9353 2.1200 2.1322
2.0600 2.0163 2.0600 2.2256
2.0100 2.0739 2.0100 2.2917
1.9400 2.0632 1.9400 2.2882
1.8400 1.9112 1.8400 2.1103
1.7500 1.8249 1.7500 2.0083
1.6800 1.8138 1.6800 1.9888
1.5600 1.8361 1.5600 2.0083
1.4300 1.9161 1.4300 2.0996
1.3500 2.0136 1.3500 2.2269
1.2800 2.0995 1.2800 2.3220
1.2200 2.1019 1.2200 2.3238
1.1800 1.9873 1.1800 2.2069
1.1300 1.8121 1.1300 2.0000
1.1200 1.7077 1.1200 1.8703
1.1300 1.5799 1.1300 1.7233
1.1300 1.4125 1.1300 1.5448
1.1300 1.3141 1.1300 1.4288
1.1100 1.2758 1.1100 1.3766
1.0800 1.1199 1.0800 1.2107
1.0900 0.9947 1.0900 1.1211
1.0800 1.0698 1.0800 1.1902
1.0700 1.0561 1.0700 1.1611
1.0600 1.0036 1.0600 1.0959
1.0400 0.9866 1.0400 1.0533
1.0200 0.9665 1.0200 1.0049
0.9900 1.0435 0.9900 1.0869
0.9500 1.1360 0.9500 1.1678
0.9300 1.1720 0.9300 1.2138
0.9300 1.1982 0.9300 1.2490
0.9400 1.1536 0.9400 1.2021
0.9500 1.0908 0.9500 1.1301
0.9400 1.1412 0.9400 1.1849
0.9200 1.1242 0.9200 1.1638
0.9100 1.1183 0.9100 1.1566
0.9000 1.1117 0.9000 1.1503
0.9100 1.0724 0.9100 1.1057
0.9200 1.0463 0.9200 1.0778
0.9600 0.9952 0.9600 1.0347
0.9800 0.9505 0.9800 1.0064
1.0100 0.9804 1.0100 1.0346
1.0400 1.0062 1.0400 1.0520
1.0600 1.0252 1.0600 1.0429
1.0900 1.0691 1.0900 1.0952
1.1100 1.0481 1.1100 1.0756
1.1300 1.0034 1.1300 1.0265
1.1600 0.9882 1.1600 1.0284
1.2000 0.9918 1.2000 1.0320
1.2400 1.0146 1.2400 1.0530
1.2800 1.0469 1.2800 1.0713
1.3100 1.1468 1.3100 1.1880
1.3400 1.1751 1.3400 1.2247
1.3700 1.2218 1.3700 1.2819
1.4000 1.2594 1.4000 1.3283
1.4400 1.2605 1.4400 1.3313
1.4700 1.2962 1.4700 1.3729
1.5200 1.2975 1.5200 1.3752
1.5700 1.3061 1.5700 1.3853
1.6300 1.3436 1.6300 1.4285
1.6500 1.4005 1.6500 1.4947
1.6400 1.4490 1.6400 1.5564
1.7700 1.6823 1.7700 1.8313
1.8000 1.6600 1.8000 1.8063
1.8200 1.6439 1.8200 1.7871
1.8400 1.6629 1.8400 1.8076
1.8500 1.6774 1.8500 1.8237
1.8600 1.6653 1.8600 1.8100
1.8900 1.6574 1.8900 1.8015
1.9100 1.6499 1.9100 1.7929
1.8900 1.5907 1.8900 1.7235
1.8700 1.5775 1.8700 1.7062
1.8600 1.6743 1.8600 1.8162
1.8400 1.7733 1.8400 1.9314
1.8000 1.8456 1.8000 2.0331
1.7800 1.8515 1.7800 2.0340
1.7500 1.8519 1.7500 2.0417
1.7300 1.8606 1.7300 2.0646
1.7200 1.8520 1.7200 2.0501
1.7100 1.8509 1.7100 2.0358
1.6700 1.8922 1.6700 2.0968
1.6100 1.9049 1.6100 2.1145
1.5600 1.8264 1.5600 2.0072
1.5700 1.7620 1.5700 1.9321
1.5800 1.7377 1.5800 1.9006
1.5900 1.6955 1.5900 1.8468
1.5900 1.6168 1.5900 1.7525
1.6000 1.6110 1.6000 1.7437
1.6300 1.5712 1.6300 1.6958
1.6500 1.5701 1.6500 1.6920
1.6700 1.5932 1.6700 1.7182
1.6700 1.6012 1.6700 1.7283
1.6600 1.5242 1.6600 1.6406
1.6700 1.4076 1.6700 1.5081
1.6800 1.3412 1.6800 1.4355
1.6900 1.4455 1.6900 1.5393
1.7100 1.5210 1.7100 1.6250
1.7500 1.5797 1.7500 1.6970
1.7800 1.5890 1.7800 1.7152
1.8200 1.6106 1.8200 1.7446
1.8500 1.6813 1.8500 1.8271
1.8700 1.7055 1.8700 1.8563
1.9000 1.7276 1.9000 1.8870
1.9200 1.6925 1.9200 1.8463
1.9400 1.6384 1.9400 1.7838
1.9700 1.6572 1.9700 1.8028
2.0000 1.6706 2.0000 1.8160
2.0300 1.6887 2.0300 1.8361
2.0500 1.7319 2.0500 1.8874
2.0800 1.7995 2.0800 1.9878
2.0400 1.8296 2.0400 2.0271
2.0200 1.8734 2.0200 2.0631
2.0100 1.8880 2.0100 2.0791
2.0100 1.8892 2.0100 2.0924
2.0100 1.9173 2.0100 2.1243
2.0200 1.9199 2.0200 2.1354
2.0400 1.9326 2.0400 2.1516
2.0800 1.9621 2.0800 2.1803
2.1200 1.9882 2.1200 2.2061
2.1800 2.0157 2.1800 2.2333
2.2400 2.0169 2.2400 2.2380
