1.7100 2.0061 1.7100 1.9121
1.6900 1.9829 1.6900 1.8904
1.6700 1.9750 1.6700 1.8849
1.6200 1.8731 1.6200 1.7985
1.6000 1.6809 1.6000 1.6364
1.5800 1.6085 1.5800 1.5779
1.5600 1.6232 1.5600 1.5865
1.5500 1.6988 1.5500 1.6420
1.5400 1.6812 1.5400 1.6163
1.5300 1.6378 1.5300 1.5750
1.5300 1.6683 1.5300 1.6022
1.5300 1.7004 1.5300 1.6277
1.5300 1.6763 1.5300 1.6040
1.5200 1.6434 1.5200 1.5748
1.5100 1.6301 1.5100 1.5635
1.5000 1.5582 1.5000 1.5005
1.4800 1.5427 1.4800 1.4876
1.4800 1.5461 1.4800 1.4883
1.4800 1.5279 1.4800 1.4688
1.4700 1.5331 1.4700 1.4711
1.4600 1.5361 1.4600 1.4712
1.4500 1.5345 1.4500 1.4682
1.4500 1.5476 1.4500 1.4786
1.4600 1.5589 1.4600 1.4870
1.4800 1.5625 1.4800 1.4891
1.4700 1.5472 1.4700 1.4755
1.4600 1.5318 1.4600 1.4626
1.4600 1.5231 1.4600 1.4555
1.4600 1.4941 1.4600 1.4299
1.4600 1.5031 1.4600 1.4377
1.4500 1.5182 1.4500 1.4493
1.4500 1.5015 1.4500 1.4329
1.4300 1.4881 1.4300 1.4212
1.4200 1.4804 1.4200 1.4147
1.4200 1.4904 1.4200 1.4231
1.4200 1.5159 1.4200 1.4441
1.4200 1.5521 1.4200 1.4739
1.4100 1.5282 1.4100 1.4518
1.4100 1.4993 1.4100 1.4282
1.4100 1.5091 1.4100 1.4390
1.4000 1.5131 1.4000 1.4421
1.4100 1.5108 1.4100 1.4394
1.4100 1.4914 1.4100 1.4220
1.4100 1.4941 1.4100 1.4248
1.4400 1.4667 1.4400 1.4008
1.4600 1.4494 1.4600 1.3861
1.4600 1.4653 1.4600 1.3999
1.4600 1.4714 1.4600 1.4034
1.4700 1.4741 1.4700 1.4045
1.4700 1.4581 1.4700 1.3901
1.4700 1.4622 1.4700 1.3942
1.4800 1.4707 1.4800 1.4015
1.4900 1.4520 1.4900 1.3844
1.5000 1.4717 1.5000 1.4019
1.5000 1.4786 1.5000 1.4070
1.5000 1.4722 1.5000 1.4009
1.5000 1.5280 1.5000 1.4501
1.5000 1.5616 1.5000 1.4777
1.5000 1.5395 1.5000 1.4581
1.5000 1.5260 1.5000 1.4489
1.5000 1.5427 1.5000 1.4656
1.4800 1.5384 1.4800 1.4623
1.4800 1.5259 1.4800 1.4517
1.4800 1.5419 1.4800 1.4662
1.4800 1.5583 1.4800 1.4802
1.4900 1.5679 1.4900 1.4884
1.5000 1.5593 1.5000 1.4811
1.5200 1.5518 1.5200 1.4758
1.5400 1.5511 1.5400 1.4764
1.5500 1.5482 1.5500 1.4742
1.5600 1.5462 1.5600 1.4725
1.5600 1.5448 1.5600 1.4712
1.5600 1.5448 1.5600 1.4712
1.5700 1.5086 1.5700 1.4397
1.5700 1.5101 1.5700 1.4422
1.5600 1.5245 1.5600 1.4544
1.5500 1.5230 1.5500 1.4516
1.5500 1.5431 1.5500 1.4685
1.5600 1.5615 1.5600 1.4837
1.5700 1.5927 1.5700 1.5105
1.5800 1.6211 1.5800 1.5350
1.5900 1.6230 1.5900 1.5368
1.6000 1.6259 1.6000 1.5411
1.6300 1.6154 1.6300 1.5337
1.6300 1.6045 1.6300 1.5259
1.6200 1.6187 1.6200 1.5394
1.6400 1.6135 1.6400 1.5346
1.6600 1.5860 1.6600 1.5110
1.7100 1.5679 1.7100 1.4966
1.7300 1.5751 1.7300 1.5034
1.7500 1.5994 1.7500 1.5237
1.7900 1.6156 1.7900 1.5361
1.8300 1.6272 1.8300 1.5454
1.8500 1.6401 1.8500 1.5569
1.9100 1.6514 1.9100 1.5674
1.9900 1.6977 1.9900 1.6083
2.0200 1.6855 2.0200 1.5972
2.0800 1.6427 2.0800 1.5619
1.7100 1.6799 1.7100 1.5973
1.7900 1.7177 1.7900 1.6295
1.8800 1.7901 1.8800 1.6908
1.9700 1.8058 1.9700 1.7028
2.0400 1.8034 2.0400 1.7026
2.1200 1.8636 2.1200 1.7585
2.1900 1.9126 2.1900 1.8016
2.2400 1.9094 2.2400 1.7999
2.3000 1.9833 2.3000 1.8667
2.3500 2.1100 2.3500 1.9764
2.4100 2.1033 2.4100 1.9699
2.4800 2.1466 2.4800 2.0125
2.5200 1.4226 2.5200 1.4074
2.5500 1.5480 2.5500 1.5321
2.5700 1.9853 2.5700 1.9014
2.5800 2.0369 2.5800 1.9129
2.5700 2.1206 2.5700 1.9791
2.6100 2.2066 2.6100 2.0545
2.6100 2.3231 2.6100 2.1640
2.6000 2.3277 2.6000 2.1736
2.5700 2.3643 2.5700 2.2119
2.5200 2.3959 2.5200 2.2439
2.4600 2.4418 2.4600 2.2872
2.4000 2.5168 2.4000 2.3545
2.3600 2.5215 2.3600 2.3608
2.3300 2.5057 2.3300 2.3532
2.3000 2.4969 2.3000 2.3524
2.2600 2.4754 2.2600 2.3390
2.2400 2.4239 2.2400 2.2989
2.2100 2.4862 2.2100 2.3548
2.1700 2.4808 2.1700 2.3483
2.1200 2.4181 2.1200 2.2956
2.0400 2.3608 2.0400 2.2512
1.9800 2.2701 1.9800 2.1769
1.9600 2.1832 1.9600 2.1054
1.9700 2.1102 1.9700 2.0426
2.0300 2.0908 2.0300 2.0229
2.0500 2.0907 2.0500 2.0170
2.0400 2.0763 2.0400 1.9986
2.1100 2.0387 2.1100 1.9627
2.1500 2.0423 2.1500 1.9639
2.1800 2.0298 2.1800 1.9504
2.2000 1.9788 2.2000 1.9041
2.2200 1.9197 2.2200 1.8526
2.3500 1.8109 2.3500 1.7584
2.4200 1.7529 2.4200 1.7083
2.5100 1.7897 2.5100 1.7361
2.5700 1.8628 2.5700 1.7905
2.6500 2.0030 2.6500 1.9024
2.6700 2.0403 2.6700 1.9272
2.6800 1.9866 2.6800 1.8818
2.6700 2.1204 2.6700 2.0030
2.6600 2.1960 2.6600 2.0662
2.6500 2.1843 2.6500 2.0556
2.6200 2.1840 2.6200 2.0598
2.5900 2.1906 2.5900 2.0697
2.5700 2.4258 2.5700 2.2737
2.5500 2.5174 2.5500 2.3452
2.5600 2.5683 2.5600 2.3889
2.5300 2.6193 2.5300 2.4397
2.4600 2.6848 2.4600 2.5025
2.2900 2.6513 2.2900 2.4811
2.1800 2.5738 2.1800 2.4234
2.1300 2.5226 2.1300 2.3890
2.1000 2.4756 2.1000 2.3534
2.0700 2.4536 2.0700 2.3367
2.0900 2.3904 2.0900 2.2823
2.1600 2.3407 2.1600 2.2407
2.1600 2.3313 2.1600 2.2326
2.1600 2.3207 2.1600 2.2211
2.1700 2.3635 2.1700 2.2547
2.2100 2.3223 2.2100 2.2158
2.2500 2.1838 2.2500 2.0986
2.2800 1.8952 2.2800 1.8579
2.2900 1.7669 2.2900 1.7651
2.2700 1.8250 2.2700 1.8058
2.2900 1.8561 2.2900 1.8160
2.3100 1.8561 2.3100 1.7960
2.3000 1.9459 2.3000 1.8658
2.2900 2.1342 2.2900 2.0214
2.2900 2.1253 2.2900 2.0069
2.2700 2.0800 2.2700 1.9712
2.2200 2.1094 2.2200 2.0028
2.2100 2.1831 2.2100 2.0671
2.2100 2.2416 2.2100 2.1152
2.2400 2.2529 2.2400 2.1234
2.3200 2.2372 2.3200 2.1128
2.3500 2.1707 2.3500 2.0608
2.3000 2.2003 2.3000 2.0916
2.2400 2.2447 2.2400 2.1291
2.2100 2.1955 2.2100 2.0848
2.1800 2.1595 2.1800 2.0565
2.1900 2.1691 2.1900 2.0670
2.1900 2.1372 2.1900 2.0395
2.2200 2.0388 2.2200 1.9559
2.2600 2.0418 2.2600 1.9606
2.3400 2.0850 2.3400 1.9949
2.3900 2.1509 2.3900 2.0462
2.4000 2.3094 2.4000 2.1770
2.4500 2.3376 2.4500 2.1957
2.5000 2.1761 2.5000 2.0616
2.5400 2.0469 2.5400 1.9635
2.5300 2.0328 2.5300 1.9587
2.4800 2.0134 2.4800 1.9394
2.4100 2.0493 2.4100 1.9643
2.3300 2.0740 2.3300 1.9790
2.2500 2.1340 2.2500 2.0270
2.1800 2.2214 2.1800 2.1000
2.0800 2.3538 2.0800 2.2109
1.9900 2.4135 1.9900 2.2604
1.9200 2.3567 1.9200 2.2149
1.8300 2.4143 1.8300 2.2729
1.7500 2.4902 1.7500 2.3405
1.6600 2.5063 1.6600 2.3545
1.5800 2.4261 1.5800 2.2896
1.5200 2.2860 1.5200 2.1780
1.4600 2.1593 1.4600 2.0788
1.3700 2.0422 1.3700 1.9825
1.3200 1.9454 1.3200 1.8983
1.2600 1.8817 1.2600 1.8389
1.2200 1.7682 1.2200 1.7434
1.2000 1.6772 1.2000 1.6656
1.2000 1.6504 1.2000 1.6317
1.1400 1.5733 1.1400 1.5673
1.0700 1.5048 1.0700 1.5027
1.0200 1.4331 1.0200 1.4349
1.0000 1.3731 1.0000 1.3799
0.9700 1.3557 0.9700 1.3525
0.9900 1.3255 0.9900 1.3156
0.9800 1.2316 0.9800 1.2349
0.9600 1.2105 0.9600 1.2018
0.9500 1.1885 0.9500 1.1758
0.9600 1.1701 0.9600 1.1518
0.9800 1.1950 0.9800 1.1598
1.0100 1.2370 1.0100 1.1904
1.0400 1.1646 1.0400 1.1217
1.0800 1.0598 1.0800 1.0294
1.1000 1.0349 1.1000 1.0041
1.0900 1.0451 1.0900 1.0153
0.7800 1.0492 0.7800 0.9969
0.8100 1.0857 0.8100 1.0405
0.8000 1.1034 0.8000 1.0510
0.8100 1.0700 0.8100 1.0190
0.8100 1.0728 0.8100 1.0228
0.8000 1.1048 0.8000 1.0508
0.7800 1.1483 0.7800 1.0873
0.7800 1.1917 0.7800 1.1233
0.7800 1.2338 0.7800 1.1592
0.7700 1.2865 0.7700 1.2059
0.7600 1.3011 0.7600 1.2197
0.7800 1.2531 0.7800 1.1800
0.8000 0.9352 0.8000 0.7728
0.8100 0.9857 0.8100 0.8280
0.8000 1.0290 0.8000 0.9188
0.8200 1.0631 0.8200 0.9035
0.8400 1.0521 0.8400 0.8974
0.9000 1.0171 0.9000 0.8847
0.9300 0.9844 0.9300 0.8991
0.9500 0.9902 0.9500 0.9012
0.9600 0.9938 0.9600 0.9117
0.9900 0.9939 0.9900 0.8937
1.0300 0.9910 1.0300 0.8811
1.0500 0.9953 1.0500 0.9188
1.0800 1.0135 1.0800 0.9542
1.0800 1.0182 1.0800 0.9566
1.1100 0.9918 1.1100 0.9336
1.1300 1.0207 1.1300 0.9617
1.1400 1.0593 1.1400 0.9963
1.1200 1.1426 1.1200 1.0693
1.0900 1.1786 1.0900 1.0993
1.0700 1.1724 1.0700 1.0945
1.0500 1.1723 1.0500 1.0985
1.0400 1.2024 1.0400 1.1288
1.0200 1.2560 1.0200 1.1777
1.0100 1.2577 1.0100 1.1790
1.0100 1.2783 1.0100 1.1991
1.0000 1.2602 1.0000 1.1854
1.0000 1.2868 1.0000 1.2122
0.9900 1.3138 0.9900 1.2374
1.0000 1.3004 1.0000 1.2259
1.0000 1.2494 1.0000 1.1833
1.0100 1.1856 1.0100 1.1305
1.0100 1.1625 1.0100 1.1132
1.0200 1.1406 1.0200 1.0935
1.0200 1.1337 1.0200 1.0858
1.0300 1.1139 1.0300 1.0660
1.0200 1.1091 1.0200 1.0604
1.0000 1.1292 1.0000 1.0770
0.9800 1.1222 0.9800 1.0688
0.9600 1.1275 0.9600 1.0726
0.9400 1.1203 0.9400 1.0656
0.9300 1.1407 0.9300 1.0833
0.9100 1.1493 0.9100 1.0900
0.9100 1.1599 0.9100 1.0987
0.9000 1.1627 0.9000 1.1010
0.9000 1.1730 0.9000 1.1104
0.9100 1.1743 0.9100 1.1118
0.9000 1.1825 0.9000 1.1195
0.9000 1.1651 0.9000 1.1044
0.8800 1.1222 0.8800 1.0674
0.8600 1.0952 0.8600 1.0454
0.8500 1.0714 0.8500 1.0246
0.8500 1.0498 0.8500 1.0049
0.8400 1.0458 0.8400 1.0001
0.8300 1.0281 0.8300 0.9825
0.8200 1.0397 0.8200 0.9915
0.8000 1.0407 0.8000 0.9907
0.8000 1.0448 0.8000 0.9929
0.7900 1.0736 0.7900 1.0177
0.7800 1.0584 0.7800 1.0026
0.7800 1.0564 0.7800 1.0013
0.7700 1.0300 0.7700 0.9783
0.7500 0.9992 0.7500 0.9493
0.7400 1.0025 0.7400 0.9469
0.7400 1.0081 0.7400 0.9549
0.7300 1.0072 0.7300 0.9455
0.7300 1.0041 0.7300 0.9319
0.7200 0.9997 0.7200 0.9270
0.7200 0.9952 0.7200 0.9051
0.7200 0.9985 0.7200 0.9126
0.7100 0.9982 0.7100 0.9080
0.7100 0.9964 0.7100 0.8937
0.7000 0.9962 0.7000 0.9026
0.7000 0.9929 0.7000 0.8938
0.6900 0.9878 0.6900 0.8670
0.6800 0.9877 0.6800 0.8597
0.6700 0.9903 0.6700 0.8713
0.6600 0.9897 0.6600 0.8614
0.6500 0.9902 0.6500 0.8624
0.6500 0.9857 0.6500 0.8554
0.6500 0.9847 0.6500 0.8579
0.6400 0.9847 0.6400 0.8652
0.6200 0.9821 0.6200 0.8495
0.6000 0.9820 0.6000 0.8521
0.5900 0.9798 0.5900 0.8429
0.5900 0.9809 0.5900 0.8437
0.5900 0.9794 0.5900 0.8348
0.5800 0.9781 0.5800 0.8197
0.5800 0.9767 0.5800 0.8147
0.5700 0.9766 0.5700 0.8151
0.5500 0.9763 0.5500 0.8151
0.5400 0.9783 0.5400 0.8165
0.5400 0.9782 0.5400 0.8158
0.5300 0.9744 0.5300 0.8133
0.5300 0.9684 0.5300 0.8100
0.5400 0.9650 0.5400 0.8086
0.5300 0.9673 0.5300 0.8107
0.5400 0.9725 0.5400 0.8142
0.5600 0.9741 0.5600 0.8150
0.5500 0.9690 0.5500 0.8114
0.5500 0.9658 0.5500 0.8087
0.5600 0.9616 0.5600 0.8054
0.5600 0.9578 0.5600 0.8039
0.5600 0.9587 0.5600 0.8052
0.5800 0.9622 0.5800 0.8075
0.5900 0.9616 0.5900 0.8072
0.5900 0.9621 0.5900 0.8076
0.5900 0.9625 0.5900 0.8066
0.6000 0.9568 0.6000 0.8024
0.7100 0.9578 0.7100 0.8028
0.7300 0.9608 0.7300 0.8033
0.7600 0.9551 0.7600 0.7993
0.8100 0.9535 0.8100 0.7989
0.8700 0.9556 0.8700 0.7997
0.9300 0.9559 0.9300 0.7998
1.0000 0.9574 1.0000 0.8015
1.0400 0.9624 1.0400 0.8042
1.0600 0.9618 1.0600 0.8026
1.1000 0.9592 1.1000 0.8010
1.1300 0.9571 1.1300 0.7998
1.1700 0.9591 1.1700 0.8008
1.2100 1.0198 1.2100 0.9480
1.2400 1.0430 1.2400 0.9630
1.2800 1.0258 1.2800 0.9482
1.3200 1.1033 1.3200 1.0229
1.3000 1.1754 1.3000 1.0889
1.3000 1.2377 1.3000 1.1458
1.3300 1.3008 1.3300 1.2031
1.3200 1.3235 1.3200 1.2257
1.3300 1.3020 1.3300 1.2118
1.3500 1.3324 1.3500 1.2452
1.3300 1.3533 1.3300 1.2670
1.3000 1.3800 1.3000 1.2928
1.2600 1.4165 1.2600 1.3268
1.2600 1.4315 1.2600 1.3416
1.2200 1.4683 1.2200 1.3769
1.1800 1.5081 1.1800 1.4140
1.1600 1.4341 1.1600 1.3514
1.1500 1.3995 1.1500 1.3270
1.1200 1.4582 1.1200 1.3822
1.0900 1.4266 1.0900 1.3529
1.0800 1.4182 1.0800 1.3466
1.0500 1.4576 1.0500 1.3820
1.0300 1.4130 1.0300 1.3422
1.0100 1.3472 1.0100 1.2872
1.0000 1.2889 1.0000 1.2388
0.9900 1.3093 0.9900 1.2576
0.9800 1.2635 0.9800 1.2144
0.9800 1.1941 0.9800 1.1516
0.9800 1.1966 0.9800 1.1539
0.9800 1.2105 0.9800 1.1632
0.9900 1.1792 0.9900 1.1322
1.0000 1.1400 1.0000 1.0961
0.9700 1.1530 0.9700 1.1070
0.9500 1.1272 0.9500 1.0818
0.9500 1.1050 0.9500 1.0607
0.9300 1.0963 0.9300 1.0517
0.9200 1.0978 0.9200 1.0511
0.9100 1.1005 0.9100 1.0515
0.9100 1.0939 0.9100 1.0437
0.9100 1.1076 0.9100 1.0547
0.9000 1.1184 0.9000 1.0629
0.9000 1.1222 0.9000 1.0653
0.9100 1.1424 0.9100 1.0827
0.9200 1.1613 0.9200 1.0987
0.9300 1.1048 0.9300 1.0483
0.9300 1.0659 0.9300 1.0164
0.9400 1.0852 0.9400 1.0351
0.9500 1.0603 0.9500 1.0112
0.9600 1.0436 0.9600 0.9955
0.9800 1.0416 0.9800 0.9929
0.9800 1.0525 0.9800 1.0013
0.9900 1.0631 0.9900 1.0095
1.0100 1.0476 1.0100 0.9945
1.0100 1.0524 1.0100 0.9989
1.0100 1.0778 1.0100 1.0210
1.0200 1.0954 1.0200 1.0355
1.0300 1.1068 1.0300 1.0450
1.0300 1.1015 1.0300 1.0403
1.0400 1.1133 1.0400 1.0518
1.0500 1.1292 1.0500 1.0665
1.0600 1.1366 1.0600 1.0730
1.0600 1.1628 1.0600 1.0966
1.0700 1.1539 1.0700 1.0887
1.0700 1.1574 1.0700 1.0931
1.0800 1.1897 1.0800 1.1229
1.0800 1.1785 1.0800 1.1127
1.0900 1.1637 1.0900 1.1009
1.0900 1.1782 1.0900 1.1153
1.0700 1.1925 1.0700 1.1281
1.0800 1.1831 1.0800 1.1197
1.1000 1.1915 1.1000 1.1279
1.1100 1.2081 1.1100 1.1429
1.1600 1.2170 1.1600 1.1507
1.2300 1.2087 1.2300 1.1438
1.3200 1.2177 1.3200 1.1528
1.4200 1.2164 1.4200 1.1522
1.5200 1.2241 1.5200 1.1596
1.6100 1.2224 1.6100 1.1583
1.6700 1.2307 1.6700 1.1660
1.7200 1.2304 1.7200 1.1661
1.7600 1.1868 1.7600 1.1280
1.8100 1.2050 1.8100 1.1460
1.8500 1.2499 1.8500 1.1850
1.8900 1.2580 1.8900 1.1899
1.9300 1.3329 1.9300 1.2557
1.9500 1.4490 1.9500 1.3562
1.9500 1.5732 1.9500 1.4631
1.9400 1.6999 1.9400 1.5735
1.9500 1.8088 1.9500 1.6701
1.9600 1.8905 1.9600 1.7456
1.9400 1.9082 1.9400 1.7678
1.8700 1.9117 1.8700 1.7799
1.8500 1.9156 1.8500 1.7917
1.8400 1.9440 1.8400 1.8224
1.8100 1.9629 1.8100 1.8424
1.7700 1.9783 1.7700 1.8588
1.7000 2.0080 1.7000 1.8879
1.6600 1.9996 1.6600 1.8837
1.6200 1.9571 1.6200 1.8514
1.5800 1.9129 1.5800 1.8183
1.5400 1.9235 1.5400 1.8308
1.5200 1.9400 1.5200 1.8447
1.4800 1.8855 1.4800 1.7966
1.4400 1.7470 1.4400 1.6795
1.4000 1.7333 1.4000 1.6724
1.3800 1.7693 1.3800 1.7017
1.3600 1.7240 1.3600 1.6567
1.3100 1.6648 1.3100 1.6036
1.2600 1.5696 1.2600 1.5210
1.2400 1.5422 1.2400 1.4980
1.2200 1.5278 1.2200 1.4824
1.1700 1.4892 1.1700 1.4436
1.1500 1.4591 1.1500 1.4137
1.1400 1.4652 1.1400 1.4157
1.1300 1.4361 1.1300 1.3865
1.0900 1.3901 1.0900 1.3440
1.0600 1.3600 1.0600 1.3163
1.0600 1.3620 1.0600 1.3157
1.0200 1.3635 1.0200 1.3133
1.0000 1.2959 1.0000 1.2506
0.9900 1.2350 0.9900 1.1968
1.0200 1.2454 1.0200 1.2053
1.0100 1.2506 1.0100 1.2058
0.9800 1.1832 0.9800 1.1423
0.9500 1.1734 0.9500 1.1327
0.9500 1.2008 0.9500 1.1545
0.9600 1.2041 0.9600 1.1534
0.9600 1.1494 0.9600 1.1028
0.9600 1.1129 0.9600 1.0706
0.9500 1.1490 0.9500 1.1023
0.9600 1.1014 0.9600 1.0568
1.1900 1.0727 1.1900 1.0304
1.2700 1.0886 1.2700 1.0435
1.3400 1.1583 1.3400 1.1022
1.4100 1.1536 1.4100 1.0940
1.4400 1.0868 1.4400 1.0340
1.4500 1.0531 1.4500 1.0072
1.5200 1.0729 1.5200 1.0259
1.6100 1.1080 1.6100 1.0548
1.6800 1.1048 1.6800 1.0484
1.7200 1.1045 1.7200 1.0470
1.7300 1.0943 1.7300 1.0382
1.7800 1.1152 1.7800 1.0575
1.8200 1.5242 1.8200 1.4179
1.8200 1.6479 1.8200 1.5121
1.8300 1.6124 1.8300 1.4796
1.8500 1.6946 1.8500 1.5651
1.8800 1.6797 1.8800 1.5607
1.9200 1.6288 1.9200 1.5266
1.9400 1.6942 1.9400 1.5905
1.9900 1.8275 1.9900 1.7068
2.0200 1.8821 2.0200 1.7519
2.0400 1.8754 2.0400 1.7492
2.0500 1.8331 2.0500 1.7203
2.0500 1.8871 2.0500 1.7758
2.0700 1.9316 2.0700 1.8169
2.0200 1.8695 2.0200 1.7641
1.9200 1.8486 1.9200 1.7513
1.9200 1.8778 1.9200 1.7800
1.8800 1.9169 1.8800 1.8142
1.8400 1.9657 1.8400 1.8557
1.8000 1.9708 1.8000 1.8598
1.7700 2.0326 1.7700 1.9155
1.7300 2.0665 1.7300 1.9460
1.7000 2.0548 1.7000 1.9381
1.6500 2.0436 1.6500 1.9329
1.5800 2.0177 1.5800 1.9141
1.5200 2.0418 1.5200 1.9379
1.4800 1.9340 1.4800 1.8455
1.4700 1.7291 1.4700 1.6736
1.4600 1.7786 1.4600 1.7225
1.4400 1.7742 1.4400 1.7124
1.4300 1.6990 1.4300 1.6411
1.4200 1.6687 1.4200 1.6131
1.3900 1.6564 1.3900 1.5998
1.3500 1.6299 1.3500 1.5744
1.3500 1.6037 1.3500 1.5488
1.3100 1.5536 1.3100 1.5026
1.2800 1.4600 1.2800 1.4196
1.2600 1.4026 1.2600 1.3692
1.2500 1.3914 1.2500 1.3563
1.2200 1.4264 1.2200 1.3811
1.1700 1.4468 1.1700 1.3918
1.1600 1.4321 1.1600 1.3741
1.1500 1.4388 1.1500 1.3787
1.1600 1.4466 1.1600 1.3845
1.1400 1.4064 1.1400 1.3481
1.1200 1.3474 1.1200 1.2968
1.1200 1.3737 1.1200 1.3202
1.1200 1.3326 1.1200 1.2810
1.1200 1.2841 1.1200 1.2371
1.1200 1.2851 1.1200 1.2374
1.1100 1.2927 1.1100 1.2413
1.1100 1.2618 1.1100 1.2114
1.1000 1.1865 1.1000 1.1439
1.0900 1.2003 1.0900 1.1568
1.0800 1.2211 1.0800 1.1722
1.0500 1.2487 1.0500 1.1925
1.0300 1.2273 1.0300 1.1705
1.0200 1.1942 1.0200 1.1410
1.0100 1.2180 1.0100 1.1631
1.0100 1.2308 1.0100 1.1729
1.0000 1.2324 1.0000 1.1726
1.0000 1.2340 1.0000 1.1731
1.0000 1.2206 1.0000 1.1611
1.0000 1.2240 1.0000 1.1647
1.0000 1.2133 1.0000 1.1550
0.9900 1.1957 0.9900 1.1394
0.9800 1.1864 0.9800 1.1313
0.9700 1.1415 0.9700 1.0913
0.9700 1.1166 0.9700 1.0699
0.9500 1.1204 0.9500 1.0728
0.9400 1.1175 0.9400 1.0680
0.9300 1.1280 0.9300 1.0754
0.9300 1.1218 0.9300 1.0681
0.9200 1.1280 0.9200 1.0729
0.9200 1.1390 0.9200 1.0821
0.9100 1.1403 0.9100 1.0825
0.9000 1.1428 0.9000 1.0844
0.9000 1.1262 0.9000 1.0696
0.8800 1.1110 0.8800 1.0567
0.8700 1.1006 0.8700 1.0479
0.8600 1.1066 0.8600 1.0530
0.8500 1.0792 0.8500 1.0277
0.8500 1.0637 0.8500 1.0139
0.8500 1.0627 0.8500 1.0128
0.8500 1.0700 0.8500 1.0182
0.8500 1.0622 0.8500 1.0100
0.8500 1.0639 0.8500 1.0108
0.8500 1.0578 0.8500 1.0048
0.8500 1.0425 0.8500 0.9910
0.8400 1.0516 0.8400 0.9992
0.8400 1.0239 0.8400 0.9737
0.8400 1.0093 0.8400 0.9609
0.8500 1.0067 0.8500 0.9584
0.8500 1.0056 0.8500 0.9488
0.8600 1.0074 0.8600 0.9563
0.8700 1.0140 0.8700 0.9617
0.8900 1.0179 0.8900 0.9641
0.9100 1.0210 0.9100 0.9665
0.9100 1.0231 0.9100 0.9681
0.9200 1.0246 0.9200 0.9695
0.9200 1.0246 0.9200 0.9695
0.9300 1.0078 0.9300 0.9545
0.9400 1.0080 0.9400 0.9552
0.9400 1.0141 0.9400 0.9606
0.9400 1.0303 0.9400 0.9744
0.9400 1.0312 0.9400 0.9743
0.9500 1.0424 0.9500 0.9842
0.9400 1.0613 0.9400 1.0011
0.9400 1.0877 0.9400 1.0244
0.9400 1.1151 0.9400 1.0485
0.9400 1.1001 0.9400 1.0353
0.9500 1.1043 0.9500 1.0410
0.9500 1.1013 0.9500 1.0398
0.9500 1.1073 0.9500 1.0462
0.9600 1.1206 0.9600 1.0584
0.9700 1.1100 0.9700 1.0488
0.9800 1.1038 0.9800 1.0442
0.9800 1.1019 0.9800 1.0435
0.9900 1.1174 0.9900 1.0576
0.9900 1.0980 0.9900 1.0401
1.0000 1.0904 1.0000 1.0340
1.0000 1.0974 1.0000 1.0408
1.0000 1.0958 1.0000 1.0389
1.0100 1.1133 1.0100 1.0543
1.0100 1.1120 1.0100 1.0525
1.0100 1.1072 1.0100 1.0483
1.0200 1.1249 1.0200 1.0647
1.0200 1.1407 1.0200 1.0784
1.0300 1.1506 1.0300 1.0869
1.0600 1.1431 1.0600 1.0805
1.0700 1.1535 1.0700 1.0907
2.0200 1.8709 2.0200 1.7443
2.0200 1.8099 2.0200 1.6959
2.0200 1.8234 2.0200 1.7170
2.0300 1.8932 2.0300 1.7823
2.0300 1.9233 2.0300 1.8086
2.0600 1.9043 2.0600 1.7935
2.0800 1.9216 2.0800 1.8125
2.0600 1.9553 2.0600 1.8448
2.0500 2.0148 2.0500 1.8977
2.0500 2.0151 2.0500 1.8985
2.0300 2.0235 2.0300 1.9088
2.0100 2.0202 2.0100 1.9096
1.9800 2.0056 1.9800 1.9001
1.9400 1.9903 1.9400 1.8900
1.9300 1.9726 1.9300 1.8764
1.9000 1.9875 1.9000 1.8904
1.8900 1.9807 1.8900 1.8841
1.8700 2.0286 1.8700 1.9254
1.8500 2.0629 1.8500 1.9535
1.8400 1.9965 1.8400 1.8964
1.8200 1.9657 1.8200 1.8745
1.8100 1.9808 1.8100 1.8898
1.8000 1.9454 1.8000 1.8584
1.7900 1.9055 1.7900 1.8242
1.7600 1.8661 1.7600 1.7904
1.7600 1.8112 1.7600 1.7430
1.7700 1.8222 1.7700 1.7522
1.7700 1.7985 1.7700 1.7282
1.7700 1.7941 1.7700 1.7219
1.7700 1.7881 1.7700 1.7146
1.7800 1.7650 1.7800 1.6928
1.8000 1.7719 1.8000 1.6982
1.8100 1.7531 1.8100 1.6800
1.8300 1.7491 1.8300 1.6755
1.8500 1.7503 1.8500 1.6752
1.8800 1.7434 1.8800 1.6677
1.8900 1.7005 1.8900 1.6298
1.9100 1.7138 1.9100 1.6415
1.9400 1.7588 1.9400 1.6787
1.9800 1.7582 1.9800 1.6749
2.0000 1.7552 2.0000 1.6717
2.0300 1.7589 2.0300 1.6754
2.0500 1.7809 2.0500 1.6948
2.0800 1.8168 2.0800 1.7254
2.1000 1.8244 2.1000 1.7308
2.1100 1.8464 2.1100 1.7504
2.1100 1.8749 2.1100 1.7758
2.1200 1.9124 2.1200 1.8087
2.1100 1.9106 2.1100 1.8078
2.1200 1.9204 2.1200 1.8184
2.1400 1.9656 2.1400 1.8593
2.1400 2.0171 2.1400 1.9037
2.1500 2.0231 2.1500 1.9091
2.1700 2.0423 2.1700 1.9281
2.2300 2.0593 2.2300 1.9454
2.2300 2.0842 2.2300 1.9690
2.2300 2.0974 2.2300 1.9821
2.2700 2.0823 2.2700 1.9709
2.3200 2.0612 2.3200 1.9559
2.3700 2.0663 2.3700 1.9629
2.4200 2.0405 2.4200 1.9416
2.4600 2.0470 2.4600 1.9483
2.5200 2.0904 2.5200 1.9853
2.6300 2.0764 2.6300 1.9716
2.6700 2.0806 2.6700 1.9764
2.6800 2.1182 2.6800 2.0096
2.6700 2.2239 2.6700 2.0995
2.7200 2.1972 2.7200 2.0742
2.7600 2.1452 2.7600 2.0332
2.8200 2.2269 2.8200 2.1087
2.8700 2.3125 2.8700 2.1804
2.9000 2.3648 2.9000 2.2229
2.9600 2.4098 2.9600 2.2620
3.0100 2.4401 3.0100 2.2910
3.0800 2.5094 3.0800 2.3544
3.1500 2.6813 3.1500 2.5025
3.1700 2.6810 3.1700 2.5006
3.2400 2.5885 3.2400 2.4292
3.3100 2.5274 3.3100 2.3895
3.3400 2.6092 3.3400 2.4659
3.3700 2.6761 3.3700 2.5206
3.3900 2.7295 3.3900 2.5624
3.3800 2.7854 3.3800 2.6103
3.3800 2.7818 3.3800 2.6100
3.3900 2.8566 3.3900 2.6794
3.4200 2.9138 3.4200 2.7297
3.4000 2.9862 3.4000 2.7924
3.4000 3.0668 3.4000 2.8622
3.3800 3.0196 3.3800 2.8252
3.3300 3.0941 3.3300 2.8964
3.3200 3.2029 3.3200 2.9906
3.3100 3.1699 3.3100 2.9628
3.2900 3.1524 3.2900 2.9552
3.2500 3.1519 3.2500 2.9613
3.1900 3.0876 3.1900 2.9119
3.1800 3.0590 3.1800 2.8928
3.1500 3.0808 3.1500 2.9126
3.0800 3.1363 3.0800 2.9572
3.0500 3.0716 3.0500 2.9007
3.0200 3.0453 3.0200 2.8820
3.0000 3.0257 3.0000 2.8685
2.9600 2.9174 2.9600 2.7784
2.9300 2.9260 2.9300 2.7886
2.9000 2.9514 2.9000 2.8063
2.8600 2.9191 2.8600 2.7744
2.8200 2.8512 2.8200 2.7167
2.7900 2.7562 2.7900 2.6385
2.7700 2.7922 2.7700 2.6703
2.7100 2.7878 2.7100 2.6610
2.6700 2.6549 2.6700 2.5447
2.6300 2.6432 2.6300 2.5369
2.6100 2.6586 2.6100 2.5466
2.5900 2.6544 2.5900 2.5374
2.5900 2.6082 2.5900 2.4946
2.5900 2.5789 2.5900 2.4685
2.6000 2.5704 2.6000 2.4604
2.6000 2.5241 2.6000 2.4184
2.5900 2.4819 2.5900 2.3814
2.6000 2.4685 2.6000 2.3681
2.6000 2.4747 2.6000 2.3699
2.5800 2.3875 2.5800 2.2923
2.5800 2.3413 2.5800 2.2531
2.5900 2.3287 2.5900 2.2410
2.6200 2.3335 2.6200 2.2408
1.4600 2.4309 1.4600 2.3170
1.4000 2.2449 1.4000 2.1657
1.3700 2.2064 1.3700 2.1380
1.3100 2.1855 1.3100 2.1156
1.2500 2.0536 1.2500 1.9960
1.2200 1.8421 1.2200 1.8251
1.1500 1.6807 1.1500 1.7039
1.0600 1.5588 1.0600 1.6171
0.9800 1.4173 0.9800 1.5053
0.9200 1.3516 0.9200 1.4339
0.8800 1.3093 0.8800 1.3796
0.8600 1.3000 0.8600 1.3453
0.8400 1.2663 0.8400 1.2933
0.8100 1.2451 0.8100 1.2528
0.7700 1.2833 0.7700 1.2593
0.7500 1.2423 0.7500 1.2170
0.7400 1.1824 0.7400 1.1601
0.7200 1.1922 0.7200 1.1608
0.6900 1.1256 0.6900 1.1017
0.6300 1.0532 0.6300 1.0098
0.5700 1.0449 0.5700 0.9444
0.5200 1.0450 0.5200 0.9167
0.5000 1.0499 0.5000 0.9053
0.5100 1.0516 0.5100 0.8995
0.5500 1.0409 0.5500 0.8910
0.5900 1.0231 0.5900 0.8719
0.6200 1.0059 0.6200 0.8383
0.6800 1.0007 0.6800 0.8351
0.7300 1.0019 0.7300 0.8463
0.7700 0.9994 0.7700 0.8328
0.7600 0.9913 0.7600 0.8280
0.7600 0.9760 0.7600 0.8195
0.7700 0.9677 0.7700 0.8137
0.7600 0.9692 0.7600 0.8144
0.7700 0.9790 0.7700 0.8227
0.7800 0.9887 0.7800 0.8325
0.7700 0.9936 0.7700 0.8318
0.7500 0.9861 0.7500 0.8214
0.7500 0.9714 0.7500 0.8323
0.7600 0.9858 0.7600 0.9105
0.7700 1.0523 0.7700 0.9705
0.8000 1.0768 0.8000 0.9938
0.8200 1.0217 0.8200 0.9483
0.8500 0.9867 0.8500 0.9234
0.8800 0.9988 0.8800 0.9391
0.9100 0.9749 0.9100 0.9099
0.9300 0.9861 0.9300 0.9127
0.9400 0.9907 0.9400 0.9282
0.9500 0.9860 0.9500 0.9069
0.9700 0.9808 0.9700 0.8742
0.9900 0.9837 0.9900 0.8802
1.0000 0.9900 1.0000 0.9048
0.9900 0.9949 0.9900 0.9156
0.9800 1.0160 0.9800 0.9547
0.9600 1.0463 0.9600 0.9804
0.9500 1.0809 0.9500 1.0113
0.9400 1.1191 0.9400 1.0462
0.9300 1.1469 0.9300 1.0718
0.9200 1.1582 0.9200 1.0835
0.9100 1.1490 0.9100 1.0777
0.9100 1.1474 0.9100 1.0793
0.9000 1.1670 0.9000 1.0988
0.8900 1.1868 0.8900 1.1170
0.8800 1.1845 0.8800 1.1154
0.8800 1.1510 0.8800 1.0872
0.8800 1.1251 0.8800 1.0669
0.8700 1.0937 0.8700 1.0411
0.8700 1.0779 0.8700 1.0279
0.8700 1.0706 0.8700 1.0210
0.8700 1.0590 0.8700 1.0093
0.8700 1.0520 0.8700 1.0022
0.8700 1.0445 0.8700 0.9947
0.8700 1.0550 0.8700 1.0033
0.8600 1.0467 0.8600 0.9948
0.8600 1.0324 0.8600 0.9816
0.8500 1.0251 0.8500 0.9751
0.8400 1.0330 0.8400 0.9816
0.8200 1.0411 0.8200 0.9878
0.8100 1.0251 0.8100 0.9725
0.8100 1.0284 0.8100 0.9756
0.8000 1.0367 0.8000 0.9826
0.7900 1.0376 0.7900 0.9828
0.7800 1.0386 0.7800 0.9834
0.7700 1.0391 0.7700 0.9837
0.7600 1.0406 0.7600 0.9851
0.7500 1.0238 0.7500 0.9701
0.7500 1.0240 0.7500 0.9708
0.7400 1.0133 0.7400 0.9612
0.7400 0.9994 0.7400 0.9458
0.7400 0.9967 0.7400 0.9226
0.7300 0.9977 0.7300 0.9135
0.7300 1.0012 0.7300 0.9257
0.7300 1.0005 0.7300 0.9146
0.7300 0.9975 0.7300 0.9022
0.7300 0.9941 0.7300 0.8959
0.7300 0.9920 0.7300 0.8888
0.7300 0.9917 0.7300 0.8807
0.7200 0.9913 0.7200 0.8715
0.7200 0.9923 0.7200 0.8786
0.7100 0.9898 0.7100 0.8701
0.7100 0.9895 0.7100 0.8719
0.7100 0.9885 0.7100 0.8795
0.7100 0.9849 0.7100 0.8651
0.7100 0.9848 0.7100 0.8678
0.7200 0.9851 0.7200 0.8733
0.7300 0.9850 0.7300 0.8735
0.7400 0.9847 0.7400 0.8742
0.7400 0.9837 0.7400 0.8745
0.7500 0.9827 0.7500 0.8758
0.7700 0.9802 0.7700 0.8610
0.7800 0.9814 0.7800 0.8616
0.8000 0.9802 0.8000 0.8521
0.8300 0.9823 0.8300 0.8515
0.8600 0.9833 0.8600 0.8574
0.8900 0.9832 0.8900 0.8565
0.7900 0.9819 0.7900 0.8585
0.8100 0.9833 0.8100 0.8736
0.8400 0.9836 0.8400 0.8892
0.8900 0.9836 0.8900 0.8982
0.9800 0.9803 0.9800 0.8935
1.1400 0.9808 1.1400 0.9037
1.3000 0.9930 1.3000 0.9330
1.4200 1.0003 1.4200 0.9390
1.5200 1.0201 1.5200 0.9571
1.6300 1.0629 1.6300 0.9957
1.7400 1.0988 1.7400 1.0276
1.8400 1.1281 1.8400 1.0542
1.9400 0.9637 1.9400 0.8863
2.0100 0.9776 2.0100 0.9062
2.0500 1.0559 2.0500 1.0013
2.0800 1.1120 2.0800 1.0446
2.0800 1.2517 2.0800 1.1650
2.0900 1.4978 2.0900 1.3783
2.0800 1.7324 2.0800 1.5803
2.0500 1.8275 2.0500 1.6634
2.0100 1.8846 2.0100 1.7225
1.9600 1.9775 1.9600 1.8158
1.9300 2.0712 1.9300 1.9067
1.9100 2.1303 1.9100 1.9648
1.8700 2.1951 1.8700 2.0281
1.8300 2.2157 1.8300 2.0533
1.7900 2.1825 1.7900 2.0340
1.7500 2.1570 1.7500 2.0225
1.7100 2.0971 1.7100 1.9788
1.6400 2.0701 1.6400 1.9619
1.5900 2.0313 1.5900 1.9314
1.5300 1.9526 1.5300 1.8655
1.4700 1.8819 1.4700 1.8074
1.4200 1.8100 1.4200 1.7465
1.3700 1.7888 1.3700 1.7278
1.3300 1.7926 1.3300 1.7273
1.2800 1.7454 1.2800 1.6818
1.2400 1.6986 1.2400 1.6396
1.1900 1.6683 1.1900 1.6122
1.1600 1.6357 1.1600 1.5819
1.1200 1.6018 1.1200 1.5498
1.0900 1.5124 1.0900 1.4694
1.0600 1.4656 1.0600 1.4276
1.0200 1.4207 1.0200 1.3855
0.9800 1.3599 0.9800 1.3286
0.9500 1.3285 0.9500 1.2972
0.9300 1.2951 0.9300 1.2630
0.9000 1.2764 0.9000 1.2421
0.8800 1.2377 0.8800 1.2037
0.8500 1.2108 0.8500 1.1766
0.8300 1.1729 0.8300 1.1400
0.8000 1.1604 0.8000 1.1259
0.7800 1.1373 0.7800 1.1018
0.7600 1.1161 0.7600 1.0795
0.7400 1.1042 0.7400 1.0662
0.7200 1.0651 0.7200 1.0286
0.7000 1.0361 0.7000 0.9946
0.6800 1.0334 0.6800 0.9780
0.6600 1.0330 0.6600 0.9754
0.6300 1.0282 0.6300 0.9507
0.6200 1.0238 0.6200 0.9380
0.6100 1.0154 0.6100 0.9168
0.5900 1.0117 0.5900 0.9038
0.5800 1.0065 0.5800 0.8807
0.5800 1.0047 0.5800 0.8649
0.5900 1.0019 0.5900 0.8567
0.6200 0.9990 0.6200 0.8402
0.7100 0.9949 0.7100 0.8294
0.7900 0.9911 0.7900 0.8270
0.9200 0.9873 0.9200 0.8246
1.0400 0.9845 1.0400 0.8230
1.1800 0.9793 1.1800 0.8203
1.3400 0.9800 1.3400 0.8210
1.4600 0.9797 1.4600 0.8203
1.5600 0.9755 1.5600 0.8177
1.7200 0.9726 1.7200 0.8157
1.8800 0.9719 1.8800 0.8142
2.0400 0.9730 2.0400 0.8136
2.1700 0.9775 2.1700 0.8146
2.2800 1.0116 2.2800 0.9389
2.3800 1.1320 2.3800 1.0420
2.4500 1.3002 2.4500 1.1898
2.5100 1.4574 2.5100 1.3288
2.5400 1.6088 2.5400 1.4644
2.5400 1.8004 2.5400 1.6376
2.5100 1.8898 2.5100 1.7203
2.4700 1.9297 2.4700 1.7649
2.4300 2.1047 2.4300 1.9288
2.3400 2.2875 2.3400 2.0925
2.2500 2.4221 2.2500 2.2125
2.1700 2.5028 2.1700 2.2898
2.0800 2.5478 2.0800 2.3403
1.9900 2.5992 1.9900 2.3981
1.9000 2.5972 1.9000 2.4076
1.8000 2.5888 1.8000 2.4111
1.7000 2.5499 1.7000 2.3870
1.6200 2.4671 1.6200 2.3249
1.5200 2.3605 1.5200 2.2424
1.4300 2.2665 1.4300 2.1685
1.3500 2.2047 1.3500 2.1185
1.2700 2.0558 1.2700 1.9904
1.1900 1.9230 1.1900 1.8774
1.1000 1.8578 1.1000 1.8200
1.0100 1.7716 1.0100 1.7486
0.9300 1.6846 0.9300 1.6753
0.8600 1.6089 0.8600 1.6045
0.7900 1.5194 0.7900 1.5287
0.7200 1.4317 0.7200 1.4529
0.6600 1.3871 0.6600 1.4046
0.6100 1.3045 0.6100 1.3323
0.5600 1.2283 0.5600 1.2606
0.5200 1.1850 0.5200 1.2111
0.4900 1.1317 0.4900 1.1584
0.4600 1.1001 0.4600 1.1004
0.4600 1.0837 0.4600 1.0279
0.4800 1.0684 0.4800 0.9594
0.5300 1.0586 0.5300 0.9067
0.5700 1.0514 0.5700 0.8636
0.5900 1.0412 0.5900 0.8576
0.6400 1.0284 0.6400 0.8505
0.6800 1.0178 0.6800 0.8444
0.7200 1.0095 0.7200 0.8396
0.7500 1.0000 0.7500 0.8339
0.7800 0.9917 0.7800 0.8302
0.8100 0.9840 0.8100 0.8270
0.8600 0.9753 0.8600 0.8217
0.9100 0.9735 0.9100 0.8224
0.9600 0.9736 0.9600 0.8191
1.0100 0.9763 1.0100 0.8164
1.0500 0.9702 1.0500 0.8076
1.0700 0.9564 1.0700 0.8116
1.0900 0.9541 1.0900 0.8725
1.1200 0.9956 1.1200 0.9195
1.1400 1.0236 1.1400 0.9459
1.1400 1.0404 1.1400 0.9635
1.1500 1.0562 1.1500 0.9806
1.1600 1.0806 1.1600 1.0055
1.1700 1.1340 1.1700 1.0553
1.1700 1.1900 1.1700 1.1060
1.1700 1.2341 1.1700 1.1460
1.1700 1.2809 1.1700 1.1898
1.1800 1.3084 1.1800 1.2169
1.9900 1.9564 1.9900 1.8204
1.9500 1.9898 1.9500 1.8547
1.9300 2.0436 1.9300 1.9066
1.9600 2.1054 1.9600 1.9642
1.9900 2.1228 1.9900 1.9830
2.0100 2.1246 2.0100 1.9905
2.0200 2.1046 2.0200 1.9797
2.0000 2.0557 2.0000 1.9437
1.9600 2.0444 1.9600 1.9393
1.9300 1.9907 1.9300 1.8953
1.9100 1.9362 1.9100 1.8506
1.8800 1.9109 1.8800 1.8304
1.8800 1.8860 1.8800 1.8081
1.9100 1.8279 1.9100 1.7571
1.9200 1.8105 1.9200 1.7415
1.9300 1.9055 1.9300 1.8212
1.9200 1.9775 1.9200 1.8768
1.8800 1.9939 1.8800 1.8869
1.8400 1.9956 1.8400 1.8895
1.7700 1.9464 1.7700 1.8505
1.6800 1.8648 1.6800 1.7850
1.6100 1.8220 1.6100 1.7516
1.5800 1.8115 1.5800 1.7421
1.5800 1.7761 1.5800 1.7083
1.6300 1.7960 1.6300 1.7230
1.7200 1.8823 1.7200 1.7938
1.7800 1.9042 1.7800 1.8077
1.8500 1.9062 1.8500 1.8088
1.9000 1.8850 1.9000 1.7924
1.9400 1.8049 1.9400 1.7263
1.9800 1.7404 1.9800 1.6744
2.0400 1.6388 2.0400 1.5876
2.0900 1.5065 2.0900 1.4730
2.1300 1.4395 2.1300 1.4159
2.1600 1.4595 2.1600 1.4264
2.1900 1.5210 2.1900 1.4710
2.2000 1.6475 2.2000 1.5717
2.2000 1.8293 2.2000 1.7212
2.1900 1.9145 2.1900 1.7891
2.1800 1.9869 2.1800 1.8537
2.1600 2.0348 2.1600 1.9004
2.1400 2.0445 2.1400 1.9147
2.1100 2.0653 2.1100 1.9391
2.1000 2.1262 2.1000 1.9955
2.0900 2.1701 2.0900 2.0351
2.0800 2.1801 2.0800 2.0461
2.0800 2.1849 2.0800 2.0548
2.0600 2.1979 2.0600 2.0708
2.0500 2.1789 2.0500 2.0583
2.0400 2.1410 2.0400 2.0296
2.0200 2.1044 2.0200 2.0020
1.9900 2.0777 1.9900 1.9813
1.9800 2.0421 1.9800 1.9515
1.9700 2.0089 1.9700 1.9232
1.9600 1.9687 1.9600 1.8884
1.9500 1.9694 1.9500 1.8883
1.9400 1.9778 1.9400 1.8932
1.9200 1.9696 1.9200 1.8833
1.9100 1.9845 1.9100 1.8949
1.8900 1.9584 1.8900 1.8710
1.8600 1.9463 1.8600 1.8610
1.8400 1.9473 1.8400 1.8617
1.8200 1.9184 1.8200 1.8356
1.8100 1.8740 1.8100 1.7973
1.8000 1.8756 1.8000 1.7988
1.7900 1.8841 1.7900 1.8041
1.7900 1.8754 1.7900 1.7940
1.7800 1.8698 1.7800 1.7878
1.7800 1.8642 1.7800 1.7821
1.7800 1.8400 1.7800 1.7608
1.7900 1.8332 1.7900 1.7549
1.8000 1.8142 1.8000 1.7375
1.8100 1.7690 1.8100 1.6977
1.8300 1.7532 1.8300 1.6841
1.8400 1.7428 1.8400 1.6736
1.8400 1.7443 1.8400 1.6728
1.8400 1.7456 1.8400 1.6715
1.8400 1.7402 1.8400 1.6648
1.8300 1.7551 1.8300 1.6768
1.8200 1.7480 1.8200 1.6693
1.8200 1.7524 1.8200 1.6727
1.8200 1.7629 1.8200 1.6812
1.8200 1.7828 1.8200 1.6974
1.8100 1.8028 1.8100 1.7139
1.8100 1.8133 1.8100 1.7225
1.8100 1.8444 1.8100 1.7497
1.8100 1.8532 1.8100 1.7574
1.8100 1.8360 1.8100 1.7436
1.8100 1.8270 1.8100 1.7380
1.8200 1.8241 1.8200 1.7368
1.8200 1.8019 1.8200 1.7182
1.8300 1.7810 1.8300 1.7007
1.8400 1.7884 1.8400 1.7074
1.8500 1.7953 1.8500 1.7123
1.8600 1.7954 1.8600 1.7114
1.8700 1.7781 1.8700 1.6961
1.8700 1.7811 1.8700 1.6992
1.8700 1.7901 1.8700 1.7069
1.8800 1.7893 1.8800 1.7054
1.8800 1.7903 1.8800 1.7059
1.8800 1.7908 1.8800 1.7062
1.8700 1.8109 1.8700 1.7237
1.8700 1.8099 1.8700 1.7221
1.8600 1.8209 1.8600 1.7319
1.8600 1.8395 1.8600 1.7481
1.8400 1.8486 1.8400 1.7558
1.8400 1.8589 1.8400 1.7652
1.8500 1.8674 1.8500 1.7731
1.8800 1.8579 1.8800 1.7657
1.8900 1.8481 1.8900 1.7586
1.9000 1.8650 1.9000 1.7742
1.9000 1.8610 1.9000 1.7705
1.9100 1.8513 1.9100 1.7625
1.9300 1.8319 1.9300 1.7465
1.9400 1.8321 1.9400 1.7475
1.9500 1.8205 1.9500 1.7374
1.9700 1.8194 1.9700 1.7362
1.9900 1.7905 1.9900 1.7108
2.0000 1.7924 2.0000 1.7127
2.0200 1.8290 2.0200 1.7437
2.0200 1.8836 2.0200 1.7882
2.0300 1.8946 2.0300 1.7956
2.0400 1.8907 2.0400 1.7930
2.3500 2.4883 2.3500 2.3609
2.3000 2.4623 2.3000 2.3400
2.2300 2.4505 2.2300 2.3324
2.1600 2.6265 2.1600 2.4822
2.0900 2.5961 2.0900 2.4493
2.0300 2.4420 2.0300 2.3212
1.9300 2.3053 1.9300 2.2155
1.8200 2.2482 1.8200 2.1723
1.7100 2.1814 1.7100 2.1137
1.6200 2.1235 1.6200 2.0585
1.5500 2.1580 1.5500 2.0823
1.5000 2.1516 1.5000 2.0689
1.4600 2.1085 1.4600 2.0280
1.4300 2.0542 1.4300 1.9805
1.3900 1.9693 1.3900 1.9073
1.3500 1.8920 1.3500 1.8406
1.3000 1.8279 1.3000 1.7827
1.2500 1.7836 1.2500 1.7400
1.2100 1.6661 1.2100 1.6396
1.1600 1.5303 1.1600 1.5329
1.0900 1.4307 1.0900 1.4524
1.0500 1.3706 1.0500 1.4007
1.0000 1.3466 1.0000 1.3684
0.9500 1.3431 0.9500 1.3434
0.9000 1.3486 0.9000 1.3245
0.8600 1.3577 0.8600 1.3186
0.8100 1.3398 0.8100 1.2977
0.7700 1.3106 0.7700 1.2691
0.7200 1.2668 0.7200 1.2287
0.6700 1.2188 0.6700 1.1846
0.6100 1.1941 0.6100 1.1605
0.5800 1.1496 0.5800 1.1177
0.5400 1.0671 0.5400 1.0487
0.5100 1.0554 0.5100 1.0223
0.4900 1.0502 0.4900 0.9962
0.4800 1.0449 0.4800 0.9544
0.4800 1.0372 0.4800 0.9148
0.4800 1.0309 0.4800 0.8886
0.5000 1.0219 0.5000 0.8548
0.5700 1.0170 0.5700 0.8464
0.6500 1.0079 0.6500 0.8402
0.6900 0.9999 0.6900 0.8346
0.7500 0.9907 0.7500 0.8278
0.8000 0.9909 0.8000 0.8303
0.9100 0.9863 0.9100 0.8269
1.0600 0.9823 1.0600 0.8254
1.1700 0.9769 1.1700 0.8244
1.2700 0.9722 1.2700 0.8203
1.3400 0.9684 1.3400 0.8157
1.3900 0.9637 1.3900 0.8110
1.4600 0.9618 1.4600 0.8074
1.5300 0.9711 1.5300 0.8089
1.5300 0.9934 1.5300 0.9140
1.5000 1.0216 1.5000 0.9364
1.4500 1.0763 1.4500 0.9885
1.3900 1.1325 1.3900 1.0429
1.3200 1.2695 1.3200 1.1682
1.2600 1.4805 1.2600 1.3554
1.2100 1.5803 1.2100 1.4409
1.1800 1.6458 1.1800 1.5032
1.1600 1.6785 1.1600 1.5413
1.1700 1.6741 1.1700 1.5481
1.1600 1.7198 1.1600 1.5980
1.1500 1.7739 1.1500 1.6505
1.1600 1.6931 1.1600 1.5838
1.1800 1.5700 1.1800 1.4852
1.2100 1.4680 1.2100 1.4055
1.2500 1.3679 1.2500 1.3231
1.2900 1.2672 1.2900 1.2360
1.3400 1.1971 1.3400 1.1764
1.3800 1.1631 1.3800 1.1447
1.3800 1.1620 1.3800 1.1324
1.3800 1.1752 1.3800 1.1374
1.3600 1.2286 1.3600 1.1790
1.3600 1.2401 1.3600 1.1842
1.3600 1.2295 1.3600 1.1728
1.3500 1.2657 1.3500 1.2049
1.3500 1.3108 1.3500 1.2432
1.3400 1.3586 1.3400 1.2834
1.3300 1.4150 1.3300 1.3317
1.3300 1.4658 1.3300 1.3760
1.3200 1.5264 1.3200 1.4301
1.3200 1.5646 1.3200 1.4652
1.3200 1.5214 1.3200 1.4303
1.3300 1.4864 1.3300 1.4057
1.3300 1.4407 1.3300 1.3704
1.3100 1.4296 1.3100 1.3634
1.3200 1.4343 1.3200 1.3675
1.3300 1.4092 1.3300 1.3439
1.3400 1.4118 1.3400 1.3462
1.3400 1.4020 1.3400 1.3372
1.3400 1.3870 1.3400 1.3240
1.3500 1.3956 1.3500 1.3316
1.3400 1.3845 1.3400 1.3209
1.3500 1.3869 1.3500 1.3226
1.3700 1.3953 1.3700 1.3294
1.3700 1.4144 1.3700 1.3452
1.3800 1.4162 1.3800 1.3460
1.3900 1.3742 1.3900 1.3094
1.4000 1.3954 1.4000 1.3298
1.4000 1.4255 1.4000 1.3554
1.4000 1.4338 1.4000 1.3610
1.3900 1.4274 1.3900 1.3552
1.3900 1.4212 1.3900 1.3507
1.4000 1.4412 1.4000 1.3693
1.4000 1.4198 1.4000 1.3504
1.4000 1.4293 1.4000 1.3596
1.4000 1.4707 1.4000 1.3957
1.4000 1.4607 1.4000 1.3855
1.4000 1.4657 1.4000 1.3909
1.4000 1.4826 1.4000 1.4065
1.4100 1.4918 1.4100 1.4148
1.4200 1.4822 1.4200 1.4071
1.4300 1.4720 1.4300 1.3993
1.4400 1.4533 1.4400 1.3841
1.4500 1.4511 1.4500 1.3831
1.4400 1.4741 1.4400 1.4031
1.4400 1.4713 1.4400 1.3992
1.4600 1.4652 1.4600 1.3939
1.4600 1.4664 1.4600 1.3955
1.4600 1.4669 1.4600 1.3963
1.4600 1.4664 1.4600 1.3960
1.4500 1.4649 1.4500 1.3946
1.4300 1.4829 1.4300 1.4103
1.4200 1.5002 1.4200 1.4248
1.3300 1.5104 1.3300 1.4333
1.3400 1.5214 1.3400 1.4432
1.3200 1.5313 1.3200 1.4525
1.3100 1.5047 1.3100 1.4300
1.3200 1.4961 1.3200 1.4244
1.3100 1.5372 1.3100 1.4611
1.3000 1.5320 1.3000 1.4550
1.2800 1.5167 1.2800 1.4419
1.2700 1.5173 1.2700 1.4437
1.2400 1.4987 1.2400 1.4281
1.2400 1.4624 1.2400 1.3974
1.2300 1.4501 1.2300 1.3875
1.2500 1.3040 1.2500 1.2594
1.2700 1.3340 1.2700 1.2888
1.2900 1.3622 1.2900 1.3097
1.3000 1.3357 1.3000 1.2808
1.3300 1.3809 1.3300 1.3189
1.3900 1.3731 1.3900 1.3089
1.4100 1.3629 1.4100 1.3000
1.4200 1.3363 1.4200 1.2772
1.4200 1.3284 1.4200 1.2707
1.4300 1.2910 1.4300 1.2373
1.4200 1.2981 1.4200 1.2432
1.4200 1.3042 1.4200 1.2467
1.4400 1.3414 1.4400 1.2772
1.4500 1.3889 1.4500 1.3167
1.4700 1.4119 1.4700 1.3349
1.5100 1.4215 1.5100 1.3438
1.5300 1.4606 1.5300 1.3795
1.5400 1.5594 1.5400 1.4666
1.6000 1.5651 1.6000 1.4700
1.6500 1.5365 1.6500 1.4476
1.7100 1.5197 1.7100 1.4380
1.8000 1.5232 1.8000 1.4446
1.8700 1.4957 1.8700 1.4221
1.9200 1.4787 1.9200 1.4082
1.9600 1.5192 1.9600 1.4441
1.9900 1.5326 1.9900 1.4541
2.0100 1.5542 2.0100 1.4726
1.9700 1.6189 1.9700 1.5292
1.8800 1.6380 1.8800 1.5452
1.7800 1.6251 1.7800 1.5356
1.6700 1.7175 1.6700 1.6191
1.5400 1.7928 1.5400 1.6836
1.4300 1.8490 1.4300 1.7321
1.3400 1.9716 1.3400 1.8401
1.2300 2.0440 1.2300 1.9035
1.1200 2.0569 1.1200 1.9188
1.0600 2.0632 1.0600 1.9316
1.0100 2.0637 1.0100 1.9388
0.9900 2.0512 0.9900 1.9336
1.0100 1.9312 1.0100 1.8348
1.0300 1.7371 1.0300 1.6746
1.0200 1.5823 1.0200 1.5480
1.0500 1.4470 1.0500 1.4452
1.1200 1.2881 1.1200 1.3355
1.1900 1.1829 1.1900 1.2470
1.2500 1.1355 1.2500 1.1948
1.3000 1.1163 1.3000 1.1121
1.3600 1.0961 1.3600 1.0188
1.4200 1.0956 1.4200 0.9956
1.4800 1.0879 1.4800 0.9888
1.5400 1.0832 1.5400 0.9894
1.5900 1.0853 1.5900 1.0443
1.6400 1.1566 1.6400 1.0994
1.6700 1.1489 1.6700 1.0884
1.6900 1.2030 1.6900 1.1372
1.7000 1.3383 1.7000 1.2563
1.7000 1.4379 1.7000 1.3405
1.6800 1.4926 1.6800 1.3875
1.6600 1.5302 1.6600 1.4234
1.6200 1.5913 1.6200 1.4822
1.5600 1.6500 1.5600 1.5377
1.5100 1.6959 1.5100 1.5811
1.4800 1.7441 1.4800 1.6267
1.4500 1.7748 1.4500 1.6573
1.4300 1.8071 1.4300 1.6900
1.3900 1.8081 1.3900 1.6954
1.3500 1.7914 1.3500 1.6860
1.3200 1.7730 1.3200 1.6750
1.3000 1.7435 1.3000 1.6532
1.2800 1.6880 1.2800 1.6081
1.2500 1.6433 1.2500 1.5720
1.2300 1.5804 1.2300 1.5186
1.1900 1.4845 1.1900 1.4358
1.1600 1.4273 1.1600 1.3865
1.1500 1.4205 1.1500 1.3783
1.1500 1.4079 1.1500 1.3623
1.1500 1.4026 1.1500 1.3530
1.1700 1.3650 1.1700 1.3166
1.1800 1.3225 1.1800 1.2780
1.1800 1.3099 1.1800 1.2660
1.1800 1.3090 1.1800 1.2624
1.1800 1.3020 1.1800 1.2528
1.1900 1.2707 1.1900 1.2224
1.2000 1.2603 1.2000 1.2120
1.2100 1.2196 1.2100 1.1746
1.2100 1.1882 1.2100 1.1460
1.2200 1.2045 1.2200 1.1589
1.2200 1.2287 1.2200 1.1765
1.2300 1.2427 1.2300 1.1853
1.2400 1.2851 1.2400 1.2205
1.2300 1.3101 1.2300 1.2407
1.2300 1.3012 1.2300 1.2326
1.2300 1.2973 1.2300 1.2308
1.2400 1.2960 1.2400 1.2309
1.2300 1.3115 1.2300 1.2451
1.2200 1.3251 1.2200 1.2565
1.2000 1.3339 1.2000 1.2638
1.1900 1.3274 1.1900 1.2584
1.1800 1.3379 1.1800 1.2688
1.1700 1.3366 1.1700 1.2681
1.1700 1.3444 1.1700 1.2756
1.1600 1.3602 1.1600 1.2897
1.1500 1.3328 1.1500 1.2654
1.1400 1.3267 1.1400 1.2617
1.1300 1.3317 1.1300 1.2669
1.1200 1.3471 1.1200 1.2801
1.1200 1.3279 1.1200 1.2626
1.1100 1.3032 1.1100 1.2414
1.1200 1.2776 1.1200 1.2201
1.1200 1.2661 1.1200 1.2105
1.1300 1.2624 1.1300 1.2066
1.1400 1.2508 1.1400 1.1949
1.1500 1.2612 1.1500 1.2032
1.1600 1.2533 1.1600 1.1948
1.1900 1.2401 1.1900 1.1827
1.2100 1.2328 1.2100 1.1763
1.2300 1.2238 1.2300 1.1680
1.2600 1.2153 1.2600 1.1600
1.2900 1.2232 1.2900 1.1662
1.3100 1.2148 1.3100 1.1575
1.3300 1.2349 1.3300 1.1747
1.3600 1.2441 1.3600 1.1817
1.3600 1.2562 1.3600 1.1917
1.3400 1.2764 1.3400 1.2094
1.3900 1.2863 1.3900 1.2177
1.4700 1.2983 1.4700 1.2288
1.5400 1.3420 1.5400 1.2677
1.6000 1.3681 1.6000 1.2902
1.6800 1.3797 1.6800 1.3008
1.7300 1.4173 1.7300 1.3354
1.7800 1.4516 1.7800 1.3664
1.8200 1.4612 1.8200 1.3759
1.8100 1.4696 1.8100 1.3855
1.8000 1.5033 1.8000 1.4173
1.8200 1.4814 1.8200 1.3994
1.8600 1.4183 1.8600 1.3471
1.8800 1.5039 1.8800 1.4258
1.9000 1.6529 1.9000 1.5534
1.9200 1.7332 1.9200 1.6182
1.9200 1.7810 1.9200 1.6599
1.9100 1.8751 1.9100 1.7461
1.9000 1.9143 1.9000 1.7844
1.8800 1.9291 1.8800 1.8029
1.8300 1.9466 1.8300 1.8241
1.7800 1.8686 1.7800 1.7617
1.7300 1.8068 1.7300 1.7159
1.6700 1.8378 1.6700 1.7475
1.6000 1.9049 1.6000 1.8042
1.5400 1.9139 1.5400 1.8090
1.4800 1.9158 1.4800 1.8112
1.4400 1.9392 1.4400 1.8342
1.3900 1.9195 1.3900 1.8194
1.3600 1.8797 1.3600 1.7883
1.3100 1.8552 1.3100 1.7699
1.2700 1.8208 1.2700 1.7412
1.2200 1.7324 1.2200 1.6653
1.1600 1.6574 1.1600 1.6020
1.1100 1.6079 1.1100 1.5591
1.0700 1.5399 1.0700 1.4975
1.0300 1.4581 1.0300 1.4236
1.0000 1.4058 1.0000 1.3752
1.0000 1.3631 1.0000 1.3352
1.0000 1.3491 1.0000 1.3163
0.9800 1.3176 0.9800 1.2831
0.9500 1.3093 0.9500 1.2712
0.9000 1.2734 0.9000 1.2355
0.8800 1.2387 0.8800 1.2020
0.8600 1.2010 0.8600 1.1664
0.8300 1.1340 0.8300 1.1047
0.8000 1.0947 0.8000 1.0692
0.7700 1.0751 0.7700 1.0473
0.7500 1.0562 0.7500 1.0225
0.7100 1.0522 0.7100 1.0059
0.7000 1.0779 0.7000 1.0371
0.6600 1.1101 0.6600 1.0607
0.6400 1.0874 0.6400 1.0370
0.6300 1.0480 0.6300 1.0019
0.6100 1.0070 0.6100 0.9466
2.1500 1.5751 2.1500 1.4563
2.2100 1.5955 2.2100 1.4806
2.2900 1.6299 2.2900 1.5183
2.3800 1.6438 2.3800 1.5361
2.4500 1.6575 2.4500 1.5528
2.5200 1.7362 2.5200 1.6249
2.5600 1.8733 2.5600 1.7449
2.5600 1.9888 2.5600 1.8443
2.5500 2.0464 2.5500 1.8962
2.5100 2.1064 2.5100 1.9547
2.4700 2.1968 2.4700 2.0401
2.4700 2.2592 2.4700 2.0991
2.4500 2.2926 2.4500 2.1334
2.4300 2.3174 2.4300 2.1615
2.4300 2.3925 2.4300 2.2324
2.4300 2.4932 2.4300 2.3223
2.4200 2.5343 2.4200 2.3598
2.4000 2.5740 2.4000 2.3994
2.3800 2.5712 2.3800 2.4038
2.3700 2.4896 2.3700 2.3424
2.3700 2.4195 2.3700 2.2924
2.3600 2.3233 2.3600 2.2166
2.3300 2.2427 2.3300 2.1516
2.3100 2.2722 2.3100 2.1768
2.2900 2.2590 2.2900 2.1601
2.2800 2.2226 2.2800 2.1259
2.2600 2.2498 2.2600 2.1485
2.2500 2.2725 2.2500 2.1654
2.2400 2.2575 2.2400 2.1510
2.2200 2.2220 2.2200 2.1208
2.2100 2.1977 2.2100 2.1012
2.2100 2.1998 2.2100 2.1031
2.2000 2.2176 2.2000 2.1163
2.1900 2.2067 2.1900 2.1044
2.1800 2.1521 2.1800 2.0572
2.1800 2.1302 2.1800 2.0400
2.1600 2.1214 2.1600 2.0323
2.1400 2.1211 2.1400 2.0300
2.1400 2.1015 2.1400 2.0109
2.1300 2.0960 2.1300 2.0048
2.1200 2.1005 2.1200 2.0074
2.1200 2.0739 2.1200 1.9832
2.1100 2.0696 2.1100 1.9793
2.1200 2.0900 2.1200 1.9955
2.1100 2.0811 2.1100 1.9858
2.1100 2.0657 2.1100 1.9720
2.1100 2.0591 2.1100 1.9664
2.1000 2.0711 2.1000 1.9762
2.0900 2.0418 2.0900 1.9499
2.0800 2.0063 2.0800 1.9197
2.0600 2.0282 2.0600 1.9389
2.0500 2.0253 2.0500 1.9341
1.7100 1.5894 1.7100 1.5338
1.8200 1.5896 1.8200 1.5317
1.9700 1.5444 1.9700 1.4889
2.1000 1.4969 2.1000 1.4461
2.2300 1.4827 2.2300 1.4325
2.3300 1.4659 2.3300 1.4150
2.3700 1.4598 2.3700 1.4068
2.3300 1.4353 2.3300 1.3822
2.2900 1.4243 2.2900 1.3706
2.1900 1.4738 2.1900 1.4119
2.0600 1.6205 2.0600 1.5355
1.9300 1.7989 1.9300 1.6840
1.8000 1.9132 1.8000 1.7779
1.6600 2.0462 1.6600 1.8946
1.5100 2.2567 1.5100 2.0802
1.3800 2.3979 1.3800 2.2040
1.2700 2.5005 1.2700 2.2980
1.1500 2.5571 1.1500 2.3559
1.0500 2.4918 1.0500 2.3118
0.9300 2.2986 0.9300 2.1627
0.8800 2.1625 0.8800 2.0624
0.8000 1.9779 0.8000 1.9126
0.7400 1.7466 0.7400 1.7194
0.6700 1.5840 0.6700 1.6053
0.6200 1.4516 0.6200 1.5075
0.6000 1.3201 0.6000 1.4002
0.5900 1.1915 0.5900 1.2737
0.5800 1.1397 0.5800 1.1820
0.5900 1.1304 0.5900 1.1216
0.5800 1.1107 0.5800 1.0372
0.5800 1.0962 0.5800 0.9647
0.6100 1.0688 0.6100 0.8771
0.6500 1.0701 0.6500 0.8792
0.6100 1.0539 0.6100 0.8675
0.5500 1.0411 0.5500 0.8602
0.5300 1.0233 0.5300 0.8486
0.5200 1.0119 0.5200 0.8414
0.5200 1.0077 0.5200 0.8415
0.5600 1.0054 0.5600 0.8424
0.6100 0.9952 0.6100 0.8351
0.6600 0.9873 0.6600 0.8268
0.7000 0.9733 0.7000 0.8148
0.7300 0.9667 0.7300 0.8094
0.7700 0.9710 0.7700 0.8100
0.8100 0.9765 0.8100 0.8578
0.8500 0.9582 0.8500 0.7994
0.8900 0.9406 0.8900 0.7918
0.9400 0.9435 0.9400 0.7954
0.9900 0.9586 0.9900 0.8066
1.0400 0.9737 1.0400 0.8184
1.0800 0.9849 1.0800 0.8241
1.1300 0.9830 1.1300 0.8272
1.1800 0.9761 1.1800 0.8876
1.2300 1.0041 1.2300 0.9260
1.2900 1.0247 1.2900 0.9468
1.3300 1.0631 1.3300 0.9850
1.3100 1.1001 1.3100 1.0208
1.2400 1.1298 1.2400 1.0493
1.2100 1.1617 1.2100 1.0799
1.2100 1.2118 1.2100 1.1267
1.2600 1.2628 1.2600 1.1738
1.3100 1.3059 1.3100 1.2140
1.3300 1.3321 1.3300 1.2399
1.3500 1.3751 1.3500 1.2815
1.4000 1.4238 1.4000 1.3275
1.4600 1.4637 1.4600 1.3651
1.5000 1.5231 1.5000 1.4201
1.5500 1.5457 1.5500 1.4425
1.5800 1.4561 1.5800 1.3683
1.5900 1.2958 1.5900 1.2360
1.6200 1.2476 1.6200 1.2022
1.6400 1.2806 1.6400 1.2320
1.6600 1.3757 1.6600 1.3098
1.6800 1.4619 1.6800 1.3780
1.7000 1.4695 1.7000 1.3807
1.7200 1.4847 1.7200 1.3972
1.7400 1.5625 1.7400 1.4693
1.7600 1.6476 1.7600 1.5444
1.7700 1.6698 1.7700 1.5635
1.7800 1.7082 1.7800 1.5998
1.7900 1.7258 1.7900 1.6188
1.7900 1.6967 1.7900 1.5979
1.7800 1.7185 1.7800 1.6222
1.7700 1.7323 1.7700 1.6362
1.7500 1.7347 1.7500 1.6397
1.7300 1.7477 1.7300 1.6528
1.7100 1.7619 1.7100 1.6665
1.7200 1.7788 1.7200 1.6828
1.7100 1.7934 1.7100 1.6968
1.7200 1.8095 1.7200 1.7120
1.7500 1.8068 1.7500 1.7111
1.7700 1.8050 1.7700 1.7117
1.7700 1.8110 1.7700 1.7186
1.7600 1.7974 1.7600 1.7079
1.7800 1.7671 1.7800 1.6831
1.7900 1.7460 1.7900 1.6666
1.8200 1.7145 1.8200 1.6401
1.8500 1.6843 1.8500 1.6142
1.8800 1.6631 1.8800 1.5955
1.9000 1.6987 1.9000 1.6250
1.9400 1.6964 1.9400 1.6199
1.9700 1.7111 1.9700 1.6312
2.0000 1.7802 2.0000 1.6902
2.0400 1.8091 2.0400 1.7128
2.0700 1.7881 2.0700 1.6950
2.1300 1.7547 2.1300 1.6691
2.1900 1.7928 2.1900 1.7051
2.2600 1.8123 2.2600 1.7213
2.3000 1.8463 2.3000 1.7497
2.3100 1.8917 2.3100 1.7884
2.3300 1.9214 2.3300 1.8139
2.3300 1.9344 2.3300 1.8269
2.3300 1.9811 2.3300 1.8696
2.3300 2.0148 2.3300 1.8999
2.3200 2.0301 2.3200 1.9146
2.3200 2.0752 2.3200 1.9559
2.3100 2.0977 2.3100 1.9768
2.3100 2.1729 2.3100 2.0437
2.3000 2.2515 2.3000 2.1117
2.2900 2.3246 2.2900 2.1751
2.2800 2.3398 2.2800 2.1909
2.2700 2.2877 2.2700 2.1522
2.2700 2.2857 2.2700 2.1589
2.2600 2.2606 2.2600 2.1416
1.2800 1.4173 1.2800 1.3862
1.2400 1.4260 1.2400 1.3893
1.1700 1.4434 1.1700 1.3974
1.1200 1.4441 1.1200 1.3917
1.1100 1.3855 1.1100 1.3371
1.1500 1.3463 1.1500 1.3026
1.1100 1.3058 1.1100 1.2663
1.0800 1.3052 1.0800 1.2634
1.0600 1.3471 1.0600 1.2959
1.0500 1.3489 1.0500 1.2918
1.0200 1.3445 1.0200 1.2854
1.0100 1.3447 1.0100 1.2849
1.0000 1.3420 1.0000 1.2821
0.9900 1.2821 0.9900 1.2292
0.9600 1.1698 0.9600 1.1315
0.9300 1.1157 0.9300 1.0859
0.9200 1.1473 0.9200 1.1120
0.9300 1.2519 0.9300 1.1978
1.0200 1.1940 1.0200 1.1386
1.1400 1.1313 1.1400 1.0832
1.2100 1.1411 1.2100 1.0947
1.2700 1.1453 1.2700 1.0974
1.3000 1.1086 1.3000 1.0627
1.3200 1.0968 1.3200 1.0509
1.4500 1.1082 1.4500 1.0595
1.4900 1.1024 1.4900 1.0522
1.4400 1.0638 1.4400 1.0169
1.4400 1.0236 1.4400 0.9813
1.4400 1.0318 1.4400 0.9887
1.4000 1.0691 1.4000 1.0195
1.3700 1.2332 1.3700 1.1610
1.4400 1.4393 1.4400 1.3359
1.4400 1.5059 1.4400 1.3884
1.4200 1.5381 1.4200 1.4206
1.3900 1.5411 1.3900 1.4318
1.2700 1.5204 1.2700 1.4223
1.3400 1.7104 1.3400 1.5952
1.3600 1.7349 1.3600 1.6132
1.3900 1.5334 1.3900 1.4407
1.4100 1.5056 1.4100 1.4305
1.4100 1.5261 1.4100 1.4537
1.3200 1.4367 1.3200 1.3750
1.2900 1.3702 1.2900 1.3179
1.2500 1.5234 1.2500 1.4515
1.1300 1.5438 1.1300 1.4619
1.0700 1.4596 1.0700 1.3867
1.0300 1.4175 1.0300 1.3549
1.0500 1.2221 1.0500 1.1869
1.1300 1.3732 1.1300 1.3250
1.2200 1.4779 1.2200 1.4073
1.3500 1.4766 1.3500 1.3964
1.5000 1.5174 1.5000 1.4324
1.5500 1.5004 1.5500 1.4185
1.6800 1.3402 1.6800 1.2834
1.7200 1.2803 1.7200 1.2381
1.8000 1.2670 1.8000 1.2273
1.9500 1.0691 1.9500 1.0719
2.0400 1.0562 2.0400 1.0099
2.0500 1.0624 2.0500 1.0122
2.1700 1.1055 2.1700 1.0701
2.2500 1.2849 2.2500 1.2187
2.3500 1.4423 2.3500 1.3466
2.3500 1.6427 2.3500 1.5176
2.3200 1.8607 2.3200 1.7069
2.2500 1.8521 2.2500 1.7012
2.1600 1.9727 2.1600 1.8184
2.0800 1.9813 2.0800 1.8341
2.0100 1.9984 2.0100 1.8579
1.9900 2.2248 1.9900 2.0613
2.0100 2.2858 2.0100 2.1111
1.9600 2.1622 1.9600 2.0116
1.9300 2.3064 1.9300 2.1502
1.9200 2.4247 1.9200 2.2552
1.9300 2.4852 1.9300 2.3080
2.0400 2.3868 2.0400 2.2299
2.0900 2.2267 2.0900 2.1054
2.1000 2.0885 2.1000 2.0017
2.1000 1.9202 2.1000 1.8638
2.1000 1.8183 2.1000 1.7782
1.9900 1.7519 1.9900 1.7160
1.8500 1.7872 1.8500 1.7388
1.7800 1.8930 1.7800 1.8194
1.7500 1.8260 1.7500 1.7521
1.8600 1.7800 1.8600 1.7127
1.9200 1.8219 1.9200 1.7503
1.9300 1.8702 1.9300 1.7884
1.8800 2.0925 1.8800 1.9751
1.8300 2.1693 1.8300 2.0315
1.7900 2.1026 1.7900 1.9745
1.7400 2.0737 1.7400 1.9602
1.6900 2.0609 1.6900 1.9564
1.6500 1.8399 1.6500 1.7706
1.6300 1.5731 1.6300 1.5480
1.5600 1.5368 1.5600 1.5216
1.5100 1.5855 1.5100 1.5594
1.4400 1.8495 1.4400 1.7689
1.3900 1.9875 1.3900 1.8696
1.3700 1.9386 1.3700 1.8213
1.3800 1.8306 1.3800 1.7379
1.3800 1.7409 1.3800 1.6715
1.3500 1.7037 1.3500 1.6452
1.3300 1.6301 1.3300 1.5791
1.3400 1.5653 1.3400 1.5194
1.3600 1.5368 1.3600 1.4914
1.3900 1.5504 1.3900 1.4992
1.4100 1.4638 1.4100 1.4191
1.4000 1.4038 1.4000 1.3657
1.3500 1.3443 1.3500 1.3123
1.2800 1.3016 1.2800 1.2719
1.2800 1.3287 1.2800 1.2913
1.2600 1.3893 1.2600 1.3370
1.2300 1.4183 1.2300 1.3556
1.1900 1.3718 1.1900 1.3117
1.1400 1.3536 1.1400 1.2973
1.1000 1.4008 1.1000 1.3394
1.0700 1.4501 1.0700 1.3796
1.0400 1.4957 1.0400 1.4161
1.0100 1.5198 1.0100 1.4355
1.0300 1.4851 1.0300 1.4062
1.0400 1.3852 1.0400 1.3229
1.0700 1.2678 1.0700 1.2253
1.1000 1.2992 1.1000 1.2559
1.0900 1.3039 1.0900 1.2551
1.0800 1.2499 1.0800 1.2023
1.0600 1.2061 1.0600 1.1626
1.0500 1.1508 1.0500 1.1134
1.0500 1.1207 1.0500 1.0865
1.0400 1.1049 1.0400 1.0701
1.0500 1.0858 1.0500 1.0492
1.0900 1.0638 1.0900 1.0264
1.1100 1.1292 1.1100 1.0815
1.1300 1.1757 1.1300 1.1176
1.1400 1.2227 1.1400 1.1557
1.1600 1.2776 1.1600 1.2026
1.1600 1.2440 1.1600 1.1727
1.1500 1.2119 1.1500 1.1481
1.1200 1.1799 1.1200 1.1232
1.1000 1.1631 1.1000 1.1099
1.0900 1.1708 1.0900 1.1164
1.0800 1.1558 1.0800 1.1011
1.0500 1.1767 1.0500 1.1188
1.0300 1.2558 1.0300 1.1873
1.0100 1.2853 1.0100 1.2104
1.0000 1.2960 1.0000 1.2197
0.9900 1.3016 0.9900 1.2267
0.9600 1.3212 0.9600 1.2463
0.9600 1.3093 0.9600 1.2374
0.9900 1.2702 0.9900 1.2047
1.0000 1.2149 1.0000 1.1585
1.0000 1.1827 1.0000 1.1323
0.9900 1.1828 0.9900 1.1326
1.0300 1.1750 1.0300 1.1236
1.0600 1.1324 1.0600 1.0841
1.0600 1.1101 1.0600 1.0642
1.0600 1.1018 1.0600 1.0563
1.0200 1.1007 1.0200 1.0537
0.9500 1.1005 0.9500 1.0515
0.9200 1.0598 0.9200 1.0136
0.9500 1.0740 0.9500 1.0261
1.0300 1.1490 1.0300 1.0908
1.0500 1.1677 1.0500 1.1034
1.0600 1.1532 1.0600 1.0894
1.0700 1.1347 1.0700 1.0748
1.0700 1.2061 1.0700 1.1398
1.0500 1.2604 1.0500 1.1863
1.0400 1.2275 1.0400 1.1555
1.0400 1.2101 1.0400 1.1430
1.0500 1.1399 1.0500 1.0840
1.0500 1.0185 1.0500 0.9804
1.0500 1.0095 1.0500 0.9566
1.0500 1.0768 1.0500 1.0334
1.0400 1.2325 1.0400 1.1633
1.0300 1.2520 1.0300 1.1719
1.1100 1.2312 1.1100 1.1536
1.1300 1.2498 1.1300 1.1756
1.1100 1.2391 1.1100 1.1698
1.0000 1.1879 1.0000 1.1273
0.9700 1.1580 0.9700 1.1031
0.9700 1.1669 0.9700 1.1115
0.9600 1.1873 0.9600 1.1281
1.0300 1.1867 1.0300 1.1259
1.1000 1.1823 1.1000 1.1215
1.1200 1.1865 1.1200 1.1258
0.7500 0.9887 0.7500 0.9343
0.7100 0.9900 0.7100 0.9167
0.7200 0.9922 0.7200 0.9149
0.7600 0.9875 0.7600 0.8918
0.7900 0.9908 0.7900 0.8919
0.8300 0.9931 0.8300 0.9032
0.8600 0.9915 0.8600 0.8862
0.9000 0.9861 0.9000 0.8599
0.9100 0.9926 0.9100 0.8967
0.9300 0.9918 0.9300 0.9075
0.9800 0.9883 0.9800 0.8804
1.0200 0.9835 1.0200 0.8702
1.0900 0.9860 1.0900 0.8916
1.0900 0.9773 1.0900 0.8380
1.1800 0.9857 1.1800 0.8466
1.2200 0.9973 1.2200 0.9287
1.2200 1.0274 1.2200 0.9619
1.2300 1.0756 1.2300 1.0033
1.2300 1.1094 1.2300 1.0335
1.2300 1.1554 1.2300 1.0764
1.2200 1.1486 1.2200 1.0726
1.2000 1.1473 1.2000 1.0749
1.1900 1.2189 1.1900 1.1413
1.1600 1.2624 1.1600 1.1794
1.1400 1.3438 1.1400 1.2519
1.1500 1.3097 1.1500 1.2223
1.1800 1.4161 1.1800 1.3213
1.2000 1.4778 1.2000 1.3769
1.2100 1.3982 1.2100 1.3085
1.1900 1.3852 1.1900 1.3050
1.1800 1.3682 1.1800 1.2944
1.2000 1.3526 1.2000 1.2834
1.2400 1.3203 1.2400 1.2561
1.2400 1.2789 1.2400 1.2204
1.2900 1.2686 1.2900 1.2125
1.3600 1.2280 1.3600 1.1762
1.4000 1.2009 1.4000 1.1523
1.3900 1.2411 1.3900 1.1869
1.4300 1.3080 1.4300 1.2422
1.4700 1.3400 1.4700 1.2665
1.5100 1.3421 1.5100 1.2674
1.4300 1.2996 1.4300 1.2320
1.4800 1.2773 1.4800 1.2161
1.5300 1.3219 1.5300 1.2572
1.5100 1.3904 1.5100 1.3150
1.4500 1.3724 1.4500 1.2962
1.3100 1.4357 1.3100 1.3530
1.1200 1.5626 1.1200 1.4645
1.0000 1.5918 1.0000 1.4879
0.9600 1.5203 0.9600 1.4287
1.2200 1.5591 1.2200 1.4700
1.6200 1.6294 1.6200 1.5342
1.8500 1.6549 1.8500 1.5558
1.9300 1.4703 1.9300 1.3966
1.9100 1.5314 1.9100 1.4588
1.8400 1.6750 1.8400 1.5839
1.7400 1.5805 1.7400 1.4951
1.6500 1.4414 1.6500 1.3784
1.5800 1.2096 1.5800 1.1827
1.4900 1.0155 1.4900 0.9969
1.4100 1.0324 1.4100 0.9209
1.3100 1.0778 1.3100 0.9490
1.2400 1.4147 1.2400 1.3482
1.0900 2.2012 1.0900 2.0034
1.0900 2.4554 1.0900 2.1901
1.1200 2.3337 1.1200 2.0944
1.1000 2.1382 1.1000 1.9641
1.0800 1.9187 1.0800 1.8101
1.0500 1.6799 1.0500 1.6240
1.0100 1.5008 1.0100 1.4738
0.9700 1.4172 0.9700 1.4108
0.9400 1.3159 0.9400 1.3295
0.9100 1.2396 0.9100 1.2568
0.8800 1.1502 0.8800 1.1769
0.8500 1.1081 0.8500 1.1329
0.8400 1.0714 0.8400 1.0043
0.8400 1.0937 0.8400 1.0306
0.8300 1.1825 0.8300 1.1453
0.8500 1.1595 0.8500 1.1100
0.8900 1.1389 0.8900 1.0888
0.9400 1.1215 0.9400 1.0740
1.0000 1.0850 1.0000 1.0429
1.0700 1.0366 1.0700 1.0004
1.1500 1.0280 1.1500 0.9746
1.2000 1.0281 1.2000 0.9540
1.2600 1.0255 1.2600 0.9288
1.3200 1.0199 1.3200 0.9065
1.3700 1.0186 1.3700 0.9146
1.4000 1.0185 1.4000 0.9360
1.4000 1.0131 1.4000 0.9297
1.3900 1.0198 1.3900 0.9660
1.3700 1.1006 1.3700 1.0358
1.3500 1.1770 1.3500 1.1007
1.3500 1.2573 1.3500 1.1705
1.3600 1.3459 1.3600 1.2489
1.3900 1.4440 1.3900 1.3368
1.4300 1.4759 1.4300 1.3672
1.4700 1.5158 1.4700 1.4075
1.5100 1.5734 1.5100 1.4634
1.5600 1.6008 1.5600 1.4913
1.6000 1.5942 1.6000 1.4902
1.5900 1.5410 1.5900 1.4492
1.5700 1.4891 1.5700 1.4104
1.5800 1.4393 1.5800 1.3716
1.6000 1.3977 1.6000 1.3374
1.6200 1.4035 1.6200 1.3427
1.6200 1.4306 1.6200 1.3641
1.6000 1.4847 1.6000 1.4087
1.5700 1.5522 1.5700 1.4653
1.5400 1.6052 1.5400 1.5102
1.4900 1.6505 1.4900 1.5505
1.4500 1.7096 1.4500 1.6040
1.4900 1.7459 1.4900 1.6378
1.5100 1.6801 1.5100 1.5837
1.4200 1.6072 1.4200 1.5270
1.2900 1.6249 1.2900 1.5480
1.1900 1.6626 1.1900 1.5804
1.0600 1.6805 1.0600 1.5934
0.9600 1.6614 0.9600 1.5759
0.9100 1.6130 0.9100 1.5360
0.9700 1.5619 0.9700 1.4951
1.0200 1.5201 1.0200 1.4609
1.0500 1.4485 1.0500 1.3984
1.0700 1.3989 1.0700 1.3545
1.0900 1.5119 1.0900 1.4509
1.1000 1.5776 1.1000 1.5000
1.3400 1.3926 1.3400 1.3342
1.3400 1.1694 1.3400 1.1462
1.3300 1.0719 1.3300 1.0794
1.3700 1.0450 1.3700 1.0003
1.3600 1.0556 1.3600 0.9177
1.3400 1.0760 1.3400 0.8988
1.3100 1.1014 1.3100 1.0063
1.2500 1.1766 1.2500 1.1159
1.3200 1.2159 1.3200 1.1408
1.3500 1.2507 1.3500 1.1719
1.5000 1.2804 1.5000 1.2017
1.5200 1.2852 1.5200 1.2096
1.4400 1.6861 1.4400 1.5641
1.4800 1.6552 1.4800 1.5249
1.5100 1.4634 1.5100 1.3626
1.5300 1.5476 1.5300 1.4546
1.5400 1.5069 1.5400 1.4227
1.4800 1.4289 1.4800 1.3589
1.4200 1.3529 1.4200 1.2949
1.4800 1.2587 1.4800 1.2138
1.4500 1.4058 1.4500 1.3445
1.3400 1.4914 1.3400 1.4112
1.2900 1.7140 1.2900 1.5993
1.2300 1.7331 1.2300 1.6106
1.1800 1.4825 1.1800 1.3975
1.1100 1.5589 1.1100 1.4824
1.0400 1.6431 1.0400 1.5570
0.9700 1.6281 0.9700 1.5396
0.9000 1.6110 0.9000 1.5246
0.8200 1.4869 0.8200 1.4185
0.6900 1.3847 0.6900 1.3364
0.6300 1.5317 0.6300 1.4681
0.5600 1.5048 0.5600 1.4359
0.5600 1.2666 0.5600 1.2253
0.5100 1.2184 0.5100 1.1905
0.4000 1.1952 0.4000 1.1693
0.4000 1.1459 0.4000 1.1356
0.4000 1.0745 0.4000 1.0625
0.4000 1.0610 0.4000 0.9953
0.4000 1.0483 0.4000 0.9517
0.5400 1.0422 0.5400 0.8999
0.6100 1.0331 0.6100 0.8507
0.6200 1.0028 0.6200 0.8326
0.6100 1.0053 0.6100 0.8383
0.6000 1.0015 0.6000 0.8362
0.5400 1.0190 0.5400 0.8488
0.4000 1.0045 0.4000 0.8387
0.4000 0.9610 0.4000 0.8101
0.4000 0.9647 0.4000 0.8175
0.4000 0.9696 0.4000 0.8205
0.4100 0.9712 0.4100 0.8199
0.4600 0.9637 0.4600 0.8145
0.4800 0.9814 0.4800 0.8175
0.5300 1.0070 0.5300 0.9187
0.5700 0.9485 0.5700 0.8579
0.5600 0.9233 0.5600 0.8229
0.5600 0.9178 0.5600 0.8026
0.6200 0.9206 0.6200 0.7733
0.7400 0.9181 0.7400 0.7736
0.8800 0.9494 0.8800 0.8047
0.9600 0.9717 0.9600 0.8196
0.9900 0.9810 0.9900 0.8250
0.8500 0.9731 0.8500 0.8219
0.6900 0.9642 0.6900 0.8097
0.6300 0.9477 0.6300 0.7930
0.5900 0.9504 0.5900 0.7928
0.7200 0.9477 0.7200 0.8251
1.0900 0.9350 1.0900 0.7819
1.3500 0.9329 1.3500 0.7800
1.5200 0.9534 1.5200 0.8504
1.6200 1.1036 1.6200 1.0182
1.7000 1.2957 1.7000 1.1833
1.7500 1.3541 1.7500 1.2315
1.7900 1.3183 1.7900 1.2061
1.7700 1.0246 1.7700 0.9588
1.6100 0.8984 1.6100 0.7593
1.4700 0.9465 1.4700 0.7938
1.4100 0.9933 1.4100 0.8261
1.4100 1.0659 1.4100 0.8854
1.4500 1.5931 1.4500 1.4600
1.5000 2.0017 1.5000 1.7894
1.7000 2.0827 1.7000 1.8532
1.9000 2.0951 1.9000 1.8863
2.0300 2.0943 2.0300 1.9126
2.1000 2.0519 2.1000 1.8973
2.1500 1.9837 2.1500 1.8506
2.2100 1.8542 2.2100 1.7470
2.2700 1.4997 2.2700 1.4489
2.3200 1.2578 2.3200 1.2594
2.3500 1.2572 2.3500 1.2711
2.3400 1.3422 2.3400 1.3345
2.3000 1.4582 2.3000 1.4021
2.2700 1.5657 2.2700 1.4831
2.3300 1.9401 2.3300 1.8032
2.3200 2.2931 2.3200 2.0988
2.3200 2.3748 2.3200 2.1643
2.3000 2.3440 2.3000 2.1515
2.2700 2.3176 2.2700 2.1490
2.2700 2.3459 2.2700 2.1893
2.2100 2.3702 2.2100 2.2169
2.0500 2.3743 2.0500 2.2234
1.9100 2.3553 1.9100 2.2113
1.8300 2.2766 1.8300 2.1502
1.8000 2.1634 1.8000 2.0614
1.8000 2.1061 1.8000 2.0189
1.8100 2.2490 1.8100 2.1411
1.8000 2.2347 1.8000 2.1201
1.7700 2.1825 1.7700 2.0740
1.7300 2.1628 1.7300 2.0613
1.7300 2.1076 1.7300 2.0161
1.9700 2.1306 1.9700 2.0380
2.2500 2.0293 2.2500 1.9483
2.3200 1.7317 2.3200 1.6950
2.2200 1.5412 2.2200 1.5585
2.1400 1.5328 2.1400 1.5543
2.1800 1.5908 2.1800 1.5900
2.3700 1.6624 2.3700 1.6120
2.5000 1.7265 2.5000 1.6552
2.5500 1.7403 2.5500 1.6616
2.5700 1.7037 2.5700 1.6303
2.5700 1.6536 2.5700 1.5896
2.5700 1.6827 2.5700 1.6161
2.5700 2.1702 2.5700 2.0329
2.5700 2.6975 2.5700 2.4640
2.5700 2.6025 2.5700 2.3664
2.5700 2.1880 2.5700 2.0366
2.5700 1.9993 2.5700 1.9138
2.5700 2.1360 2.5700 2.0485
2.5700 2.5151 2.5700 2.3611
2.5900 2.6763 2.5900 2.4735
2.6100 2.5949 2.6100 2.3999
2.6200 2.5445 2.6200 2.3758
2.5400 2.5021 2.5400 2.3572
2.5500 2.4626 2.5500 2.3336
2.5100 2.4290 2.5100 2.3072
2.5100 2.4081 2.5100 2.2889
2.5900 2.4007 2.5900 2.2823
2.6300 2.3981 2.6300 2.2799
2.6400 2.3981 2.6400 2.2799
2.5600 2.3981 2.5600 2.2799
2.5800 2.3981 2.5800 2.2799
2.3800 2.4387 2.3800 2.3142
1.7700 2.9468 1.7700 2.7104
1.8900 3.5969 1.8900 3.2321
2.3900 2.4854 2.3900 2.2836
2.9000 1.8968 2.9000 1.8568
3.2900 1.7963 3.2900 1.8106
3.3300 1.6991 3.3300 1.7985
3.2900 1.6994 3.2900 1.7708
3.2800 1.9126 3.2800 1.8501
3.1800 2.3761 3.1800 2.2261
2.8100 2.8603 2.8100 2.6186
2.4700 2.3505 2.4700 2.1787
2.3700 1.4893 2.3700 1.4831
2.3500 1.2189 2.3500 1.3290
2.3700 1.6952 2.3700 1.7199
2.3100 2.8415 2.3100 2.6382
2.2400 3.7292 2.2400 3.3180
2.1200 4.0815 2.1200 3.5825
2.0700 3.6927 2.0700 3.2897
2.2900 3.2620 2.2900 3.0034
2.6200 3.1650 2.6200 2.9801
2.7800 2.8733 2.7800 2.7461
2.7500 2.0570 2.7500 2.1410
2.6300 1.5593 2.6300 1.7439
2.4500 1.6968 2.4500 1.8527
2.2900 1.9332 2.2900 2.0153
2.1900 2.0590 2.1900 2.0362
2.1500 2.0014 2.1500 1.9262
2.0800 1.9279 2.0800 1.8644
2.1100 1.8097 2.1100 1.7698
2.2200 1.7943 2.2200 1.7582
2.3400 2.3344 2.3400 2.2129
2.4400 3.0206 2.4400 2.7665
2.6900 3.1157 2.6900 2.8185
2.8600 2.7625 2.8600 2.5366
2.8200 2.4152 2.8200 2.2871
2.7000 2.0861 2.7000 2.0406
2.6100 1.8425 2.6100 1.8725
2.5600 1.7674 2.5600 1.8212
2.6000 1.8139 2.6000 1.8246
2.6800 1.7783 2.6800 1.7643
2.8500 1.9079 2.8500 1.8418
2.9800 2.2142 2.9800 2.0940
3.0400 2.4360 3.0400 2.2697
3.0600 2.5485 3.0600 2.3612
3.0400 2.9579 3.0400 2.7142
2.9900 3.1909 2.9900 2.9088
2.8600 2.8343 2.8600 2.6150
2.4000 2.4375 2.4000 2.3149
2.2600 2.2875 2.2600 2.2164
2.4100 2.2641 2.4100 2.2005
2.2600 2.3869 2.2600 2.2917
2.1200 2.5710 2.1200 2.4292
2.0500 2.8880 2.0500 2.6845
1.8800 3.0833 1.8800 2.8413
1.8300 3.0424 1.8300 2.8108
1.6400 2.9642 1.6400 2.7640
1.8400 2.8516 1.8400 2.6866
2.2400 2.7088 2.2400 2.5782
2.6000 2.4380 2.6000 2.3562
2.8000 1.6096 2.8000 1.7521
2.8800 1.5080 2.8800 1.6729
2.9100 2.1839 2.9100 2.1501
2.9200 1.9532 2.9200 1.9778
2.9200 1.6190 2.9200 1.6561
2.9200 1.6913 2.9200 1.6727
2.8900 1.5327 2.8900 1.5737
2.8500 1.5282 2.8500 1.5666
2.8300 1.3097 2.8300 1.3824
2.7100 1.7597 2.7100 1.7023
2.6900 2.7168 2.6900 2.4998
2.7800 3.2416 2.7800 2.9006
2.1200 3.2990 2.1200 2.9432
2.0600 3.1414 2.0600 2.8440
1.9300 3.0232 1.9300 2.7906
1.8800 2.9040 1.8800 2.7193
1.8500 2.7943 1.8500 2.6381
1.8700 2.7259 1.8700 2.5828
1.7700 2.6330 1.7700 2.5044
1.8100 2.5437 1.8100 2.4309
1.8900 2.5336 1.8900 2.4241
1.8600 2.3243 1.8600 2.2450
1.6500 2.3223 1.6500 2.2466
1.3800 2.6238 1.3800 2.4957
1.2700 1.4309 1.2700 1.5543
1.3200 1.2766 1.3200 1.4459
1.4000 1.5638 1.4000 1.6634
1.5700 1.5671 1.5700 1.6369
1.6400 1.5917 1.6400 1.6133
1.9700 1.6860 1.9700 1.6270
2.1400 1.6199 2.1400 1.5657
2.1200 1.7065 2.1200 1.6420
1.9300 1.9563 1.9300 1.8537
1.4700 1.8573 1.4700 1.7568
1.2500 1.4283 1.2500 1.3921
1.6800 1.0268 1.6800 1.0885
1.6900 1.0585 1.6900 1.0940
1.5700 1.2346 1.5700 1.2844
1.5200 1.4446 1.5200 1.3969
1.7300 1.7471 1.7300 1.6297
1.9800 1.8621 1.9800 1.7189
2.0500 2.4057 2.0500 2.1937
1.9700 2.6687 1.9700 2.4146
2.1000 2.3172 2.1000 2.1194
2.2100 1.8244 2.2100 1.7342
2.2500 0.9959 2.2500 1.1074
2.2100 0.9674 2.2100 0.9898
2.0900 1.8082 2.0900 1.7701
2.0500 1.9071 2.0500 1.7822
1.9500 1.3982 1.9500 1.3298
1.7900 1.4126 1.7900 1.3623
1.6800 1.9337 1.6800 1.8249
1.6100 2.4336 1.6100 2.2399
1.5900 2.3180 1.5900 2.1167
1.5800 1.9824 1.5800 1.8450
1.6300 2.2073 1.6300 2.0704
1.5900 2.4510 1.5900 2.2831
1.5000 2.3510 1.5000 2.1893
1.4800 2.1558 1.4800 2.0308
1.5200 1.8908 1.5200 1.8190
1.4700 1.8595 1.4700 1.8070
1.4400 1.7408 1.4400 1.7020
1.4200 1.4636 1.4200 1.5032
1.3800 1.3604 1.3800 1.4077
1.3600 1.3703 1.3600 1.4019
1.3100 1.4372 1.3100 1.4359
1.2800 1.4893 1.2800 1.4438
1.2600 1.6237 1.2600 1.5508
1.2600 1.5859 1.2600 1.5112
1.2600 1.4099 1.2600 1.3604
1.2300 1.4256 1.2300 1.3819
1.2600 1.5602 1.2600 1.4965
1.3900 1.4765 1.3900 1.4140
1.2900 1.3998 1.2900 1.3463
1.2700 1.4170 1.2700 1.3633
1.3500 1.3744 1.3500 1.3242
1.4700 1.3590 1.4700 1.3099
1.4800 1.2979 1.4800 1.2536
1.3500 1.2697 1.3500 1.2276
1.2400 1.2784 1.2400 1.2334
1.1800 1.3035 1.1800 1.2513
1.1700 1.3268 1.1700 1.2678
1.1800 1.2810 1.1800 1.2248
1.1700 1.3464 1.1700 1.2830
1.1500 1.6044 1.1500 1.5063
1.2600 1.3967 1.2600 1.3158
1.3700 1.2827 1.3700 1.2254
1.4100 1.5034 1.4100 1.4275
1.4100 1.7131 1.4100 1.6021
1.3300 1.6621 1.3300 1.5497
1.3400 1.3381 1.3400 1.2724
1.3900 1.1638 1.3900 1.1381
1.3900 1.1409 1.3900 1.1264
1.4400 1.1728 1.4400 1.1603
1.4500 1.2190 1.4500 1.1767
1.4000 1.2195 1.4000 1.1672
1.4800 1.2082 1.4800 1.1546
1.5800 1.4311 1.5800 1.3511
1.6300 1.6445 1.6300 1.5308
1.5800 1.6331 1.5800 1.5143
1.4800 1.5615 1.4800 1.4588
1.5500 1.3912 1.5500 1.3215
1.7000 1.4028 1.7000 1.3437
1.8100 1.5220 1.8100 1.4479
1.7600 1.4877 1.7600 1.4094
1.7400 1.5451 1.7400 1.4588
1.7500 1.5666 1.7500 1.4774
1.6500 1.4468 1.6500 1.3752
1.5300 1.5871 1.5300 1.5049
1.4800 1.7899 1.4800 1.6772
1.4000 1.8078 1.4000 1.6852
1.3300 1.6407 1.3300 1.5442
1.2700 1.4294 1.2700 1.3735
1.2300 1.5970 1.2300 1.5317
1.3100 1.9191 1.3100 1.8032
1.4000 2.0402 1.4000 1.8905
1.4800 1.8298 1.4800 1.7073
1.5400 1.7319 1.5400 1.6408
1.5900 1.7955 1.5900 1.7097
1.6900 1.5924 1.6900 1.5335
1.6700 1.3539 1.6700 1.3375
1.6000 1.3368 1.6000 1.3186
1.6200 1.2826 1.6200 1.2845
1.6900 1.2029 1.6900 1.2178
1.7100 1.1691 1.7100 1.1672
1.7100 1.1699 1.7100 1.1530
1.7600 1.3778 1.7600 1.3214
1.7700 1.5769 1.7700 1.4829
1.7200 1.6776 1.7200 1.5615
1.6500 1.7397 1.6500 1.6166
1.5900 1.7789 1.5900 1.6569
1.5300 1.9151 1.5300 1.7827
1.4800 1.8119 1.4800 1.6957
1.3800 1.5920 1.3800 1.5146
1.1600 1.6377 1.1600 1.5671
1.1200 1.7955 1.1200 1.7024
1.1700 1.7953 1.1700 1.6934
1.1600 1.7355 1.1600 1.6408
1.0900 1.8238 1.0900 1.7227
1.0300 1.8414 1.0300 1.7389
0.9500 1.7009 0.9500 1.6195
0.9900 1.5627 0.9900 1.5069
0.9900 1.4900 0.9900 1.4487
0.9300 1.4303 0.9300 1.3958
0.8700 1.3808 0.8700 1.3480
0.8000 1.2524 0.8000 1.2464
0.7300 1.0513 0.7300 1.0093
0.7200 1.0797 0.7200 1.0102
0.8000 1.1948 0.8000 1.1755
0.8600 1.2070 0.8600 1.1721
0.9300 1.0837 0.9300 1.0434
0.9600 1.0370 0.9600 0.9933
0.9700 1.0112 0.9700 0.9432
0.9700 1.0731 0.9700 1.0387
0.9700 1.1192 0.9700 1.0700
0.9700 1.0361 0.9700 0.9546
0.9800 1.0090 0.9800 0.8909
0.9800 0.9937 0.9800 0.8316
0.9800 0.9947 0.9800 0.8259
0.9700 1.0170 0.9700 0.8467
0.9600 1.0453 0.9600 0.9391
0.9500 1.1071 0.9500 1.0353
0.9400 1.1948 0.9400 1.1069
0.9400 1.2275 0.9400 1.1364
0.9600 1.2067 0.9600 1.1231
0.9600 1.1830 0.9600 1.1096
0.9600 1.1560 0.9600 1.0906
0.9600 1.1406 0.9600 1.0796
0.9600 1.1445 0.9600 1.0837
0.9500 1.1391 0.9500 1.0785
0.9400 1.1312 0.9400 1.0716
0.9000 1.1148 0.9000 1.0577
0.8700 1.0970 0.8700 1.0428
0.8700 1.0861 0.8700 1.0337
0.8800 1.0736 0.8800 1.0224
0.9000 1.0805 0.9000 1.0280
0.9100 1.1219 0.9100 1.0634
0.9100 1.1237 0.9100 1.0628
0.9000 1.1140 0.9000 1.0541
0.9100 1.1174 0.9100 1.0583
0.9100 1.1169 0.9100 1.0584
0.9100 1.0988 0.9100 1.0427
0.9100 1.0790 0.9100 1.0257
0.9200 1.0178 0.9200 0.9719
0.9200 1.0032 0.9200 0.9342
0.9200 1.0126 0.9200 0.9574
0.9200 1.0344 0.9200 0.9847
0.9100 1.0723 0.9100 1.0145
0.9100 1.0892 0.9100 1.0271
0.9000 1.0848 0.9000 1.0230
0.8800 1.0664 0.8800 1.0085
0.8700 1.0817 0.8700 1.0240
0.8700 1.0841 0.8700 1.0260
0.8700 1.0736 0.8700 1.0163
0.8700 1.0737 0.8700 1.0168
0.8700 1.0903 0.8700 1.0316
0.8800 1.0910 0.8800 1.0318
0.8800 1.0832 0.8800 1.0250
0.8900 1.0838 0.8900 1.0263
0.9000 1.0658 0.9000 1.0106
0.9200 1.0655 0.9200 1.0111
0.9400 1.0534 0.9400 1.0001
0.9600 1.0191 0.9600 0.9696
0.9600 1.0100 0.9600 0.9622
0.9700 1.0225 0.9700 0.9728
0.9800 1.0300 0.9800 0.9777
0.9800 1.0319 0.9800 0.9781
0.9900 1.0355 0.9900 0.9807
0.9900 1.0560 0.9900 0.9987
0.9900 1.0573 0.9900 0.9993
0.9800 1.0680 0.9800 1.0089
0.9800 1.0854 0.9800 1.0245
0.9500 1.1119 0.9500 1.0478
0.8900 1.1393 0.8900 1.0719
0.8900 1.1584 0.8900 1.0889
0.9100 1.1449 0.9100 1.0778
0.8500 1.1465 0.8500 1.0815
0.8800 1.1600 0.8800 1.0951
1.0000 1.1471 1.0000 1.0842
0.8900 1.1544 0.8900 1.0918
0.9600 1.1508 0.9600 1.0888
1.0200 1.1428 1.0200 1.0824
1.0700 1.1243 1.0700 1.0669
1.1100 1.1221 1.1100 1.0657
1.1000 1.0768 1.1000 1.0256
1.1400 1.0012 1.1400 0.9355
1.2100 1.0120 1.2100 0.9569
1.3000 1.0655 1.3000 1.0162
1.1500 1.0129 1.1500 0.9206
1.0700 1.0198 1.0700 0.9637
1.0100 1.2636 1.0100 1.1852
1.1000 1.0560 1.1000 0.9919
1.2300 1.1083 1.2300 1.0465
1.3200 1.2853 1.3200 1.2055
1.2800 1.3128 1.2800 1.2236
1.2400 1.3459 1.2400 1.2546
1.2600 1.2791 1.2600 1.1979
1.2800 1.3330 1.2800 1.2529
1.3000 1.4451 1.3000 1.3539
1.2400 1.5585 1.2400 1.4507
1.2000 1.2367 1.2000 1.1677
1.1700 1.0421 1.1700 1.0119
1.1800 1.0391 1.1800 1.0193
1.1900 1.2200 1.1900 1.1743
1.2300 1.4812 1.2300 1.3897
1.2900 1.5723 1.2900 1.4539
1.3900 1.4449 1.3900 1.3434
1.5700 1.3311 1.5700 1.2584
