0.8300 0.9869 0.8300 1.1540
0.8600 0.9878 0.8600 1.1550
0.9100 0.9955 0.9100 1.1641
0.9900 1.0198 0.9900 1.1846
1.0700 0.9635 1.0700 1.1282
1.1700 0.9672 1.1700 1.1313
1.2500 0.9619 1.2500 1.1269
1.3000 0.9491 1.3000 1.1135
1.3200 0.9377 1.3200 1.1018
1.3400 0.9294 1.3400 1.0922
1.3800 0.9236 1.3800 1.0862
1.5000 0.9118 1.5000 1.0734
1.5700 1.0814 1.5700 1.2179
1.5500 1.0797 1.5500 1.2083
1.5400 1.1608 1.5400 1.2683
1.5400 1.2802 1.5400 1.3864
1.5400 1.3977 1.5400 1.5046
1.5300 1.5053 1.5300 1.6127
1.5100 1.5653 1.5100 1.6679
1.5000 1.5663 1.5000 1.6659
1.5600 1.5114 1.5600 1.6091
1.5600 1.4954 1.5600 1.5939
1.5100 1.5284 1.5100 1.6288
1.4700 1.7446 1.4700 1.8483
1.4400 1.7686 1.4400 1.8647
1.4300 1.6158 1.4300 1.7014
1.4100 1.5686 1.4100 1.6563
1.4000 1.5678 1.4000 1.6615
1.4000 1.5383 1.4000 1.6334
1.3900 1.4876 1.3900 1.5781
1.3900 1.4570 1.3900 1.5443
1.4000 1.4581 1.4000 1.5472
1.4000 1.6178 1.4000 1.7122
1.4000 1.5638 1.4000 1.6530
1.4100 1.4366 1.4100 1.5199
1.4400 1.3820 1.4400 1.4681
1.4700 1.3712 1.4700 1.4623
1.4900 1.3716 1.4900 1.4653
1.5100 1.3424 1.5100 1.4323
1.5300 1.3603 1.5300 1.4493
1.5500 1.3862 1.5500 1.4770
1.5900 1.3790 1.5900 1.4697
1.6000 1.3914 1.6000 1.4830
1.6200 1.4230 1.6200 1.5154
1.6600 1.4196 1.6600 1.5116
1.6500 1.4163 1.6500 1.5080
1.6300 1.4414 1.6300 1.5339
1.6200 1.5043 1.6200 1.5985
1.6100 1.5413 1.6100 1.6348
1.6100 1.5524 1.6100 1.6438
1.6000 1.5698 1.6000 1.6608
1.6000 1.5879 1.6000 1.6796
1.5900 1.6008 1.5900 1.6927
1.5900 1.6606 1.5900 1.7532
1.6100 1.6321 1.6100 1.7216
1.6100 1.6536 1.6100 1.7429
1.5500 1.7147 1.5500 1.8057
1.5500 1.6423 1.5500 1.7297
1.6300 1.5777 1.6300 1.6637
1.6200 1.5655 1.6200 1.6532
1.6200 1.5560 1.6200 1.6451
1.6100 1.5557 1.6100 1.6448
1.6000 1.5375 1.6000 1.6241
1.6100 1.5560 1.6100 1.6431
1.6400 1.5359 1.6400 1.6229
1.6700 1.5520 1.6700 1.6398
1.6900 1.6005 1.6900 1.6900
1.6700 1.5868 1.6700 1.6744
1.6400 1.4374 1.6400 1.5207
1.6200 1.4956 1.6200 1.5838
1.5900 1.7034 1.5900 1.7996
1.5700 1.6052 1.5700 1.6931
1.5600 1.5916 1.5600 1.6754
1.5500 1.5736 1.5500 1.6586
1.5200 1.5732 1.5200 1.6622
1.5000 1.5761 1.5000 1.6673
1.4800 1.6484 1.4800 1.7381
1.4600 1.6900 1.4600 1.7786
1.4000 1.7026 1.4000 1.7891
1.3900 1.6259 1.3900 1.7099
1.4100 1.5629 1.4100 1.6479
1.4000 1.5367 1.4000 1.6246
1.4000 1.4866 1.4000 1.5746
1.4000 1.4689 1.4000 1.5565
1.3700 1.4788 1.3700 1.5661
1.4200 1.4840 1.4200 1.5713
1.4500 1.4316 1.4500 1.5176
1.4800 1.4258 1.4800 1.5129
1.5100 1.4114 1.5100 1.5001
1.4900 1.3961 1.4900 1.4853
1.4500 1.2816 1.4500 1.3698
1.4100 1.3316 1.4100 1.4219
1.4300 1.4083 1.4300 1.5024
1.4000 1.3863 1.4000 1.4771
1.3800 1.3934 1.3800 1.4830
1.4200 1.4121 1.4200 1.5024
1.5200 1.3503 1.5200 1.4408
1.6100 1.4870 1.6100 1.5832
1.6600 1.5203 1.6600 1.6148
1.6600 1.5607 1.6600 1.6527
1.7300 1.5820 1.7300 1.6730
1.8000 1.5116 1.8000 1.5998
1.8100 1.4083 1.8100 1.4975
1.7600 1.3419 1.7600 1.4324
1.6700 1.4319 1.6700 1.5278
1.6700 1.3446 1.6700 1.4361
1.6400 1.3339 1.6400 1.4227
1.5900 1.4574 1.5900 1.5510
1.5600 1.6869 1.5600 1.7851
1.6100 1.7916 1.6100 1.8864
1.6700 1.8043 1.6700 1.8914
1.6400 1.7267 1.6400 1.8113
1.5800 1.8663 1.5800 1.9595
1.5300 1.9297 1.5300 2.0250
1.4400 1.8410 1.4400 1.9279
1.4000 1.6588 1.4000 1.7389
1.3200 1.4845 1.3200 1.5647
1.3000 1.5665 1.3000 1.6579
1.3100 1.4982 1.3100 1.5880
1.3000 1.4195 1.3000 1.5026
1.2500 1.4091 1.2500 1.4920
1.2300 1.6107 1.2300 1.7008
1.2500 1.7179 1.2500 1.8099
1.3500 1.5862 1.3500 1.6677
1.4000 1.4634 1.4000 1.5425
1.5400 1.4127 1.5400 1.4986
1.7200 1.2557 1.7200 1.3849
1.8800 1.2433 1.8800 1.3837
1.9900 1.1266 1.9900 1.2917
2.0900 1.1977 2.0900 1.3326
2.1800 1.2687 2.1800 1.3648
2.2700 1.2869 2.2700 1.3774
2.3000 1.1868 2.3000 1.2863
2.3000 1.2127 2.3000 1.3102
2.3400 1.2965 2.3400 1.3986
2.3300 1.5217 2.3300 1.6245
2.3000 1.5448 2.3000 1.6401
2.3200 1.8263 2.3200 1.9230
2.3500 2.1071 2.3500 2.2067
2.3300 2.2885 2.3300 2.3836
2.2900 2.2953 2.2900 2.3837
2.2400 2.3557 2.2400 2.4422
2.1900 2.3863 2.1900 2.4755
2.1300 2.4241 2.1300 2.5127
2.0800 2.3104 2.0800 2.3920
1.9900 2.2103 1.9900 2.2874
1.9700 2.2628 1.9700 2.3435
1.9200 2.1642 1.9200 2.2417
1.8600 2.0620 1.8600 2.1355
1.7200 2.1318 1.7200 2.2075
1.6800 2.2036 1.6800 2.2802
1.6800 2.1015 1.6800 2.1731
1.6400 2.0106 1.6400 2.0786
1.6200 1.9405 1.6200 2.0108
1.5600 1.8801 1.5600 1.9541
1.5600 1.7903 1.5600 1.8640
1.5100 1.7574 1.5100 1.8305
1.4800 1.6189 1.4800 1.6900
1.4500 1.7038 1.4500 1.7801
1.4000 1.6395 1.4000 1.7157
1.3900 1.5856 1.3900 1.6600
1.3500 1.3246 1.3500 1.4291
1.3300 1.4271 1.3300 1.5073
1.2700 1.5071 1.2700 1.5951
1.1800 1.4619 1.1800 1.5438
1.1400 1.4644 1.1400 1.5445
1.1100 1.3955 1.1100 1.4745
1.0300 1.4810 1.0300 1.5687
1.0300 1.3706 1.0300 1.4570
0.9800 1.3750 0.9800 1.4610
0.9100 1.3402 0.9100 1.4278
0.8800 1.2915 0.8800 1.3783
0.9700 1.3194 0.9700 1.4103
1.0100 1.2664 1.0100 1.3559
1.1200 1.2769 1.1200 1.3676
1.2200 1.1700 1.2200 1.2919
1.2600 1.0536 1.2600 1.2258
1.2600 1.0634 1.2600 1.2395
1.2500 1.0687 1.2500 1.2426
1.2500 0.9881 1.2500 1.1586
1.2500 1.0310 1.2500 1.2027
1.2300 0.9861 1.2300 1.1542
1.2000 0.9470 1.2000 1.1123
1.1300 0.9425 1.1300 1.1091
1.0900 1.1547 1.0900 1.2918
1.0600 1.1816 1.0600 1.2956
1.0300 1.3985 1.0300 1.5016
1.0000 1.5304 1.0000 1.6319
0.9800 1.5298 0.9800 1.6273
0.9600 1.4250 0.9600 1.5210
0.9200 1.3710 0.9200 1.4678
0.9000 1.3426 0.9000 1.4433
0.8800 1.3112 0.8800 1.4119
0.8600 1.2521 0.8600 1.3498
0.8700 1.1998 0.8700 1.3019
1.0100 1.0745 1.0100 1.2303
1.2100 1.0626 1.2100 1.2320
1.3600 1.0496 1.3600 1.2234
1.4000 1.0357 1.4000 1.2081
1.3900 1.0109 1.3900 1.1804
1.4200 1.0178 1.4200 1.1804
1.3600 1.0153 1.3600 1.1792
1.3000 0.9789 1.3000 1.1449
1.3600 0.9814 1.3600 1.1479
1.4200 0.9761 1.4200 1.1426
1.5500 0.9704 1.5500 1.1362
1.6400 0.9987 1.6400 1.1595
1.7800 1.3051 1.7800 1.4171
1.9900 1.6544 1.9900 1.7682
2.1700 1.8076 2.1700 1.9104
2.3100 1.7078 2.3100 1.7984
2.3300 1.5908 2.3300 1.6815
2.3300 1.6043 2.3300 1.7057
2.3900 1.3717 2.3900 1.4696
2.4500 1.2323 2.4500 1.3551
2.4800 1.4153 2.4800 1.5156
2.3900 1.5343 2.3900 1.6337
2.3600 1.7715 2.3600 1.8700
2.3800 1.8520 2.3800 1.9424
2.4200 2.0986 2.4200 2.1907
2.4700 2.4178 2.4700 2.5162
2.4000 2.5950 2.4000 2.6874
2.3800 2.6390 2.3800 2.7241
2.4100 2.4252 2.4100 2.5011
2.4000 2.3079 2.4000 2.3867
2.3900 2.3732 2.3900 2.4609
2.3700 2.4113 2.3700 2.4966
2.3500 2.3573 2.3500 2.4330
2.3400 2.0550 2.3400 2.1182
2.3300 2.0744 2.3300 2.1443
2.3300 2.1592 2.3300 2.2389
2.3400 2.2541 2.3400 2.3319
2.3300 2.3145 2.3300 2.3862
2.3100 2.0901 2.3100 2.1504
2.2900 2.1131 2.2900 2.1806
2.2700 2.2141 2.2700 2.2914
2.2500 2.1688 2.2500 2.2425
2.2200 2.1220 2.2200 2.1913
2.1600 2.1033 2.1600 2.1706
2.0000 2.0908 2.0000 2.1616
1.9200 2.0804 1.9200 2.1532
1.8400 2.0795 1.8400 2.1511
1.8100 2.0988 1.8100 2.1706
1.8000 2.1337 1.8000 2.2058
1.7600 2.1040 1.7600 2.1747
1.7400 2.0634 1.7400 2.1338
1.7400 2.0384 1.7400 2.1100
1.7300 2.0185 1.7300 2.0914
1.7100 1.9939 1.7100 2.0671
1.6500 1.9504 1.6500 2.0224
1.6400 1.8454 1.6400 1.9158
1.5700 1.5259 1.5700 1.5930
1.4600 1.5264 1.4600 1.6007
1.4100 1.4644 1.4100 1.5536
1.4300 1.5334 1.4300 1.6137
1.4600 1.5728 1.4600 1.6514
1.4800 1.5600 1.4800 1.6344
1.4800 1.5762 1.4800 1.6548
1.4500 1.6320 1.4500 1.7145
1.4100 1.6295 1.4100 1.7132
1.3700 1.5928 1.3700 1.6754
1.3200 1.4820 1.3200 1.5623
1.2800 1.5318 1.2800 1.6176
1.2500 1.3876 1.2500 1.4718
1.2100 1.2126 1.2100 1.3460
1.1800 1.2141 1.1800 1.3520
1.1400 1.3676 1.1400 1.4650
1.1100 1.4473 1.1100 1.5405
1.0800 1.4854 1.0800 1.5725
1.0200 1.4905 1.0200 1.5756
0.9500 1.4298 0.9500 1.5167
0.9100 1.3556 0.9100 1.4454
0.8800 1.2963 0.8800 1.3906
0.8500 1.2237 0.8500 1.3443
0.8000 1.1892 0.8000 1.3213
0.8000 1.1804 0.8000 1.3093
0.8300 1.1435 0.8300 1.2818
0.7800 1.1329 0.7800 1.2716
0.7300 1.0955 0.7300 1.2449
0.7000 1.0874 0.7000 1.2423
0.6700 1.0658 0.6700 1.2268
0.6600 1.0052 0.6600 1.1740
0.6800 0.9581 0.6800 1.1250
0.7200 0.9595 0.7200 1.1280
0.7300 0.9594 0.7300 1.1284
0.7600 0.9430 0.7600 1.1096
0.8200 0.8992 0.8200 1.0612
0.8800 0.9398 0.8800 1.1041
0.9500 1.0003 0.9500 1.1570
1.0200 0.9180 1.0200 1.0782
1.0900 0.8784 1.0900 1.0358
1.1600 0.8804 1.1600 1.0404
1.2100 0.8843 1.2100 1.0469
1.2600 0.8802 1.2600 1.0427
1.3200 0.9055 1.3200 1.0668
1.3700 0.9628 1.3700 1.1137
1.4400 0.9552 1.4400 1.1025
1.5100 1.0045 1.5100 1.1343
1.5400 1.0986 1.5400 1.2308
1.5500 1.1740 1.5500 1.2943
1.5700 1.2516 1.5700 1.3598
1.6000 1.3278 1.6000 1.4340
1.6200 1.3992 1.6200 1.5049
1.6300 1.4572 1.6300 1.5621
1.6400 1.4697 1.6400 1.5720
1.6400 1.4956 1.6400 1.5970
1.6500 1.5482 1.6500 1.6497
1.6600 1.5728 1.6600 1.6726
1.6900 1.6496 1.6900 1.7488
1.7200 1.7149 1.7200 1.8124
1.7500 1.6840 1.7500 1.7771
1.7700 1.6337 1.7700 1.7247
1.8000 1.6410 1.8000 1.7336
1.8200 1.6681 1.8200 1.7623
1.8600 1.6583 1.8600 1.7501
1.9100 1.6427 1.9100 1.7313
1.9800 1.6454 1.9800 1.7336
2.1000 1.6255 2.1000 1.7138
2.1800 1.6370 2.1800 1.7260
2.2300 1.6429 2.2300 1.7314
2.2300 1.7020 2.2300 1.7909
2.2400 1.7366 2.2400 1.8247
2.2600 1.7729 2.2600 1.8597
2.2800 1.7756 2.2800 1.8614
2.3100 1.8165 2.3100 1.9030
2.3300 1.8163 2.3300 1.9025
2.3400 1.8772 2.3400 1.9639
2.3500 1.9398 2.3500 2.0265
2.3500 2.0465 2.3500 2.1326
2.3500 2.2465 2.3500 2.3341
2.3600 2.2885 2.3600 2.3708
2.3700 2.2761 2.3700 2.3542
2.3900 2.1637 2.3900 2.2397
2.4100 2.1524 2.4100 2.2318
2.4000 2.1466 2.4000 2.2287
2.4200 2.1532 2.4200 2.2324
2.4100 2.1832 2.4100 2.2598
2.4200 2.1939 2.4200 2.2679
2.4100 2.1842 2.4100 2.2574
2.3800 2.1820 2.3800 2.2556
2.3600 2.1607 2.3600 2.2341
2.3400 2.1481 2.3400 2.2215
2.3200 2.1662 2.3200 2.2399
2.3100 2.1789 2.3100 2.2521
2.3000 2.2134 2.3000 2.2863
2.2900 2.2372 2.2900 2.3094
2.2700 2.1820 2.2700 2.2520
2.3900 2.2345 2.3900 2.3068
2.4400 2.1809 2.4400 2.2522
2.4300 2.2136 2.4300 2.2856
2.4000 2.1627 2.4000 2.2336
2.3700 2.1060 2.3700 2.1749
2.3700 2.0787 2.3700 2.1496
2.3600 2.0665 2.3600 2.1379
2.3200 2.0442 2.3200 2.1159
2.2900 2.0506 2.2900 2.1220
2.2700 2.0542 2.2700 2.1255
2.2400 2.0509 2.2400 2.1224
2.2000 2.0194 2.2000 2.0905
2.1400 2.3665 2.1400 2.4468
2.0700 2.3613 2.0700 2.4359
2.0300 2.2570 2.0300 2.3224
2.0200 2.1480 2.0200 2.2143
2.0000 2.1245 2.0000 2.1967
1.9600 2.1283 1.9600 2.2065
1.9200 2.0993 1.9200 2.1728
1.9000 2.0165 1.9000 2.0847
1.8800 1.9948 1.8800 2.0639
1.8200 2.0004 1.8200 2.0725
1.8500 1.9603 1.8500 2.0328
1.9300 1.9015 1.9300 1.9725
1.9200 1.8166 1.9200 1.8867
1.8900 1.7305 1.8900 1.8021
1.8400 1.7323 1.8400 1.8077
1.8000 1.7858 1.8000 1.8637
1.7600 1.7774 1.7600 1.8533
1.7500 1.7222 1.7500 1.7955
1.7500 1.6919 1.7500 1.7667
1.7600 1.7106 1.7600 1.7898
1.7800 1.6998 1.7800 1.7804
1.7500 1.5879 1.7500 1.6650
1.7100 1.7438 1.7100 1.8267
2.3100 2.4268 2.3100 2.5029
2.3000 2.4248 2.3000 2.5007
2.2700 2.4007 2.2700 2.4791
2.2500 2.2399 2.2500 2.3139
2.1700 2.1984 2.1700 2.2715
2.1200 2.2085 2.1200 2.2817
2.0500 2.1048 2.0500 2.1750
1.9400 2.0094 1.9400 2.0774
1.8000 1.9857 1.8000 2.0548
1.7300 1.9278 1.7300 1.9985
1.6400 1.9488 1.6400 2.0212
1.6800 2.0006 1.6800 2.0733
1.7100 2.1852 1.7100 2.2606
1.6500 2.0988 1.6500 2.1685
1.5800 2.0361 1.5800 2.1032
1.5600 2.0118 1.5600 2.0839
1.5400 1.8493 1.5400 1.9212
1.5100 1.7992 1.5100 1.8742
1.4900 1.7014 1.4900 1.7751
1.4000 1.5433 1.4000 1.6146
1.3600 1.3370 1.3600 1.4580
1.3600 1.3758 1.3600 1.4801
1.3900 1.2903 1.3900 1.4281
1.3400 1.5360 1.3400 1.6219
1.3000 1.6226 1.3000 1.7061
1.2700 1.5018 1.2700 1.5764
1.2500 1.3890 1.2500 1.4657
1.3100 1.4544 1.3100 1.5407
1.3300 1.4411 1.3300 1.5327
1.2900 1.3892 1.2900 1.4767
1.2700 1.3931 1.2700 1.4784
1.2700 1.2338 1.2700 1.3311
1.2300 1.2393 1.2300 1.3547
1.2300 1.3008 1.2300 1.4009
1.2300 1.4081 1.2300 1.5030
1.2100 1.2670 1.2100 1.3538
1.1800 1.2437 1.1800 1.3297
1.1300 1.2273 1.1300 1.3293
1.1900 1.2308 1.1900 1.3443
1.2200 1.3842 1.2200 1.4841
1.1700 1.4004 1.1700 1.4943
1.1500 1.2940 1.1500 1.3820
1.1500 1.2754 1.1500 1.3663
1.0800 1.3118 1.0800 1.4108
1.0700 1.2120 1.0700 1.3281
1.0600 1.2393 1.0600 1.3400
1.0800 1.2590 1.0800 1.3558
1.0500 1.2296 1.0500 1.3287
1.1100 1.1733 1.1100 1.2831
1.2600 1.1047 1.2600 1.2432
1.4300 1.2948 1.4300 1.4046
1.5700 1.3237 1.5700 1.4237
1.7200 1.1873 1.7200 1.2778
1.9100 1.1717 1.9100 1.2686
2.0700 1.2178 2.0700 1.3320
2.1500 1.0618 2.1500 1.2315
2.1400 1.0792 2.1400 1.2406
2.2500 1.0933 2.2500 1.2364
2.2800 1.1715 2.2800 1.2920
2.2800 1.0823 2.2800 1.2174
2.2400 1.2668 2.2400 1.3674
2.2400 1.5647 2.2400 1.6736
2.2500 1.8329 2.2500 1.9388
2.2100 1.9569 2.2100 2.0541
2.1800 2.1395 2.1800 2.2337
2.1400 2.3921 2.1400 2.4911
2.2200 2.4981 2.2200 2.5943
2.3200 2.4054 2.3200 2.4920
2.4200 2.1800 2.4200 2.2597
2.4600 2.3918 2.4600 2.4825
2.3900 2.2764 2.3900 2.3639
2.2900 2.1757 2.2900 2.2537
2.1800 2.0083 2.1800 2.0812
2.0800 2.0736 2.0800 2.1505
2.0200 2.0675 2.0200 2.1484
1.9500 1.9557 1.9500 2.0286
1.9200 1.9171 1.9200 1.9888
1.9500 1.8714 1.9500 1.9443
1.9700 2.1399 1.9700 2.2222
1.9600 2.3112 1.9600 2.3928
1.9600 2.4598 1.9600 2.5341
1.9100 2.4055 1.9100 2.4736
1.8700 2.1566 1.8700 2.2203
1.9000 1.9309 1.9000 2.0006
1.8800 1.7507 1.8800 1.8257
1.8800 1.6327 1.8800 1.7095
1.8800 1.6178 1.8800 1.6942
1.8100 1.5708 1.8100 1.6429
1.7700 1.6290 1.7700 1.7025
1.7600 1.7899 1.7600 1.8681
1.7300 1.8574 1.7300 1.9350
1.7000 1.8211 1.7000 1.8959
1.6500 1.8418 1.6500 1.9182
1.6200 1.7288 1.6200 1.8061
1.6000 1.6763 1.6000 1.7566
1.5300 1.7950 1.5300 1.8808
1.5200 1.7379 1.5200 1.8193
1.5200 1.7551 1.5200 1.8349
1.5200 1.7650 1.5200 1.8447
1.5500 1.6165 1.5500 1.6937
1.5700 1.5755 1.5700 1.6567
1.6000 1.6151 1.6000 1.6999
1.6500 1.5766 1.6500 1.6604
1.7900 1.5349 1.7900 1.6166
1.8500 1.4740 1.8500 1.5540
1.8500 1.4776 1.8500 1.5617
1.8800 1.4746 1.8800 1.5611
1.8700 1.3516 1.8700 1.4343
1.8500 1.4108 1.8500 1.4976
1.8600 1.4530 1.8600 1.5421
1.7700 1.4794 1.7700 1.5680
1.7100 1.5507 1.7100 1.6399
1.7100 1.5949 1.7100 1.6828
1.7700 1.6448 1.7700 1.7343
1.8300 1.7253 1.8300 1.8159
1.9000 2.0136 1.9000 2.1094
1.9200 1.9902 1.9200 2.0785
1.9400 1.8847 1.9400 1.9650
1.9700 1.9096 1.9700 1.9944
1.9900 1.8408 1.9900 1.9276
2.0000 1.7508 2.0000 1.8372
2.0000 1.7706 2.0000 1.8560
2.0100 1.5512 2.0100 1.6296
1.9800 1.4878 1.9800 1.5685
1.9500 1.5659 1.9500 1.6528
1.9400 1.7569 1.9400 1.8476
1.9100 1.8386 1.9100 1.9251
1.9000 1.9645 1.9000 2.0459
1.8700 1.9343 1.8700 2.0136
1.8300 1.9425 1.8300 2.0245
1.7800 1.9605 1.7800 2.0461
1.7400 1.9579 1.7400 2.0426
1.7600 1.9267 1.7600 2.0091
1.9600 1.9012 1.9600 1.9814
1.9100 1.9169 1.9100 1.9982
1.8600 1.8197 1.8600 1.8988
1.7900 1.7700 1.7900 1.8486
1.7200 1.7777 1.7200 1.8586
1.6500 1.7292 1.6500 1.8092
1.6000 1.7372 1.6000 1.8177
1.5700 1.6892 1.5700 1.7680
1.5400 1.6413 1.5400 1.7199
1.5100 1.5670 1.5100 1.6466
1.4600 1.5466 1.4600 1.6279
1.4400 1.6553 1.4400 1.7416
1.3900 2.1620 1.3900 2.2584
1.5100 1.8313 1.5100 1.9063
1.5600 1.7301 1.5600 1.7998
1.4900 1.5880 1.4900 1.6663
1.4300 1.5365 1.4300 1.6231
1.4100 1.3757 1.4100 1.4947
1.4500 1.3746 1.4500 1.4616
1.4300 1.3903 1.4300 1.4746
1.3900 1.3901 1.3900 1.4741
1.3600 1.3810 1.3600 1.4650
1.3600 1.3227 1.3600 1.4066
1.3300 1.3499 1.3300 1.4377
1.2900 1.2740 1.2900 1.3656
1.2500 1.6296 1.2500 1.7284
1.2200 1.6510 1.2200 1.7440
1.2100 1.4408 1.2100 1.5204
1.1900 1.3292 1.1900 1.4118
1.1900 1.3766 1.1900 1.4714
1.1900 1.4780 1.1900 1.5793
1.2000 1.3817 1.2000 1.4725
1.2200 1.3234 1.2200 1.4077
1.2900 1.3044 1.2900 1.3927
1.3800 1.3571 1.3800 1.4514
1.3500 1.2832 1.3500 1.3766
1.3800 1.2273 1.3800 1.3254
1.4100 1.1877 1.4100 1.3006
1.3900 1.1798 1.3900 1.3053
1.3800 1.1953 1.3800 1.3164
1.4100 1.1788 1.4100 1.2942
1.4700 1.2147 1.4700 1.3160
1.4800 1.2315 1.4800 1.3299
1.4800 1.2689 1.4800 1.3652
1.4800 1.3072 1.4800 1.4043
1.4700 1.4574 1.4700 1.5573
1.4600 1.5991 1.4600 1.6994
1.4800 1.4297 1.4800 1.5195
1.4800 1.4948 1.4800 1.5880
1.4800 1.5243 1.4800 1.6218
1.5600 1.4363 1.5600 1.5309
1.5700 1.3805 1.5700 1.4734
1.5300 1.4736 1.5300 1.5683
1.4900 1.5867 1.4900 1.6847
1.4700 1.5355 1.4700 1.6270
1.4600 1.5145 1.4600 1.6026
1.4600 1.5067 1.4600 1.5972
1.4600 1.4776 1.4600 1.5699
1.4700 1.4418 1.4700 1.5341
1.4700 1.4975 1.4700 1.5903
1.5000 1.4826 1.5000 1.5735
1.5700 1.4798 1.5700 1.5696
1.5000 1.6695 1.5000 1.7645
1.4400 1.6215 1.4400 1.7116
1.4500 1.4932 1.4500 1.5779
1.4500 1.4164 1.4500 1.5027
1.4500 1.4244 1.4500 1.5162
1.4800 1.4069 1.4800 1.5009
1.5300 1.4209 1.5300 1.5118
1.6100 1.4374 1.6100 1.5264
1.6900 1.4756 1.6900 1.5654
1.8500 1.4719 1.8500 1.5618
1.8500 1.5452 1.8500 1.6372
1.8500 1.6819 1.8500 1.7766
1.8300 1.4418 1.8300 1.5260
1.8300 1.3437 1.8300 1.4280
1.8300 1.4253 1.8300 1.5193
1.8300 1.4420 1.8300 1.5377
1.8200 1.4167 1.8200 1.5084
1.7700 1.5054 1.7700 1.5948
1.7000 1.6200 1.7000 1.7122
1.6600 1.7543 1.6600 1.8486
1.6300 1.8530 1.6300 1.9447
1.6000 2.1453 1.6000 2.2401
1.5800 1.9367 1.5800 2.0200
1.5900 1.8797 1.5900 1.9614
1.6000 1.7723 1.6000 1.8582
1.6400 1.7890 1.6400 1.8787
1.7800 1.7302 1.7800 1.8192
1.8800 1.7392 1.8800 1.8223
1.9100 1.7112 1.9100 1.7932
1.7500 1.6067 1.7500 1.6863
1.8000 1.4893 1.8000 1.5694
1.8500 1.4759 1.8500 1.5603
1.8500 1.4679 1.8500 1.5543
1.9400 1.4464 1.9400 1.5313
1.9600 1.4524 1.9600 1.5364
1.9800 1.5297 1.9800 1.6161
2.0200 1.5646 2.0200 1.6520
2.0200 1.6611 2.0200 1.7496
1.9500 1.9692 1.9500 2.0636
1.9300 2.0704 1.9300 2.1598
1.9600 1.9988 1.9600 2.0796
2.0100 1.5228 2.0100 1.5933
2.0300 1.7881 2.0300 1.8790
1.9800 1.8445 1.9800 1.9433
1.9900 1.7887 1.9900 1.8745
1.9600 1.9570 1.9600 2.0406
1.9400 1.9690 1.9400 2.0471
1.9200 1.9646 1.9200 2.0466
1.9300 1.9979 1.9300 2.0814
2.0500 1.9608 2.0500 2.0418
2.1000 1.7394 2.1000 1.8167
2.1600 1.7534 2.1600 1.8336
2.2600 1.8637 2.2600 1.9501
2.4300 1.9631 2.4300 2.0487
2.4900 1.9469 2.4900 2.0249
2.5600 1.8063 2.5600 1.8778
2.5100 1.8807 2.5100 1.9604
2.4900 1.7950 2.4900 1.8767
2.5100 1.7725 2.5100 1.8535
2.6100 1.7327 2.6100 1.8124
2.6400 1.8136 2.6400 1.8943
2.6500 2.1051 2.6500 2.1936
2.7000 2.1101 2.7000 2.1901
2.8200 2.1844 2.8200 2.2608
2.9100 2.3417 2.9100 2.4221
2.9500 2.6606 2.9500 2.7471
2.9100 2.5365 2.9100 2.6136
2.9300 2.5807 2.9300 2.6524
2.9900 2.2993 2.9900 2.3676
3.1000 2.2702 3.1000 2.3439
3.2200 2.2832 3.2200 2.3630
3.3200 2.5384 3.3200 2.6181
3.3600 2.4582 3.3600 2.5274
3.3800 2.4410 3.3800 2.5021
3.4400 2.5371 3.4400 2.6050
3.4800 2.7964 3.4800 2.8720
3.5200 2.8361 3.5200 2.9070
3.5400 2.7810 3.5400 2.8416
3.5200 2.5735 3.5200 2.6302
3.5100 2.6495 3.5100 2.7154
3.5200 2.7538 3.5200 2.8262
3.5200 2.9600 3.5200 3.0294
3.4900 3.1032 3.4900 3.1655
3.3700 3.1970 3.3700 3.2528
3.3400 3.1115 3.3400 3.1650
3.2800 3.0524 3.2800 3.1076
3.2400 3.1353 3.2400 3.1967
3.1200 3.1235 3.1200 3.1828
3.0400 3.1335 3.0400 3.1879
3.0500 3.0993 3.0500 3.1496
3.0400 3.0015 3.0400 3.0494
2.9200 2.9698 2.9200 3.0203
2.8700 3.0063 2.8700 3.0588
2.7600 2.9909 2.7600 3.0414
2.6300 2.8979 2.6300 2.9440
2.4700 2.6129 2.4700 2.6536
2.2500 2.7089 2.2500 2.7590
2.0700 2.6157 2.0700 2.6682
1.9800 2.6258 1.9800 2.6759
1.8300 2.3613 1.8300 2.4050
1.7000 2.3750 1.7000 2.4217
1.5600 2.5388 1.5600 2.5978
1.4500 2.5663 1.4500 2.6220
1.3400 2.2640 1.3400 2.3091
1.2300 2.3176 1.2300 2.3678
1.1000 2.1453 1.1000 2.2011
1.0000 1.9753 1.0000 2.0323
0.9200 1.7367 0.9200 1.7962
0.8200 1.4904 0.8200 1.5847
0.8500 1.3929 0.8500 1.5137
0.9400 1.4277 0.9400 1.5486
1.0500 1.3060 1.0500 1.4252
1.1900 1.2288 1.1900 1.3534
1.3200 1.1345 1.3200 1.2740
1.4100 1.1108 1.4100 1.2843
1.4500 1.0662 1.4500 1.2308
1.4300 1.0125 1.4300 1.1767
1.3800 0.9466 1.3800 1.0954
1.3100 0.9191 1.3100 1.0764
1.2400 0.8984 1.2400 1.0625
1.1800 0.8482 1.1800 1.0037
1.1600 0.9448 1.1600 1.1154
1.1300 1.1057 1.1300 1.2406
1.0800 1.3233 1.0800 1.4285
1.0500 1.5479 1.0500 1.6509
1.0000 1.7304 1.0000 1.8311
0.9400 1.7773 0.9400 1.8767
0.8900 1.7141 0.8900 1.8105
0.8100 1.5600 0.8100 1.6539
0.7600 1.3977 0.7600 1.4920
0.7900 1.2382 0.7900 1.3579
0.8900 1.1284 0.8900 1.3027
1.0000 1.0798 1.0000 1.2588
1.1100 1.0966 1.1100 1.2694
1.1900 1.0790 1.1900 1.2429
1.2400 1.0284 1.2400 1.1983
1.2700 1.0325 1.2700 1.1976
1.3200 1.0019 1.3200 1.1707
1.2600 0.9673 1.2600 1.1351
1.3100 0.9415 1.3100 1.1084
1.4400 0.8854 1.4400 1.0491
1.6000 0.8783 1.6000 1.0427
1.7300 0.9498 1.7300 1.1185
1.7700 1.1230 1.7700 1.2606
1.7900 1.3027 1.7900 1.4104
1.8700 1.4620 1.8700 1.5650
1.9400 1.5346 1.9400 1.6351
2.0300 1.5396 2.0300 1.6399
2.0500 1.5032 2.0500 1.6040
2.0500 1.5379 2.0500 1.6404
2.0500 1.3053 2.0500 1.3999
2.0800 1.4357 2.0800 1.5358
2.1600 1.6813 2.1600 1.7878
2.2100 1.9430 2.2100 2.0463
2.2400 2.0390 2.2400 2.1324
2.2300 1.9736 2.2300 2.0566
2.1900 1.9185 2.1900 2.0051
2.1400 2.0312 2.1400 2.1270
2.0800 2.0659 2.0800 2.1607
2.0100 2.1536 2.0100 2.2432
1.9400 2.0604 1.9400 2.1406
1.8000 2.0086 1.8000 2.0872
1.7300 1.9617 1.7300 2.0441
1.6600 2.0220 1.6600 2.1070
1.6000 2.1618 1.6000 2.2483
1.5000 2.1873 1.5000 2.2665
1.4000 2.1834 1.4000 2.2580
1.4200 2.0968 1.4200 2.1701
1.4000 1.9886 1.4000 2.0632
1.3800 1.8784 1.3800 1.9552
1.3400 1.7816 1.3400 1.8581
1.3300 1.6809 1.3300 1.7564
1.3100 1.6063 1.3100 1.6813
1.3000 1.3732 1.3000 1.4774
1.3000 1.3894 1.3000 1.4895
1.2800 1.3472 1.2800 1.4529
1.2500 1.3364 1.2500 1.4417
1.2300 1.1915 1.2300 1.3311
1.1100 1.1247 1.1100 1.2862
1.0500 1.3121 1.0500 1.4139
0.9900 1.3052 0.9900 1.3950
0.9800 1.3044 0.9800 1.3906
0.9300 1.2523 0.9300 1.3371
0.9400 1.3144 0.9400 1.4049
0.9900 1.2775 0.9900 1.3733
1.0300 1.2886 1.0300 1.3813
1.0900 1.3056 1.0900 1.3988
1.1600 1.2794 1.1600 1.3713
1.2600 1.2314 1.2600 1.3264
1.3800 1.2220 1.3800 1.3239
1.4500 1.0102 1.4500 1.1794
1.5200 1.0109 1.5200 1.1829
1.5200 0.9782 1.5200 1.1512
1.5200 1.0229 1.5200 1.1975
1.5300 0.9516 1.5300 1.1198
1.5700 1.0125 1.5700 1.1720
1.6000 1.1318 1.6000 1.2555
1.6300 1.2106 1.6300 1.3161
1.6600 1.3002 1.6600 1.4019
1.6900 1.4108 1.6900 1.5122
1.7200 1.5647 1.7200 1.6688
1.7400 1.7171 1.7400 1.8211
1.7600 1.7302 1.7600 1.8278
1.7900 1.7731 1.7900 1.8691
1.8100 1.6520 1.8100 1.7444
1.8200 1.6016 1.8200 1.6952
1.8400 1.5730 1.8400 1.6686
1.8600 1.6433 1.8600 1.7393
1.8700 1.6476 1.8700 1.7403
1.9700 1.6813 1.9700 1.7702
2.0300 1.7104 2.0300 1.7991
1.9900 1.7424 1.9900 1.8316
1.9600 1.7613 1.9600 1.8505
1.9400 1.7598 1.9400 1.8475
1.9100 1.7686 1.9100 1.8557
1.8800 1.8039 1.8800 1.8915
1.8700 1.8065 1.8700 1.8929
1.8600 1.7912 1.8600 1.8761
1.8400 1.8148 1.8400 1.9000
1.8200 1.8336 1.8200 1.9189
1.8100 1.8225 1.8100 1.9066
1.8000 2.0484 1.8000 2.1371
1.8100 2.0830 1.8100 2.1677
1.8300 1.8889 1.8300 1.9639
1.8700 1.8147 1.8700 1.8915
1.9400 1.8032 1.9400 1.8863
1.9000 1.7362 1.9000 1.8210
1.8800 1.6775 1.8800 1.7585
1.8600 1.7089 1.8600 1.7888
1.8400 1.7157 1.8400 1.7966
1.8400 1.6885 1.8400 1.7685
1.8500 1.6713 1.8500 1.7513
1.8400 1.6837 1.8400 1.7656
1.8200 1.6800 1.8200 1.7629
1.8100 1.7227 1.8100 1.8064
1.8200 1.7706 1.8200 1.8545
1.8400 1.8553 1.8400 1.9397
1.8400 1.9832 1.8400 2.0688
1.8400 1.7999 1.8400 1.8773
1.8700 1.7686 1.8700 1.8476
1.8700 1.7293 1.8700 1.8128
1.8600 1.7111 1.8600 1.7960
1.8600 1.7075 1.8600 1.7922
1.8600 1.7561 1.8600 1.8382
1.8400 1.7293 1.8400 1.8102
1.8800 1.6927 1.8800 1.7728
1.9800 1.6960 1.9800 1.7782
1.9900 1.7388 1.9900 1.8237
1.9800 1.7791 1.9800 1.8641
1.9700 1.7594 1.9700 1.8413
1.9300 1.7592 1.9300 1.8406
1.8800 1.8339 1.8800 1.9185
1.8600 1.8008 1.8600 1.8841
1.8600 1.7624 1.8600 1.8438
1.8600 1.7661 1.8600 1.8484
1.8600 1.7729 1.8600 1.8564
1.8500 1.7138 1.8500 1.7960
1.8500 1.8338 1.8500 1.9188
1.8300 2.0502 1.8300 2.1388
1.8200 1.9623 1.8200 2.0420
1.8100 1.8932 1.8100 1.9689
1.8100 1.8662 1.8100 1.9455
1.8000 1.7768 1.8000 1.8587
1.7900 1.6626 1.7900 1.7443
1.7900 1.6743 1.7900 1.7561
1.7900 1.7183 1.7900 1.8015
1.7900 1.7319 1.7900 1.8135
1.7800 1.7445 1.7800 1.8243
1.7800 1.7353 1.7800 1.8149
1.7700 1.7526 1.7700 1.8346
1.7600 1.7045 1.7600 1.7862
1.8000 1.7035 1.8000 1.7859
1.9000 1.6916 1.9000 1.7745
1.8800 1.7131 1.8800 1.7965
1.8200 1.6893 1.8200 1.7720
1.7900 1.6841 1.7900 1.7662
1.7600 1.6984 1.7600 1.7819
1.7300 1.7065 1.7300 1.7904
1.7200 1.7072 1.7200 1.7909
1.7000 1.6849 1.7000 1.7676
1.7400 1.6991 1.7400 1.7829
1.7600 1.6762 1.7600 1.7600
1.6700 1.6646 1.6700 1.7483
1.7300 1.7741 1.7300 1.8611
1.8100 1.9898 1.8100 2.0798
1.8400 1.8250 1.8400 1.9044
1.8700 1.6712 1.8700 1.7460
1.8500 1.6496 1.8500 1.7318
1.8100 1.6242 1.8100 1.7117
1.8000 1.5600 1.8000 1.6464
1.8100 1.5809 1.8100 1.6640
1.8400 1.5742 1.8400 1.6563
1.8700 1.7078 1.8700 1.7946
1.8900 1.7283 1.8900 1.8135
1.9000 1.4953 1.9000 1.5722
1.9200 1.7204 1.9200 1.8086
1.9400 1.8825 1.9400 1.9758
1.9700 1.8696 1.9700 1.9556
1.9600 1.8611 1.9600 1.9420
1.9500 1.7992 1.9500 1.8779
1.9700 1.6958 1.9700 1.7791
1.9300 1.6838 1.9300 1.7705
1.9100 1.7266 1.9100 1.8138
1.8400 1.7878 1.8400 1.8740
1.8400 1.8334 1.8400 1.9162
1.8600 1.8566 1.8600 1.9377
1.8100 1.8513 1.8100 1.9329
1.8100 1.8798 1.8100 1.9631
1.7800 1.8943 1.7800 1.9783
1.7900 1.9335 1.7900 2.0171
1.8400 1.8609 1.8400 1.9409
1.8300 1.8356 1.8300 1.9153
1.8400 1.8867 1.8400 1.9699
1.8700 1.7667 1.8700 1.8463
1.8300 1.7456 1.8300 1.8254
1.8000 1.5997 1.8000 1.6772
1.8000 1.6953 1.8000 1.7786
1.8400 1.7487 1.8400 1.8345
1.8200 1.6346 1.8200 1.7123
1.8300 1.6791 1.8300 1.7592
1.7900 1.6373 1.7900 1.7179
1.7700 1.7073 1.7700 1.7924
1.7600 1.8105 1.7600 1.8978
1.7800 1.7585 1.7800 1.8390
1.8000 1.7757 1.8000 1.8572
1.8200 1.8427 1.8200 1.9269
1.7800 1.7155 1.7800 1.7968
1.7900 1.6541 1.7900 1.7358
1.7900 1.6928 1.7900 1.7774
1.7700 1.8085 1.7700 1.8967
1.7600 1.7056 1.7600 1.7875
1.7600 1.7558 1.7600 1.8363
1.7200 1.6514 1.7200 1.7316
1.6800 1.6530 1.6800 1.7362
1.6600 1.6352 1.6600 1.7208
1.5900 1.7193 1.5900 1.8053
1.5500 1.7437 1.5500 1.8288
1.5900 1.7838 1.5900 1.8664
1.5600 1.6607 1.5600 1.7402
1.5600 1.7252 1.5600 1.8093
1.5400 1.7125 1.5400 1.7987
1.6000 1.6669 1.6000 1.7506
1.5800 1.6468 1.5800 1.7301
1.5800 1.6791 1.5800 1.7631
1.5700 1.5831 1.5700 1.6659
1.6000 1.5264 1.6000 1.6086
1.5900 1.5326 1.5900 1.6175
1.6000 1.4048 1.6000 1.4879
1.6400 1.3855 1.6400 1.4704
1.6200 1.5491 1.6200 1.6400
1.5500 1.4734 1.5500 1.5593
1.4900 1.5017 1.4900 1.5869
1.4100 1.4709 1.4100 1.5559
1.3800 1.6630 1.3800 1.7556
1.3400 1.5380 1.3400 1.6262
1.3400 1.5638 1.3400 1.6495
1.3600 1.5257 1.3600 1.6134
1.3600 1.6296 1.3600 1.7209
1.4000 1.5506 1.4000 1.6399
1.4900 1.5902 1.4900 1.6775
1.5300 1.6701 1.5300 1.7606
1.5300 1.5904 1.5300 1.6767
1.5300 1.4191 1.5300 1.5018
1.5300 1.3449 1.5300 1.4301
1.5500 1.2337 1.5500 1.3653
1.5300 1.2478 1.5300 1.3843
1.5100 1.2093 1.5100 1.3390
1.5400 1.2889 1.5400 1.3794
1.5400 1.3609 1.5400 1.4529
1.5800 1.3775 1.5800 1.4676
1.6300 1.4733 1.6300 1.5665
1.6100 1.6603 1.6100 1.7572
1.5400 1.6645 1.5400 1.7573
1.5200 1.5921 1.5200 1.6799
1.5300 1.5695 1.5300 1.6586
1.5300 1.5578 1.5300 1.6506
1.5500 1.5769 1.5500 1.6715
1.5300 1.4947 1.5300 1.5839
1.5100 1.4633 1.5100 1.5509
1.4900 1.5536 1.4900 1.6457
1.4900 1.5356 1.4900 1.6261
1.4800 1.6202 1.4800 1.7114
1.4600 1.6996 1.4600 1.7902
1.4200 1.6056 1.4200 1.6910
1.4200 1.4270 1.4200 1.5099
1.4100 1.4459 1.4100 1.5349
1.3700 1.4991 1.3700 1.5938
1.3700 1.4875 1.3700 1.5789
1.3300 1.5367 1.3300 1.6249
1.3200 1.4909 1.3200 1.5761
1.2900 1.4674 1.2900 1.5545
1.2600 1.4339 1.2600 1.5233
1.2600 1.4648 1.2600 1.5561
1.1800 1.4386 1.1800 1.5291
1.1100 1.4107 1.1100 1.4988
1.0700 1.3418 1.0700 1.4292
1.0300 1.3932 1.0300 1.4846
1.0100 1.3799 1.0100 1.4720
0.9800 1.3058 0.9800 1.3945
0.9700 1.3468 0.9700 1.4381
0.9700 1.2783 0.9700 1.3684
0.9600 1.2992 0.9600 1.3919
0.9600 1.2442 0.9600 1.3384
1.0100 1.2283 1.0100 1.3278
1.1300 1.2571 1.1300 1.3560
1.2400 1.1001 1.2400 1.2445
1.3000 1.0360 1.3000 1.2071
1.3300 1.0323 1.3300 1.2058
1.3400 1.0295 1.3400 1.2033
1.3100 1.0220 1.3100 1.1946
1.2800 0.9963 1.2800 1.1641
1.2700 1.0257 1.2700 1.1848
1.2600 1.0497 1.2600 1.1994
1.2500 1.0474 1.2500 1.1945
1.2300 1.0589 1.2300 1.2013
1.2000 1.1816 1.2000 1.2993
1.1600 1.4179 1.1600 1.5266
1.1300 1.5580 1.1300 1.6626
1.0800 1.5716 1.0800 1.6683
1.0500 1.5480 1.0500 1.6426
1.0200 1.5059 1.0200 1.6027
1.0000 1.3772 1.0000 1.4741
0.9800 1.2922 0.9800 1.3919
0.9200 1.2805 0.9200 1.3852
0.8500 1.2686 0.8500 1.3716
0.8200 1.2553 0.8200 1.3515
0.8800 1.2297 0.8800 1.3248
0.9500 1.1927 0.9500 1.2965
0.9500 1.1361 0.9500 1.2689
0.9800 1.1150 0.9800 1.2610
1.0900 1.0483 1.0900 1.2180
1.1200 1.0437 1.1200 1.2140
1.2600 1.0256 1.2600 1.1966
1.4100 1.0324 1.4100 1.1983
1.5900 1.0200 1.5900 1.1853
1.7500 0.9608 1.7500 1.1254
1.9000 0.9159 1.9000 1.0792
2.0000 0.9291 2.0000 1.0954
2.1000 1.0506 2.1000 1.2075
2.2200 1.1549 2.2200 1.2786
2.3300 1.1091 2.3300 1.2102
2.4100 1.1744 2.4100 1.2735
2.4400 1.4015 2.4400 1.5102
2.4500 1.3583 2.4500 1.4624
2.4300 1.6030 2.4300 1.7097
2.3800 1.8038 2.3800 1.9091
2.3200 2.0668 2.3200 2.1707
2.2600 2.1843 2.2600 2.2829
2.2000 2.3313 2.2000 2.4249
2.0600 2.3169 2.0600 2.4084
2.1200 2.3623 2.1200 2.4530
2.1800 2.4565 2.1800 2.5485
2.2700 2.5212 2.2700 2.6094
2.3600 2.5095 2.3600 2.5914
2.4400 2.4186 2.4400 2.4944
2.5100 2.3465 2.5100 2.4218
2.5200 2.2286 2.5200 2.3040
2.4900 2.0865 2.4900 2.1599
2.4400 1.9694 2.4400 2.0415
2.4000 1.8944 2.4000 1.9662
2.3900 1.8300 2.3900 1.9017
2.3600 1.5722 2.3600 1.6385
2.3200 1.9195 2.3200 1.9990
2.2900 2.0611 2.2900 2.1422
2.2600 2.2604 2.2600 2.3361
2.2300 2.3586 2.2300 2.4304
2.1900 2.4911 2.1900 2.5620
2.1900 2.5176 2.1900 2.5933
2.1200 2.4110 2.1200 2.4829
2.0700 2.2656 2.0700 2.3361
2.0700 2.1316 2.0700 2.2031
2.0500 2.0754 2.0500 2.1489
2.0400 2.0925 2.0400 2.1672
1.9900 2.0420 1.9900 2.1121
1.9600 1.9906 1.9600 2.0577
1.9700 1.9811 1.9700 2.0498
2.0200 1.9677 2.0200 2.0386
2.0700 1.9393 2.0700 2.0111
2.0400 1.8904 2.0400 1.9612
2.0200 1.9604 2.0200 2.0343
2.0100 1.8033 2.0100 1.8738
2.0100 1.7722 2.0100 1.8439
2.0100 1.8465 2.0100 1.9241
2.0100 1.8394 2.0100 1.9162
2.0100 1.8357 2.0100 1.9115
2.0000 1.7448 2.0000 1.8172
2.0000 1.7496 2.0000 1.8258
2.0000 1.8150 2.0000 1.8967
2.0000 1.9555 2.0000 2.0386
2.0200 2.0274 2.0200 2.1077
2.0200 1.8977 2.0200 1.9701
1.9800 1.8701 1.9800 1.9451
1.9700 1.8638 1.9700 1.9446
1.9600 1.8752 1.9600 1.9581
1.9500 1.8584 1.9500 1.9389
1.9200 1.8714 1.9200 1.9491
1.9000 1.8769 1.9000 1.9551
1.9400 1.8551 1.9400 1.9334
1.9900 1.8658 1.9900 1.9452
1.9300 1.8678 1.9300 1.9476
1.8600 1.8704 1.8600 1.9498
1.8400 1.9192 1.8400 1.9996
1.8300 1.9010 1.8300 1.9798
1.8100 1.7961 1.8100 1.8722
1.8100 1.8099 1.8100 1.8889
1.8400 1.8071 1.8400 1.8882
1.8600 1.7970 1.8600 1.8777
1.8400 1.7314 1.8400 1.8093
1.8600 1.7330 1.8600 1.8114
1.8500 1.8644 1.8500 1.9486
1.8400 1.9603 1.8400 2.0442
1.8200 1.7509 1.8200 1.8249
1.8100 1.6307 1.8100 1.7041
1.8100 1.6687 1.8100 1.7516
1.8200 1.6859 1.8200 1.7727
1.8200 1.6394 1.8200 1.7220
1.8200 1.6818 1.8200 1.7616
1.8600 1.7856 1.8600 1.8686
1.8700 1.8129 1.8700 1.8963
1.8600 1.7364 1.8600 1.8161
1.8600 1.8037 1.8600 1.8864
1.8500 1.7609 1.8500 1.8441
1.8400 1.7391 1.8400 1.8221
1.8300 1.6866 1.8300 1.7687
1.8500 1.6993 1.8500 1.7820
1.8500 1.7061 1.8500 1.7905
1.8500 1.7406 1.8500 1.8245
1.8300 1.7331 1.8300 1.8156
1.8200 1.7373 1.8200 1.8193
1.8000 1.8376 1.8000 1.9230
1.7500 1.8211 1.7500 1.9046
1.7300 1.7738 1.7300 1.8547
1.7500 1.7728 1.7500 1.8549
1.8200 1.7540 1.8200 1.8371
1.8400 1.7279 1.8400 1.8115
1.8500 1.7111 1.8500 1.7937
1.8900 1.7801 1.8900 1.8643
1.9300 1.7613 1.9300 1.8441
1.9400 1.7623 1.9400 1.8438
1.9400 1.7099 1.9400 1.7907
1.9300 1.7134 1.9300 1.7959
1.9300 1.6702 1.9300 1.7534
1.9500 1.5758 1.9500 1.6567
1.9300 1.5819 1.9300 1.6652
1.9100 1.6727 1.9100 1.7595
1.9400 1.8416 1.9400 1.9306
1.9400 1.8179 1.9400 1.9003
1.9400 1.8193 1.9400 1.8986
1.9400 1.8970 1.9400 1.9813
1.9500 1.9501 1.9500 2.0367
1.9600 1.8970 1.9600 1.9805
1.9700 1.8636 1.9700 1.9441
1.9800 1.8296 1.9800 1.9108
1.9900 1.8288 1.9900 1.9121
2.0000 1.8675 2.0000 1.9516
2.0000 1.7953 2.0000 1.8750
2.0300 1.7618 2.0300 1.8406
2.0300 1.8614 2.0300 1.9448
2.0400 1.8408 2.0400 1.9228
2.1100 1.8286 2.1100 1.9086
2.0900 1.8263 2.0900 1.9058
2.0700 1.8638 2.0700 1.9453
2.0400 1.8654 2.0400 1.9476
2.0200 1.8784 2.0200 1.9591
2.0000 1.8881 2.0000 1.9685
1.9800 1.8994 1.9800 1.9799
1.9600 1.9067 1.9600 1.9873
1.9500 1.8891 1.9500 1.9689
1.9400 1.9583 1.9400 2.0399
1.9400 1.9203 1.9400 1.9999
1.9500 1.9376 1.9500 2.0168
1.9500 2.0932 1.9500 2.1765
1.9200 1.9665 1.9200 2.0432
1.9200 1.9096 1.9200 1.9849
1.9200 1.8447 1.9200 1.9216
1.9100 1.8449 1.9100 1.9250
1.8900 1.7962 1.8900 1.8768
1.8700 1.7869 1.8700 1.8644
1.8500 1.7701 1.8500 1.8478
1.8300 1.7841 1.8300 1.8627
1.8600 1.7828 1.8600 1.8620
1.9200 1.8048 1.9200 1.8846
1.9200 1.8385 1.9200 1.9189
1.9400 1.8359 1.9400 1.9155
1.9400 1.7607 1.9400 1.8385
1.9400 1.7944 1.9400 1.8751
1.9400 1.8017 1.9400 1.8840
1.9200 1.7803 1.9200 1.8612
1.9300 1.7366 1.9300 1.8159
1.9200 1.7224 1.9200 1.8021
1.8500 1.6997 1.8500 1.7812
1.8500 1.6788 1.8500 1.7605
1.7900 1.7843 1.7900 1.8688
1.7600 1.9156 1.7600 2.0012
1.8200 1.8538 1.8200 1.9332
1.8900 1.8889 1.8900 1.9683
1.9100 1.8644 1.9100 1.9452
1.9800 1.8579 1.9800 1.9406
2.0000 1.8294 2.0000 1.9122
2.0100 1.7844 2.0100 1.8645
2.0400 1.8231 2.0400 1.9055
2.0200 1.7917 2.0200 1.8727
1.9900 1.6319 1.9900 1.7085
1.9500 1.7027 1.9500 1.7847
1.8800 1.5805 1.8800 1.6610
1.8500 1.5810 1.8500 1.6629
1.8300 1.7653 1.8300 1.8530
1.8200 1.9248 1.8200 2.0112
1.7600 1.8836 1.7600 1.9637
1.7100 2.0284 1.7100 2.1093
1.6700 2.0006 1.6700 2.0820
1.6600 1.9719 1.6600 2.0539
1.6300 1.9916 1.6300 2.0750
1.5900 1.9062 1.5900 1.9860
1.5300 1.8200 1.5300 1.8992
1.5300 1.7447 1.5300 1.8234
1.4800 1.6268 1.4800 1.7049
1.4500 1.6278 1.4500 1.7093
1.4300 1.6382 1.4300 1.7200
1.4500 1.6630 1.4500 1.7442
1.3900 1.5411 1.3900 1.6181
1.3400 1.5103 1.3400 1.5886
1.3700 1.4852 1.3700 1.5682
1.3500 1.5316 1.3500 1.6178
1.3400 1.4829 1.3400 1.5670
1.3100 1.4440 1.3100 1.5258
1.3100 1.3604 1.3100 1.4428
1.3300 1.4472 1.3300 1.5358
1.3300 1.3475 1.3300 1.4345
1.3100 1.3445 1.3100 1.4310
1.2600 1.3413 1.2600 1.4296
1.2200 1.4479 1.2200 1.5396
1.2700 1.2901 1.2700 1.3771
1.3500 1.2457 1.3500 1.3360
1.4200 1.3767 1.4200 1.4718
1.4300 1.3352 1.4300 1.4283
1.4300 1.3200 1.4300 1.4111
1.4700 1.2725 1.4700 1.3613
1.4900 1.3292 1.4900 1.4226
1.5200 1.3689 1.5200 1.4656
1.5200 1.3639 1.5200 1.4570
1.5500 1.3134 1.5500 1.4043
1.6600 1.2229 1.6600 1.3151
1.6600 1.1820 1.6600 1.3043
1.6900 1.3390 1.6900 1.4426
1.7400 1.4966 1.7400 1.5979
1.7400 1.5885 1.7400 1.6839
1.7400 1.5341 1.7400 1.6223
1.7500 1.5157 1.7500 1.6052
1.7500 1.5847 1.7500 1.6818
1.7800 1.5710 1.7800 1.6674
1.8400 1.5907 1.8400 1.6845
1.9000 1.5452 1.9000 1.6348
1.9800 1.6128 1.9800 1.7045
1.9900 1.8307 1.9900 1.9285
2.0300 1.7108 2.0300 1.7987
2.0600 1.7447 2.0600 1.8311
2.0400 1.8149 2.0400 1.9048
1.9900 1.7627 1.9900 1.8508
1.9800 1.7028 1.9800 1.7900
1.9100 1.7218 1.9100 1.8081
1.9200 1.7074 1.9200 1.7945
1.8900 1.7601 1.8900 1.8481
1.8500 1.8760 1.8500 1.9640
1.8400 1.9576 1.8400 2.0439
1.8300 2.0709 1.8300 2.1563
1.7700 1.9865 1.7700 2.0663
1.7300 2.0436 1.7300 2.1259
1.7200 2.0394 1.7200 2.1235
1.6600 1.9356 1.6600 2.0157
1.6400 1.7868 1.6400 1.8645
1.6600 1.8182 1.6600 1.8990
1.6500 1.6586 1.6500 1.7379
1.5700 1.7599 1.5700 1.8424
1.5400 1.6913 1.5400 1.7706
1.5500 1.6578 1.5500 1.7348
1.5000 1.6700 1.5000 1.7504
1.4600 1.7006 1.4600 1.7818
1.4500 1.5645 1.4500 1.6438
1.4400 1.5395 1.4400 1.6193
1.4300 1.5840 1.4300 1.6684
1.3800 1.4722 1.3800 1.5544
1.3500 1.4905 1.3500 1.5741
1.3200 1.5906 1.3200 1.6774
1.3000 1.5773 1.3000 1.6625
1.2700 1.3898 1.2700 1.4694
1.2700 1.4145 1.2700 1.4984
1.2600 1.4952 1.2600 1.5869
1.2500 1.3809 1.2500 1.4683
1.2900 1.3321 1.2900 1.4169
1.3600 1.3803 1.3600 1.4683
1.4300 1.3973 1.4300 1.4883
1.4600 1.3828 1.4600 1.4729
1.4400 1.2928 1.4400 1.3789
1.4300 1.2869 1.4300 1.3761
1.4300 1.2582 1.4300 1.3570
1.4100 1.2585 1.4100 1.3585
1.3800 1.2163 1.3800 1.3232
1.3600 1.2688 1.3600 1.3629
1.3700 1.2626 1.3700 1.3562
1.3600 1.2640 1.3600 1.3572
1.3300 1.3709 1.3300 1.4678
1.3000 1.5138 1.3000 1.6125
1.2800 1.6077 1.2800 1.7045
1.2400 1.5934 1.2400 1.6848
1.2200 1.4981 1.2200 1.5866
1.2200 1.4663 1.2200 1.5589
1.2300 1.4556 1.2300 1.5515
1.2400 1.3925 1.2400 1.4861
1.2800 1.3293 1.2800 1.4198
1.3100 1.3207 1.3100 1.4116
1.3700 1.3765 1.3700 1.4707
1.3800 1.3514 1.3800 1.4438
1.3700 1.2970 1.3700 1.3866
1.3800 1.2629 1.3800 1.3533
1.3900 1.2605 1.3900 1.3598
1.4500 1.1931 1.4500 1.3133
1.5300 1.1931 1.5300 1.3101
1.6700 1.2298 1.6700 1.3338
1.7900 1.2740 1.7900 1.3701
1.9000 1.2948 1.9000 1.3899
1.9700 1.3892 1.9700 1.4855
1.9900 1.4263 1.9900 1.5224
2.0300 1.5314 2.0300 1.6288
2.0900 1.4823 2.0900 1.5759
2.0900 1.4337 2.0900 1.5254
2.0400 1.4397 2.0400 1.5347
2.0200 1.4504 2.0200 1.5464
1.9800 1.5620 1.9800 1.6602
1.9700 1.6869 1.9700 1.7834
1.9500 1.9408 1.9500 2.0379
1.9300 2.0628 1.9300 2.1557
1.9200 2.1707 1.9200 2.2597
1.8800 2.1600 1.8800 2.2467
1.8700 2.0740 1.8700 2.1585
1.9100 2.0768 1.9100 2.1646
1.8400 2.1359 1.8400 2.2248
1.7900 2.0255 1.7900 2.1077
1.7400 1.8549 1.7400 1.9307
1.7400 1.8455 1.7400 1.9244
1.7700 1.7718 1.7700 1.8528
1.7900 1.7844 1.7900 1.8662
1.7700 1.7518 1.7700 1.8305
1.7600 1.7527 1.7600 1.8299
1.7900 1.7557 1.7900 1.8347
1.8300 1.6897 1.8300 1.7673
1.8900 1.7143 1.8900 1.7950
1.9500 1.8398 1.9500 1.9244
1.9600 1.6407 1.9600 1.7174
1.9700 1.5834 1.9700 1.6604
2.0000 1.5309 2.0000 1.6117
2.0500 1.6194 2.0500 1.7063
2.0700 1.6876 2.0700 1.7755
2.0800 1.7390 2.0800 1.8211
2.1000 1.6733 2.1000 1.7523
2.1100 1.6770 2.1100 1.7583
2.0700 1.7640 2.0700 1.8517
2.0400 1.8297 2.0400 1.9181
2.0400 1.9229 2.0400 2.0092
2.0100 2.0003 2.0100 2.0840
1.9900 1.9466 1.9900 2.0267
1.9700 1.9283 1.9700 2.0095
1.9500 1.9703 1.9500 2.0549
1.9600 2.0462 1.9600 2.1322
1.9400 2.0116 1.9400 2.0929
1.9100 1.9963 1.9100 2.0741
1.8700 2.0204 1.8700 2.1000
1.8200 2.0128 1.8200 2.0930
1.7600 1.8775 1.7600 1.9540
1.7000 1.8346 1.7000 1.9113
1.6400 1.8736 1.6400 1.9541
1.5600 1.8082 1.5600 1.8868
1.5000 1.7885 1.5000 1.8657
1.4500 1.7778 1.4500 1.8548
1.4200 1.7720 1.4200 1.8504
1.3900 1.8220 1.3900 1.9028
1.3500 1.7787 1.3500 1.8569
1.3100 1.7325 1.3100 1.8098
1.2800 1.6709 1.2800 1.7491
1.2600 1.6101 1.2600 1.6895
1.2200 1.5228 1.2200 1.6032
1.1800 1.4618 1.1800 1.5424
1.1500 1.4067 1.1500 1.4882
1.1300 1.3082 1.1300 1.4106
1.1000 1.2794 1.1000 1.3906
1.0800 1.2618 1.0800 1.3760
1.0600 1.2823 1.0600 1.3835
1.0400 1.2741 1.0400 1.3672
1.0100 1.2473 1.0100 1.3399
0.9800 1.2186 0.9800 1.3233
0.9600 1.2142 0.9600 1.3239
0.9400 1.2183 0.9400 1.3280
0.9100 1.1645 0.9100 1.2899
0.8500 1.1286 0.8500 1.2656
0.8100 1.1179 0.8100 1.2606
0.7900 1.1231 0.7900 1.2660
0.8100 1.0888 0.8100 1.2408
0.8700 1.0894 0.8700 1.2351
0.9100 1.0822 0.9100 1.2283
0.9400 1.0730 0.9400 1.2236
0.9600 1.0389 0.9600 1.1987
0.9700 1.0193 0.9700 1.1834
0.9700 1.0174 0.9700 1.1827
0.9700 1.0079 0.9700 1.1748
0.9800 0.9832 0.9800 1.1497
1.0100 0.9291 1.0100 1.0922
1.0100 0.9220 1.0100 1.0859
1.0200 0.9296 1.0200 1.0954
1.0400 0.9729 1.0400 1.1404
1.0400 1.0681 1.0400 1.2019
1.0400 1.1243 1.0400 1.2386
1.0300 1.1580 1.0300 1.2619
1.0500 1.1692 1.0500 1.2762
1.0600 1.1620 1.0600 1.2787
1.0500 1.1267 1.0500 1.2509
1.0400 1.1087 1.0400 1.2362
1.0400 1.1195 1.0400 1.2469
1.0400 1.1716 1.0400 1.2914
1.0600 1.1413 1.0600 1.2566
1.0700 1.1564 1.0700 1.2689
1.0700 1.1876 1.0700 1.2996
1.0800 1.1692 1.0800 1.2837
1.1000 1.1524 1.1000 1.2673
1.1300 1.1267 1.1300 1.2455
1.1500 1.1786 1.1500 1.2972
1.1900 1.1785 1.1900 1.2929
1.2000 1.1463 1.2000 1.2588
1.2500 1.1250 1.2500 1.2411
1.3300 1.1391 1.3300 1.2605
1.3600 1.1368 1.3600 1.2600
1.3900 1.1787 1.3900 1.2936
1.4000 1.1868 1.4000 1.2952
1.4200 1.1788 1.4200 1.2860
1.4400 1.1954 1.4400 1.3030
1.4600 1.2324 1.4600 1.3388
1.4900 1.2755 1.4900 1.3768
1.5100 1.2857 1.5100 1.3849
1.5400 1.3514 1.5400 1.4511
1.5800 1.3280 1.5800 1.4258
1.6100 1.4194 1.6100 1.5194
1.6300 1.5415 1.6300 1.6434
1.6500 1.5248 1.6500 1.6212
1.6600 1.5282 1.6600 1.6226
1.6600 1.5030 1.6600 1.5967
1.6300 1.5206 1.6300 1.6167
1.6100 1.5138 1.6100 1.6099
1.6000 1.5293 1.6000 1.6232
1.5900 1.5633 1.5900 1.6569
1.6000 1.5730 1.6000 1.6649
1.6100 1.6104 1.6100 1.7026
1.6200 1.6618 1.6200 1.7543
1.6200 1.6812 1.6200 1.7722
1.6600 1.6766 1.6600 1.7660
1.6800 1.6868 1.6800 1.7760
1.7000 1.6745 1.7000 1.7635
1.7900 1.6451 1.7900 1.7333
1.8200 1.5575 1.8200 1.6436
1.8300 1.5326 1.8300 1.6197
1.8300 1.5281 1.8300 1.6169
1.8200 1.5214 1.8200 1.6096
1.7900 1.5578 1.7900 1.6461
1.8100 1.5850 1.8100 1.6725
1.8000 1.6056 1.8000 1.6928
1.8100 1.5934 1.8100 1.6801
1.8100 1.6915 1.8100 1.7812
1.8100 1.6947 1.8100 1.7835
1.8300 1.7134 1.8300 1.8004
1.8100 1.8974 1.8100 1.9886
1.8500 1.8749 1.8500 1.9615
1.8500 1.8331 1.8500 1.9164
1.8600 1.7905 1.8600 1.8738
1.9000 1.7632 1.9000 1.8484
2.0600 1.6666 2.0600 1.7519
2.1500 1.7412 2.1500 1.8278
2.2000 1.7005 2.2000 1.7846
2.2100 1.7379 2.2100 1.8214
2.2300 1.7235 2.2300 1.8062
2.2300 1.7390 2.2300 1.8217
2.2200 1.7757 2.2200 1.8609
2.2500 1.7112 2.2500 1.7931
2.2800 1.8235 2.2800 1.9091
2.3100 1.7800 2.3100 1.8634
2.3100 1.8053 2.3100 1.8879
2.2700 1.8731 2.2700 1.9582
2.2900 2.2484 2.2900 2.3402
2.2500 2.2721 2.2500 2.3565
2.2300 2.2583 2.2300 2.3334
2.2200 2.1696 2.2200 2.2444
2.2300 2.1878 2.2300 2.2682
2.1900 2.1014 2.1900 2.1838
2.1700 2.0463 2.1700 2.1243
2.1500 2.1146 2.1500 2.1932
2.1400 2.1605 2.1400 2.2378
2.1000 2.1917 2.1000 2.2670
2.0800 2.1411 2.0800 2.2130
2.1200 2.0332 2.1200 2.1033
2.1400 2.1166 2.1400 2.1933
2.1500 1.9924 2.1500 2.0665
2.1200 1.9831 2.1200 2.0564
2.0800 1.9775 2.0800 2.0515
2.0800 2.0496 2.0800 2.1247
2.0700 1.9257 2.0700 1.9978
2.0400 1.9349 2.0400 2.0067
2.0300 1.9170 2.0300 1.9918
2.0200 1.9340 2.0200 2.0101
2.0000 1.8414 2.0000 1.9153
1.9300 1.8563 1.9300 1.9306
1.8900 1.9947 1.8900 2.0747
1.8900 2.0204 1.8900 2.0983
1.8700 2.0166 1.8700 2.0912
1.8700 1.9267 1.8700 1.9987
1.9000 1.8657 1.9000 1.9402
1.8900 1.9007 1.8900 1.9811
1.9000 1.8862 1.9000 1.9655
1.9700 1.8233 1.9700 1.8990
2.0700 1.8392 2.0700 1.9152
2.0800 1.8488 2.0800 1.9264
2.0500 1.8161 2.0500 1.8940
2.0400 1.6665 2.0400 1.7408
2.0300 1.6595 2.0300 1.7370
1.9900 1.7229 1.9900 1.8059
1.9800 1.6991 1.9800 1.7800
1.9800 1.7268 1.9800 1.8065
1.9700 1.8265 1.9700 1.9077
1.9400 1.7883 1.9400 1.8681
1.8800 1.8138 1.8800 1.8948
1.8500 1.9813 1.8500 2.0668
1.8100 2.1631 1.8100 2.2501
1.7800 2.0460 1.7800 2.1237
1.7600 1.9277 1.7600 2.0007
1.7800 1.9157 1.7800 1.9953
1.8000 1.8942 1.8000 1.9782
1.7900 1.7775 1.7900 1.8579
1.7400 1.7952 1.7400 1.8739
1.7900 1.8275 1.7900 1.9072
1.8800 1.8160 1.8800 1.8949
1.9000 1.7513 1.9000 1.8281
1.9100 1.6507 1.9100 1.7263
1.9300 1.6519 1.9300 1.7323
1.9600 1.6023 1.9600 1.6838
2.0300 1.5906 2.0300 1.6718
2.1100 1.5901 2.1100 1.6714
2.1800 1.6943 2.1800 1.7781
2.2700 1.7380 2.2700 1.8220
2.3500 1.7038 2.3500 1.7843
2.5000 1.5906 2.5000 1.6694
2.6200 1.7732 2.6200 1.8611
2.6500 1.9517 2.6500 2.0441
2.6700 1.8984 2.6700 1.9810
2.7200 1.8684 2.7200 1.9465
2.8000 1.9088 2.8000 1.9904
2.9100 1.9492 2.9100 2.0358
2.8800 2.0551 2.8800 2.1428
2.9200 2.1658 2.9200 2.2499
2.9800 2.2328 2.9800 2.3132
3.0400 2.3478 3.0400 2.4283
3.0900 2.4157 3.0900 2.4954
3.1000 2.6649 3.1000 2.7483
3.0700 2.7409 3.0700 2.8199
3.0300 2.6081 3.0300 2.6771
2.9800 2.5378 2.9800 2.6068
2.9400 2.6055 2.9400 2.6805
2.9000 2.7088 2.9000 2.7865
2.8600 2.8498 2.8600 2.9231
2.8300 2.5904 2.8300 2.6486
2.8200 2.6948 2.8200 2.7569
2.8000 2.7757 2.8000 2.8452
2.7800 2.8518 2.7800 2.9194
2.7600 2.8353 2.7600 2.8975
2.7500 2.7920 2.7500 2.8477
2.6600 2.6620 2.6600 2.7187
2.5900 2.5660 2.5900 2.6247
2.5300 2.4760 2.5300 2.5359
2.4800 2.4362 2.4800 2.4962
2.4700 2.3960 2.4700 2.4544
2.4300 2.3690 2.4300 2.4260
2.4300 2.3653 2.4300 2.4230
2.4400 2.4079 2.4400 2.4674
2.4000 2.3908 2.4000 2.4500
2.3700 2.3801 2.3700 2.4391
2.3400 2.3677 2.3400 2.4278
2.2800 2.3849 2.2800 2.4470
2.2100 2.1667 2.2100 2.2249
2.2100 2.1066 2.2100 2.1667
2.1900 2.0608 2.1900 2.1255
2.2100 2.0488 2.2100 2.1149
2.1700 2.1014 2.1700 2.1687
2.1300 2.0595 2.1300 2.1227
2.1000 2.1368 2.1000 2.2030
2.0800 2.1860 2.0800 2.2546
2.0700 2.0963 2.0700 2.1620
2.0400 2.0585 2.0400 2.1258
1.9900 2.0381 1.9900 2.1076
1.9700 1.9358 1.9700 2.0056
1.9700 1.8291 1.9700 1.8984
1.9800 1.9421 1.9800 2.0163
1.9500 1.9263 1.9500 2.0002
1.9100 2.0196 1.9100 2.0934
1.9000 1.9089 1.9000 1.9781
1.8900 1.8801 1.8900 1.9503
1.8700 1.8459 1.8700 1.9213
1.8400 1.8593 1.8400 1.9364
1.7900 1.8570 1.7900 1.9346
1.7100 1.8143 1.7100 1.8885
1.7400 1.7386 1.7400 1.8122
1.8300 1.7594 1.8300 1.8369
1.9100 1.8044 1.9100 1.8849
1.9300 1.8446 1.9300 1.9248
2.0000 1.7668 2.0000 1.8426
2.1100 1.7136 2.1100 1.7890
2.2300 1.7418 2.2300 1.8225
2.3500 1.7442 2.3500 1.8266
2.4200 1.7082 2.4200 1.7887
2.3800 1.6655 2.3800 1.7440
2.4000 1.5940 2.4000 1.6726
2.4000 1.4629 2.4000 1.5419
2.3900 1.6365 2.3900 1.7241
2.3600 1.8591 2.3600 1.9507
2.3600 1.9806 2.3600 2.0660
2.3600 1.9258 2.3600 2.0024
2.3300 2.0776 2.3300 2.1585
2.2900 2.2573 2.2900 2.3465
2.2500 2.4004 2.2500 2.4883
2.2300 2.5061 2.2300 2.5884
2.2000 2.4992 2.2000 2.5748
2.1700 2.2460 2.1700 2.3164
2.1400 2.2785 2.1400 2.3561
2.1100 2.2204 2.1100 2.3005
2.0800 2.1692 2.0800 2.2453
2.0500 2.0664 2.0500 2.1373
2.0300 2.1277 2.0300 2.1989
2.0000 2.1266 2.0000 2.2001
1.9700 2.0559 1.9700 2.1257
1.9400 1.9866 1.9400 2.0554
1.9100 1.9487 1.9100 2.0193
1.8600 1.9589 1.8600 2.0329
1.8500 1.9185 1.8500 1.9916
1.8400 1.8962 1.8400 1.9679
1.8400 1.8735 1.8400 1.9457
1.8500 1.8565 1.8500 1.9299
1.8500 1.8295 1.8500 1.9040
1.8500 1.8074 1.8500 1.8822
1.8700 1.8101 1.8700 1.8861
1.8800 1.7764 1.8800 1.8523
1.8800 1.7519 1.8800 1.8281
1.8600 1.7267 1.8600 1.8039
1.8700 1.7058 1.8700 1.7839
1.8500 1.6296 1.8500 1.7072
1.8300 1.6782 1.8300 1.7588
1.8200 1.6876 1.8200 1.7692
1.7900 1.7190 1.7900 1.8003
1.7600 1.7513 1.7600 1.8327
1.7400 1.7607 1.7400 1.8414
1.7100 1.7598 1.7100 1.8416
1.6900 1.8108 1.6900 1.8943
1.6700 1.8156 1.6700 1.8988
1.6500 1.7970 1.6500 1.8788
1.6200 1.7406 1.6200 1.8211
1.6100 1.7876 1.6100 1.8711
1.6000 1.7248 1.6000 1.8074
1.5800 1.6961 1.5800 1.7775
1.5600 1.6910 1.5600 1.7734
1.5400 1.6461 1.5400 1.7276
1.5200 1.6029 1.5200 1.6850
1.4900 1.5985 1.4900 1.6813
1.4700 1.5649 1.4700 1.6479
1.4400 1.5569 1.4400 1.6406
1.4100 1.5463 1.4100 1.6300
1.3800 1.5373 1.3800 1.6215
1.3500 1.4961 1.3500 1.5802
1.3200 1.5191 1.3200 1.6049
1.3000 1.5196 1.3000 1.6064
1.2700 1.4950 1.2700 1.5808
1.2300 1.4740 1.2300 1.5599
1.2000 1.4618 1.2000 1.5486
1.1700 1.4440 1.1700 1.5319
1.1600 1.4013 1.1600 1.4887
1.1300 1.3959 1.1300 1.4842
1.1000 1.3589 1.1000 1.4474
1.0800 1.3320 1.0800 1.4208
1.0600 1.3032 1.0600 1.3926
1.0500 1.2820 1.0500 1.3721
1.0300 1.2554 1.0300 1.3502
1.0100 1.2559 1.0100 1.3513
1.0000 1.2240 1.0000 1.3256
0.9900 1.1765 0.9900 1.2960
0.9700 1.1604 0.9700 1.2873
0.9500 1.1408 0.9500 1.2767
0.9400 1.1620 0.9400 1.2890
0.9300 1.1205 0.9300 1.2553
0.9100 1.0981 0.9100 1.2396
0.9000 1.0934 0.9000 1.2377
0.8900 1.0873 0.8900 1.2356
0.8800 1.0916 0.8800 1.2374
0.8800 1.0705 0.8800 1.2171
0.8800 1.0586 0.8800 1.2088
0.8800 1.0647 0.8800 1.2127
0.8800 1.0654 0.8800 1.2124
0.8700 1.0392 0.8700 1.1936
0.8600 1.0233 0.8600 1.1801
0.8600 1.0312 0.8600 1.1855
0.8600 1.0283 0.8600 1.1840
0.8500 1.0018 0.8500 1.1638
0.8500 1.0050 0.8500 1.1636
0.8500 1.0045 0.8500 1.1622
0.8500 1.0000 0.8500 1.1597
0.8500 1.0103 0.8500 1.1649
0.8500 1.0185 0.8500 1.1676
0.8500 1.0220 0.8500 1.1697
0.8600 1.0237 0.8600 1.1693
0.8700 1.0088 0.8700 1.1587
0.8800 0.9985 0.8800 1.1536
0.8900 1.0083 0.8900 1.1611
0.9000 1.0111 0.9000 1.1631
0.9100 0.9910 0.9100 1.1481
0.9300 1.0003 0.9300 1.1527
0.9400 1.0061 0.9400 1.1563
0.9500 1.0078 0.9500 1.1587
0.9600 1.0054 0.9600 1.1558
0.9700 1.0090 0.9700 1.1569
0.9800 1.0095 0.9800 1.1583
0.9900 1.0284 0.9900 1.1714
1.0000 1.0393 1.0000 1.1781
1.0200 1.0486 1.0200 1.1837
1.0300 1.0566 1.0300 1.1883
1.0400 1.0670 1.0400 1.1972
1.0500 1.0739 1.0500 1.2043
1.0600 1.1028 1.0600 1.2305
1.0700 1.1024 1.0700 1.2278
1.0900 1.1084 1.0900 1.2320
1.1000 1.1139 1.1000 1.2373
1.1100 1.1228 1.1100 1.2463
1.1200 1.1267 1.1200 1.2491
1.1400 1.1343 1.1400 1.2546
1.1700 1.1419 1.1700 1.2608
1.1800 1.1719 1.1800 1.2873
1.2000 1.1713 1.2000 1.2843
1.2200 1.1773 1.2200 1.2886
1.2300 1.1827 1.2300 1.2938
1.2400 1.1916 1.2400 1.3028
1.2400 1.1956 1.2400 1.3056
1.2500 1.2257 1.2500 1.3315
1.2700 1.2249 1.2700 1.3283
1.2700 1.2309 1.2700 1.3326
1.2800 1.2363 1.2800 1.3378
1.3000 1.2680 1.3000 1.3680
1.3300 1.3089 1.3300 1.4093
1.3400 1.2974 1.3400 1.3954
1.3800 1.3223 1.3800 1.4203
1.4300 1.3410 1.4300 1.4394
1.4400 1.3370 1.4400 1.4346
1.4500 1.3330 1.4500 1.4302
1.4700 1.3167 1.4700 1.4128
1.4600 1.3308 1.4600 1.4279
1.4700 1.3596 1.4700 1.4572
1.4600 1.3374 1.4600 1.4328
1.4700 1.3509 1.4700 1.4463
1.4700 1.3852 1.4700 1.4815
1.4700 1.4340 1.4700 1.5310
1.4800 1.4164 1.4800 1.5110
1.4800 1.4925 1.4800 1.5880
1.4900 1.5635 1.4900 1.6600
1.4900 1.5268 1.4900 1.6196
1.4900 1.5127 1.4900 1.6045
1.4800 1.5392 1.4800 1.6325
1.4800 1.4839 1.4800 1.5763
1.4300 1.4935 1.4300 1.5864
1.4800 1.4554 1.4800 1.5463
1.5300 1.4883 1.5300 1.5804
1.6000 1.4691 1.6000 1.5605
1.6700 1.4751 1.6700 1.5656
1.7400 1.4911 1.7400 1.5826
1.8000 1.4870 1.8000 1.5775
1.8300 1.5049 1.8300 1.5962
1.8800 1.4930 1.8800 1.5834
1.8900 1.4927 1.8900 1.5830
1.8800 1.4626 1.8800 1.5526
1.8700 1.4738 1.8700 1.5646
1.8500 1.3535 1.8500 1.4415
1.8400 1.5224 1.8400 1.6168
1.8300 1.6016 1.8300 1.6967
1.8300 1.7278 1.8300 1.8204
1.8100 1.7998 1.8100 1.8899
1.7800 1.9020 1.7800 1.9907
1.7500 1.9352 1.7500 2.0250
1.7600 1.9078 1.7600 1.9949
1.7400 1.9558 1.7400 2.0443
1.7300 1.8909 1.7300 1.9770
1.7200 1.8212 1.7200 1.9049
1.7400 1.7750 1.7400 1.8589
1.7600 1.7331 1.7600 1.8167
1.7500 1.7164 1.7500 1.8006
1.7600 1.7044 1.7600 1.7872
1.7400 1.7246 1.7400 1.8073
1.7200 1.6801 1.7200 1.7614
1.6800 1.6359 1.6800 1.7165
1.6500 1.5993 1.6500 1.6814
1.6200 1.6696 1.6200 1.7554
1.6200 1.6198 1.6200 1.7036
1.6100 1.6247 1.6100 1.7073
1.6300 1.6187 1.6300 1.7020
1.6400 1.6977 1.6400 1.7839
1.6300 1.7227 1.6300 1.8092
1.6400 1.6825 1.6400 1.7651
1.6200 1.7107 1.6200 1.7949
1.6100 1.6552 1.6100 1.7390
1.5900 1.6225 1.5900 1.7071
1.5800 1.5379 1.5800 1.6217
1.5600 1.5205 1.5600 1.6052
1.5600 1.4834 1.5600 1.5692
1.5600 1.5340 1.5600 1.6211
1.5600 1.5240 1.5600 1.6102
1.5600 1.6005 1.5600 1.6875
1.5500 1.6131 1.5500 1.6997
1.5100 1.5887 1.5100 1.6737
1.5200 1.6142 1.5200 1.7016
1.5300 1.5622 1.5300 1.6486
1.5400 1.5521 1.5400 1.6396
1.5500 1.5101 1.5500 1.5972
1.5900 1.5183 1.5900 1.6059
1.6300 1.4791 1.6300 1.5666
1.7000 1.5120 1.7000 1.6001
1.7600 1.5187 1.7600 1.6073
1.8300 1.5297 1.8300 1.6177
1.8700 1.5303 1.8700 1.6183
1.8700 1.5140 1.8700 1.6016
1.9200 1.4280 1.9200 1.5145
1.9500 1.4927 1.9500 1.5832
1.9900 1.5166 1.9900 1.6081
2.0500 1.5369 2.0500 1.6267
2.1100 1.5449 2.1100 1.6333
2.1300 1.6442 2.1300 1.7344
2.1200 1.6941 2.1200 1.7853
2.0700 1.8125 2.0700 1.9039
2.0600 1.8688 2.0600 1.9581
2.1000 1.9589 2.1000 2.0474
2.1300 1.9462 2.1300 2.0326
2.1600 1.8711 2.1600 1.9545
2.1200 1.9534 2.1200 2.0413
2.0700 1.9532 2.0700 2.0403
2.0400 1.9912 2.0400 2.0763
1.9700 2.0661 1.9700 2.1501
1.9400 2.1456 1.9400 2.2280
1.9200 2.0914 1.9200 2.1707
1.8800 2.0118 1.8800 2.0883
1.8600 1.8718 1.8600 1.9481
1.8000 1.8867 1.8000 1.9679
1.7500 1.9934 1.7500 2.0781
1.7000 2.0318 1.7000 2.1119
1.6900 2.0651 1.6900 2.1409
1.6700 1.9306 1.6700 2.0015
1.6600 1.8446 1.6600 1.9183
1.6600 1.8137 1.6600 1.8931
1.6200 1.6860 1.6200 1.7636
1.6300 1.6885 1.6300 1.7673
1.6400 1.7017 1.6400 1.7803
1.6100 1.6613 1.6100 1.7382
1.6100 1.6648 1.6100 1.7431
1.6100 1.5731 1.6100 1.6498
1.6400 1.5341 1.6400 1.6135
1.6500 1.4811 1.6500 1.5625
1.6100 1.5448 1.6100 1.6293
1.6000 1.5256 1.6000 1.6096
1.5700 1.5513 1.5700 1.6341
1.5500 1.5783 1.5500 1.6626
1.5600 1.5054 1.5600 1.5880
1.5500 1.5720 1.5500 1.6592
1.5300 1.6000 1.5300 1.6881
1.5300 1.5287 1.5300 1.6135
1.5000 1.5481 1.5000 1.6344
1.5300 1.5686 1.5300 1.6561
1.5300 1.6455 1.5300 1.7358
1.4900 1.6312 1.4900 1.7187
1.4500 1.5307 1.4500 1.6134
1.4400 1.5370 1.4400 1.6236
1.4100 1.4845 1.4100 1.5723
1.3900 1.4673 1.3900 1.5561
1.3800 1.5095 1.3800 1.5992
1.3600 1.5010 1.3600 1.5883
1.3400 1.4646 1.3400 1.5510
1.3200 1.4922 1.3200 1.5804
1.3000 1.4356 1.3000 1.5234
1.2800 1.5356 1.2800 1.6275
1.2700 1.5129 1.2700 1.6026
1.2700 1.4268 1.2700 1.5124
1.2400 1.3589 1.2400 1.4456
1.2300 1.3969 1.2300 1.4880
1.2400 1.3403 1.2400 1.4318
1.2700 1.3273 1.2700 1.4173
1.2800 1.3402 1.2800 1.4304
1.2900 1.3269 1.2900 1.4173
1.2900 1.3043 1.2900 1.3953
1.2700 1.2908 1.2700 1.3820
1.2500 1.2769 1.2500 1.3692
1.2500 1.2578 1.2500 1.3531
1.2200 1.2658 1.2200 1.3607
1.1700 1.2877 1.1700 1.3821
1.1700 1.2297 1.1700 1.3247
1.2100 1.2406 1.2100 1.3376
1.3300 1.2841 1.3300 1.3804
1.4200 1.3568 1.4200 1.4545
1.5100 1.3493 1.5100 1.4443
1.6600 1.3660 1.6600 1.4596
1.7700 1.3535 1.7700 1.4477
1.8100 1.3035 1.8100 1.3975
1.8800 1.2630 1.8800 1.3596
1.9400 1.2820 1.9400 1.3807
1.9300 1.2173 1.9300 1.3206
1.9300 1.1315 1.9300 1.2655
1.9200 1.1854 1.9200 1.3002
1.8500 1.3003 1.8500 1.4038
1.7500 1.5514 1.7500 1.6552
1.6200 1.6509 1.6200 1.7481
1.5600 1.7689 1.5600 1.8621
1.5100 2.0071 1.5100 2.1051
1.4700 2.0899 1.4700 2.1856
1.4600 1.9919 1.4600 2.0808
1.4700 2.0459 1.4700 2.1356
1.4600 2.0752 1.4600 2.1667
1.4500 1.9209 1.4500 2.0070
1.4400 1.8678 1.4400 1.9516
1.4400 1.8276 1.4400 1.9113
1.4600 1.6500 1.4600 1.7308
1.4600 1.4568 1.4600 1.5351
1.4300 1.2674 1.4300 1.3984
1.4100 1.2884 1.4100 1.4322
1.4100 1.2702 1.4100 1.4100
1.3700 1.2786 1.3700 1.3892
1.3700 1.3353 1.3700 1.4200
1.3900 1.4279 1.3900 1.5148
1.4000 1.4197 1.4000 1.5071
1.4700 1.4189 1.4700 1.5064
1.4700 1.4178 1.4700 1.5069
1.4700 1.4363 1.4700 1.5279
1.4800 1.4825 1.4800 1.5755
1.4900 1.4683 1.4900 1.5588
1.5000 1.3960 1.5000 1.4840
1.5000 1.3764 1.5000 1.4662
1.5200 1.4036 1.5200 1.4967
1.5200 1.3125 1.5200 1.4033
1.5000 1.3504 1.5000 1.4423
1.4800 1.4134 1.4800 1.5072
1.4600 1.4349 1.4600 1.5276
1.4800 1.5822 1.4800 1.6775
1.4400 1.5241 1.4400 1.6137
1.3300 1.5116 1.3300 1.6009
1.2500 1.5127 1.2500 1.6048
1.2000 1.5333 1.2000 1.6265
1.2500 1.5185 1.2500 1.6115
1.2700 1.5054 1.2700 1.5952
1.3100 1.5504 1.3100 1.6417
1.3500 1.5262 1.3500 1.6165
1.3800 1.4725 1.3800 1.5609
1.4400 1.4357 1.4400 1.5247
1.4800 1.4143 1.4800 1.5044
1.5200 1.4816 1.5200 1.5749
1.5600 1.3733 1.5600 1.4616
1.5900 1.1602 1.5900 1.2863
1.6100 1.0838 1.6100 1.2579
1.6300 1.0946 1.6300 1.2751
1.6400 1.2659 1.6400 1.3880
1.6500 1.2948 1.6500 1.3896
1.6500 1.4033 1.6500 1.4945
1.6600 1.4686 1.6600 1.5612
1.6700 1.5159 1.6700 1.6099
1.6600 1.5972 1.6600 1.6947
1.6700 1.6186 1.6700 1.7136
1.6800 1.6482 1.6800 1.7420
1.6900 1.6730 1.6900 1.7662
1.7100 1.6864 1.7100 1.7786
1.7300 1.6709 1.7300 1.7622
1.7400 1.6751 1.7400 1.7656
1.7500 1.6592 1.7500 1.7489
1.7500 1.6541 1.7500 1.7434
1.7500 1.6292 1.7500 1.7173
1.7700 1.6448 1.7700 1.7332
1.7800 1.6506 1.7800 1.7388
1.7900 1.6121 1.7900 1.6984
1.8000 1.6385 1.8000 1.7258
1.8100 1.6539 1.8100 1.7416
1.8200 1.6662 1.8200 1.7535
1.8500 1.6952 1.8500 1.7824
1.8700 1.7250 1.8700 1.8116
1.8800 1.7201 1.8800 1.8060
1.8900 1.7233 1.8900 1.8090
1.9200 1.7055 1.9200 1.7909
1.9400 1.6966 1.9400 1.7822
1.9500 1.7374 1.9500 1.8243
1.9800 1.7391 1.9800 1.8248
2.0300 1.7457 2.0300 1.8303
2.0800 1.7533 2.0800 1.8376
2.1200 1.7662 2.1200 1.8508
2.1500 1.7697 2.1500 1.8545
2.1900 1.8272 2.1900 1.9127
2.2300 1.8384 2.2300 1.9227
2.2700 1.8314 2.2700 1.9141
2.3100 1.8320 2.3100 1.9147
2.3300 1.8904 2.3300 1.9749
2.3400 1.8950 2.3400 1.9788
2.3500 1.8843 2.3500 1.9658
2.3500 1.9355 2.3500 2.0179
2.3500 2.0230 2.3500 2.1069
2.3500 2.0774 2.3500 2.1601
2.3600 2.0998 2.3600 2.1797
2.3600 2.1098 2.3600 2.1884
2.4000 2.1539 2.4000 2.2339
2.4400 2.1836 2.4400 2.2638
2.4500 2.2127 2.4500 2.2915
2.4600 2.2414 2.4600 2.3188
2.4700 2.2235 2.4700 2.2988
2.4800 2.1988 2.4800 2.2734
2.4900 2.1905 2.4900 2.2654
2.5000 2.1636 2.5000 2.2380
2.5000 2.1477 2.5000 2.2214
2.5100 2.1402 2.5100 2.2133
2.5100 2.1648 2.5100 2.2381
2.5100 2.1492 2.5100 2.2214
2.5000 2.2520 2.5000 2.3260
2.5000 2.3059 2.5000 2.3794
2.5100 2.2771 2.5100 2.3471
2.5100 2.2679 2.5100 2.3377
2.4900 2.2768 2.4900 2.3481
2.4800 2.2771 2.4800 2.3496
2.4800 2.2734 2.4800 2.3449
2.4800 2.2822 2.4800 2.3524
2.4700 2.2633 2.4700 2.3327
2.4300 2.2831 2.4300 2.3530
2.3900 2.2662 2.3900 2.3357
2.3700 2.2624 2.3700 2.3314
2.3700 2.2296 2.3700 2.2981
2.3700 2.2443 2.3700 2.3135
2.3600 2.2685 2.3600 2.3388
2.3500 2.2595 2.3500 2.3282
2.3400 2.2029 2.3400 2.2699
2.3300 2.2025 2.3300 2.2707
2.3700 2.2203 2.3700 2.2906
1.6800 1.5351 1.6800 1.6153
1.6500 1.5492 1.6500 1.6317
1.6900 1.6097 1.6900 1.6936
1.7200 1.4893 1.7200 1.5716
1.7300 1.6264 1.7300 1.7130
1.7800 1.7619 1.7800 1.8524
1.7500 1.6852 1.7500 1.7690
1.7400 1.6445 1.7400 1.7263
1.7200 1.6419 1.7200 1.7261
1.7500 1.6776 1.7500 1.7669
1.7600 1.6468 1.7600 1.7346
1.7700 1.7000 1.7700 1.7861
1.8200 1.5573 1.8200 1.6390
1.8900 1.5369 1.8900 1.6205
1.8800 1.6653 1.8800 1.7562
1.9800 1.7190 1.9800 1.8086
2.1000 1.6966 2.1000 1.7811
2.1500 1.8094 2.1500 1.8944
2.1000 1.6914 2.1000 1.7736
2.1300 1.6743 2.1300 1.7590
2.1700 1.6196 2.1700 1.7053
2.1900 1.7278 2.1900 1.8169
2.1700 1.7030 2.1700 1.7901
2.1300 1.7278 2.1300 1.8110
2.1000 1.8319 2.1000 1.9182
2.1000 1.9615 2.1000 2.0491
2.1100 1.8384 2.1100 1.9198
2.1100 2.0727 2.1100 2.1593
2.1300 2.2566 2.1300 2.3462
2.1000 2.2232 2.1000 2.3046
2.0300 1.9612 2.0300 2.0334
1.9300 2.0758 1.9300 2.1556
1.8800 2.1214 1.8800 2.2088
1.8700 2.0966 1.8700 2.1785
1.9600 1.9814 1.9600 2.0550
1.9100 1.9152 1.9100 1.9871
1.9000 1.8763 1.9000 1.9538
1.8700 1.9118 1.8700 1.9922
1.8500 1.9436 1.8500 2.0226
1.8600 1.9420 1.8600 2.0174
1.8600 2.0013 1.8600 2.0771
1.8700 1.9104 1.8700 1.9843
1.9200 1.7641 1.9200 1.8368
1.9400 1.5883 1.9400 1.6621
1.9400 1.5980 1.9400 1.6780
1.8900 1.6514 1.8900 1.7353
1.8300 1.9246 1.8300 2.0110
1.8100 1.7263 1.8100 1.7992
1.8200 1.7701 1.8200 1.8432
1.7600 1.7087 1.7600 1.7878
1.7100 1.7234 1.7100 1.8066
1.6900 1.7331 1.6900 1.8189
1.6700 1.7549 1.6700 1.8360
1.6700 1.7806 1.6700 1.8622
1.6500 1.9008 1.6500 1.9846
1.6300 1.9036 1.6300 1.9855
1.6400 1.8650 1.6400 1.9447
1.6400 1.7258 1.6400 1.8032
1.6700 1.6301 1.6700 1.7097
1.6500 1.6375 1.6500 1.7227
1.6200 1.7011 1.6200 1.7875
1.5700 1.5541 1.5700 1.6331
1.5100 1.5078 1.5100 1.5854
1.5500 1.5389 1.5500 1.6220
1.5600 1.5431 1.5600 1.6288
1.5600 1.5655 1.5600 1.6513
1.5600 1.5419 1.5600 1.6245
1.5600 1.5339 1.5600 1.6173
1.5600 1.5859 1.5600 1.6731
1.5500 1.5919 1.5500 1.6790
1.5300 1.6644 1.5300 1.7527
1.4700 1.5878 1.4700 1.6720
1.4000 1.5388 1.4000 1.6225
1.3700 1.4408 1.3700 1.5259
1.3100 1.3621 1.3100 1.4482
1.2800 1.5181 1.2800 1.6121
1.2600 1.5299 1.2600 1.6201
1.2600 1.5308 1.2600 1.6165
1.2400 1.5296 1.2400 1.6150
1.1700 1.5558 1.1700 1.6437
1.0600 1.5409 1.0600 1.6313
1.0800 1.5136 1.0800 1.6021
1.1200 1.4757 1.1200 1.5634
1.0700 1.3544 1.0700 1.4403
1.0700 1.2531 1.0700 1.3590
1.0400 1.2628 1.0400 1.3749
1.0000 1.1787 1.0000 1.3220
1.0200 1.1848 1.0200 1.3196
1.0700 1.1966 1.0700 1.3110
1.1700 1.2559 1.1700 1.3530
1.3000 1.2229 1.3000 1.3172
1.4400 1.1041 1.4400 1.2380
1.6100 0.9799 1.6100 1.1473
1.9100 1.1054 1.9100 1.2667
1.8600 1.1971 1.8600 1.3268
1.9100 1.0694 1.9100 1.2165
1.8500 1.1130 1.8500 1.2223
1.7700 1.0892 1.7700 1.2121
1.7400 1.0466 1.7400 1.2107
1.7700 1.0964 1.7700 1.2447
1.8100 1.2232 1.8100 1.3375
1.8500 1.4104 1.8500 1.5156
1.9100 1.6177 1.9100 1.7209
2.0000 1.8191 2.0000 1.9198
2.1000 2.0500 2.1000 2.1509
2.2000 2.5669 2.2000 2.6741
2.2800 2.0365 2.2800 2.1173
2.3300 2.0875 2.3300 2.1712
2.4000 1.7924 2.4000 1.8802
2.4100 1.6451 2.4100 1.7345
2.4200 1.5274 2.4200 1.6199
2.4400 1.6994 2.4400 1.7880
2.4400 1.7614 2.4400 1.8495
2.4400 1.8327 2.4400 1.9139
2.4500 1.9501 2.4500 2.0320
2.4800 2.1091 2.4800 2.1948
2.5200 2.2360 2.5200 2.3222
2.6100 2.3378 2.6100 2.4214
2.5300 2.3809 2.5300 2.4613
2.5100 2.3628 2.5100 2.4411
2.5000 2.4263 2.5000 2.5067
2.4600 2.3166 2.4600 2.3933
2.4400 2.2800 2.4400 2.3551
2.4600 2.2793 2.4600 2.3552
2.4600 2.2459 2.4600 2.3197
2.4300 2.2141 2.4300 2.2865
2.4000 2.2357 2.4000 2.3071
2.3500 2.3024 2.3500 2.3752
2.3700 2.3612 2.3700 2.4335
2.3500 2.5427 2.3500 2.6159
2.2900 2.2045 2.2900 2.2659
2.3700 2.2223 2.3700 2.2876
2.4400 2.2078 2.4400 2.2807
2.3900 2.1436 2.3900 2.2147
2.3700 2.0966 2.3700 2.1664
2.3300 2.2185 2.3300 2.2875
2.2600 2.2118 2.2600 2.2812
2.2300 2.1303 2.2300 2.1961
2.1900 2.0951 2.1900 2.1616
2.1500 2.0176 2.1500 2.0863
2.1100 2.1346 2.1100 2.2093
2.0600 2.0724 2.0600 2.1436
2.0200 1.9573 2.0200 2.0231
1.9600 2.2370 1.9600 2.3130
1.9000 2.3653 1.9000 2.4420
1.8500 2.1354 1.8500 2.2005
1.8100 2.1055 1.8100 2.1709
1.7700 2.0554 1.7700 2.1263
1.7200 1.9175 1.7200 1.9911
1.6700 1.9010 1.6700 1.9753
1.6400 1.8786 1.6400 1.9504
1.6100 1.8460 1.6100 1.9179
1.5800 1.8090 1.5800 1.8805
1.5100 1.7678 1.5100 1.8396
1.4500 1.7438 1.4500 1.8184
1.4000 1.6662 1.4000 1.7403
1.4000 1.6108 1.4000 1.6859
1.4100 1.5798 1.4100 1.6571
1.3500 1.5734 1.3500 1.6523
1.2800 1.5466 1.2800 1.6259
1.2400 1.4993 1.2400 1.5779
1.2200 1.4609 1.2200 1.5408
1.1700 1.4704 1.1700 1.5535
1.1200 1.4583 1.1200 1.5424
1.0800 1.4410 1.0800 1.5250
1.0400 1.3275 1.0400 1.4097
0.9800 1.2802 0.9800 1.3759
0.9500 1.2461 0.9500 1.3631
0.9400 1.3277 0.9400 1.4214
0.9300 1.3755 0.9300 1.4672
0.9300 1.2554 0.9300 1.3406
0.9300 1.1621 0.9300 1.2792
0.9300 1.1603 0.9300 1.2954
0.9100 1.1774 0.9100 1.3212
0.9200 1.0917 0.9200 1.2580
0.9200 1.0482 0.9200 1.2152
0.9200 1.0405 0.9200 1.2081
0.9200 1.0293 0.9200 1.2012
0.9300 0.9813 0.9300 1.1504
0.9800 0.9838 0.9800 1.1525
1.0100 1.0007 1.0100 1.1705
1.0200 1.0048 1.0200 1.1728
1.0200 1.0204 1.0200 1.1758
1.0300 1.0397 1.0300 1.1814
1.0300 1.0523 1.0300 1.1917
1.0400 1.0169 1.0400 1.1678
1.0100 1.0565 1.0100 1.1968
0.9900 1.0522 0.9900 1.1937
1.0100 1.0529 1.0100 1.1947
1.0400 1.0469 1.0400 1.1877
1.1200 1.0756 1.1200 1.2062
1.1800 1.1736 1.1800 1.2947
1.2000 1.1978 1.2000 1.3064
1.2300 1.1850 1.2300 1.2879
1.2500 1.1622 1.2500 1.2702
1.2800 1.1789 1.2800 1.2954
1.3000 1.1535 1.3000 1.2749
1.3100 1.1637 1.3100 1.2814
1.3000 1.0823 1.3000 1.2156
1.3000 1.0645 1.3000 1.2099
1.3100 1.1222 1.3100 1.2525
1.2500 1.1838 1.2500 1.3036
1.1900 1.3331 1.1900 1.4378
1.1900 1.4007 1.1900 1.5013
1.1800 1.3841 1.1800 1.4805
1.2000 1.4041 1.2000 1.5022
1.2600 1.4058 1.2600 1.5051
1.2700 1.4252 1.2700 1.5257
1.2800 1.4139 1.2800 1.5118
1.2800 1.4055 1.2800 1.5011
1.2700 1.3541 1.2700 1.4484
1.2800 1.3533 1.2800 1.4486
1.2700 1.3674 1.2700 1.4640
1.2700 1.2157 1.2700 1.3127
1.2800 1.1251 1.2800 1.2655
1.2700 1.1901 1.2700 1.3133
1.2600 1.1927 1.2600 1.3168
1.2700 1.2488 1.2700 1.3484
1.2900 1.3864 1.2900 1.4839
1.3600 1.3770 1.3600 1.4710
1.4900 1.3749 1.4900 1.4688
1.4600 1.3570 1.4600 1.4516
1.4400 1.3304 1.4400 1.4263
1.4200 1.3388 1.4200 1.4364
1.4200 1.3060 1.4200 1.4010
1.5200 1.3117 1.5200 1.4067
1.5600 1.3330 1.5600 1.4287
1.6000 1.3083 1.6000 1.4025
1.6900 1.2872 1.6900 1.3813
1.8000 1.3227 1.8000 1.4184
1.9500 1.3654 1.9500 1.4623
2.0400 1.5063 2.0400 1.6054
2.1000 1.7469 2.1000 1.8477
2.1400 1.5388 2.1400 1.6260
2.1400 1.4795 2.1400 1.5662
2.1700 1.4286 2.1700 1.5213
2.1900 1.4502 2.1900 1.5478
2.1500 1.6427 2.1500 1.7449
2.1400 1.6562 2.1400 1.7476
2.1400 1.6994 2.1400 1.7871
2.1400 1.8552 2.1400 1.9471
2.1500 2.0322 2.1500 2.1268
2.1300 2.2325 2.1300 2.3276
2.1300 2.2449 2.1300 2.3306
1.9600 2.2396 1.9600 2.3214
2.0400 2.2011 2.0400 2.2843
2.1100 2.1036 2.1100 2.1862
2.1400 2.1143 2.1400 2.1990
2.2100 2.0990 2.2100 2.1809
2.2800 1.9532 2.2800 2.0286
2.3600 1.9472 2.3600 2.0236
2.4700 1.9682 2.4700 2.0466
2.5700 1.9720 2.5700 2.0504
2.6100 1.9860 2.6100 2.0628
2.5800 1.9389 2.5800 2.0123
2.5700 1.9623 2.5700 2.0382
2.6100 1.5366 2.6100 1.6039
2.6700 1.9325 2.6700 2.0171
2.7300 2.0479 2.7300 2.1360
2.8000 2.0812 2.8000 2.1573
2.8400 2.1625 2.8400 2.2367
2.8600 2.3199 2.8600 2.3946
2.8800 2.3987 2.8800 2.4799
2.9200 2.5384 2.9200 2.6184
2.9600 2.6362 2.9600 2.7127
2.9900 2.5588 2.9900 2.6300
2.9300 2.3672 2.9300 2.4341
2.9000 2.3327 2.9000 2.4043
2.9200 2.4235 2.9200 2.5013
2.9500 2.5150 2.9500 2.5905
2.9700 2.5765 2.9700 2.6450
2.9600 2.6766 2.9600 2.7418
2.9500 2.6746 2.9500 2.7388
2.9400 2.6392 2.9400 2.7036
2.9200 2.6275 2.9200 2.6931
2.8900 2.6860 2.8900 2.7533
2.8600 2.7138 2.8600 2.7798
2.8100 2.7192 2.8100 2.7814
2.7600 2.4946 2.7600 2.5502
2.6300 2.4754 2.6300 2.5347
2.4200 2.5656 2.4200 2.6321
2.3200 2.6364 2.3200 2.7017
2.3900 2.6328 2.3900 2.6923
2.3900 2.5878 2.3900 2.6424
2.3200 2.5740 2.3200 2.6317
2.2500 2.5524 2.2500 2.6135
2.2200 2.5093 2.2200 2.5699
2.2700 2.4509 2.2700 2.5101
2.2900 2.4199 2.2900 2.4788
2.2800 2.3384 2.2800 2.3971
2.2500 2.2838 2.2500 2.3431
2.1800 2.0239 2.1800 2.0797
2.0900 1.6685 2.0900 1.7371
2.0600 1.7050 2.0600 1.7701
2.0900 2.0965 2.0900 2.1760
2.1100 2.0836 2.1100 2.1523
2.1500 1.9269 2.1500 1.9810
2.2000 1.8719 2.2000 1.9297
2.2300 1.9353 2.2300 2.0078
2.2100 2.0995 2.2100 2.1818
2.1800 2.1077 2.1800 2.1817
2.1200 2.0722 2.1200 2.1390
2.0600 2.0095 2.0600 2.0773
2.0000 1.8804 2.0000 1.9509
1.9000 1.7228 1.9000 1.7960
1.8600 1.7625 1.8600 1.8403
1.8100 1.9087 1.8100 1.9900
1.7900 1.9548 1.7900 2.0315
1.7600 2.0479 1.7600 2.1217
1.6400 2.1473 1.6400 2.2221
1.4300 2.1677 1.4300 2.2435
1.8000 2.0512 1.8000 2.1248
1.8400 1.9782 1.8400 2.0522
1.8900 1.8491 1.8900 1.9245
1.9000 1.7628 1.9000 1.8394
1.9100 1.6848 1.9100 1.7614
1.9100 1.5332 1.9100 1.6065
1.9200 1.5703 1.9200 1.6480
1.9900 1.5375 1.9900 1.6158
2.1100 1.5862 2.1100 1.6658
2.2400 1.5590 2.2400 1.6377
2.3800 1.3469 2.3800 1.4296
2.6800 1.0419 2.6800 1.2150
2.7900 2.1457 2.7900 2.2615
2.9100 1.9271 2.9100 2.0192
2.8500 1.9811 2.8500 2.0526
2.9400 1.8686 2.9400 1.9404
3.0100 2.0007 3.0100 2.0840
3.0800 1.8325 3.0800 1.9269
3.0800 1.8537 3.0800 1.9380
3.0500 1.9991 3.0500 2.0866
2.9400 2.2244 2.9400 2.3121
2.9100 2.4030 2.9100 2.4867
3.0300 2.5761 3.0300 2.6560
3.1600 3.1589 3.1600 3.2475
3.2500 3.0032 3.2500 3.0770
3.2900 3.0627 3.2900 3.1314
3.3000 2.6133 3.3000 2.6765
3.2800 2.8850 3.2800 2.9621
3.2700 2.8369 3.2700 2.9177
3.2500 2.9276 3.2500 2.9949
3.2200 2.7347 3.2200 2.7926
3.1900 2.6682 3.1900 2.7218
3.1100 2.3633 3.1100 2.4203
3.0300 2.4241 3.0300 2.4876
3.0200 2.7981 3.0200 2.8720
2.9800 3.0319 2.9800 3.0977
2.9600 3.0756 2.9600 3.1279
2.9500 3.0361 2.9500 3.0829
2.9200 2.9811 2.9200 3.0343
2.8800 2.8515 2.8800 2.9105
2.8100 2.8090 2.8100 2.8689
2.7100 2.7479 2.7100 2.8052
2.6100 2.6923 2.6100 2.7462
2.5600 2.6526 2.5600 2.7053
2.4600 2.4944 2.4600 2.5443
2.4300 2.3988 2.4300 2.4502
2.4000 2.5062 2.4000 2.5643
2.3000 2.4571 2.3000 2.5132
2.3000 2.4756 2.3000 2.5299
2.2500 2.5017 2.2500 2.5563
2.2100 2.4764 2.2100 2.5314
2.1000 2.4068 2.1000 2.4633
2.0700 2.2925 2.0700 2.3482
2.0900 2.1373 2.0900 2.1939
2.1200 2.0227 2.1200 2.0820
2.1400 2.0609 2.1400 2.1249
2.1100 1.9111 2.1100 1.9720
2.0700 2.0004 2.0700 2.0638
2.0400 2.0117 2.0400 2.0765
2.0200 1.8492 2.0200 1.9098
2.0000 1.9786 2.0000 2.0475
1.9900 1.9117 1.9900 1.9803
1.9500 1.8964 1.9500 1.9660
1.9300 1.6659 1.9300 1.7319
1.9300 1.7753 1.9300 1.8479
1.9700 1.8797 1.9700 1.9606
1.9500 1.9818 1.9500 2.0592
1.8900 1.9977 1.8900 2.0710
1.8700 1.9252 1.8700 1.9944
1.8900 1.8577 1.8900 1.9312
1.8700 1.8237 1.8700 1.9020
1.8600 1.8144 1.8600 1.8944
1.8500 1.7902 1.8500 1.8688
1.8700 1.8050 1.8700 1.8822
1.8900 1.7348 1.8900 1.8104
1.8600 1.7430 1.8600 1.8208
1.7900 1.7789 1.7900 1.8597
1.7200 1.8994 1.7200 1.9824
1.7300 1.8071 1.7300 1.8848
1.7500 1.6840 1.7500 1.7577
1.7600 1.6994 1.7600 1.7795
1.7700 1.7937 1.7700 1.8799
1.7400 1.7219 1.7400 1.8041
1.7300 1.7191 1.7300 1.7978
1.8400 1.7240 1.8400 1.8037
1.8300 1.8011 1.8300 1.8850
1.8000 1.8221 1.8000 1.9061
1.7500 1.7316 1.7500 1.8101
1.6700 1.5839 1.6700 1.6608
1.6100 1.4937 1.6100 1.5740
1.6200 1.6065 1.6200 1.6953
1.6900 1.6638 1.6900 1.7522
1.6600 1.6842 1.6600 1.7667
1.6100 1.7082 1.6100 1.7887
1.5500 1.6450 1.5500 1.7252
1.4700 1.6450 1.4700 1.7297
1.4400 1.9251 1.4400 2.0189
1.4200 1.7908 1.4200 1.8745
1.3900 1.7001 1.3900 1.7778
1.3700 1.5941 1.3700 1.6734
1.4400 1.4804 1.4400 1.5634
1.3900 1.3877 1.3900 1.4845
1.4200 1.5016 1.4200 1.5908
1.5000 1.6971 1.5000 1.7887
1.5800 1.5720 1.5800 1.6527
1.6200 1.4873 1.6200 1.5647
1.6600 1.4055 1.6600 1.4882
1.7200 1.2966 1.7200 1.4045
1.7800 1.2935 1.7800 1.4146
1.8200 1.3096 1.8200 1.4010
1.9200 1.2925 1.9200 1.3807
1.9100 1.2955 1.9100 1.3832
1.7900 1.5158 1.7900 1.6105
1.7400 1.3501 1.7400 1.4379
1.6700 1.4629 1.6700 1.5538
1.5800 1.6265 1.5800 1.7233
1.5000 1.7650 1.5000 1.8610
1.4400 1.7263 1.4400 1.8165
1.3400 1.7740 1.3400 1.8610
1.2400 1.8535 1.2400 1.9458
1.1500 1.9034 1.1500 1.9962
1.1500 1.8941 1.1500 1.9829
1.0500 2.0671 1.0500 2.1572
1.0700 1.9056 1.0700 1.9883
1.1800 1.5778 1.1800 1.6527
1.2400 1.5416 1.2400 1.6250
1.2800 1.4504 1.2800 1.5381
1.3300 1.3028 1.3300 1.4435
1.3800 1.2144 1.3800 1.3584
1.4400 1.2236 1.4400 1.3526
1.4800 1.1037 1.4800 1.2772
1.5100 1.0384 1.5100 1.2145
1.5400 1.0014 1.5400 1.1762
1.5500 1.0850 1.5500 1.2652
1.4200 0.9661 1.4200 1.1370
1.3900 1.0686 1.3900 1.2320
1.4600 1.3456 1.4600 1.4496
1.4900 1.4396 1.4900 1.5384
1.5100 1.4428 1.5100 1.5363
1.5100 1.5281 1.5100 1.6219
1.5000 1.5868 1.5000 1.6859
1.5000 1.6304 1.5000 1.7304
1.5100 1.6304 1.5100 1.7260
1.5300 1.6328 1.5300 1.7262
1.5400 1.6423 1.5400 1.7358
1.5300 1.6116 1.5300 1.7038
1.5700 1.2649 1.5700 1.3536
1.6300 1.2978 1.6300 1.3952
1.6000 1.5068 1.6000 1.6086
1.5600 1.5370 1.5600 1.6327
1.5700 1.5278 1.5700 1.6149
1.6700 1.5327 1.6700 1.6168
1.7400 1.5187 1.7400 1.6081
1.8700 1.5006 1.8700 1.5936
1.9800 1.5183 1.9800 1.6107
1.9900 1.5513 1.9900 1.6432
2.0100 1.5527 2.0100 1.6424
2.0200 1.5168 2.0200 1.6046
2.0300 1.6175 2.0300 1.7093
2.0400 1.7217 2.0400 1.8154
2.0600 1.5777 2.0600 1.6634
2.0700 1.4857 2.0700 1.5694
2.1000 1.5504 2.1000 1.6410
2.1200 1.7918 2.1200 1.8907
2.1500 1.8417 2.1500 1.9341
2.1700 2.0776 2.1700 2.1661
2.1000 2.1938 2.1000 2.2801
2.0600 2.0669 2.0600 2.1470
2.1100 2.0243 2.1100 2.1070
2.0800 1.9929 2.0800 2.0782
2.0700 1.9684 2.0700 2.0548
2.0700 1.9360 2.0700 2.0193
2.0800 1.9737 2.0800 2.0541
2.1100 1.9660 2.1100 2.0455
2.1600 2.0228 2.1600 2.1026
2.1600 2.0306 2.1600 2.1096
2.1600 2.0757 2.1600 2.1545
2.1300 2.0747 2.1300 2.1527
2.1400 1.8643 2.1400 1.9364
2.1800 1.8218 2.1800 1.8975
2.1900 2.0010 2.1900 2.0856
2.1900 1.8863 2.1900 1.9646
2.1900 1.8759 2.1900 1.9503
2.2000 1.9024 2.2000 1.9776
2.2200 1.9601 2.2200 2.0389
2.2300 2.0009 2.2300 2.0815
2.2100 2.1050 2.2100 2.1837
2.1900 2.0421 2.1900 2.1171
2.1800 2.0256 2.1800 2.1005
2.1900 1.9372 2.1900 2.0127
2.1900 1.9938 2.1900 2.0734
2.1900 2.0716 2.1900 2.1532
2.1800 2.0589 2.1800 2.1350
2.1800 2.0314 2.1800 2.1048
2.1800 2.0328 2.1800 2.1071
2.1800 2.0578 2.1800 2.1353
2.2200 2.0834 2.2200 2.1616
2.4200 2.0813 2.4200 2.1569
2.5200 2.0120 2.5200 2.0848
2.4300 1.9783 2.4300 2.0520
2.3800 1.9766 2.3800 2.0529
2.3400 2.0171 2.3400 2.0949
2.3200 2.0060 2.3200 2.0816
2.3000 2.0116 2.3000 2.0855
2.2700 1.9890 2.2700 2.0629
2.2400 2.0056 2.2400 2.0812
2.2600 2.0032 2.2600 2.0795
2.2800 2.0062 2.2800 2.0819
2.2800 2.1073 2.2800 2.1851
2.2900 2.5885 2.2900 2.6754
2.3300 2.6012 2.3300 2.6772
2.3400 2.1912 2.3400 2.2487
2.2900 2.1021 2.2900 2.1676
2.2600 2.0704 2.2600 2.1492
2.2400 2.0384 2.2400 2.1209
2.2300 1.9827 2.2300 2.0564
2.2100 1.9766 2.2100 2.0437
2.1900 1.9531 2.1900 2.0226
2.1800 2.0619 2.1800 2.1362
2.1800 2.1072 2.1800 2.1821
2.1500 2.0895 2.1500 2.1610
2.0700 2.1121 2.0700 2.1837
2.0400 2.2135 2.0400 2.2887
2.0200 2.1841 2.0200 2.2583
2.0200 2.0246 2.0200 2.0935
1.9600 1.9959 1.9600 2.0673
1.9100 1.9903 1.9100 2.0659
1.8800 1.9931 1.8800 2.0694
1.8700 1.9539 1.8700 2.0269
1.8500 1.9487 1.8500 2.0201
2.0100 1.9596 2.0100 2.0333
2.0300 1.9856 2.0300 2.0608
2.0000 1.9160 2.0000 1.9892
2.0000 1.7542 2.0000 1.8243
2.0000 1.7798 2.0000 1.8555
1.9900 1.7901 1.9900 1.8693
1.9700 1.8334 1.9700 1.9125
1.9500 1.6929 1.9500 1.7658
1.9800 1.6651 1.9800 1.7385
1.9800 1.6624 1.9800 1.7418
1.9600 1.7020 1.9600 1.7840
1.9100 1.6709 1.9100 1.7512
1.8100 2.1215 1.8100 2.2109
1.8300 2.0144 1.8300 2.0936
1.7900 1.8992 1.7900 1.9703
1.8600 1.8873 1.8600 1.9651
1.9100 1.9230 1.9100 2.0069
1.8800 1.8436 1.8800 1.9285
1.9600 1.7962 1.9600 1.8745
2.0500 1.7827 2.0500 1.8607
2.0500 1.8856 2.0500 1.9685
2.1100 1.8600 2.1100 1.9403
2.2100 1.8096 2.2100 1.8865
2.2400 1.7034 2.2400 1.7793
2.2100 1.5266 2.2100 1.6023
2.1300 1.6839 2.1300 1.7706
2.0600 1.5937 2.0600 1.6768
2.0100 1.8308 2.0100 1.9163
1.9300 1.8868 1.9300 1.9695
1.8300 1.7960 1.8300 1.8709
1.7400 1.9848 1.7400 2.0697
1.6800 2.1462 1.6800 2.2337
1.6300 2.0167 1.6300 2.0969
1.5500 2.1080 1.5500 2.1883
1.4200 2.3005 1.4200 2.3850
1.3600 2.2324 1.3600 2.3130
1.3200 2.0505 1.3200 2.1234
1.3200 1.8623 1.3200 1.9333
1.3000 1.7673 1.3000 1.8453
1.3000 1.7100 1.3000 1.7916
1.3900 1.5862 1.3900 1.6627
1.4600 1.4529 1.4600 1.5375
1.5200 1.3861 1.5200 1.4789
1.5600 1.3900 1.5600 1.4818
1.6900 1.3770 1.6900 1.4705
1.7500 1.2833 1.7500 1.3913
1.7800 1.1140 1.7800 1.2717
1.8300 1.1354 1.8300 1.3065
1.8600 1.1551 1.8600 1.3224
1.8000 1.2400 1.8000 1.3612
1.6500 1.2265 1.6500 1.3220
1.5200 1.2948 1.5200 1.3835
1.4000 1.5261 1.4000 1.6239
1.2900 1.6272 1.2900 1.7235
1.1900 1.6842 1.1900 1.7766
1.1500 1.6960 1.1500 1.7858
1.1000 1.9585 1.1000 2.0560
0.9600 1.9270 0.9600 2.0207
0.9900 1.8869 0.9900 1.9738
1.0800 1.9196 1.0800 2.0080
1.1300 1.9261 1.1300 2.0149
1.1000 1.6876 1.1000 1.7709
1.0700 1.3514 1.0700 1.4382
1.1100 1.1930 1.1100 1.3608
1.1700 1.1248 1.1700 1.3142
1.1900 1.0738 1.1900 1.2499
1.1400 1.0085 1.1400 1.1729
1.0900 1.0228 1.0900 1.1997
1.0700 1.0081 1.0700 1.1818
1.0800 0.8801 1.0800 1.0434
1.1100 1.0143 1.1100 1.1868
1.1700 1.2296 1.1700 1.3551
1.2900 1.3005 1.2900 1.4010
1.3000 1.1700 1.3000 1.2595
1.3900 1.1556 1.3900 1.2498
1.3900 1.2673 1.3900 1.3857
1.3900 1.3539 1.3900 1.4612
1.3400 1.3237 1.3400 1.4226
1.2800 1.1808 1.2800 1.2713
1.2800 1.1109 1.2800 1.2318
1.3600 1.1136 1.3600 1.2612
1.3400 1.1462 1.3400 1.2923
1.3200 1.2038 1.3200 1.3161
1.2800 1.3300 1.2800 1.4298
1.2000 1.5644 1.2000 1.6670
1.1700 1.4711 1.1700 1.5652
1.1600 1.6390 1.1600 1.7368
1.1800 1.5229 1.1800 1.6176
1.2100 1.4981 1.2100 1.5927
1.2300 1.3159 1.2300 1.4088
1.2000 1.2319 1.2000 1.3381
1.2000 1.2605 1.2000 1.3745
1.3100 1.4707 1.3100 1.5724
1.4500 1.3564 1.4500 1.4477
1.5100 1.3250 1.5100 1.4121
1.5100 1.2585 1.5100 1.3481
1.5300 1.1301 1.5300 1.2782
1.4600 1.1128 1.4600 1.2845
1.4400 1.1422 1.4400 1.2889
1.4300 1.2220 1.4300 1.3318
1.3900 1.2863 1.3900 1.3827
1.4400 1.3309 1.4400 1.4250
1.4200 1.2447 1.4200 1.3368
1.4100 1.2674 1.4100 1.3632
1.4900 1.5201 1.4900 1.6258
1.5800 1.7486 1.5800 1.8540
1.6300 1.7270 1.6300 1.8198
1.6400 1.6302 1.6400 1.7155
1.5900 1.6499 1.5900 1.7416
1.5500 1.4283 1.5500 1.5202
1.6000 1.3991 1.6000 1.4937
1.5900 1.3804 1.5900 1.4748
1.5700 1.3195 1.5700 1.4097
1.5400 1.4639 1.5400 1.5586
1.4600 1.4034 1.4600 1.4922
1.4200 1.4045 1.4200 1.4935
1.4200 1.5942 1.4200 1.6904
1.3700 1.7625 1.3700 1.8592
1.1900 1.7593 1.1900 1.8503
1.2600 1.7047 1.2600 1.7894
1.1900 1.5589 1.1900 1.6431
1.1300 1.4810 1.1300 1.5708
1.1600 1.6211 1.1600 1.7186
1.1700 1.5497 1.1700 1.6405
1.2000 1.5012 1.2000 1.5859
1.1600 1.4527 1.1600 1.5369
1.1300 1.3206 1.1300 1.4052
1.1200 1.2913 1.1200 1.3979
1.1300 1.3529 1.1300 1.4458
1.1100 1.2648 1.1100 1.3637
1.1300 0.9706 1.1300 1.1380
1.1400 1.2620 1.1400 1.3793
1.1800 1.0994 1.1800 1.2646
1.2500 1.0620 1.2500 1.2344
1.1600 1.1546 1.1600 1.2668
1.1200 1.2549 1.1200 1.3595
1.1100 1.2869 1.1100 1.3861
1.1400 1.1799 1.1400 1.2702
1.2600 1.1658 1.2600 1.2714
1.4000 1.1593 1.4000 1.2832
1.4800 1.2048 1.4800 1.3243
1.5100 1.1426 1.5100 1.2672
1.5400 1.2168 1.5400 1.3190
1.5500 1.2336 1.5500 1.3342
1.6300 1.3224 1.6300 1.4224
1.6500 1.4362 1.6500 1.5375
1.7600 1.1694 1.7600 1.2585
1.8500 1.1299 1.8500 1.2520
1.8500 1.1434 1.8500 1.2768
1.7900 1.2407 1.7900 1.3685
1.7300 1.4634 1.7300 1.5698
1.6600 1.7102 1.6600 1.8109
1.6800 1.7550 1.6800 1.8485
1.6900 1.7057 1.6900 1.7949
1.6900 1.7069 1.6900 1.8000
1.7000 1.6516 1.7000 1.7476
1.7100 1.7804 1.7100 1.8799
1.6800 1.7138 1.6800 1.8058
1.7000 1.9399 1.7000 2.0332
1.7400 2.0157 1.7400 2.1069
1.7300 1.9028 1.7300 1.9851
1.7700 1.6825 1.7700 1.7621
1.8200 1.5869 1.8200 1.6702
1.9100 1.4613 1.9100 1.5495
2.0300 1.5738 2.0300 1.6661
2.1500 1.5986 2.1500 1.6861
2.2300 1.6161 2.2300 1.6983
2.3000 1.6453 2.3000 1.7279
2.3800 1.6865 2.3800 1.7712
2.4300 1.5936 2.4300 1.6781
2.5000 1.6651 2.5000 1.7525
2.5400 1.7478 2.5400 1.8373
2.6300 1.6829 2.6300 1.7676
2.8000 1.7707 2.8000 1.8567
2.8800 1.8599 2.8800 1.9472
3.0100 2.0242 3.0100 2.1139
3.0500 2.1933 3.0500 2.2820
3.0500 2.3473 3.0500 2.4320
3.0400 2.3615 3.0400 2.4421
3.0700 2.3908 3.0700 2.4703
3.1100 2.4548 3.1100 2.5369
3.2100 2.4293 3.2100 2.5094
