1.4600 1.7367 1.4600 1.6740
1.4100 1.5906 1.4100 1.5659
1.3500 1.5349 1.3500 1.5156
1.3000 1.4969 1.3000 1.4818
1.2600 1.4609 1.2600 1.4488
1.2300 1.4751 1.2300 1.4478
1.2100 1.4775 1.2100 1.4487
1.2100 1.4981 1.2100 1.4690
1.1900 1.4733 1.1900 1.4438
1.1500 1.2481 1.1500 1.2451
0.9500 1.1346 0.9500 1.1373
0.8900 1.1848 0.8900 1.1945
0.9800 1.2096 0.9800 1.2186
0.9800 1.1965 0.9800 1.1872
0.9800 1.2070 0.9800 1.1966
0.9600 1.2104 0.9600 1.1966
0.9400 1.1450 0.9400 1.1315
0.9400 1.1144 0.9400 1.1083
0.9400 1.1295 0.9400 1.1240
0.9400 1.1759 0.9400 1.1703
0.9400 1.1889 0.9400 1.1815
0.9300 1.1546 0.9300 1.1463
0.9100 0.9676 0.9100 0.9823
0.9000 0.9131 0.9000 0.9311
0.9100 0.9491 0.9100 0.9705
0.9100 0.9889 0.9100 0.9962
0.9100 1.0284 0.9100 1.0322
0.9000 1.0767 0.9000 1.0784
0.9000 1.0931 0.9000 1.0907
0.8800 1.0744 0.8800 1.0722
0.8200 1.0605 0.8200 1.0611
0.7900 1.0650 0.7900 1.0656
0.7800 1.0747 0.7800 1.0753
0.7600 1.0714 0.7600 1.0713
0.7400 1.0451 0.7400 1.0449
0.7100 1.0283 0.7100 1.0291
0.6900 1.0438 0.6900 1.0458
0.6800 1.0503 0.6800 1.0520
0.5600 1.0557 0.5600 1.0572
0.4300 1.0512 0.4300 1.0523
0.4700 1.0551 0.4700 1.0562
0.5500 1.0274 0.5500 1.0284
0.5100 0.9395 0.5100 0.9412
0.5000 0.8907 0.5000 0.8954
0.5400 0.8833 0.5400 0.8915
0.6400 0.8660 0.6400 0.8825
0.5900 0.8528 0.5900 0.8689
0.5900 0.8401 0.5900 0.8575
0.5900 0.8353 0.5900 0.8497
0.6000 0.8350 0.6000 0.8454
0.7400 0.7783 0.7400 0.8034
0.8900 0.7176 0.8900 0.7438
0.9700 0.7163 0.9700 0.7451
1.0000 0.7514 1.0000 0.7812
0.9100 0.7370 0.9100 0.7656
0.8300 0.7241 0.8300 0.7493
0.8200 0.8386 0.8200 0.8551
0.8500 0.9853 0.8500 0.9991
0.8300 0.9068 0.8300 0.9165
0.8100 0.8804 0.8100 0.8911
0.9000 0.8938 0.9000 0.9046
1.0600 0.8840 1.0600 0.8947
1.2400 1.0387 1.2400 1.0510
1.4100 1.2715 1.4100 1.2815
1.5600 1.3258 1.5600 1.3048
1.7200 1.2707 1.7200 1.2308
1.8500 1.1208 1.8500 1.0833
1.9200 1.0531 1.9200 1.0411
1.9400 0.9545 1.9400 0.9541
2.0600 0.9470 2.0600 0.9530
2.1600 0.9179 2.1600 0.9246
2.2300 0.9178 2.2300 0.9250
2.2300 1.0881 2.2300 1.0950
2.2600 1.3674 2.2600 1.3708
2.1800 1.6128 2.1800 1.5775
1.8600 1.7192 1.8600 1.6401
1.5500 1.7869 1.5500 1.6656
1.3200 1.8938 1.3200 1.7416
1.1900 1.9725 1.1900 1.7998
1.0900 1.9561 1.0900 1.7736
1.0200 1.8931 1.0200 1.7172
1.0200 2.0660 1.0200 1.9020
1.0400 2.2179 1.0400 2.0502
0.9900 2.2413 0.9900 2.0578
0.8900 2.1282 0.8900 1.9370
0.8300 2.1293 0.8300 1.9455
0.7900 2.0071 0.7900 1.8459
0.7600 1.4429 0.7600 1.4240
0.7300 1.2289 0.7300 1.2206
0.7100 1.1021 0.7100 1.1051
0.7300 1.0302 0.7300 1.0411
0.7900 0.9669 0.7900 0.9825
0.8000 0.9288 0.8000 0.9472
0.8600 0.9381 0.8600 0.9577
1.1300 0.9675 1.1300 0.9873
1.4100 0.9788 1.4100 0.9827
1.5600 0.9192 1.5600 0.9379
1.6200 0.8908 1.6200 0.9112
1.6100 0.8765 1.6100 0.8985
1.5600 0.8563 1.5600 0.8794
1.4500 0.8359 1.4500 0.8598
1.3100 0.8267 1.3100 0.8512
1.2300 0.8592 1.2300 0.8710
1.1500 0.9781 1.1500 0.9887
1.0900 1.0244 1.0900 1.0312
1.0300 1.1205 1.0300 1.1252
0.9900 1.5482 0.9900 1.5363
1.0300 1.8612 1.0300 1.7980
1.0900 1.8496 1.0900 1.7226
1.1000 1.7049 1.1000 1.5400
1.1000 1.5826 1.1000 1.4213
1.1400 1.5207 1.1400 1.3977
1.1200 1.4381 1.1200 1.3666
1.1400 1.1432 1.1400 1.1490
1.1600 1.0809 1.1600 1.0909
1.1300 1.0390 1.1300 1.0522
1.0900 1.0015 1.0900 1.0168
1.0600 0.9706 1.0600 0.9875
1.0400 0.9538 1.0400 0.9721
1.0200 0.9969 1.0200 1.0032
1.0000 1.1614 1.0000 1.1648
0.9800 1.2332 0.9800 1.2299
0.9600 1.2598 0.9600 1.2523
0.9500 1.3323 0.9500 1.3231
0.9300 1.2944 0.9300 1.2823
0.9100 1.2829 0.9100 1.2720
0.8900 1.3019 0.8900 1.2922
0.8800 1.2507 0.8800 1.2396
0.8600 1.1672 0.8600 1.1569
0.8600 1.1126 0.8600 1.1061
0.8500 1.0801 0.8500 1.0757
0.8500 1.0494 0.8500 1.0474
0.8500 1.0351 0.8500 1.0348
0.8500 1.0314 0.8500 1.0315
0.8100 1.0248 0.8100 1.0251
0.8400 1.0269 0.8400 1.0278
0.8600 1.0150 0.8600 1.0161
0.8500 0.9994 0.8500 1.0010
0.8700 0.9847 0.8700 0.9870
0.8700 0.9831 0.8700 0.9862
0.8500 0.9679 0.8500 0.9714
0.8300 0.9779 0.8300 0.9823
0.8200 0.9813 0.8200 0.9855
0.8300 0.9926 0.8300 0.9968
0.7200 1.0045 0.7200 1.0084
0.6500 1.0137 0.6500 1.0174
0.6400 0.9647 0.6400 0.9677
0.7000 1.0007 0.7000 1.0055
0.7200 1.0424 0.7200 1.0469
0.6900 1.0303 0.6900 1.0332
0.7000 1.0576 0.7000 1.0604
0.6800 1.0707 0.6800 1.0729
0.6900 1.0367 0.6900 1.0374
0.7000 0.9924 0.7000 0.9945
0.6900 0.9734 0.6900 0.9773
0.7000 0.9844 0.7000 0.9890
0.7200 0.8527 0.7200 0.8752
0.7300 0.8084 0.7300 0.8319
0.7100 0.8014 0.7100 0.8268
0.7200 0.8277 0.7200 0.8495
0.6600 0.8821 0.6600 0.8948
0.5600 0.8810 0.5600 0.8915
0.5800 0.9327 0.5800 0.9415
0.6800 0.9231 0.6800 0.9306
0.7700 0.9123 0.7700 0.9203
0.8700 0.9140 0.8700 0.9234
0.9100 0.9055 0.9100 0.9146
0.9600 0.9216 0.9600 0.9303
0.9900 0.9537 0.9900 0.9626
1.0400 0.9701 1.0400 0.9777
1.1100 0.9389 1.1100 0.9456
1.1800 0.9459 1.1800 0.9534
1.2600 0.8687 1.2600 0.8757
1.3300 0.7774 1.3300 0.8025
1.4500 0.7690 1.4500 0.7958
1.5700 0.8742 1.5700 0.8909
1.6200 1.0239 1.6200 1.0369
1.6500 1.2001 1.6500 1.2083
1.7000 1.2423 1.7000 1.2272
1.7600 1.2501 1.7600 1.2219
1.7800 1.2684 1.7800 1.2397
1.5500 1.3149 1.5500 1.2888
1.3300 1.3907 1.3300 1.3636
1.1900 1.4490 1.1900 1.4139
1.0900 1.5080 1.0900 1.4608
1.0100 1.5502 1.0100 1.4901
0.9900 1.6671 0.9900 1.5928
1.2600 1.7801 1.2600 1.6867
1.5500 1.7524 1.5500 1.6403
1.7000 1.7099 1.7000 1.5928
2.1100 1.7581 2.1100 1.6462
2.0700 1.8430 2.0700 1.7351
2.1000 1.8411 2.1000 1.7333
2.0000 1.4531 2.0000 1.3632
1.5900 1.1415 1.5900 1.1426
1.2000 1.0625 1.2000 1.0709
1.2300 1.0113 1.2300 1.0250
1.4100 0.9524 1.4100 0.9692
1.5800 0.9300 1.5800 0.9493
1.7200 1.2757 1.7200 1.2932
1.7700 1.9714 1.7700 1.9718
1.8000 2.0028 1.8000 1.8791
1.7700 2.4397 1.7700 2.2396
1.7400 2.0815 1.7400 1.8146
1.7500 1.8712 1.7500 1.6109
1.7400 1.7405 1.7400 1.5466
1.6900 1.2816 1.6900 1.2393
1.6200 1.0811 1.6200 1.0794
1.5200 1.0307 1.5200 1.0427
1.4000 1.1391 1.4000 1.1564
1.1500 1.4443 1.1500 1.4615
1.0200 1.9403 1.0200 1.9295
0.9700 1.8561 0.9700 1.7162
0.9300 1.7850 0.9300 1.6283
0.8700 1.7218 0.8700 1.5865
0.8300 1.7039 0.8300 1.5994
0.7800 1.7200 0.7800 1.6741
0.7200 1.6750 0.7200 1.6356
0.7000 1.5765 0.7000 1.5393
0.6700 1.4548 0.6700 1.4221
0.5900 1.2963 0.5900 1.2691
0.4400 1.1706 0.4400 1.1752
0.4600 1.0527 0.4600 1.0605
0.5800 0.9628 0.5800 0.9761
0.6600 0.9371 0.6600 0.9550
0.5700 0.9192 0.5700 0.9394
0.4700 0.8855 0.4700 0.9063
0.5800 0.8693 0.5800 0.8911
0.6800 0.8617 0.6800 0.8842
0.8100 0.8388 0.8100 0.8620
0.8700 0.8236 0.8700 0.8479
0.9200 0.8135 0.9200 0.8386
0.9400 0.7820 0.9400 0.8073
0.9600 0.7225 0.9600 0.7485
0.9700 0.7113 0.9700 0.7397
0.9100 0.7593 0.9100 0.7892
0.8500 0.8950 0.8500 0.9133
0.9300 0.8303 0.9300 0.8421
1.0000 0.7441 1.0000 0.7557
1.0500 0.8850 1.0500 0.8992
1.1500 0.9945 1.1500 1.0081
1.2000 1.1422 1.2000 1.1532
1.2400 1.2422 1.2400 1.2384
1.1700 1.2275 1.1700 1.2017
1.1000 1.2198 1.1000 1.1885
1.0200 1.2328 1.0200 1.2086
1.0800 1.2457 1.0800 1.2303
1.2500 1.1046 1.2500 1.0989
1.4200 0.9738 1.4200 0.9715
1.5700 1.0607 1.5700 1.0646
1.6500 1.1805 1.6500 1.1836
1.6700 1.2642 1.6700 1.2626
1.7700 1.4387 1.7700 1.4176
1.9300 1.4545 1.9300 1.4099
2.0000 1.4469 2.0000 1.3921
1.8000 1.3218 1.8000 1.2728
1.7700 1.2162 1.7700 1.1985
1.5900 1.0386 1.5900 1.0280
1.3800 1.0839 1.3800 1.0827
1.5200 1.3747 1.5200 1.3762
1.7600 1.7304 1.7600 1.7232
1.8400 1.8380 1.8400 1.7469
1.8400 1.7895 1.8400 1.6570
1.8300 1.7002 1.8300 1.5558
1.7900 1.8243 1.7900 1.6904
1.7600 2.0776 1.7600 1.9425
1.7500 2.0986 1.7500 1.9430
1.7700 1.6295 1.7700 1.4772
1.8000 1.5943 1.8000 1.4863
1.8400 1.3231 1.8400 1.2961
1.8900 1.1696 1.8900 1.1713
1.9600 1.1787 1.9600 1.1874
1.9800 1.7489 1.9800 1.7520
2.0100 2.0586 2.0100 2.0303
2.0500 1.8558 2.0500 1.7154
2.0900 1.7411 2.0900 1.5934
2.1100 1.7215 2.1100 1.6011
2.0700 1.7011 2.0700 1.6478
2.1500 1.6238 2.1500 1.5842
2.2100 1.6677 2.2100 1.6330
2.1700 1.7519 2.1700 1.7157
2.0800 1.8558 2.0800 1.8154
1.9300 1.9575 1.9300 1.8536
2.0900 2.0242 2.0900 1.9048
2.1400 1.9972 2.1400 1.8651
2.1300 1.9907 2.1300 1.8542
2.1400 2.0362 2.1400 1.8996
2.1700 2.0840 2.1700 1.9449
2.0900 2.0833 2.0900 1.9411
2.0800 1.9789 2.0800 1.8395
2.0700 2.1188 2.0700 1.9852
2.0100 2.2374 2.0100 2.0957
1.9900 2.1005 1.9900 1.9479
1.9500 1.8962 1.9500 1.7561
1.8900 1.6108 1.8900 1.5511
1.9300 1.8648 1.9300 1.8199
2.0000 2.0621 2.0000 2.0152
2.0700 2.0968 2.0700 2.0072
2.1300 2.0498 2.1300 1.9037
2.2200 2.0968 2.2200 1.9482
2.2300 1.9804 2.2300 1.8462
2.2500 1.8967 2.2500 1.8336
2.2500 1.8828 2.2500 1.8267
2.2300 1.7870 2.2300 1.7329
2.2100 1.7432 2.2100 1.6940
2.1600 1.7142 2.1600 1.6696
2.1900 1.6327 2.1900 1.5889
2.2100 1.7264 2.2100 1.6874
2.2200 1.9317 2.2200 1.8909
2.1600 2.1232 2.1600 2.0448
1.8500 2.1626 1.8500 2.0177
2.0000 2.2270 2.0000 2.0588
2.0300 2.1677 2.0300 1.9874
2.0800 2.1390 2.0800 1.9611
2.1100 2.1303 2.1100 1.9633
2.1200 2.1055 2.1200 1.9514
2.1300 2.0653 2.1300 1.9546
2.1500 1.9484 2.1500 1.8807
2.1700 1.9966 2.1700 1.9346
2.2000 2.0719 2.2000 2.0101
2.2400 2.1222 2.2400 2.0486
2.2400 2.0109 2.2400 1.9042
2.2300 1.4275 2.2300 1.4102
2.2500 1.6045 2.2500 1.5673
2.2700 1.7955 2.2700 1.7621
2.2600 1.9782 2.2600 1.9352
2.3500 2.0854 2.3500 1.9939
2.3600 2.0535 2.3600 1.9029
2.3600 2.0620 2.3600 1.9171
2.1800 2.0948 2.1800 1.9549
2.1100 2.1270 2.1100 1.9880
2.1800 2.1616 2.1800 2.0191
2.1600 2.2046 2.1600 2.0545
2.0900 2.1671 2.0900 2.0106
2.1000 2.1183 2.1000 1.9638
2.1000 2.1583 2.1000 2.0098
1.9800 2.2041 1.9800 2.0604
1.7400 2.1685 1.7400 2.0279
1.6200 2.3178 1.6200 2.1619
1.7300 2.3079 1.7300 2.1373
1.8500 2.2383 1.8500 2.0606
1.8600 1.9023 1.8600 1.7464
1.7900 1.7178 1.7900 1.6523
1.7400 1.8455 1.7400 1.7945
1.6900 1.9072 1.6900 1.8577
1.6400 1.8134 1.6400 1.7598
1.6300 1.8821 1.6300 1.8308
1.6200 1.9447 1.6200 1.8887
1.6100 1.7224 1.6100 1.6649
1.5900 1.3453 1.5900 1.3343
1.5200 1.2527 1.5200 1.2494
1.5100 1.3149 1.5100 1.3118
1.5400 1.6898 1.5400 1.6784
1.4900 1.8463 1.4900 1.8165
1.4500 1.7378 1.4500 1.6269
1.3900 1.6565 1.3900 1.5573
1.1000 1.5646 1.1000 1.5203
1.1100 1.4305 1.1100 1.3971
1.1900 1.4196 1.1900 1.3956
1.0600 1.4608 1.0600 1.4386
0.9200 1.4956 0.9200 1.4708
0.9000 1.5001 0.9000 1.4736
0.9700 1.4094 0.9700 1.3822
1.0100 1.3946 1.0100 1.3708
1.0400 1.4707 1.0400 1.4498
1.0800 1.4205 1.0800 1.3973
0.9200 1.3592 0.9200 1.3369
0.6800 1.2876 0.6800 1.2682
0.5700 1.0505 0.5700 1.0588
0.7800 0.9907 0.7800 1.0001
0.8500 1.0155 0.8500 1.0219
0.9100 1.0322 0.9100 1.0366
0.9900 1.0465 0.9900 1.0505
1.0600 0.9956 1.0600 0.9986
1.0900 0.9275 1.0900 0.9317
1.1100 0.8732 1.1100 0.8802
1.1600 0.8282 1.1600 0.8496
1.2200 0.8146 1.2200 0.8399
1.2600 0.8388 1.2600 0.8509
1.2900 0.8111 1.2900 0.8296
1.3100 0.8609 1.3100 0.8729
1.3200 1.0373 1.3200 1.0493
1.3500 1.1632 1.3500 1.1701
1.4000 1.2510 1.4000 1.2448
1.4500 1.3066 1.4500 1.2856
1.4700 1.3542 1.4700 1.3202
1.4600 1.3444 1.4600 1.3046
1.4800 1.3371 1.4800 1.2987
1.4300 1.3945 1.4300 1.3588
1.4000 1.4649 1.4000 1.4278
1.4200 1.4848 1.4200 1.4424
1.4600 1.4851 1.4600 1.4373
1.5400 1.4860 1.5400 1.4357
1.6200 1.4857 1.6200 1.4370
1.7000 1.5051 1.7000 1.4774
1.7800 1.5591 1.7800 1.5376
1.8100 1.6260 1.8100 1.5779
1.8600 1.6179 1.8600 1.5539
1.9000 1.5667 1.9000 1.5008
1.8700 1.5907 1.8700 1.5309
1.9200 1.4774 1.9200 1.4483
1.9400 1.3820 1.9400 1.3572
1.9100 1.4002 1.9100 1.3807
1.8700 1.4849 1.8700 1.4664
1.8500 1.6384 1.8500 1.6167
1.8800 1.8016 1.8800 1.7293
1.8800 1.8427 1.8800 1.7457
1.9500 1.8882 1.9500 1.7721
2.0000 1.8598 2.0000 1.7325
1.9800 1.8858 1.9800 1.7576
2.0500 1.9264 2.0500 1.8000
2.1300 1.8476 2.1300 1.7262
2.5800 1.9204 2.5800 1.8080
2.5200 1.9666 2.5200 1.8556
2.5000 1.8921 2.5000 1.7816
2.4900 1.7739 2.4900 1.7175
2.4900 1.7228 2.4900 1.6762
2.5000 1.7722 2.5000 1.7286
2.5100 1.7909 2.5100 1.7478
2.5500 1.9403 2.5500 1.8957
2.6200 2.0618 2.6200 1.9457
2.7700 1.9585 2.7700 1.8294
2.8400 2.0384 2.8400 1.9078
2.9100 2.1702 2.9100 2.0306
2.9100 2.9455 2.9100 2.7614
2.8100 2.5689 2.8100 2.2963
2.7700 2.1529 2.7700 1.8563
2.7700 2.1257 2.7700 1.8812
2.7500 2.2699 2.7500 2.0713
2.7800 2.3217 2.7800 2.2158
2.7100 2.3490 2.7100 2.2126
2.6200 2.4423 2.6200 2.2579
2.5700 2.5438 2.5700 2.3439
2.5200 2.7666 2.5200 2.5366
2.5600 2.7720 2.5600 2.5021
2.5900 2.7320 2.5900 2.4342
2.6000 2.6173 2.6000 2.3177
2.6300 2.3885 2.6300 2.1195
2.5900 2.3869 2.5900 2.1662
2.5300 2.4055 2.5300 2.2971
2.4900 2.3969 2.4900 2.2957
2.4400 2.5026 2.4400 2.4031
2.3900 2.4236 2.3900 2.2614
2.3300 2.2292 2.3300 2.1072
2.2900 2.1098 2.2900 2.0214
2.2300 2.0548 2.2300 1.9769
2.1600 2.1905 2.1600 2.1164
2.1000 2.3627 2.1000 2.2841
2.0600 2.4623 2.0600 2.2967
1.9900 2.4806 1.9900 2.2760
1.9500 2.3749 1.9500 2.1684
1.9000 2.2667 1.9000 2.0778
1.8200 2.1611 1.8200 2.0708
1.7300 2.0692 1.7300 1.9892
1.6800 1.9888 1.6800 1.9164
1.6000 1.9166 1.6000 1.8516
1.5200 1.8942 1.5200 1.8335
1.4700 1.8373 1.4700 1.7793
1.4400 1.7559 1.4400 1.7021
1.3900 1.6930 1.3900 1.6444
1.3000 1.6816 1.3000 1.6374
1.3100 1.6177 1.3100 1.5757
1.3000 1.6004 1.3000 1.5620
1.2900 1.5786 1.2900 1.5422
1.2600 1.4941 1.2600 1.4592
1.1900 1.3766 1.1900 1.3462
1.1400 1.3412 1.1400 1.3174
1.2100 1.2702 1.2100 1.2679
1.1300 1.2200 1.1300 1.2231
1.1100 1.1899 1.1100 1.1954
1.0900 1.2050 1.0900 1.1946
1.0600 1.1921 1.0600 1.1808
1.0400 1.1153 1.0400 1.1245
1.0400 1.1680 1.0400 1.1607
1.0800 1.2186 1.0800 1.2106
1.1300 1.2420 1.1300 1.2320
1.1500 1.2323 1.1500 1.2214
1.1300 1.1603 1.1300 1.1491
1.0900 1.0901 1.0900 1.0807
1.1100 1.2061 1.1100 1.2023
0.9900 1.1283 0.9900 1.1213
0.9300 1.0975 0.9300 1.0917
0.9400 1.1076 0.9400 1.1038
0.9400 1.0906 0.9400 1.0863
0.9500 1.0582 0.9500 1.0545
0.9800 1.0785 0.9800 1.0783
0.9900 1.1707 0.9900 1.1691
1.0100 1.2738 1.0100 1.2700
1.0200 1.3264 1.0200 1.3183
1.0200 1.2996 1.0200 1.2878
1.0400 1.2231 1.0400 1.2111
1.0700 1.2231 1.0700 1.2141
1.0900 1.0333 1.0900 1.0252
1.0800 0.9378 1.0800 0.9557
1.0800 0.9368 1.0800 0.9570
1.1000 0.9710 1.1000 0.9762
1.1200 1.0081 1.1200 1.0119
1.1200 1.0987 1.1200 1.1024
1.1200 1.1621 1.1200 1.1610
1.1500 1.1975 1.1500 1.1938
1.1600 1.2088 1.1600 1.2042
1.1200 1.1989 1.1200 1.1932
1.0500 1.2114 1.0500 1.2059
1.0100 1.2471 1.0100 1.2416
0.9800 1.2702 0.9800 1.2631
0.9600 1.2449 0.9600 1.2364
0.9500 1.2309 0.9500 1.2225
0.9300 1.2490 0.9300 1.2412
0.9100 1.2674 0.9100 1.2594
0.9200 1.2571 0.9200 1.2483
0.9300 1.2508 0.9300 1.2419
0.9200 1.2932 0.9200 1.2842
0.9100 1.3052 0.9100 1.2949
0.9000 1.2302 0.9000 1.2187
0.9100 1.1084 0.9100 1.0988
0.9300 1.0353 0.9300 1.0302
0.9500 0.9866 0.9500 0.9860
1.0200 0.9612 1.0200 0.9711
1.0200 0.9736 1.0200 0.9773
1.0100 0.9867 1.0100 0.9900
1.0300 0.9898 1.0300 0.9921
1.0500 1.0247 1.0500 1.0275
1.0800 1.0599 1.0800 1.0621
1.1200 1.0582 1.1200 1.0591
1.1500 1.0515 1.1500 1.0521
1.1800 1.0454 1.1800 1.0462
1.1800 1.0590 1.1800 1.0601
1.1900 1.0878 1.1900 1.0892
1.1900 1.1228 1.1900 1.1233
1.1900 1.2334 1.1900 1.2328
1.1800 1.2475 1.1800 1.2427
1.1600 1.2153 1.1600 1.2082
1.1500 1.2247 1.1500 1.2184
1.1300 1.2386 1.1300 1.2325
1.1100 1.2579 1.1100 1.2511
1.1000 1.3077 1.1000 1.3008
1.0800 1.3558 1.0800 1.3462
1.0700 1.3908 1.0700 1.3784
1.0700 1.3715 1.0700 1.3571
1.0600 1.3568 1.0600 1.3422
1.0500 1.3304 1.0500 1.3163
1.0300 1.3052 1.0300 1.2921
1.0200 1.2721 1.0200 1.2598
1.0200 1.2316 1.0200 1.2206
1.0100 1.2100 1.0100 1.2004
1.0100 1.1803 1.0100 1.1720
1.0000 1.1514 1.0000 1.1443
1.0000 1.1434 1.0000 1.1377
0.9900 1.1276 0.9900 1.1226
0.9900 1.1228 0.9900 1.1184
0.9900 1.1372 0.9900 1.1335
0.9900 1.1386 0.9900 1.1345
0.9900 1.1332 0.9900 1.1289
1.0000 1.1137 1.0000 1.1098
1.0200 1.1047 1.0200 1.1014
1.0300 1.1103 1.0300 1.1078
1.0300 1.1042 1.0300 1.1018
1.0200 1.1115 1.0200 1.1093
0.9900 1.1089 0.9900 1.1066
0.9800 1.1151 0.9800 1.1127
1.0000 1.1058 1.0000 1.1033
0.9900 1.1078 0.9900 1.1058
0.9600 1.1130 0.9600 1.1110
0.9500 1.1172 0.9500 1.1152
0.9300 1.1208 0.9300 1.1186
0.9500 1.1388 0.9500 1.1366
0.9400 1.1725 0.9400 1.1697
0.8900 1.1900 0.8900 1.1861
0.8700 1.1880 0.8700 1.1830
0.8600 1.1683 0.8600 1.1629
0.8700 1.1151 0.8700 1.1100
1.0400 1.0852 1.0400 1.0821
1.1100 1.1101 1.1100 1.1091
1.0600 1.1036 1.0600 1.1020
1.0900 1.0639 1.0900 1.0620
1.0800 1.0567 1.0800 1.0560
1.0600 1.0380 1.0600 1.0378
1.0400 1.0629 1.0400 1.0638
1.0100 1.0604 1.0100 1.0613
0.9900 0.9999 0.9900 1.0001
0.9900 0.9742 0.9900 0.9760
1.0300 0.9697 1.0300 0.9734
1.0400 0.9863 1.0400 0.9906
1.1400 1.2484 1.1400 1.2547
1.1600 1.4126 1.1600 1.4107
1.1200 1.2763 1.1200 1.2405
1.2500 1.2906 1.2500 1.2569
1.4000 1.3120 1.4000 1.2861
1.5300 1.2131 1.5300 1.2012
1.6900 1.1284 1.6900 1.1219
1.7800 1.0830 1.7800 1.0796
1.8100 1.0539 1.8100 1.0512
1.8300 1.0568 1.8300 1.0566
1.8900 1.1334 1.8900 1.1337
1.9100 1.1743 1.9100 1.1722
1.9200 1.3406 1.9200 1.3371
1.9300 1.4007 1.9300 1.3909
1.9300 1.3123 1.9300 1.2791
1.9000 1.4866 1.9000 1.4601
1.8900 1.7063 1.8900 1.6580
1.8900 1.7930 1.8900 1.7125
1.8500 1.9016 1.8500 1.7860
1.7900 1.9028 1.7900 1.7541
1.7600 1.8244 1.7600 1.6647
1.6700 1.8020 1.6700 1.6554
1.6300 1.9034 1.6300 1.7727
1.5600 1.9358 1.5600 1.8132
1.4500 1.9185 1.4500 1.7991
1.4200 1.9169 1.4200 1.8010
1.4700 1.9160 1.4700 1.8043
1.5000 1.8369 1.5000 1.7676
1.5900 1.7883 1.5900 1.7385
1.7000 1.7848 1.7000 1.7382
1.8000 1.7177 1.8000 1.6722
1.8900 1.6057 1.8900 1.5635
1.9700 1.5596 1.9700 1.5230
2.0300 1.4279 2.0300 1.3951
2.0700 1.3677 2.0700 1.3414
2.0800 1.2958 2.0800 1.2747
2.0600 1.1931 2.0600 1.1973
2.0600 1.1629 2.0600 1.1699
2.0200 1.3084 2.0200 1.3007
1.9700 1.4443 1.9700 1.4307
1.9600 1.6588 1.9600 1.6392
1.9400 1.8879 1.9400 1.8058
1.8900 1.9490 1.8900 1.8345
1.8600 1.9845 1.8600 1.8457
1.8300 2.0171 1.8300 1.8614
1.8000 2.0376 1.8000 1.8739
1.7500 2.0422 1.7500 1.8783
1.7200 2.0170 1.7200 1.8592
1.6900 1.9677 1.6900 1.8230
1.6300 1.9851 1.6300 1.8564
1.5600 1.8997 1.5600 1.8358
1.5600 1.7745 1.5600 1.7190
1.4600 1.7481 1.4600 1.7000
1.4100 1.7422 1.4100 1.6973
1.4600 1.6743 1.4600 1.6302
1.5100 1.6408 1.5100 1.6004
1.4900 1.6245 1.4900 1.5862
1.4500 1.5995 1.4500 1.5625
1.4000 1.5384 1.4000 1.5037
1.4000 1.5165 1.4000 1.4849
1.3500 1.5013 1.3500 1.4714
1.2500 1.4318 1.2500 1.4034
1.2300 1.3377 1.2300 1.3126
1.2800 1.3705 1.2800 1.3503
1.2300 1.2588 1.2300 1.2389
1.1800 1.1945 1.1800 1.1788
1.1500 1.3272 1.1500 1.3162
1.1400 1.4924 1.1400 1.4780
1.1100 1.5004 1.1100 1.4776
1.0700 1.4534 1.0700 1.4286
1.0200 1.3818 1.0200 1.3569
1.0600 1.3619 1.0600 1.3406
1.0600 1.2757 1.0600 1.2579
1.1000 1.1221 1.1000 1.1093
1.1700 1.1040 1.1700 1.0960
1.1800 1.2301 1.1800 1.2252
1.1700 1.1997 1.1700 1.1906
1.1500 1.1398 1.1500 1.1307
1.1400 1.1335 1.1400 1.1264
1.1600 1.1444 1.1600 1.1377
1.1400 1.1028 1.1400 1.0969
1.1000 1.0588 1.1000 1.0555
1.0400 1.0153 1.0400 1.0129
1.0000 1.0944 1.0000 1.0943
0.9900 1.1297 0.9900 1.1282
1.0000 1.2073 1.0000 1.2045
1.0400 1.3483 1.0400 1.3429
1.0700 1.3910 1.0700 1.3797
1.1000 1.3565 1.1000 1.3314
1.1100 1.2985 1.1100 1.2843
1.1200 1.2536 1.1200 1.2411
1.1300 1.2527 1.1300 1.2429
1.1400 1.2157 1.1400 1.2069
1.1600 1.1534 1.1600 1.1449
1.1700 1.0679 1.1700 1.0614
1.1700 1.0095 1.1700 1.0064
1.1900 0.9980 1.1900 0.9982
1.1900 1.0316 1.1900 1.0339
1.2200 1.1254 1.2200 1.1271
1.2600 1.2133 1.2600 1.2117
1.2000 1.2853 1.2000 1.2795
1.2100 1.3080 1.2100 1.2988
1.2600 1.3093 1.2600 1.2985
1.2400 1.3012 1.2400 1.2901
1.2100 1.2926 1.2100 1.2820
1.1000 1.3048 1.1000 1.2943
1.0800 1.3108 1.0800 1.2999
1.0800 1.3011 1.0800 1.2893
1.0800 1.3207 1.0800 1.3091
1.0900 1.3152 1.0900 1.3029
1.1100 1.3479 1.1100 1.3355
1.1300 1.4084 1.1300 1.3953
1.1400 1.3123 1.1400 1.2960
1.1500 1.2947 1.1500 1.2804
1.1400 1.3726 1.1400 1.3608
1.1200 1.3415 1.1200 1.3268
1.1500 1.2693 1.1500 1.2546
1.2000 1.1061 1.2000 1.0941
1.3100 1.0578 1.3100 1.0507
1.3400 1.0590 1.3400 1.0567
1.3500 1.0775 1.3500 1.0772
1.3900 1.1272 1.3900 1.1259
1.4400 1.2070 1.4400 1.2040
1.4400 1.2694 1.4400 1.2622
1.3900 1.2886 1.3900 1.2793
1.3900 1.2988 1.3900 1.2884
1.4300 1.2748 1.4300 1.2636
1.4700 1.2269 1.4700 1.2162
1.5500 1.2561 1.5500 1.2476
1.6200 1.3367 1.6200 1.3282
1.6700 1.5200 1.6700 1.5091
1.7000 1.5619 1.7000 1.5117
1.7500 1.4992 1.7500 1.4372
1.7900 1.5380 1.7900 1.4761
1.8000 1.6085 1.8000 1.5471
1.8100 1.5832 1.8100 1.5217
1.8600 1.4689 1.8600 1.4285
1.8600 1.4305 1.8600 1.4065
1.8900 1.4814 1.8900 1.4604
1.9200 1.5431 1.9200 1.5215
1.9700 1.6841 1.9700 1.6603
2.0800 1.7842 2.0800 1.7058
2.1500 1.7862 2.1500 1.6895
2.1900 1.7710 2.1900 1.6663
2.2200 1.8145 2.2200 1.7082
2.1600 1.8560 2.1600 1.7488
2.1200 1.8373 2.1200 1.7296
2.1300 1.8275 2.1300 1.7229
2.0800 1.9050 2.0800 1.8022
2.0200 1.8934 2.0200 1.7887
1.9900 1.9123 1.9900 1.8062
2.0200 1.9481 2.0200 1.8389
2.0800 2.0079 2.0800 1.8917
2.1300 2.1586 2.1300 2.0285
2.1300 2.2026 2.1300 2.0478
2.1200 2.1608 2.1200 1.9870
2.1300 2.1358 2.1300 1.9574
2.1300 2.0039 2.1300 1.8375
2.5500 1.9588 2.5500 1.8201
2.4700 1.9573 2.4700 1.8925
2.4400 1.8669 2.4400 1.8078
2.4100 1.7468 2.4100 1.6930
2.3900 1.7139 2.3900 1.6673
2.3600 1.8175 2.3600 1.7729
2.3000 1.9853 2.3000 1.9373
2.2500 2.1378 2.2500 2.0536
2.1700 2.0918 2.1700 1.9468
2.1000 2.0233 2.1000 1.8764
1.9700 2.0505 1.9700 1.9130
1.9200 2.0572 1.9200 1.9453
1.9500 2.8461 1.9500 2.6879
2.0100 2.5223 2.0100 2.2877
2.0000 2.1354 2.0000 1.8783
1.9800 2.0755 1.9800 1.8612
1.9200 2.1792 1.9200 2.0050
1.9000 2.0803 1.9000 1.9893
1.8500 1.9786 1.8500 1.9108
1.7800 1.9048 1.7800 1.8398
1.7700 1.7836 1.7700 1.7249
1.8200 1.6816 1.8200 1.6305
1.8700 1.4888 1.8700 1.4463
1.8500 1.4464 1.8500 1.4140
1.7700 1.5933 1.7700 1.5653
1.6800 1.8298 1.6800 1.7972
1.6200 1.9039 1.6200 1.8587
1.5900 1.9074 1.5900 1.8147
1.5800 1.8012 1.5800 1.7251
1.5800 1.7357 1.5800 1.6849
1.5900 1.6352 1.5900 1.5908
1.6000 1.5198 1.6000 1.4823
1.6800 1.5238 1.6800 1.4921
1.8400 1.6760 1.8400 1.6463
1.9600 1.8337 1.9600 1.7977
2.0300 1.8375 2.0300 1.7897
2.0500 1.6942 2.0500 1.6141
2.0500 1.5071 2.0500 1.4643
2.0400 1.3752 2.0400 1.3428
2.0400 1.3276 2.0400 1.3050
2.0400 1.3569 2.0400 1.3394
2.0500 1.4285 2.0500 1.4103
2.0500 1.5142 2.0500 1.4920
2.0500 1.5796 2.0500 1.5528
2.0500 1.7453 2.0500 1.7155
2.0400 2.0432 2.0400 1.9517
2.0400 2.1337 2.0400 2.0019
2.0400 2.0829 2.0400 1.9156
2.0400 1.9887 2.0400 1.8094
2.0300 1.9456 2.0300 1.7789
1.9900 1.9489 1.9900 1.8063
1.9700 1.9833 1.9700 1.8597
1.9600 1.9544 1.9600 1.8936
1.9500 1.9610 1.9500 1.9035
1.9400 1.9640 1.9400 1.9064
1.9300 1.9652 1.9300 1.8993
1.9200 1.9628 1.9200 1.8978
1.9300 1.9411 1.9300 1.8826
1.9500 1.9340 1.9500 1.8765
1.9400 1.9358 1.9400 1.8791
1.9400 1.9393 1.9400 1.8827
1.9300 1.9224 1.9300 1.8657
1.9300 1.8471 1.9300 1.7914
1.9200 1.8014 1.9200 1.7490
1.9200 1.7913 1.9200 1.7424
1.9200 1.7909 1.9200 1.7437
1.9000 1.7919 1.9000 1.7452
1.8900 1.7982 1.8900 1.7516
1.8800 1.7979 1.8800 1.7505
1.8700 1.8287 1.8700 1.7814
1.8700 1.8830 1.8700 1.8348
1.8600 1.8779 1.8600 1.8270
1.8500 1.8737 1.8500 1.8217
1.8500 1.8540 1.8500 1.8024
1.8400 1.8471 1.8400 1.7963
1.8400 1.8241 1.8400 1.7742
1.8400 1.8259 1.8400 1.7775
1.8800 1.8322 1.8800 1.7837
1.9100 1.8020 1.9100 1.7534
1.9400 1.7811 1.9400 1.7336
2.0000 1.7690 2.0000 1.7231
2.0200 1.7579 2.0200 1.7129
2.0100 1.7654 2.0100 1.7213
2.0200 1.7629 2.0200 1.7189
2.0300 1.7534 2.0300 1.7092
2.0300 1.7608 2.0300 1.7171
2.0300 1.7534 2.0300 1.7097
2.0500 1.7571 2.0500 1.7137
2.0500 1.7659 2.0500 1.7227
2.0500 1.8489 2.0500 1.8052
2.0200 1.9204 2.0200 1.8666
2.0200 1.9739 2.0200 1.8635
1.9900 2.0353 1.9900 1.9144
1.9300 2.0268 1.9300 1.8955
1.8900 1.9633 1.8900 1.8305
1.8700 1.9688 1.8700 1.8427
1.8700 2.0019 1.8700 1.8819
1.8700 1.9739 1.8700 1.8898
1.8800 1.9545 1.8800 1.8840
1.9200 1.9890 1.9200 1.9151
1.9500 1.9898 1.9500 1.9094
1.9700 1.9787 1.9700 1.8949
1.9800 1.9127 1.9800 1.8450
2.0100 1.8989 2.0100 1.8425
2.0500 1.8422 2.0500 1.7877
2.0200 1.7286 2.0200 1.6777
2.0000 1.6523 2.0000 1.6072
2.0000 1.6421 2.0000 1.6024
2.0000 1.6767 2.0000 1.6387
2.0000 1.7203 2.0000 1.6820
2.0000 1.7820 2.0000 1.7411
2.0000 1.8885 2.0000 1.8437
1.9900 1.9676 1.9900 1.8859
1.9500 1.9838 1.9500 1.8672
1.9200 1.9662 1.9200 1.8453
1.9200 2.0009 1.9200 1.8790
2.0400 2.0587 2.0400 1.9339
2.1000 1.9781 2.1000 1.8510
2.0800 1.9247 2.0800 1.8047
2.0000 1.9002 2.0000 1.8431
2.0100 1.8936 2.0100 1.8389
1.9400 1.8877 1.9400 1.8344
1.9100 1.8998 1.9100 1.8473
1.8900 1.9115 1.8900 1.8576
1.8500 1.8948 1.8500 1.8401
1.8300 1.8162 1.8300 1.7625
1.9200 1.7511 1.9200 1.7012
1.9000 1.7566 1.9000 1.7109
1.8500 2.0114 1.8500 1.9671
1.8300 2.1887 1.8300 2.0775
1.8700 2.0402 1.8700 1.8919
1.9200 1.8411 1.9200 1.7001
1.9200 1.9072 1.9200 1.7943
2.0000 1.7455 2.0000 1.6891
2.1300 1.6597 2.1300 1.6138
2.2600 1.6495 2.2600 1.6104
2.3700 1.6333 2.3700 1.5952
2.4600 1.6217 2.4600 1.5836
2.5600 1.8347 2.5600 1.7990
2.6300 1.8657 2.6300 1.8206
2.6800 1.7692 2.6800 1.7116
2.7400 1.7187 2.7400 1.6724
2.7300 1.7995 2.7300 1.7563
2.6800 1.8973 2.6800 1.8521
2.6300 1.9144 2.6300 1.8543
2.5900 2.0370 2.5900 1.9193
2.5300 2.2275 2.5300 2.0889
2.4600 2.3637 2.4600 2.1912
2.3700 2.4031 2.3700 2.1935
2.3000 2.4049 2.3000 2.1670
2.2300 2.4715 2.2300 2.2199
2.1500 2.5099 2.1500 2.2519
2.0400 2.5146 2.0400 2.2547
1.9200 2.5623 1.9200 2.3036
1.8000 2.4963 1.8000 2.2434
1.6900 2.3758 1.6900 2.1431
1.6000 2.3234 1.6000 2.1208
1.5600 2.2407 1.5600 2.1427
1.5100 2.1174 1.5100 2.0308
1.4600 2.0050 1.4600 1.9291
1.4100 1.8736 1.4100 1.8064
1.3800 1.7896 1.3800 1.7308
1.3400 1.7245 1.3400 1.6726
1.2600 1.6528 1.2600 1.6066
1.2600 1.5252 1.2600 1.4844
1.2300 1.4187 1.2300 1.4071
1.2200 1.3532 1.2200 1.3459
1.2300 1.2941 1.2300 1.2910
1.2000 1.2457 1.2000 1.2464
1.1600 1.2239 1.1600 1.2278
1.1400 1.2081 1.1400 1.2136
1.1000 1.1949 1.1000 1.1921
1.0900 1.1983 1.0900 1.1869
1.0900 1.2173 1.0900 1.2057
1.0800 1.2048 1.0800 1.1929
1.0700 1.1191 1.0700 1.1108
1.0600 1.1487 1.0600 1.1414
1.0900 1.1562 1.0900 1.1493
1.1200 1.1725 1.1200 1.1652
1.1300 1.2255 1.1300 1.2183
1.1400 1.2233 1.1400 1.2141
1.1700 1.1748 1.1700 1.1642
1.1700 1.1517 1.1700 1.1439
1.1800 1.1056 1.1800 1.0990
1.1800 1.0931 1.1800 1.0888
1.1700 1.1154 1.1700 1.1128
1.1500 1.1297 1.1500 1.1263
1.1300 1.1349 1.1300 1.1307
1.0700 1.1390 1.0700 1.1348
0.9400 1.1958 0.9400 1.1916
0.8700 1.2546 0.8700 1.2490
0.8500 1.2775 0.8500 1.2696
0.8300 1.2935 0.8300 1.2838
0.8000 1.3374 0.8000 1.3268
0.8000 1.3279 0.8000 1.3153
0.7600 1.3186 0.7600 1.3061
0.7400 1.3061 0.7400 1.2939
0.6900 1.2784 0.6900 1.2662
0.6700 1.2317 0.6700 1.2203
0.6600 1.1911 0.6600 1.1818
0.6800 1.0985 0.6800 1.0906
0.7200 0.9551 0.7200 0.9716
0.7400 0.9088 0.7400 0.9277
0.7400 0.8968 0.7400 0.9181
0.7100 0.8857 0.7100 0.9081
0.7100 0.8660 0.7100 0.8886
0.7100 0.8688 0.7100 0.8880
0.7400 0.8739 0.7400 0.8826
0.7400 0.8649 0.7400 0.8726
0.7400 0.8286 0.7400 0.8527
0.7500 0.8152 0.7500 0.8402
0.7400 0.8096 0.7400 0.8352
0.7400 0.8415 0.7400 0.8542
0.7700 0.9218 0.7700 0.9335
0.8200 0.9771 0.8200 0.9864
0.9100 0.9945 0.9100 1.0011
0.9700 0.9563 0.9700 0.9617
0.9800 0.9404 0.9800 0.9468
1.0400 0.9243 1.0400 0.9318
1.1000 0.9497 1.1000 0.9583
1.1100 0.9553 1.1100 0.9631
1.1900 0.9609 1.1900 0.9680
1.1800 0.9802 1.1800 0.9867
1.1200 0.9648 1.1200 0.9708
1.1100 0.9520 1.1100 0.9582
1.1200 0.9867 1.1200 0.9940
1.1500 1.0605 1.1500 1.0670
1.1900 1.1934 1.1900 1.1978
1.2300 1.2922 1.2300 1.2919
1.2500 1.2606 1.2500 1.2395
1.2800 1.3105 1.2800 1.2856
1.3100 1.3796 1.3100 1.3512
1.3300 1.3557 1.3300 1.3240
1.3400 1.4355 1.3400 1.4021
1.3600 1.4005 1.3600 1.3627
1.4000 1.2837 1.4000 1.2551
1.5400 1.2127 1.5400 1.2005
1.7600 1.2085 1.7600 1.2006
1.6600 1.2370 1.6600 1.2298
1.6800 1.3039 1.6800 1.2970
1.6800 1.3941 1.6800 1.3839
1.6900 1.4373 1.6900 1.4221
1.7100 1.4703 1.7100 1.4339
1.7500 1.4968 1.7500 1.4586
1.7800 1.5006 1.7800 1.4659
1.7300 1.4855 1.7300 1.4614
1.7400 1.4917 1.7400 1.4702
1.8000 1.5374 1.8000 1.5156
1.8200 1.7631 1.8200 1.7090
1.9100 2.0530 1.9100 1.9610
2.0400 1.7194 2.0400 1.5905
2.1400 1.6221 2.1400 1.4975
2.2500 1.6917 2.2500 1.5918
2.3800 1.7532 2.3800 1.6710
2.4800 1.7034 2.4800 1.6627
2.5600 1.7819 2.5600 1.7466
2.6300 1.8476 2.6300 1.7702
2.6700 1.7423 2.6700 1.6497
2.6700 1.7213 2.6700 1.6675
2.6900 1.8201 2.6900 1.7797
2.7300 1.8605 2.7300 1.8169
2.7700 2.0011 2.7700 1.8974
2.7700 2.1619 2.7700 2.0322
2.7600 2.2277 2.7600 2.0646
2.7300 2.2812 2.7300 2.0895
2.6600 2.3889 2.6600 2.1718
2.6500 2.4495 2.6500 2.2106
2.5900 2.4667 2.5900 2.2138
2.5500 2.4897 2.5500 2.2305
2.5400 2.4903 2.5400 2.2326
2.6200 2.4398 2.6200 2.1929
2.5700 2.4623 2.5700 2.2300
2.5100 2.5530 2.5100 2.3282
2.4600 2.6204 2.4600 2.3915
2.4200 2.5714 2.4200 2.3359
2.4200 2.5083 2.4200 2.2745
2.4100 2.4582 2.4100 2.2373
2.3700 2.3416 2.3700 2.1680
2.3400 2.2917 2.3400 2.1941
2.3200 2.2016 2.3200 2.1120
2.2200 2.1483 2.2200 2.0647
2.1100 2.1721 2.1100 2.0926
2.0400 2.4169 2.0400 2.3354
2.0100 2.3857 2.0100 2.2552
1.9800 2.2570 1.9800 2.0738
2.0100 2.1355 2.0100 2.0409
1.9600 2.0657 1.9600 1.9863
1.8400 2.0764 1.8400 2.0032
1.8000 2.1237 1.8000 2.0538
1.8100 2.0989 1.8100 2.0259
1.7500 2.0645 1.7500 1.9916
1.7400 2.0525 1.7400 1.9816
1.6900 1.8796 1.6900 1.8118
1.6700 1.6682 1.6700 1.6109
1.6000 1.5648 1.6000 1.5203
1.5800 1.5775 1.5800 1.5408
1.5700 1.6070 1.5700 1.5724
1.5000 1.7581 1.5000 1.7226
1.4500 1.7630 1.4500 1.7198
1.3800 1.5772 1.3800 1.5315
1.3700 1.5018 1.3700 1.4639
1.3900 1.5642 1.3900 1.5330
1.3700 1.5078 1.3700 1.4761
1.4400 1.5248 1.4400 1.4960
1.4600 1.5086 1.4600 1.4793
1.3800 1.5089 1.3800 1.4786
1.3100 1.4117 1.3100 1.3828
1.3600 1.4000 1.3600 1.3762
1.3800 1.4218 1.3800 1.3994
1.4100 1.3468 1.4100 1.3246
1.4000 1.2818 1.4000 1.2618
1.3700 1.2069 1.3700 1.1910
1.3500 1.2181 1.3500 1.2055
1.3600 1.2926 1.3600 1.2819
1.4100 1.3170 1.4100 1.3042
1.4600 1.4700 1.4600 1.4550
1.4900 1.5577 1.4900 1.5372
1.5100 1.4309 1.5100 1.4040
1.5000 1.2801 1.5000 1.2568
1.5500 1.3460 1.5500 1.3308
1.5600 1.3932 1.5600 1.3776
1.5200 1.4457 1.5200 1.4291
1.4900 1.4617 1.4900 1.4422
1.4600 1.4305 1.4600 1.4077
1.4500 1.3781 1.4500 1.3557
1.4400 1.3757 1.4400 1.3574
1.4400 1.4576 1.4400 1.4406
1.4500 1.5600 1.4500 1.5406
1.4500 1.6273 1.4500 1.5912
1.4500 1.6332 1.4500 1.5649
1.5100 1.5956 1.5100 1.5267
1.5100 1.6629 1.5100 1.6046
1.5000 1.6580 1.5000 1.6193
1.4700 1.5591 1.4700 1.5262
1.4800 1.4745 1.4800 1.4447
1.5000 1.4142 1.5000 1.3888
1.4400 1.3856 1.4400 1.3633
1.3600 1.3751 1.3600 1.3559
1.3100 1.3999 1.3100 1.3816
1.3200 1.4444 1.3200 1.4248
1.3100 1.4671 1.3100 1.4455
1.3100 1.4756 1.3100 1.4526
1.3300 1.5811 1.3300 1.5580
1.2900 1.5959 1.2900 1.5688
1.2500 1.5615 1.2500 1.5320
1.2200 1.4942 1.2200 1.4656
1.2000 1.4939 1.2000 1.4679
1.1800 1.5165 1.1800 1.4917
1.1900 1.4171 1.1900 1.3923
1.2100 1.2752 1.2100 1.2529
1.3000 1.1957 1.3000 1.1796
1.3300 1.2235 1.3300 1.2124
1.3000 1.2356 1.3000 1.2256
1.3300 1.2729 1.3300 1.2630
1.3700 1.3545 1.3700 1.3424
1.3500 1.3276 1.3500 1.3114
1.3300 1.2583 1.3300 1.2420
1.2900 1.2086 1.2900 1.1960
1.2600 1.1823 1.2600 1.1724
1.2400 1.1579 1.2400 1.1498
1.2300 1.1941 1.2300 1.1881
1.2200 1.2610 1.2200 1.2536
1.2100 1.4329 1.2100 1.4236
1.2100 1.5138 1.2100 1.4979
1.2100 1.4485 1.2100 1.3989
1.2000 1.4776 1.2000 1.4337
1.1900 1.5265 1.1900 1.5055
1.1700 1.4607 1.1700 1.4373
1.1500 1.3884 1.1500 1.3673
1.1400 1.3172 1.1400 1.2987
1.1400 1.2548 1.1400 1.2386
1.1800 1.2109 1.1800 1.1986
1.2800 1.2061 1.2800 1.1969
1.2800 1.2143 1.2800 1.2053
1.2100 1.2244 1.2100 1.2154
1.1500 1.2470 1.1500 1.2374
1.1500 1.2648 1.1500 1.2545
1.1400 1.2596 1.1400 1.2487
1.0900 1.2490 1.0900 1.2381
1.0800 1.2232 1.0800 1.2127
1.0700 1.1930 1.0700 1.1836
1.0300 1.1798 1.0300 1.1719
1.0000 1.1887 1.0000 1.1819
0.9700 1.2636 0.9700 1.2570
0.9500 1.4466 0.9500 1.4384
0.9200 1.4742 0.9200 1.4583
0.9000 1.3424 0.9000 1.2995
0.9000 1.2189 0.9000 1.2020
0.9000 1.1858 0.9000 1.1749
0.8700 1.1469 0.8700 1.1394
0.8300 1.0706 0.8300 1.0660
0.8000 1.0809 0.8000 1.0785
0.7900 1.1081 0.7900 1.1054
0.8400 1.0674 0.8400 1.0636
0.8500 1.0292 0.8500 1.0273
0.7500 1.0078 0.7500 1.0078
0.7400 0.9960 0.7400 0.9968
0.7400 0.9680 0.7400 0.9700
0.7800 0.9590 0.7800 0.9623
0.8600 0.9835 0.8600 0.9874
0.9300 1.0077 0.9300 1.0114
0.9700 0.9845 0.9700 0.9872
1.0100 0.9404 1.0100 0.9435
1.0500 0.9086 1.0500 0.9133
1.0700 0.9000 1.0700 0.9064
1.0700 0.9767 1.0700 0.9847
1.0600 1.0191 1.0600 1.0253
1.0600 0.9034 1.0600 0.9065
1.0600 0.8855 1.0600 0.8914
1.0200 0.8986 1.0200 0.9066
0.9700 0.9416 0.9700 0.9501
0.9300 1.0616 0.9300 1.0703
0.9000 1.2045 0.9000 1.2095
0.8800 1.2818 0.8800 1.2682
0.8600 1.2903 0.8600 1.2673
0.8300 1.3193 0.8300 1.2924
0.8300 1.3250 0.8300 1.2980
0.8300 1.3007 0.8300 1.2848
0.8300 1.2442 0.8300 1.2344
0.8300 1.2119 0.8300 1.2037
0.8200 1.1886 0.8200 1.1819
0.8100 1.1159 0.8100 1.1100
0.8000 1.0327 0.8000 1.0290
0.8000 0.9749 0.8000 0.9744
0.8200 0.9371 0.8200 0.9471
0.8200 0.9186 0.8200 0.9343
0.8100 0.9148 0.8100 0.9234
0.8000 0.9051 0.8000 0.9111
0.8000 0.9310 0.8000 0.9374
0.7900 0.9574 0.7900 0.9636
0.7700 0.9748 0.7700 0.9802
0.7700 0.9899 0.7700 0.9949
0.7700 0.9903 0.7700 0.9946
0.7800 0.9811 0.7800 0.9851
0.8000 0.9668 0.8000 0.9714
0.7900 0.9665 0.7900 0.9718
0.7900 0.9971 0.7900 1.0028
0.7800 1.0062 0.7800 1.0111
0.7700 0.9966 0.7700 1.0007
0.7600 0.9855 0.7600 0.9896
0.7400 0.9841 0.7400 0.9887
0.7300 0.9659 0.7300 0.9707
0.7400 0.9343 0.7400 0.9399
0.7500 0.9362 0.7500 0.9428
0.7500 0.9445 0.7500 0.9514
0.7600 0.9623 0.7600 0.9691
0.8100 0.9977 0.8100 1.0041
0.8800 0.9953 0.8800 1.0004
0.9900 0.9946 0.9900 0.9992
1.1300 0.9803 1.1300 0.9850
1.2700 0.9592 1.2700 0.9642
1.3600 0.9378 1.3600 0.9437
1.4300 0.9096 1.4300 0.9165
1.5100 0.8975 1.5100 0.9051
1.4400 0.9161 1.4400 0.9247
1.4500 0.9401 1.4500 0.9484
1.4600 0.9493 1.4600 0.9567
1.4900 0.9711 1.4900 0.9781
1.5200 1.0474 1.5200 1.0540
1.5400 1.1527 1.5400 1.1573
1.4900 1.3162 1.4900 1.3177
1.4400 1.4728 1.4400 1.4439
1.4100 1.5757 1.4100 1.5170
1.3500 1.5904 1.3500 1.5050
1.2600 1.5923 1.2600 1.4926
1.2100 1.6522 1.2100 1.5490
1.1400 1.5040 1.1400 1.4089
1.0800 1.5111 1.0800 1.4384
1.0300 1.5478 1.0300 1.5186
1.0000 1.5565 1.0000 1.5302
0.9900 1.5830 0.9900 1.5568
0.9300 1.6270 0.9300 1.6000
0.8800 1.5401 0.8800 1.5050
0.8400 1.4220 0.8400 1.3931
0.8100 1.3482 0.8100 1.3249
0.7300 1.2442 0.7300 1.2258
0.6900 1.1025 0.6900 1.1123
0.6600 1.0668 0.6600 1.0789
0.6200 1.0391 0.6200 1.0530
0.6100 1.0055 0.6100 1.0208
0.6100 0.9779 0.6100 0.9948
0.6200 0.9641 0.6200 0.9824
0.6400 0.9602 0.6400 0.9788
0.6600 0.9379 0.6600 0.9572
0.6600 0.9110 0.6600 0.9311
0.6700 0.8944 0.6700 0.9156
0.6900 0.8814 0.6900 0.9036
0.7100 0.8474 0.7100 0.8700
0.7200 0.8200 0.7200 0.8439
0.7800 0.8091 0.7800 0.8341
0.8500 0.7923 0.8500 0.8179
0.9700 0.7805 0.9700 0.8068
1.0700 0.7816 1.0700 0.8085
1.1400 0.8101 1.1400 0.8242
1.2300 0.8613 1.2300 0.8744
1.2800 0.9104 1.2800 0.9221
1.2900 0.9242 1.2900 0.9339
1.2900 0.9357 1.2900 0.9448
1.2900 0.9580 1.2900 0.9668
1.2300 0.9762 1.2300 0.9843
1.1700 0.9801 1.1700 0.9875
1.0900 1.0547 1.0900 1.0620
0.9700 1.1569 0.9700 1.1621
0.8500 1.3270 0.8500 1.3289
0.7600 1.4039 0.7600 1.3767
0.7000 1.4129 0.7000 1.3655
0.6400 1.4710 0.6400 1.4107
0.6000 1.4897 0.6000 1.4219
0.5800 1.4537 0.5800 1.3866
0.5800 1.4365 0.5800 1.3791
0.6100 1.4469 0.6100 1.4011
0.6300 1.3069 0.6300 1.2865
0.6500 1.1645 0.6500 1.1499
0.6400 1.0300 0.6400 1.0374
0.6400 0.9660 0.6400 0.9820
0.7100 0.9017 0.7100 0.9199
0.7900 0.8540 0.7900 0.8751
0.8700 0.8229 0.8700 0.8462
0.9400 0.7929 0.9400 0.8176
0.9800 0.7709 0.9800 0.7967
1.0000 0.7633 1.0000 0.7900
0.9900 0.7650 0.9900 0.7923
0.9700 0.7875 0.9700 0.8046
0.9900 0.8561 0.9900 0.8704
0.9800 0.9111 0.9800 0.9230
1.0800 0.9150 1.0800 0.9248
1.2300 0.9114 1.2300 0.9207
1.1900 0.9928 1.1900 1.0028
1.1700 1.1005 1.1700 1.1090
1.1700 1.2114 1.1700 1.2161
1.1800 1.2781 1.1800 1.2653
1.2200 1.2762 1.2200 1.2505
1.3200 1.2650 1.3200 1.2359
1.4100 1.2396 1.4100 1.2162
1.5800 1.1859 1.5800 1.1780
1.6400 1.1642 1.6400 1.1596
1.7100 1.1270 1.7100 1.1238
1.7800 1.2595 1.7800 1.2581
1.8500 1.5219 1.8500 1.5178
1.9700 1.4161 1.9700 1.3701
2.0200 1.3119 2.0200 1.2636
2.0400 1.3483 2.0400 1.3129
2.0400 1.3297 2.0400 1.3145
2.0500 1.3318 2.0500 1.3194
2.0000 1.4913 2.0000 1.4811
1.8600 1.6575 1.8600 1.6063
1.8200 1.8276 1.8200 1.7469
1.8000 1.8053 1.8000 1.6931
1.7300 1.7889 1.7300 1.6593
1.6500 1.8434 1.6500 1.7114
1.6600 1.9130 1.6600 1.7795
1.7200 2.0628 1.7200 1.9236
1.6500 2.0645 1.6500 1.9101
1.6400 1.9997 1.6400 1.8383
1.6400 1.9580 1.6400 1.8053
1.6100 1.9833 1.6100 1.8450
1.6200 1.9232 1.6200 1.8018
1.6300 1.6137 1.6300 1.5576
1.6800 1.4965 1.6800 1.4557
1.7600 1.4968 1.7600 1.4659
1.7800 1.4258 1.7800 1.3975
1.7700 1.3329 1.7700 1.3085
1.8600 1.4218 1.8600 1.4015
1.9300 1.6092 1.9300 1.5858
1.9600 1.5471 1.9600 1.5165
1.9600 1.5398 1.9600 1.5091
1.9500 1.5782 1.9500 1.5479
1.9300 1.5418 1.9300 1.5098
1.9100 1.5434 1.9100 1.5136
1.8700 1.5908 1.8700 1.5630
1.8100 1.7022 1.8100 1.6710
1.8000 1.8644 1.8000 1.8191
1.7700 1.8664 1.7700 1.7665
1.6900 1.7829 1.6900 1.6763
1.6000 1.9160 1.6000 1.8099
1.5200 2.0250 1.5200 1.9096
1.4600 2.0012 1.4600 1.8721
1.4100 1.9273 1.4100 1.7930
1.3700 1.8904 1.3700 1.7627
1.3500 1.8822 1.3500 1.7702
1.3500 1.8056 1.3500 1.7521
1.3500 1.7136 1.3500 1.6659
1.3100 1.6030 1.3100 1.5605
1.2500 1.5929 1.2500 1.5562
1.1600 1.5772 1.1600 1.5431
1.2200 1.4662 1.2200 1.4333
1.3200 1.3312 1.3200 1.3034
1.3000 1.2312 1.3000 1.2277
1.2800 1.1938 1.2800 1.1991
1.2900 1.1651 1.2900 1.1725
1.3200 1.1442 1.3200 1.1522
1.3500 1.1863 1.3500 1.1784
1.3700 1.2549 1.3700 1.2456
1.3800 1.3113 1.3800 1.2993
1.3800 1.2866 1.3800 1.2719
1.3700 1.2097 1.3700 1.1952
1.3700 1.0808 1.3700 1.0693
1.3100 1.1716 1.3100 1.1665
1.2600 1.3790 1.2600 1.3744
1.2900 1.3960 1.2900 1.3830
1.2700 1.3742 1.2700 1.3567
1.2300 1.4064 1.2300 1.3889
1.1600 1.4425 1.1600 1.4235
1.1100 1.4564 1.1100 1.4377
1.0400 1.4817 1.0400 1.4630
0.9500 1.5007 0.9500 1.4791
0.8800 1.4883 0.8800 1.4650
0.8400 1.4481 0.8400 1.4249
0.7800 1.4238 0.7800 1.4025
0.7700 1.3150 0.7700 1.2949
0.7400 1.2162 0.7400 1.1999
0.8000 1.2631 0.8000 1.2521
0.8500 1.2614 0.8500 1.2503
0.9100 1.2082 0.9100 1.1963
0.9600 1.1218 0.9600 1.1119
1.0200 1.0645 1.0200 1.0575
1.1000 0.9969 1.1000 1.0129
1.2000 0.9494 1.2000 0.9669
1.3000 0.9096 1.3000 0.9289
1.3700 0.8889 1.3700 0.9101
1.4500 0.8641 1.4500 0.8862
1.5100 0.8502 1.5100 0.8735
1.5600 0.8428 1.5600 0.8667
1.6000 0.9178 1.6000 0.9294
1.6300 1.0404 1.6300 1.0490
1.6600 1.1589 1.6600 1.1634
1.7200 1.2546 1.7200 1.2541
1.7400 1.3190 1.7400 1.2996
1.7500 1.3891 1.7500 1.3594
1.7300 1.4811 1.7300 1.4396
1.6700 1.5579 1.6700 1.5001
1.5900 1.5790 1.5900 1.5051
1.6100 1.6245 1.6100 1.5393
1.6300 1.6592 1.6300 1.5672
1.6300 1.6825 1.6300 1.5876
1.6200 1.7033 1.6200 1.6088
1.6900 1.7180 1.6900 1.6249
1.7000 1.7417 1.7000 1.6508
1.7100 1.8172 1.7100 1.7255
1.7300 1.8181 1.7300 1.7213
1.7300 1.7919 1.7300 1.6932
1.7300 1.7454 1.7300 1.6517
1.7500 1.6244 1.7500 1.5809
1.6600 1.4407 1.6600 1.4041
1.5900 1.4540 1.5900 1.4276
1.5600 1.5253 1.5600 1.5015
1.5300 1.5641 1.5300 1.5378
1.5400 1.5792 1.5400 1.5499
1.5600 1.7320 1.5600 1.7010
1.5700 1.7719 1.5700 1.7253
1.5700 1.7670 1.5700 1.6869
1.5700 1.7839 1.5700 1.6981
1.6000 1.7733 1.6000 1.6917
1.6100 1.7379 1.6100 1.6914
1.6000 1.7524 1.6000 1.7121
1.5900 1.5885 1.5900 1.5476
1.5600 1.4291 1.5600 1.3942
1.5400 1.3728 1.5400 1.3470
1.5400 1.3478 1.5400 1.3267
1.5400 1.3905 1.5400 1.3719
1.5300 1.4869 1.5300 1.4682
1.5400 1.5607 1.5400 1.5363
1.5300 1.5849 1.5300 1.5561
1.4900 1.5922 1.4900 1.5618
1.4600 1.6393 1.4600 1.6083
1.4800 1.6535 1.4800 1.6211
1.4800 1.6245 1.4800 1.5909
1.4600 1.5934 1.4600 1.5603
1.4700 1.5331 1.4700 1.5013
1.4500 1.4823 1.4500 1.4531
1.4200 1.4797 1.4200 1.4541
1.4100 1.4953 1.4100 1.4707
1.3900 1.4940 1.3900 1.4687
1.3700 1.5255 1.3700 1.5000
1.3600 1.5256 1.3600 1.4988
1.3200 1.4585 1.3200 1.4311
1.2700 1.4002 1.2700 1.3756
1.2200 1.4387 1.2200 1.4176
1.2500 1.4585 1.2500 1.4370
1.2600 1.4365 1.2600 1.4140
1.2500 1.4665 1.2500 1.4445
1.2500 1.4541 1.2500 1.4307
1.2100 1.3987 1.2100 1.3753
1.1100 1.3775 1.1100 1.3571
1.0400 1.3580 1.0400 1.3392
1.1100 1.3316 1.1100 1.3136
1.1400 1.3278 1.1400 1.3116
1.1300 1.2851 1.1300 1.2691
1.1200 1.2144 1.1200 1.1998
1.1200 1.1471 1.1200 1.1358
1.0700 1.2101 1.0700 1.2027
0.9500 1.2643 0.9500 1.2561
0.9300 1.2776 0.9300 1.2670
0.9100 1.3029 0.9100 1.2908
0.9500 1.2629 0.9500 1.2494
1.0600 1.1014 1.0600 1.0884
1.0800 0.9936 1.0800 1.0089
1.1200 1.0863 1.1200 1.0875
1.1800 1.1796 1.1800 1.1791
1.2700 1.1972 1.2700 1.1925
1.3700 1.2203 1.3700 1.2133
1.4900 1.2490 1.4900 1.2401
1.5500 1.1622 1.5500 1.1519
1.5600 0.9614 1.5600 0.9780
1.5400 0.9336 1.5400 0.9525
1.4700 0.9311 1.4700 0.9516
1.4200 0.9802 1.4200 0.9866
1.3600 1.1929 1.3600 1.1987
1.3500 1.2955 1.3500 1.2932
1.3100 1.3640 1.3100 1.3360
1.2400 1.4240 1.2400 1.3881
1.2300 1.5212 1.2300 1.4757
1.2400 1.6148 1.2400 1.5565
1.2700 1.7159 1.2700 1.6377
1.2300 1.7107 1.2300 1.6115
1.1800 1.6374 1.1800 1.5311
1.1400 1.5783 1.1400 1.4832
1.0800 1.4996 1.0800 1.4283
1.0600 1.3659 1.0600 1.3362
1.0200 1.2316 1.0200 1.2118
1.0400 1.2145 1.0400 1.2020
1.0400 1.1886 1.0400 1.1783
0.9700 1.1203 0.9700 1.1108
0.8900 1.1387 0.8900 1.1315
0.8400 1.2039 0.8400 1.1977
0.8400 1.2878 0.8400 1.2795
0.8300 1.2597 0.8300 1.2483
0.8400 1.2000 0.8400 1.1879
0.8600 1.1462 0.8600 1.1358
0.8700 1.0551 0.8700 1.0480
0.8800 1.0189 0.8800 1.0162
0.8800 0.9875 0.8800 0.9985
0.9100 1.0490 0.9100 1.0506
0.9100 1.0953 0.9100 1.0955
0.8900 1.0262 0.8900 1.0240
0.9400 0.9228 0.9400 0.9412
0.9600 0.8985 0.9600 0.9191
1.0600 0.8948 1.0600 0.9169
1.2400 0.8871 1.2400 0.9097
1.1100 0.9226 1.1100 0.9314
1.0300 1.0024 1.0300 1.0092
0.9600 1.0533 0.9600 1.0572
0.9500 1.0784 0.9500 1.0802
0.9500 1.0797 0.9500 1.0808
0.9300 1.1162 0.9300 1.1171
0.9300 1.1117 0.9300 1.1115
0.9400 1.0700 0.9400 1.0693
0.9700 1.1297 0.9700 1.1305
0.9800 1.1656 0.9800 1.1651
0.9700 1.3034 0.9700 1.3015
0.9600 1.5901 0.9600 1.5617
0.9400 1.3046 0.9400 1.2537
0.9100 1.1380 0.9100 1.0998
0.8500 1.0593 0.8500 1.0498
0.8000 0.9859 0.8000 0.9848
0.7700 0.9464 0.7700 0.9664
0.7600 0.9413 0.7600 0.9498
0.7700 1.0024 0.7700 1.0064
0.7400 1.0613 0.7400 1.0638
0.7500 1.1264 0.7500 1.1269
0.7500 1.1510 0.7500 1.1496
0.7300 1.1398 0.7300 1.1370
0.7600 1.1220 0.7600 1.1188
0.8700 1.0841 0.8700 1.0816
0.8500 1.0261 0.8500 1.0249
0.8400 0.9325 0.8400 0.9336
0.8900 0.8794 0.8900 0.9010
0.9100 0.8628 0.9100 0.8856
0.9800 0.8550 0.9800 0.8787
1.0300 0.8710 1.0300 0.8814
1.1200 0.8683 1.1200 0.8776
1.1800 0.9080 1.1800 0.9168
1.1100 0.9355 1.1100 0.9435
1.0900 0.9170 1.0900 0.9240
1.1700 0.9559 1.1700 0.9638
1.2100 1.1241 1.2100 1.1324
1.2300 1.1179 1.2300 1.1199
1.2700 1.0832 1.2700 1.0833
1.2400 1.1508 1.2400 1.1522
1.2000 1.1712 1.2000 1.1704
1.1900 1.2313 1.1900 1.2296
1.2400 1.2988 1.2400 1.2961
1.2400 1.4118 1.2400 1.3858
1.2300 1.4455 1.2300 1.4057
1.1300 1.2919 1.1300 1.2482
1.1900 1.2600 1.1900 1.2302
1.2000 1.3457 1.2000 1.3361
1.1600 1.3875 1.1600 1.3764
1.1500 1.3894 1.1500 1.3761
1.1900 1.4558 1.1900 1.4373
1.2400 1.4127 1.2400 1.3709
1.2900 1.3042 1.2900 1.2851
1.3200 1.2466 1.3200 1.2330
1.3100 1.3125 1.3100 1.3025
1.3000 1.3186 1.3000 1.3069
1.3500 1.3049 1.3500 1.2922
1.4000 1.1649 1.4000 1.1513
1.4800 1.2367 1.4800 1.2280
1.5500 1.2693 1.5500 1.2607
1.5400 1.2042 1.5400 1.1943
1.5800 1.1906 1.5800 1.1819
1.6400 1.2827 1.6400 1.2756
1.6800 1.3748 1.6800 1.3639
1.6400 1.4528 1.6400 1.4398
1.6100 1.5117 1.6100 1.4757
1.6800 1.4668 1.6800 1.4165
1.7200 1.4357 1.7200 1.3990
1.8100 1.4773 1.8100 1.4577
1.9300 1.5435 1.9300 1.5235
1.9400 1.6654 1.9400 1.6283
1.9600 1.7280 1.9600 1.6547
1.9200 1.6388 1.9200 1.5525
1.8200 1.6610 1.8200 1.5760
1.7400 1.7584 1.7400 1.6754
1.6500 1.7950 1.6500 1.7072
1.5800 1.6840 1.5800 1.5954
1.5300 1.6232 1.5300 1.5446
1.4500 1.7140 1.4500 1.6789
1.3400 1.7850 1.3400 1.7488
1.2500 1.9369 1.2500 1.8533
1.1500 2.0663 1.1500 1.9488
1.0300 1.9737 1.0300 1.8303
1.0100 1.9156 1.0100 1.7691
1.0700 1.8397 1.0700 1.7073
1.1200 1.7115 1.1200 1.6074
1.1300 1.4866 1.1300 1.4414
1.1500 1.3219 1.1500 1.2968
1.1700 1.2539 1.1700 1.2552
1.1700 1.2214 1.1700 1.2254
1.2600 1.1852 1.2600 1.1909
1.2200 1.1304 1.2200 1.1377
1.2900 1.0818 1.2900 1.0918
1.3100 1.0382 1.3100 1.0507
1.3400 0.9803 1.3400 0.9951
1.3300 0.9557 1.3300 0.9734
1.3400 0.9859 1.3400 1.0056
1.5300 1.1464 1.5300 1.1511
1.4800 1.2363 1.4800 1.2333
1.4400 1.3181 1.4400 1.3100
1.3500 1.3678 1.3500 1.3555
1.2900 1.3427 1.2900 1.3285
1.1900 1.4485 1.1900 1.4361
1.1600 1.3861 1.1600 1.3699
1.1500 1.4588 1.1500 1.4427
1.1400 1.4912 1.1400 1.4732
1.1200 1.5176 1.1200 1.4756
1.1000 1.4681 1.1000 1.4426
1.0800 1.4576 1.0800 1.4370
1.0600 1.7605 1.0600 1.7332
1.0200 1.6489 1.0200 1.5772
0.9600 1.4843 0.9600 1.4101
0.9600 1.3704 0.9600 1.3413
1.0100 1.2327 1.0100 1.2112
0.9500 1.0766 0.9500 1.0876
0.8900 1.0388 0.8900 1.0528
0.8700 1.0354 0.8700 1.0510
0.8700 1.0726 0.8700 1.0728
0.7800 1.1007 0.7800 1.0982
0.7300 1.1208 0.7300 1.1172
0.6600 1.1228 0.6600 1.1178
0.6000 1.1053 0.6000 1.1008
0.5400 1.0565 0.5400 1.0530
0.5000 0.9791 0.5000 0.9774
0.4700 0.9879 0.4700 0.9895
0.4700 1.0873 0.4700 1.0904
0.4900 1.0333 0.4900 1.0330
0.5600 0.9551 0.5600 0.9551
0.6400 0.9484 0.6400 0.9513
0.6800 0.9616 0.6800 0.9656
0.7300 0.8762 0.7300 0.8979
0.7700 0.8383 0.7700 0.8611
0.8300 0.8154 0.8300 0.8394
0.9000 0.7875 0.9000 0.8127
0.9200 0.7556 0.9200 0.7818
1.0700 0.7338 1.0700 0.7613
1.2800 0.7201 1.2800 0.7483
1.3000 0.7157 1.3000 0.7447
1.3600 0.7232 1.3600 0.7526
1.4300 0.8205 1.4300 0.8391
1.5300 0.9648 1.5300 0.9801
1.5300 1.0436 1.5300 1.0541
1.4800 1.1108 1.4800 1.1185
1.4800 1.1359 1.4800 1.1371
1.5800 1.1843 1.5800 1.1815
1.6800 1.2470 1.6800 1.2398
1.7200 1.2333 1.7200 1.2201
1.6300 1.3962 1.6300 1.3746
1.4800 1.6498 1.4800 1.6040
1.4000 1.5383 1.4000 1.4598
1.3600 1.4974 1.3600 1.4070
1.3700 1.5809 1.3700 1.4916
1.3700 1.7062 1.3700 1.6158
1.3500 1.6519 1.3500 1.5614
1.3200 1.5211 1.3200 1.4382
1.2900 1.5452 1.2900 1.4804
1.2600 1.6873 1.2600 1.6593
1.2600 1.8550 1.2600 1.8219
1.2800 1.8507 1.2800 1.7546
1.2800 1.6119 1.2800 1.5076
1.2800 1.3981 1.2800 1.3221
1.2900 1.2050 1.2900 1.1828
1.2700 1.1526 1.2700 1.1611
1.2800 1.1482 1.2800 1.1550
1.2800 1.2305 1.2800 1.2255
1.2700 1.2889 1.2700 1.2786
1.2700 1.2971 1.2700 1.2822
1.2800 1.2732 1.2800 1.2579
1.3100 1.2314 1.3100 1.2176
1.3200 1.2366 1.3200 1.2257
1.3400 1.2915 1.3400 1.2815
1.3800 1.3206 1.3800 1.3086
1.3900 1.3383 1.3900 1.3244
1.4000 1.3675 1.4000 1.3526
1.4100 1.3401 1.4100 1.3237
1.4300 1.3420 1.4300 1.3266
1.4600 1.3431 1.4600 1.3284
1.4600 1.3266 1.4600 1.3115
1.4700 1.3226 1.4700 1.3080
1.4700 1.3440 1.4700 1.3301
1.4900 1.3964 1.4900 1.3816
1.4500 1.4177 1.4500 1.4011
1.4500 1.4486 1.4500 1.4304
1.4300 1.5124 1.4300 1.4927
1.4200 1.5238 1.4200 1.5012
1.4300 1.5163 1.4300 1.4922
1.4200 1.5133 1.4200 1.4893
1.4000 1.5287 1.4000 1.5045
1.4000 1.5601 1.4000 1.5354
1.3900 1.5487 1.3900 1.5227
1.3800 1.5477 1.3800 1.5210
1.3700 1.5350 1.3700 1.5082
1.3600 1.5518 1.3600 1.5253
1.3300 1.4731 1.3300 1.4460
1.3100 1.4514 1.3100 1.4271
1.3200 1.4192 1.3200 1.3965
1.3100 1.4000 1.3100 1.3789
1.2200 1.4185 1.2200 1.3987
1.1700 1.4219 1.1700 1.4022
1.1600 1.3968 1.1600 1.3758
1.1500 1.4014 1.1500 1.3817
1.1400 1.3963 1.1400 1.3767
1.1400 1.3811 1.1400 1.3617
1.1400 1.3700 1.1400 1.3517
1.1200 1.3643 1.1200 1.3464
1.1600 1.3226 1.1600 1.3049
1.3000 1.2925 1.3000 1.2767
1.4400 1.3187 1.4400 1.3047
1.5800 1.3212 1.5800 1.3069
1.7100 1.1900 1.7100 1.1750
1.7800 1.1088 1.7800 1.0983
1.8400 1.1107 1.8400 1.1047
1.8600 1.1160 1.8600 1.1114
1.8400 1.1238 1.8400 1.1199
1.7900 1.1669 1.7900 1.1629
1.6500 1.2065 1.6500 1.2001
1.5700 1.1923 1.5700 1.1843
1.4800 1.2561 1.4800 1.2490
1.5500 1.4995 1.5500 1.4920
1.6100 1.7411 1.6100 1.6892
1.6000 1.8239 1.6000 1.7331
1.5400 1.8863 1.5400 1.7592
1.4500 1.8656 1.4500 1.7145
1.3600 1.8662 1.3600 1.7113
1.3000 1.8518 1.3000 1.7060
1.2600 1.8003 1.2600 1.6714
1.2500 1.7373 1.2500 1.6326
1.2800 1.4686 1.2800 1.4227
1.3000 1.2744 1.3000 1.2542
1.3000 1.2070 1.3000 1.2107
1.3000 1.2983 1.3000 1.2894
1.2800 1.5104 1.2800 1.4984
1.1500 1.5754 1.1500 1.5432
1.1100 1.5329 1.1100 1.5031
1.0600 1.5078 1.0600 1.4796
1.1100 1.5290 1.1100 1.5015
1.1200 1.4570 1.1200 1.4286
1.0700 1.3342 1.0700 1.3091
1.0300 1.2733 1.0300 1.2540
1.0000 1.2183 1.0000 1.2030
1.1600 1.1922 1.1600 1.1801
1.1800 1.2667 1.1800 1.2574
1.1200 1.1851 1.1200 1.1729
1.1300 1.0624 1.1300 1.0700
1.1300 1.0404 1.1300 1.0525
1.1600 1.0286 1.1600 1.0442
1.2000 0.9980 1.2000 1.0143
1.1900 1.0829 1.1900 1.0858
1.1000 1.1762 1.1000 1.1751
1.0700 1.1348 1.0700 1.1286
1.0400 1.0857 1.0400 1.0803
1.0400 1.0577 1.0400 1.0545
1.0500 1.2966 1.0500 1.2964
1.0700 1.3667 1.0700 1.3605
1.0800 1.2740 1.0800 1.2613
1.0400 1.2819 1.0400 1.2700
1.0300 1.2843 1.0300 1.2732
1.0400 1.2825 1.0400 1.2712
1.0800 1.3234 1.0800 1.3149
1.1200 1.3266 1.1200 1.3153
1.1100 1.1853 1.1100 1.1712
1.1300 1.1100 1.1300 1.1009
1.1300 1.0585 1.1300 1.0537
1.0400 1.0479 1.0400 1.0465
1.1100 1.0812 1.1100 1.0815
1.2500 1.1542 1.2500 1.1536
1.3400 1.2053 1.3400 1.2009
1.3600 1.1600 1.3600 1.1534
1.3900 1.1372 1.3900 1.1314
1.4600 1.1487 1.4600 1.1447
1.5200 1.2058 1.5200 1.2023
1.6400 1.2740 1.6400 1.2690
1.7600 1.2729 1.7600 1.2646
1.7600 1.2996 1.7600 1.2897
1.8500 1.2935 1.8500 1.2827
1.9400 1.1352 1.9400 1.1238
1.9700 1.1963 1.9700 1.1910
1.9000 1.4411 1.9000 1.4375
1.8600 1.6156 1.8600 1.5955
1.9900 1.5434 1.9900 1.4787
2.0500 1.5187 2.0500 1.4439
2.0600 1.6138 2.0600 1.5389
2.0400 1.6874 2.0400 1.6121
2.0400 1.8221 2.0400 1.7367
2.0400 1.9369 2.0400 1.8280
2.0300 1.8181 2.0300 1.6882
2.0300 1.8821 2.0300 1.7489
2.0100 2.0123 2.0100 1.8757
2.0000 1.9998 2.0000 1.8556
2.1200 1.8128 2.1200 1.6758
2.1300 1.7527 2.1300 1.6395
2.1000 1.9980 2.1000 1.9472
2.0000 2.1328 2.0000 2.0621
2.0300 2.0722 2.0300 1.9355
2.0700 1.9489 2.0700 1.8049
1.9700 1.9522 1.9700 1.8182
1.9900 1.9788 1.9900 1.8799
1.9800 1.9247 1.9800 1.8658
1.9000 1.9153 1.9000 1.8596
1.8000 1.8868 1.8000 1.8318
1.6000 1.8676 1.6000 1.8134
1.5900 2.1074 1.5900 2.0546
1.5400 2.1682 1.5400 2.0342
1.6500 2.0165 1.6500 1.8710
1.6800 1.8277 1.6800 1.6982
1.6800 1.8668 1.6800 1.8093
1.7100 1.9419 1.7100 1.8880
1.7300 1.7791 1.7300 1.7259
1.7300 1.7996 1.7300 1.7507
1.6800 1.8378 1.6800 1.7899
1.6700 1.7042 1.6700 1.6535
1.7400 1.4992 1.7400 1.4562
1.8000 1.2730 1.8000 1.2690
1.8700 1.2403 1.8700 1.2420
1.8800 1.2323 1.8800 1.2370
1.8000 1.4525 1.8000 1.4448
1.7000 1.6397 1.7000 1.6206
1.6500 1.7262 1.6500 1.6818
1.6400 1.7651 1.6400 1.6765
1.6500 1.7918 1.6500 1.7008
1.6600 1.7822 1.6600 1.6940
1.6300 1.6526 1.6300 1.6104
1.6400 1.6051 1.6400 1.5678
1.6600 1.7244 1.6600 1.6906
1.6800 1.8580 1.6800 1.8212
1.7100 1.9793 1.7100 1.8770
1.6200 1.9100 1.6200 1.7890
1.5800 1.7268 1.5800 1.6090
1.7000 1.5743 1.7000 1.5156
1.7100 1.4282 1.7100 1.3919
1.6100 1.4048 1.6100 1.3789
1.6000 1.4613 1.6000 1.4400
1.5800 1.5478 1.5800 1.5247
1.5500 1.5584 1.5500 1.5297
1.5300 1.5996 1.5300 1.5683
1.5100 1.6518 1.5100 1.6195
1.5000 1.6936 1.5000 1.6594
1.5900 1.7463 1.5900 1.7101
1.7000 1.5934 1.7000 1.5543
1.8100 1.4845 1.8100 1.4494
1.9200 1.6855 1.9200 1.6581
1.8200 1.7509 1.8200 1.7181
1.7700 1.5608 1.7700 1.5221
1.8900 1.5221 1.8900 1.4895
2.0100 1.5111 2.0100 1.4809
2.1300 1.4385 2.1300 1.4096
2.2100 1.4022 2.2100 1.3795
2.2400 1.4132 2.2400 1.3924
2.1400 1.4261 2.1400 1.4035
2.0300 1.6034 2.0300 1.5821
1.9500 1.8507 1.9500 1.8236
1.9100 1.9867 1.9100 1.8835
1.8800 2.0394 1.8800 1.9021
1.8700 1.7519 1.8700 1.6021
1.8900 1.6394 1.8900 1.5174
1.9000 1.9335 1.9000 1.8480
1.7300 2.4220 1.7300 2.2100
1.7100 2.0850 1.7100 1.9807
1.5900 1.6399 1.5900 1.6064
1.4200 1.8225 1.4200 1.7728
1.2900 1.8416 1.2900 1.7920
1.1800 1.6033 1.1800 1.5543
1.1000 1.4368 1.1000 1.4192
1.0600 1.4044 1.0600 1.3943
1.0700 1.3849 1.0700 1.3784
1.1100 1.3419 1.1100 1.3385
0.9600 0.9251 0.9600 0.9377
0.9600 1.0399 0.9600 1.0504
0.9700 1.1619 0.9700 1.1690
0.9700 1.2248 0.9700 1.2205
0.9800 1.2131 0.9800 1.1997
0.9900 1.2043 0.9900 1.1875
1.0100 1.2080 1.0100 1.1943
1.0300 1.1893 1.0300 1.1850
1.0300 1.1442 1.0300 1.1410
1.0300 1.1143 1.0300 1.1124
1.0300 1.0991 1.0300 1.0980
1.0300 1.1188 1.0300 1.1183
1.0200 1.1321 1.0200 1.1310
1.0200 1.1290 1.0200 1.1272
1.0200 1.1404 1.0200 1.1384
1.0100 1.1388 1.0100 1.1363
1.0000 1.1435 1.0000 1.1409
0.9900 1.1519 0.9900 1.1494
0.9700 1.1783 0.9700 1.1754
0.9500 1.2064 0.9500 1.2024
0.9500 1.2030 0.9500 1.1977
0.9700 1.1930 0.9700 1.1871
0.9900 1.1825 0.9900 1.1770
0.9700 1.1706 0.9700 1.1654
0.9200 1.1450 0.9200 1.1403
0.8900 1.1387 0.8900 1.1350
0.8500 1.1403 0.8500 1.1369
0.8200 1.1266 0.8200 1.1231
0.7800 1.1114 0.7800 1.1083
0.7500 1.0997 0.7500 1.0972
0.7100 1.0732 0.7100 1.0711
0.6900 1.0441 0.6900 1.0431
0.6700 1.0486 0.6700 1.0491
0.6500 1.0890 0.6500 1.0899
0.6400 1.1326 0.6400 1.1324
0.6300 1.1165 0.6300 1.1143
0.6600 1.0473 0.6600 1.0446
0.6600 0.9972 0.6600 0.9968
0.6500 0.9347 0.6500 0.9367
0.6300 0.8878 0.6300 0.9097
0.6100 0.8667 0.6100 0.8893
0.6000 0.8509 0.6000 0.8742
0.5800 0.8343 0.5800 0.8583
0.5600 0.8222 0.5600 0.8469
0.5400 0.8138 0.5400 0.8390
0.5300 0.8043 0.5300 0.8300
0.5800 0.7996 0.5800 0.8244
0.6300 0.8093 0.6300 0.8218
0.6700 0.8652 0.6700 0.8777
0.6600 0.8856 0.6600 0.8969
0.6400 0.8813 0.6400 0.8914
0.6000 0.8624 0.6000 0.8723
0.5800 0.8357 0.5800 0.8463
0.5800 0.8145 0.5800 0.8260
0.5900 0.7842 0.5900 0.8029
0.5900 0.7649 0.5900 0.7921
0.6000 0.7557 0.6000 0.7832
0.7000 0.7505 0.7000 0.7784
0.8400 0.8170 0.8400 0.8329
0.9300 0.9024 0.9300 0.9170
1.0600 0.9721 1.0600 0.9837
1.0400 0.9726 1.0400 0.9811
1.0300 0.9411 1.0300 0.9485
1.0800 0.8684 1.0800 0.8762
1.1300 0.8058 1.1300 0.8163
1.1700 0.7838 1.1700 0.8024
1.2000 0.7951 1.2000 0.8095
1.2100 0.8104 1.2100 0.8244
1.2500 0.8413 1.2500 0.8547
1.2900 0.9898 1.2900 1.0029
1.3000 1.2071 1.3000 1.2170
1.3000 1.3062 1.3000 1.2952
1.2600 1.3884 1.2600 1.3531
1.2400 1.2863 1.2400 1.2353
1.2100 1.2240 1.2100 1.1782
1.1900 1.3231 1.1900 1.2937
1.1800 1.3843 1.1800 1.3737
1.1700 1.3907 1.1700 1.3787
1.2300 1.4148 1.2300 1.3966
1.3000 1.4130 1.3000 1.3753
1.2900 1.4542 1.2900 1.4173
1.3200 1.4879 1.3200 1.4631
1.3300 1.4753 1.3300 1.4459
1.3300 1.4436 1.3300 1.4225
1.3500 1.3557 1.3500 1.3358
1.4300 1.2899 1.4300 1.2728
1.5100 1.2227 1.5100 1.2094
1.5900 1.1834 1.5900 1.1735
1.6100 1.1768 1.6100 1.1690
1.7400 1.1846 1.7400 1.1776
1.7300 1.3005 1.7300 1.2934
1.7200 1.4485 1.7200 1.4383
1.7400 1.4526 1.7400 1.4353
1.8500 1.4848 1.8500 1.4394
1.9700 1.4941 1.9700 1.4527
2.0200 1.4601 2.0200 1.4377
2.1600 1.4512 2.1600 1.4306
2.2800 1.5734 2.2800 1.5544
2.3600 1.7157 2.3600 1.6604
2.4500 1.7664 2.4500 1.6865
2.4600 1.7145 2.4600 1.6186
2.4500 1.8641 2.4500 1.7583
2.4600 1.8027 2.4600 1.6883
2.5000 1.7183 2.5000 1.6081
2.4900 1.7615 2.4900 1.6656
2.4500 1.9628 2.4500 1.8675
2.3400 2.1309 2.3400 2.0167
2.3200 2.0878 2.3200 1.9421
2.2900 2.2055 2.2900 2.0347
2.1900 2.3282 2.1900 2.1324
2.1400 2.3428 2.1400 2.1247
1.9900 2.3788 1.9900 2.1480
1.8300 2.3034 1.8300 2.0696
1.6800 2.2361 1.6800 2.0193
1.5400 2.2701 1.5400 2.0759
1.2700 2.3813 1.2700 2.1976
1.1400 2.3633 1.1400 2.1806
1.0100 2.2576 1.0100 2.0781
0.9100 2.0279 0.9100 1.9191
0.8200 1.9547 0.8200 1.8822
0.7400 1.9252 0.7400 1.8614
0.7200 1.7826 0.7200 1.7244
0.6900 1.7171 0.6900 1.6662
0.6500 1.5156 0.6500 1.4716
0.6400 1.3756 0.6400 1.3650
0.6400 1.2848 0.6400 1.2801
0.6200 1.2134 0.6200 1.2143
0.6400 1.0896 0.6400 1.0946
0.7200 0.9971 0.7200 1.0083
0.8200 0.9507 0.8200 0.9664
0.9300 0.9038 0.9300 0.9224
1.0400 0.8575 1.0400 0.8782
1.1300 0.8272 1.1300 0.8498
1.1900 0.8204 1.1900 0.8444
1.2600 0.8138 1.2600 0.8387
1.3300 0.7980 1.3300 0.8232
1.3600 0.7918 1.3600 0.8177
1.4000 0.7971 1.4000 0.8235
1.4300 0.7970 1.4300 0.8182
1.4600 0.8378 1.4600 0.8508
1.5200 0.9702 1.5200 0.9829
1.5800 1.1346 1.5800 1.1439
1.6300 1.3081 1.6300 1.3055
1.7000 1.3778 1.7000 1.3496
1.7500 1.4179 1.7500 1.3679
1.8500 1.4262 1.8500 1.3637
1.9200 1.4720 1.9200 1.4055
2.0400 1.5347 2.0400 1.4662
2.1000 1.5332 2.1000 1.4633
2.1300 1.5530 2.1300 1.4846
2.1600 1.5780 2.1600 1.5112
2.1300 1.6021 2.1300 1.5364
2.1300 1.6731 2.1300 1.6062
2.1200 1.7336 2.1200 1.6586
2.1400 1.7583 2.1400 1.6722
2.1700 1.8140 2.1700 1.7175
2.2000 1.8419 2.2000 1.7351
2.2000 1.9491 2.2000 1.8317
2.2000 2.0021 2.2000 1.8703
2.2400 2.1187 2.2400 1.9690
2.2400 2.1287 2.2400 1.9608
2.2500 2.0775 2.2500 1.9006
2.3100 2.0787 2.3100 1.9076
2.3700 2.0155 2.3700 1.8573
2.3700 2.0293 2.3700 1.8898
2.4100 2.0127 2.4100 1.9217
2.3700 2.0342 2.3700 1.9709
2.5800 2.0946 2.5800 2.0287
2.6300 2.1708 2.6300 2.0388
2.6200 2.1368 2.6200 1.9898
2.5800 2.1083 2.5800 1.9608
2.6100 2.1812 2.6100 2.0355
2.5600 2.1781 2.5600 2.0301
2.5700 2.1688 2.5700 2.0192
2.5400 2.2632 2.5400 2.1088
2.4900 2.3479 2.4900 2.1797
2.4400 2.2807 2.4400 2.0999
2.3700 2.2907 2.3700 2.1050
2.3100 2.2041 2.3100 2.0235
2.1900 2.5947 2.1900 2.4087
2.1300 2.6445 2.1300 2.4245
2.1000 2.4387 2.1000 2.1917
2.0500 2.2706 2.0500 2.0375
2.0400 2.3727 2.0400 2.1624
1.9800 2.3520 1.9800 2.1811
1.9000 2.3323 1.9000 2.2184
1.8700 2.2865 1.8700 2.1883
1.8600 2.2023 1.8600 2.1145
1.8400 2.0909 1.8400 2.0083
1.8200 1.9788 1.8200 1.9054
1.8200 1.8813 1.8200 1.8150
1.8200 1.6954 1.8200 1.6388
1.8400 1.6255 1.8400 1.5791
1.8500 1.6520 1.8500 1.6116
1.8700 1.6594 1.8700 1.6198
1.8800 1.7170 1.8800 1.6766
1.9300 1.6955 1.9300 1.6531
1.9600 1.5942 1.9600 1.5511
1.9200 1.5664 1.9200 1.5286
1.8800 1.6064 1.8800 1.5723
1.8400 1.6236 1.8400 1.5886
1.8400 1.6365 1.8400 1.6011
1.8700 1.6855 1.8700 1.6487
1.8900 1.7216 1.8900 1.6821
1.9200 1.7769 1.9200 1.7360
1.9400 1.8147 1.9400 1.7714
1.9600 1.8602 1.9600 1.8095
2.0200 1.8785 2.0200 1.8043
2.0900 1.9629 2.0900 1.8646
2.1100 1.9971 2.1100 1.8832
2.1000 1.8866 2.1000 1.7694
2.0300 1.7977 2.0300 1.7047
1.9600 1.6962 1.9600 1.6476
1.9400 1.6798 1.9400 1.6373
1.9200 1.7489 1.9200 1.7101
1.8600 1.8284 1.8600 1.7875
1.8000 1.9127 1.8000 1.8617
1.7500 1.9590 1.7500 1.8478
1.6800 1.9639 1.6800 1.8474
1.6300 2.0458 1.6300 1.9245
1.5800 2.1342 1.5800 2.0006
1.5300 2.1018 1.5300 1.9541
1.4700 2.0188 1.4700 1.8683
1.4000 1.8913 1.4000 1.7558
1.3400 1.7564 1.3400 1.6950
1.3000 1.6811 1.3000 1.6322
1.2600 1.6673 1.2600 1.6262
1.2000 1.5971 1.2000 1.5584
1.1400 1.5283 1.1400 1.4928
1.1200 1.4852 1.1200 1.4529
1.0800 1.4024 1.0800 1.3731
1.0100 1.3491 1.0100 1.3249
0.8300 1.3192 0.8300 1.2991
0.8000 1.2928 0.8000 1.2744
0.7900 1.2455 0.7900 1.2287
0.7800 1.1825 0.7800 1.1718
0.7800 1.1335 0.7800 1.1422
0.7900 1.1157 0.7900 1.1232
0.8200 1.1057 0.8200 1.1061
0.8600 1.0657 0.8600 1.0785
0.9200 1.0351 0.9200 1.0490
0.9800 1.0339 0.9800 1.0391
1.0500 1.0202 1.0500 1.0267
1.1000 0.9763 1.1000 0.9933
1.1600 0.9011 1.1600 0.9189
1.2300 0.8662 1.2300 0.8872
1.2700 0.8686 1.2700 0.8917
1.3100 0.8587 1.3100 0.8824
1.3600 0.8499 1.3600 0.8737
1.4300 0.9180 1.4300 0.9289
1.5300 1.0129 1.5300 1.0195
1.6400 1.0848 1.6400 1.0896
1.7500 1.1797 1.7500 1.1822
1.7900 1.2734 1.7900 1.2724
1.8600 1.3526 1.8600 1.3322
1.8700 1.3735 1.8700 1.3420
1.8900 1.4104 1.8900 1.3710
1.9100 1.4717 1.9100 1.4254
1.9500 1.4842 1.9500 1.4312
1.9900 1.4979 1.9900 1.4415
2.0400 1.5432 2.0400 1.4849
2.1000 1.6181 2.1000 1.5550
2.1300 1.7262 2.1300 1.6524
2.1000 1.8272 2.1000 1.7342
2.0000 1.9052 2.0000 1.7884
1.9300 1.8606 1.9300 1.7256
1.8900 1.8926 1.8900 1.7526
1.8800 1.8724 1.8800 1.7362
1.8700 1.8779 1.8700 1.7511
1.8500 1.9112 1.8500 1.7943
1.8200 1.9726 1.8200 1.8577
1.8000 2.0207 1.8000 1.9019
1.7800 2.0633 1.7800 1.9346
1.7600 2.1175 1.7600 1.9769
1.7500 2.1118 1.7500 1.9603
1.7300 2.0070 1.7300 1.8559
1.7200 1.8335 1.7200 1.7032
1.7400 1.6713 1.7400 1.6142
1.7500 1.5776 1.7500 1.5341
1.7500 1.5875 1.7500 1.5524
1.7500 1.6311 1.7500 1.5980
1.7600 1.6664 1.7600 1.6309
1.7700 1.6612 1.7700 1.6222
1.7900 1.6519 1.7900 1.6128
1.8000 1.6353 1.8000 1.5973
1.8100 1.6173 1.8100 1.5808
1.8100 1.6203 1.8100 1.5852
1.8000 1.6113 1.8000 1.5765
1.8000 1.6123 1.8000 1.5778
1.8100 1.6683 1.8100 1.6342
1.8100 1.7127 1.8100 1.6766
1.8200 1.7242 1.8200 1.6853
1.8100 1.7274 1.8100 1.6874
1.8000 1.7453 1.8000 1.7047
1.8000 1.7578 1.8000 1.7165
1.7900 1.7879 1.7900 1.7462
1.7900 1.8049 1.7900 1.7601
1.8000 1.8158 1.8000 1.7557
1.8000 1.8041 1.8000 1.7452
1.8100 1.7705 1.8100 1.7250
1.8100 1.7534 1.8100 1.7093
1.8200 1.7654 1.8200 1.7228
1.8300 1.7658 1.8300 1.7230
1.8300 1.7824 1.8300 1.7393
1.8300 1.7678 1.8300 1.7239
1.8200 1.7433 1.8200 1.6994
1.8200 1.7362 1.8200 1.6936
1.8300 1.7199 1.8300 1.6783
1.8300 1.7183 1.8300 1.6774
1.8400 1.7439 1.8400 1.7036
1.8400 1.7549 1.8400 1.7134
1.8300 1.7742 1.8300 1.7318
1.8400 1.7780 1.8400 1.7347
1.8400 1.7930 1.8400 1.7490
1.8300 1.8074 1.8300 1.7627
1.8300 1.8040 1.8300 1.7586
1.8200 1.7944 1.8200 1.7487
1.8200 1.7695 1.8200 1.7242
1.8300 1.7605 1.8300 1.7162
1.8300 1.7763 1.8300 1.7329
1.8300 1.7807 1.8300 1.7370
1.8400 1.7987 1.8400 1.7545
1.8500 1.8025 1.8500 1.7573
1.8500 1.7806 1.8500 1.7347
1.8600 1.7892 1.8600 1.7442
1.8400 1.7911 1.8400 1.7463
1.8200 1.7691 1.8200 1.7240
1.8200 1.7641 1.8200 1.7200
1.7800 1.7501 1.7800 1.7065
1.8200 1.7477 1.8200 1.7045
1.8800 1.7696 1.8800 1.7271
1.9500 1.7793 1.9500 1.7360
1.9400 1.7802 1.9400 1.7360
1.9200 1.7997 1.9200 1.7553
1.9100 1.8202 1.9100 1.7748
1.9200 1.8164 1.9200 1.7699
1.9300 1.8279 1.9300 1.7813
1.9300 1.7885 1.9300 1.7413
1.9200 1.7372 1.9200 1.6913
1.9000 1.7285 1.9000 1.6855
1.8800 1.6634 1.8800 1.6219
1.8500 1.7316 1.8500 1.6929
1.7800 1.8763 1.7800 1.8364
1.7500 2.0393 1.7500 1.9416
1.7200 1.9500 1.7200 1.8262
1.6900 1.8587 1.6900 1.7343
1.6500 1.8622 1.6500 1.7517
1.6500 1.8608 1.6500 1.8079
1.7000 1.8583 1.7000 1.8082
1.7800 1.8614 1.7800 1.8124
1.7700 1.8481 1.7700 1.7979
1.7500 1.8089 1.7500 1.7587
1.7300 1.7637 1.7300 1.7154
1.7200 1.7059 1.7200 1.6607
1.7200 1.5830 1.7200 1.5415
1.7200 1.5317 1.7200 1.4963
1.7200 1.5102 1.7200 1.4791
1.7100 1.4931 1.7100 1.4639
1.6900 1.4599 1.6900 1.4322
1.6600 1.5022 1.6600 1.4763
1.6400 1.6369 1.6400 1.6096
1.6400 1.8299 1.6400 1.7978
1.6200 1.8438 1.6200 1.7495
1.6200 1.7463 1.6200 1.6468
1.6100 1.7250 1.6100 1.6372
1.6100 1.6729 1.6100 1.6311
1.6200 1.6443 1.6200 1.6065
1.6500 1.6492 1.6500 1.6145
1.6700 1.6654 1.6700 1.6299
1.6600 1.6603 1.6600 1.6237
1.6600 1.6287 1.6600 1.5920
1.7300 1.5743 1.7300 1.5391
1.7600 1.5387 1.7600 1.5064
1.7700 1.5478 1.7700 1.5180
1.7600 1.5332 1.7600 1.5039
1.7200 1.5482 1.7200 1.5194
1.7200 1.5542 1.7200 1.5250
1.7000 1.5687 1.7000 1.5390
1.6800 1.5958 1.6800 1.5656
1.6700 1.6616 1.6700 1.6306
1.6800 1.7079 1.6800 1.6738
1.6700 1.6894 1.6700 1.6504
1.6500 1.6737 1.6500 1.6363
1.6200 1.7869 1.6200 1.7505
1.5800 1.8460 1.5800 1.7811
1.5400 1.8255 1.5400 1.7299
1.4900 1.7758 1.4900 1.6792
1.4500 1.7039 1.4500 1.6279
1.4100 1.6589 1.4100 1.6177
1.3900 1.6122 1.3900 1.5757
1.3700 1.5759 1.3700 1.5420
1.3700 1.5687 1.3700 1.5368
1.3800 1.6109 1.3800 1.5798
1.4800 1.6136 1.4800 1.5805
1.5600 1.5876 1.5600 1.5544
1.6300 1.5425 1.6300 1.5101
1.7100 1.4777 1.7100 1.4473
1.7900 1.4106 1.7900 1.3837
1.9100 1.3388 1.9100 1.3161
1.9700 1.2926 1.9700 1.2737
2.0000 1.2587 2.0000 1.2426
2.0300 1.2622 2.0300 1.2483
1.9500 1.2720 1.9500 1.2586
1.8600 1.3115 1.8600 1.2981
1.8000 1.3665 1.8000 1.3518
1.7600 1.5670 1.7600 1.5508
1.7200 1.7475 1.7200 1.7126
1.6600 1.7881 1.6600 1.7016
1.6500 1.8297 1.6500 1.7239
1.6200 1.8890 1.6200 1.7682
1.6100 2.0187 1.6100 1.8841
1.6400 2.0306 1.6400 1.8797
1.6500 1.9807 1.6500 1.8218
1.6400 1.9822 1.6400 1.8281
1.6300 1.8400 1.6300 1.7028
1.5800 1.6997 1.5800 1.6224
1.5300 1.5315 1.5300 1.4871
1.4300 1.4648 1.4300 1.4318
1.3200 1.4264 1.3200 1.3993
1.2500 1.3851 1.2500 1.3616
1.1800 1.4312 1.1800 1.4085
1.1000 1.4458 1.1000 1.4218
1.0400 1.4705 1.0400 1.4458
0.9900 1.5639 0.9900 1.5387
0.9400 1.6306 0.9400 1.6017
0.8900 1.6299 0.8900 1.5966
0.8700 1.6149 0.8700 1.5810
0.8600 1.5280 0.8600 1.4944
0.8300 1.4226 0.8300 1.3927
0.8100 1.2523 0.8100 1.2285
0.7900 1.1301 0.7900 1.1373
0.7700 1.0859 0.7700 1.0962
0.7600 1.0526 0.7600 1.0655
0.7400 1.0112 0.7400 1.0257
0.7300 0.9772 0.7300 0.9936
0.7300 0.9573 0.7300 0.9753
0.7200 0.9365 0.7200 0.9556
0.7200 0.9126 0.7200 0.9326
0.7700 0.9014 0.7700 0.9226
0.8000 0.8995 0.8000 0.9214
0.8300 0.8946 0.8300 0.9106
0.8500 0.8981 0.8500 0.9049
0.8800 0.9015 0.8800 0.9085
0.9000 0.8933 0.9000 0.9003
0.9200 0.8911 0.9200 0.8988
0.9400 0.8805 0.9400 0.8887
1.0000 0.8809 1.0000 0.8894
1.0100 0.8952 1.0100 0.9041
1.0000 0.8960 1.0000 0.9046
1.0000 0.9045 1.0000 0.9132
1.0000 0.9829 1.0000 0.9920
1.0300 1.0420 1.0300 1.0488
1.0600 1.0866 1.0600 1.0910
1.0700 1.1178 1.0700 1.1202
1.1000 1.1538 1.1000 1.1546
1.1400 1.1639 1.1400 1.1630
1.1400 1.1662 1.1400 1.1649
1.1300 1.1752 1.1300 1.1732
1.1100 1.2456 1.1100 1.2434
1.1000 1.2514 1.1000 1.2463
1.1000 1.2115 1.1000 1.2049
1.1300 1.1888 1.1300 1.1829
1.1400 1.1693 1.1400 1.1643
1.1100 1.1884 1.1100 1.1843
1.0700 1.2258 1.0700 1.2219
1.0200 1.2438 1.0200 1.2378
1.0000 1.2854 1.0000 1.2780
1.0200 1.3439 1.0200 1.3350
1.0400 1.3314 1.0400 1.3196
1.0500 1.2876 1.0500 1.2753
1.0900 1.2361 1.0900 1.2251
1.1200 1.1992 1.1200 1.1900
1.1300 1.1817 1.1300 1.1746
1.1400 1.2252 1.1400 1.2196
1.1800 1.2552 1.1800 1.2480
1.2100 1.2170 1.2100 1.2079
1.2300 1.1529 1.2300 1.1441
1.2500 1.0720 1.2500 1.0657
1.2300 1.0294 1.2300 1.0267
1.1900 1.0614 1.1900 1.0620
1.1500 1.1180 1.1500 1.1185
1.1400 1.1636 1.1400 1.1615
1.1300 1.2491 1.1300 1.2451
1.0900 1.3140 1.0900 1.3066
1.1100 1.3221 1.1100 1.3115
1.1400 1.3174 1.1400 1.3060
1.1900 1.3624 1.1900 1.3511
1.2300 1.3948 1.2300 1.3818
1.2600 1.4047 1.2600 1.3900
1.2800 1.4190 1.2800 1.4032
1.2700 1.3718 1.2700 1.3545
1.2400 1.2772 1.2400 1.2607
1.2000 1.1863 1.2000 1.1737
1.1700 1.1554 1.1700 1.1471
1.1300 1.1426 1.1300 1.1367
1.1000 1.0971 1.1000 1.0920
1.0900 1.1454 1.0900 1.1420
1.0700 1.2272 1.0700 1.2230
1.0500 1.3261 1.0500 1.3190
1.0600 1.4050 1.0600 1.3941
1.0600 1.4613 1.0600 1.4339
1.0600 1.4696 1.0600 1.4257
1.0800 1.4357 1.0800 1.3961
1.0700 1.3472 1.0700 1.3279
1.0600 1.2482 1.0600 1.2324
1.0300 1.1782 1.0300 1.1667
1.0200 1.1112 1.0200 1.1032
1.0100 1.0725 1.0100 1.0678
1.0000 1.0806 1.0000 1.0780
1.0000 1.0831 1.0000 1.0807
0.9900 1.0788 0.9900 1.0763
0.9800 1.1182 0.9800 1.1163
0.9700 1.1458 0.9700 1.1427
0.9300 1.1588 0.9300 1.1545
0.9200 1.1998 0.9200 1.1954
0.9100 1.1986 0.9100 1.1925
0.8700 1.1786 0.8700 1.1719
0.8700 1.1299 0.8700 1.1240
0.8600 1.1080 0.8600 1.1038
0.8800 1.0917 0.8800 1.0889
0.9200 1.0804 0.9200 1.0787
0.9600 1.0908 0.9600 1.0896
0.9800 1.0926 0.9800 1.0912
1.0100 1.0879 1.0100 1.0861
1.0400 1.0799 1.0400 1.0785
1.0400 1.0286 1.0400 1.0274
1.0500 1.0116 1.0500 1.0123
1.0500 1.0070 1.0500 1.0091
1.0200 0.9603 1.0200 0.9626
0.9800 0.9652 0.9800 0.9692
0.9600 0.9746 0.9600 0.9792
0.9100 1.0160 0.9100 1.0203
0.8700 1.0898 0.8700 1.0935
0.8500 1.1691 0.8500 1.1705
0.8400 1.2095 0.8400 1.2071
0.8300 1.2490 0.8300 1.2447
0.8100 1.2832 0.8100 1.2770
0.7800 1.2595 0.7800 1.2515
0.7500 1.2418 0.7500 1.2340
0.7100 1.2214 0.7100 1.2142
0.6800 1.1566 0.6800 1.1495
0.6600 1.0749 0.6600 1.0699
0.6500 1.0346 0.6500 1.0330
0.6600 0.9651 0.6600 0.9653
0.6700 0.9103 0.6700 0.9309
0.6500 0.8974 0.6500 0.9190
0.6700 0.9097 0.6700 0.9164
0.7000 0.9213 0.7000 0.9279
0.7300 0.9209 0.7300 0.9274
0.7900 0.9049 0.7900 0.9110
0.8400 0.8785 0.8400 0.8852
0.8800 0.8378 0.8800 0.8617
0.9300 0.8211 0.9300 0.8457
0.9900 0.8100 0.9900 0.8353
1.0500 0.8037 1.0500 0.8296
1.1100 0.8265 1.1100 0.8393
1.1700 0.8661 1.1700 0.8782
1.2400 0.8622 1.2400 0.8727
1.3100 0.8971 1.3100 0.9077
1.3800 0.9491 1.3800 0.9592
1.4400 0.9908 1.4400 0.9993
1.4900 1.0719 1.4900 1.0792
1.5000 1.1502 1.5000 1.1548
1.4900 1.2019 1.4900 1.2028
1.4800 1.2487 1.4800 1.2391
1.4700 1.2997 1.4700 1.2838
1.4500 1.3445 1.4500 1.3213
1.4600 1.3843 1.4600 1.3535
1.5000 1.4241 1.5000 1.3852
1.5300 1.4793 1.5300 1.4320
1.5800 1.5333 1.5800 1.4771
1.6200 1.5822 1.6200 1.5165
1.6500 1.6159 1.6500 1.5415
1.6900 1.6385 1.6900 1.5575
1.7200 1.6110 1.7200 1.5289
1.7500 1.5736 1.7500 1.4985
1.7700 1.5663 1.7700 1.5057
1.7800 1.5033 1.7800 1.4746
1.7900 1.4409 1.7900 1.4155
1.7900 1.4467 1.7900 1.4246
1.8000 1.5275 1.8000 1.5060
1.8000 1.5985 1.8000 1.5737
1.8000 1.6915 1.8000 1.6585
1.8200 1.7446 1.8200 1.6673
1.8600 1.7475 1.8600 1.6615
1.9000 1.7770 1.9000 1.6868
1.9200 1.7975 1.9200 1.7038
1.9400 1.8164 1.9400 1.7202
1.9800 1.8230 1.9800 1.7254
2.0200 1.8179 2.0200 1.7203
2.0500 1.8230 2.0500 1.7279
2.0900 1.8013 2.0900 1.7274
2.1300 1.7938 2.1300 1.7454
2.1600 1.7795 2.1600 1.7351
2.1800 1.7679 2.1800 1.7241
2.2000 1.7965 2.2000 1.7531
2.2100 1.8730 2.2100 1.8287
2.2200 1.9504 2.2200 1.8595
2.2300 1.9489 2.2300 1.8361
2.2300 1.9424 2.2300 1.8244
2.2400 1.9904 2.2400 1.8700
2.2400 2.0385 2.2400 1.9135
2.2300 2.0516 2.2300 1.9199
2.2200 2.0785 2.2200 1.9404
2.2300 2.1128 2.2300 1.9684
2.2400 2.1272 2.2400 1.9774
2.2400 2.1243 2.2400 1.9717
2.2400 2.1329 2.2400 1.9801
2.2500 2.1359 2.2500 1.9848
2.2400 2.1427 2.2400 1.9941
2.2400 2.1541 2.2400 2.0072
2.2400 2.1480 2.2400 2.0023
2.2400 2.1519 2.2400 2.0167
2.2400 2.1423 2.2400 2.0154
2.2500 2.1115 2.2500 1.9953
2.2500 2.0791 2.2500 1.9856
2.2900 2.0956 2.2900 2.0191
2.3200 2.1218 2.3200 2.0437
2.3400 2.1274 2.3400 2.0284
2.3500 2.1269 2.3500 2.0125
2.3500 2.1456 2.3500 2.0272
2.3600 2.1230 2.3600 2.0105
2.3600 2.1116 2.3600 2.0097
2.3700 2.1096 2.3700 2.0173
2.3700 2.1112 2.3700 2.0215
2.3700 2.1095 2.3700 2.0216
2.3800 2.1328 2.3800 2.0356
2.3700 2.1370 2.3700 2.0301
2.3500 2.2150 2.3500 2.0879
2.3600 2.2714 2.3600 2.1152
2.3700 2.2645 2.3700 2.0985
2.3800 2.2431 2.3800 2.0727
2.3700 2.2236 2.3700 2.0543
2.3700 2.2426 2.3700 2.0781
2.4000 2.2469 2.4000 2.0854
2.4200 2.2546 2.4200 2.1018
2.3700 2.2474 2.3700 2.0977
2.5600 2.2407 2.5600 2.0912
2.5300 2.2527 2.5300 2.1093
2.5000 2.2319 2.5000 2.0897
2.4500 2.1802 2.4500 2.0551
2.4100 2.1921 2.4100 2.0905
2.3800 2.2241 2.3800 2.1250
2.3600 2.2520 2.3600 2.1309
2.2600 2.2355 2.2600 2.0891
2.1600 2.2313 2.1600 2.0803
2.0900 2.2870 2.0900 2.1443
2.0700 2.3352 2.0700 2.1695
1.9400 2.2142 1.9400 2.0455
1.8100 2.5540 1.8100 2.3761
1.7300 2.4685 1.7300 2.2650
1.6900 2.2814 1.6900 2.0710
1.6500 2.1785 1.6500 1.9901
1.6100 2.1620 1.6100 2.0239
1.5600 2.0486 1.5600 1.9672
1.5300 2.0402 1.5300 1.9716
1.5100 1.8885 1.5100 1.8220
1.5400 1.7141 1.5400 1.6560
1.5500 1.6162 1.5500 1.5685
1.5200 1.6459 1.5200 1.6055
1.5000 1.4893 1.5000 1.4514
1.4700 1.3599 1.4700 1.3514
1.4200 1.3131 1.4200 1.3092
1.4500 1.3020 1.4500 1.3017
1.4600 1.2900 1.4600 1.2853
1.5100 1.3234 1.5100 1.3082
1.6200 1.3327 1.6200 1.3144
1.7100 1.3461 1.7100 1.3265
1.8200 1.3608 1.8200 1.3414
1.9500 1.4542 1.9500 1.4353
2.0100 1.5218 2.0100 1.4996
2.0600 1.5017 2.0600 1.4755
2.0900 1.4746 2.0900 1.4478
2.0800 1.4304 2.0800 1.4051
2.0500 1.3410 2.0500 1.3178
2.0600 1.3856 2.0600 1.3676
2.1200 1.4402 2.1200 1.4222
2.1100 1.5499 2.1100 1.5291
2.0300 1.7723 2.0300 1.7475
1.9400 1.8863 1.9400 1.7950
1.9000 1.9581 1.9000 1.8392
1.7900 2.0692 1.7900 1.9237
1.6700 2.0529 1.6700 1.8849
1.5600 2.0307 1.5600 1.8561
1.4800 2.0295 1.4800 1.8605
1.3400 1.9929 1.3400 1.8367
1.2900 1.9476 1.2900 1.8111
1.2400 1.9768 1.2400 1.8777
1.1900 2.0752 1.1900 2.0152
1.1500 2.0662 1.1500 1.9723
1.1000 1.8947 1.1000 1.7868
1.0800 1.6944 1.0800 1.6377
1.0500 1.6050 1.0500 1.5590
1.0200 1.4226 1.0200 1.3853
0.9900 1.2965 0.9900 1.2931
0.9900 1.2312 0.9900 1.2318
0.9700 1.1922 0.9700 1.1966
0.9300 1.1286 0.9300 1.1354
0.9100 1.0863 0.9100 1.0966
0.8900 1.0723 0.8900 1.0848
0.8700 1.0523 0.8700 1.0660
0.8600 1.0308 0.8600 1.0454
0.8500 1.0133 0.8500 1.0290
0.8400 1.0222 0.8400 1.0213
0.8200 1.0222 0.8200 1.0218
0.8000 1.0141 0.8000 1.0138
0.7700 1.0028 0.7700 1.0030
0.7700 1.0321 0.7700 1.0333
0.7500 1.0323 0.7500 1.0328
0.7200 0.9926 0.7200 0.9931
0.7100 0.9798 0.7100 0.9816
0.7200 0.9712 0.7200 0.9741
0.7200 0.9540 0.7200 0.9574
0.7000 0.9527 0.7000 0.9574
0.6700 0.9613 0.6700 0.9663
0.6600 0.9659 0.6600 0.9706
0.6400 0.9521 0.6400 0.9568
0.6100 0.9350 0.6100 0.9401
0.5900 0.9027 0.5900 0.9085
0.5600 0.9068 0.5600 0.9141
0.5400 0.8930 0.5400 0.9006
0.5300 0.8617 0.5300 0.8698
0.5200 0.8600 0.5200 0.8692
0.5400 0.8893 0.5400 0.8992
0.5600 0.9027 0.5600 0.9118
0.5900 0.8858 0.5900 0.8945
0.6600 0.8579 0.6600 0.8668
0.8000 0.8500 0.8000 0.8597
0.9500 0.8253 0.9500 0.8358
1.0900 0.7896 1.0900 0.8157
1.2200 0.7776 1.2200 0.8041
1.3100 0.7666 1.3100 0.7936
1.3400 0.7556 1.3400 0.7830
1.3400 0.7492 1.3400 0.7771
1.3200 0.7448 1.3200 0.7730
1.3300 0.7712 1.3300 0.7874
1.3300 0.8169 1.3300 0.8325
1.3300 0.8707 1.3300 0.8848
1.3300 0.9744 1.3300 0.9872
1.3500 1.1798 1.3500 1.1903
1.3700 1.3569 1.3700 1.3465
1.3700 1.4406 1.3700 1.3996
1.3700 1.5105 1.3700 1.4408
1.3900 1.5346 1.3900 1.4443
1.4000 1.4931 1.4000 1.3975
1.4200 1.4536 1.4200 1.3693
1.4500 1.4335 1.4500 1.3692
1.4700 1.4613 1.4700 1.4323
1.5000 1.4063 1.5000 1.3859
1.5200 1.3807 1.5200 1.3627
1.5400 1.3772 1.5400 1.3601
1.5700 1.4152 1.5700 1.3982
1.6000 1.4529 1.6000 1.4342
1.6100 1.4518 1.6100 1.4315
1.6200 1.4441 1.6200 1.4231
1.6300 1.4698 1.6300 1.4490
1.6400 1.4803 1.6400 1.4586
1.6500 1.5010 1.6500 1.4788
1.6700 1.5470 1.6700 1.5239
1.6900 1.5783 1.6900 1.5529
1.7100 1.6147 1.7100 1.5801
1.7300 1.6350 1.7300 1.5855
1.7500 1.6487 1.7500 1.5914
1.7700 1.6765 1.7700 1.6193
1.7900 1.7093 1.7900 1.6437
1.8100 1.7045 1.8100 1.6309
1.8300 1.6941 1.8300 1.6253
1.8600 1.6879 1.8600 1.6361
1.8700 1.6827 1.8700 1.6466
1.8900 1.6800 1.8900 1.6442
1.9100 1.7028 1.9100 1.6671
1.9300 1.7315 1.9300 1.6946
1.9300 1.7579 1.9300 1.7076
1.9200 1.7818 1.9200 1.7154
1.9100 1.8036 1.9100 1.7252
1.9200 1.8216 1.9200 1.7370
1.9200 1.8382 1.9200 1.7492
1.9100 1.8547 1.9100 1.7614
1.9400 1.8713 1.9400 1.7736
1.9800 1.9023 1.9800 1.8014
2.1300 1.8974 2.1300 1.7931
2.1900 1.9080 2.1900 1.8021
2.2200 1.9288 2.2200 1.8216
2.2500 1.9466 2.2500 1.8371
2.2800 1.9284 2.2800 1.8180
2.3000 1.8862 2.3000 1.7912
2.2800 1.8442 2.2800 1.7880
2.2600 1.8477 2.2600 1.7977
2.3000 1.8460 2.3000 1.7967
2.3100 1.8274 2.3100 1.7783
2.2500 1.8842 2.2500 1.8355
2.2200 1.9751 2.2200 1.9143
2.1700 2.2446 2.1700 2.1183
2.1300 2.2575 2.1300 2.0974
2.1100 2.1638 2.1100 1.9799
2.0800 2.1404 2.0800 1.9553
2.0000 2.1801 2.0000 2.0021
1.9700 2.2133 1.9700 2.0441
1.9400 2.1577 1.9400 1.9941
1.9000 2.1190 1.9000 1.9658
1.8900 2.1914 1.8900 2.0750
1.8600 2.2188 1.8600 2.1058
1.8400 2.0905 1.8400 1.9679
1.8400 2.0032 1.8400 1.9249
1.8200 1.9100 1.8200 1.8445
1.7800 1.8322 1.7800 1.7727
1.7600 1.8145 1.7600 1.7618
1.7100 1.8125 1.7100 1.7625
1.6600 1.7025 1.6600 1.6527
1.6400 1.6711 1.6400 1.6266
1.6300 1.6657 1.6300 1.6243
1.6000 1.6375 1.6000 1.5975
1.5900 1.6584 1.5900 1.6204
1.5900 1.6633 1.5900 1.6252
1.5600 1.6621 1.5600 1.6227
1.5400 1.6923 1.5400 1.6536
1.5200 1.6921 1.5200 1.6525
1.5000 1.6356 1.5000 1.5956
1.4900 1.6112 1.4900 1.5740
1.4800 1.5446 1.4800 1.5093
1.5100 1.4662 1.5100 1.4343
1.4900 1.4518 1.4900 1.4247
1.4400 1.4767 1.4400 1.4516
