1.5500 1.9303 1.5500 1.5706
1.6100 1.6727 1.6100 1.2987
1.7200 1.3979 1.7200 1.0325
1.8600 1.2455 1.8600 1.1512
2.0000 1.1372 2.0000 1.1662
2.1500 1.2329 2.1500 1.3448
2.2900 1.3871 2.2900 1.5715
2.4300 1.6234 2.4300 1.8380
2.5300 1.8696 2.5300 2.0356
2.5900 2.0391 2.5900 2.1993
2.6300 2.1597 2.6300 2.3003
2.6400 2.3258 2.6400 2.5007
2.6300 2.4528 2.6300 2.6169
2.5700 2.5932 2.5700 2.7559
2.4800 2.6199 2.4800 2.7024
2.3300 2.6185 2.3300 2.6498
2.1400 2.6460 2.1400 2.6813
1.9400 2.6121 1.9400 2.5596
1.7600 2.5308 1.7600 2.4436
1.6200 2.3309 1.6200 2.1567
1.5000 2.1661 1.5000 1.9681
1.4000 1.9185 1.4000 1.5807
1.3100 1.6504 1.3100 1.2571
1.2500 1.4113 1.2500 1.1121
1.2000 1.2303 1.2000 1.1114
1.1500 1.1467 1.1500 1.1701
1.0900 1.0958 1.0900 1.1083
1.0400 1.0622 1.0400 1.0721
1.0400 1.0236 1.0400 1.0289
1.0800 1.0488 1.0800 1.0919
1.1300 1.0412 1.1300 1.0574
1.2000 1.0061 1.2000 0.9774
1.2700 0.9523 1.2700 0.8872
1.3400 0.9296 1.3400 0.9061
1.4000 1.0431 1.4000 1.1097
1.4500 1.1650 1.4500 1.2452
1.5000 1.2293 1.5000 1.2433
1.5500 1.3436 1.5500 1.3969
1.5900 1.4253 1.5900 1.4878
1.6000 1.5000 1.6000 1.5454
1.5900 1.5400 1.5900 1.5691
1.8700 2.0107 1.8700 1.8823
1.8800 1.8298 1.8800 1.5906
1.8900 1.6637 1.8900 1.4547
1.8800 1.5536 1.8800 1.5046
1.8600 1.6406 1.8600 1.7213
1.8200 1.6859 1.8200 1.7528
1.7900 1.7656 1.7900 1.8414
1.7500 1.7928 1.7500 1.8577
1.7000 1.8215 1.7000 1.8713
1.6600 1.7811 1.6600 1.7759
1.6200 1.7448 1.6200 1.7245
1.5900 1.6619 1.5900 1.6081
1.5400 1.6524 1.5400 1.6432
1.4800 1.5877 1.4800 1.5531
1.4100 1.5094 1.4100 1.4403
1.3500 1.4936 1.3500 1.4805
1.3000 1.4581 1.3000 1.4453
1.2600 1.4508 1.2600 1.4382
1.2000 1.3598 1.2000 1.2943
1.1400 1.2825 1.1400 1.2044
1.0800 1.2068 1.0800 1.1282
1.0200 1.1678 1.0200 1.1289
0.9800 1.1437 0.9800 1.1234
0.9500 1.1277 0.9500 1.1111
0.9500 1.0334 0.9500 0.9603
0.9800 0.9907 0.9800 0.9290
1.0300 0.9444 1.0300 0.9076
1.1000 0.8993 1.1000 0.8630
1.2000 0.9117 1.2000 0.8936
1.3100 0.9125 1.3100 0.8964
1.4200 0.9759 1.4200 0.9871
1.5300 1.0642 1.5300 1.1054
1.6300 1.1482 1.6300 1.1806
1.7200 1.2615 1.7200 1.3041
1.8000 1.4287 1.8000 1.5318
1.8800 1.5583 1.8800 1.6638
1.9700 1.6454 1.9700 1.7380
2.0600 1.7421 2.0600 1.8538
2.1100 1.8221 2.1100 1.9325
2.1100 1.8937 2.1100 1.9962
2.0800 1.9554 2.0800 2.0459
2.0600 2.0335 2.0600 2.1366
2.0800 2.1321 2.0800 2.2736
2.1200 2.2054 2.1200 2.3301
2.1600 2.1723 2.1600 2.1743
2.1900 2.0670 2.1900 1.9676
2.2100 1.9648 2.2100 1.8836
2.1800 1.9611 2.1800 1.9656
2.1200 2.0603 2.1200 2.1572
2.0400 2.1303 2.0400 2.2155
2.0100 2.1603 2.0100 2.2050
2.0600 2.1725 2.0600 2.2114
2.1100 2.1798 2.1100 2.2160
2.1000 2.0347 2.1000 1.9377
2.0400 1.9046 2.0400 1.7701
1.9900 1.7778 1.9900 1.6706
2.0000 1.8503 2.0000 1.9137
2.0600 2.0815 2.0600 2.3062
2.1400 2.1193 2.1400 2.2010
2.2600 1.9638 2.2600 1.8417
2.4100 1.8530 2.4100 1.6965
2.5800 1.8043 2.5800 1.8198
2.7300 1.9547 2.7300 2.1018
2.8200 2.1148 2.8200 2.2741
2.8300 2.2282 2.8300 2.3392
2.7600 2.3899 2.7600 2.5550
2.6400 2.5728 2.6400 2.7922
2.4800 2.7575 2.4800 2.9624
2.3400 2.8497 2.3400 2.9773
2.2100 2.8340 2.2100 2.8536
2.1000 2.7390 2.1000 2.6541
1.9900 2.5807 1.9900 2.2937
1.8900 2.3290 1.8900 1.9965
1.8200 2.0467 1.8200 1.6953
1.7700 1.8707 1.7700 1.7090
1.7100 1.7396 1.7100 1.6385
1.6300 1.6650 1.6300 1.5917
1.5100 1.5607 1.5100 1.4901
1.3800 1.4988 1.3800 1.4603
1.2700 1.5181 1.2700 1.5543
1.1900 1.5296 1.1900 1.5681
1.1400 1.4564 1.1400 1.4089
1.1400 1.3596 1.1400 1.2542
1.1400 1.2150 1.1400 1.0034
1.1500 1.0759 1.1500 0.9167
1.1800 0.9815 1.1800 0.9555
1.2600 0.9750 1.2600 0.9930
1.3700 1.0003 1.3700 1.0206
1.5000 1.1071 1.5000 1.1864
1.6400 1.1109 1.6400 1.1278
1.7800 1.1447 1.7800 1.1390
1.9300 1.2332 1.9300 1.2816
2.0500 1.4296 2.0500 1.5626
2.1600 1.6063 2.1600 1.7412
2.2500 1.7426 2.2500 1.8640
2.3100 1.8669 2.3100 2.0059
2.3500 1.9932 2.3500 2.1422
2.3800 2.1531 2.3800 2.3302
2.4300 2.2144 2.4300 2.3292
2.5000 2.3066 2.5000 2.4219
2.5700 2.3685 2.5700 2.4854
2.6100 2.3837 2.6100 2.4347
2.6200 2.3954 2.6200 2.3974
2.6100 2.4054 2.6100 2.4170
2.5900 2.4905 2.5900 2.5733
2.5600 2.5875 2.5600 2.7162
2.5100 2.6261 2.5100 2.7153
2.4400 2.5936 2.4400 2.6083
2.3600 2.5587 2.3600 2.5157
2.2900 2.5026 2.2900 2.4631
2.2400 2.4511 2.2400 2.4093
2.2000 2.3832 2.2000 2.3229
2.1500 2.2717 2.1500 2.1742
2.0400 2.1456 2.0400 2.0318
1.9300 2.0389 1.9300 1.9468
1.8400 1.9910 1.8400 1.9543
1.7800 1.9865 1.7800 1.9963
1.7300 1.9683 1.7300 1.9719
1.6800 1.8966 1.6800 1.8538
1.6300 1.6991 1.6300 1.4640
1.5800 1.5928 1.5800 1.4508
1.5400 1.5250 1.5400 1.5307
1.4900 1.5312 1.4900 1.5424
1.4400 1.4996 1.4400 1.4778
1.3800 1.4551 1.3800 1.4285
1.3300 1.4207 1.3300 1.4043
1.2900 1.3859 1.2900 1.3681
1.2700 1.3779 1.2700 1.3707
1.2300 1.3121 1.2300 1.2622
1.1900 1.2664 1.1900 1.2133
1.1500 1.1932 1.1500 1.1295
1.1400 1.1715 1.1400 1.1361
1.1500 1.1600 1.1500 1.1452
1.1600 1.1865 1.1600 1.1924
1.1700 1.1088 1.1700 1.0452
1.1900 1.0741 1.1900 1.0183
1.2100 1.0471 1.2100 1.0174
1.2200 1.1065 1.2200 1.1290
1.2100 1.1610 1.2100 1.1852
1.2000 1.1695 1.2000 1.1468
1.2000 1.1824 1.2000 1.1565
1.2000 1.2315 1.2000 1.2462
1.1700 1.2561 1.1700 1.2549
1.1400 1.2432 1.1400 1.2044
1.1200 1.1904 1.1200 1.1223
1.1200 1.1815 1.1200 1.1426
1.1300 1.2037 1.1300 1.1961
1.1500 1.1996 1.1500 1.1675
1.1600 1.1017 1.1600 0.9935
1.1600 1.0724 1.1600 1.0052
1.1600 1.0808 1.1600 1.0662
1.1600 1.1220 1.1600 1.1251
1.1600 1.1490 1.1600 1.1399
1.1600 1.1886 1.1600 1.1820
1.1600 1.1814 1.1600 1.1499
1.1400 1.1637 1.1400 1.1158
1.1200 1.1678 1.1200 1.1394
1.1000 1.1691 1.1000 1.1414
1.1000 1.1661 1.1000 1.1269
1.1200 1.1635 1.1200 1.1267
1.1300 1.1629 1.1300 1.1297
1.1200 1.1013 1.1200 1.0224
1.0900 1.0814 1.0900 1.0222
1.0600 1.0653 1.0600 1.0276
1.0400 1.1060 1.0400 1.1020
1.0400 1.1662 1.0400 1.1799
1.0200 1.1532 1.0200 1.1113
1.0000 1.1015 1.0000 1.0191
0.9700 1.0439 0.9700 0.9515
0.9700 1.0130 0.9700 0.9598
0.9700 1.0148 0.9700 0.9913
0.9800 1.0522 0.9800 1.0535
0.9900 0.9921 0.9900 0.9270
0.9900 0.9719 0.9900 0.9152
0.9900 0.9313 0.9900 0.8818
0.9900 0.9973 0.9900 1.0052
0.9900 1.0007 0.9900 0.9819
1.0000 1.0254 1.0000 0.9989
1.0000 1.0337 1.0000 1.0099
1.0000 1.0168 1.0000 0.9674
1.0100 1.0187 1.0100 0.9742
1.0000 1.0211 1.0000 0.9867
0.9800 1.0201 0.9800 0.9805
0.9600 1.0483 0.9600 1.0272
0.9500 1.0275 0.9500 0.9801
0.9500 1.0255 0.9500 0.9782
0.9600 1.0578 0.9600 1.0419
0.9700 1.0077 0.9700 0.9416
0.9800 0.9645 0.9800 0.8871
0.9800 0.9483 0.9800 0.9062
0.9900 0.9647 0.9900 0.9422
1.0000 0.9856 1.0000 0.9634
1.0000 1.0121 1.0000 0.9949
0.9700 1.0189 0.9700 0.9909
0.9300 1.0286 0.9300 0.9954
0.9000 1.0111 0.9000 0.9595
0.8900 1.0422 0.8900 1.0167
0.9000 1.0532 0.9000 1.0251
0.9300 1.0295 0.9300 0.9699
0.9500 0.9456 0.9500 0.8345
0.9600 0.8972 0.9600 0.8170
0.9400 0.8848 0.9400 0.8546
0.9100 0.9214 0.9100 0.9086
0.8900 0.9686 0.8900 0.9604
0.9100 1.0302 0.9100 1.0359
0.9300 1.0243 0.9300 0.9893
0.9400 1.0132 0.9400 0.9562
0.9300 0.9469 0.9300 0.8466
0.9200 0.9006 0.9200 0.8211
0.9800 0.9010 0.9800 0.8658
1.0200 1.0012 1.0200 1.0300
1.0500 1.0158 1.0500 0.9948
1.0800 0.9950 1.0800 0.9312
1.0900 0.9442 1.0900 0.8722
1.1000 0.9411 1.1000 0.8967
1.0900 1.1445 1.0900 1.2362
1.1000 1.1404 1.1000 1.1203
1.1100 1.1333 1.1100 1.0485
1.1400 1.1689 1.1400 1.1658
1.1700 1.1447 1.1700 1.1052
1.2100 1.1492 1.2100 1.0974
1.2500 1.0947 1.2500 1.0228
1.2800 1.1406 1.2800 1.1219
1.3200 1.1491 1.3200 1.1287
1.3600 1.2136 1.3600 1.2148
1.4100 1.2418 1.4100 1.2387
1.4500 1.3008 1.4500 1.3148
1.5000 1.3421 1.5000 1.3574
1.5500 1.3498 1.5500 1.3388
1.5800 1.4098 1.5800 1.4348
1.6000 1.4495 1.6000 1.4796
1.5800 1.5156 1.5800 1.5535
1.5400 1.5300 1.5400 1.5436
1.4800 1.5983 1.4800 1.6448
1.4000 1.6484 1.4000 1.7019
1.3300 1.6290 1.3300 1.6198
1.2600 1.6225 1.2600 1.6123
1.1900 1.5124 1.1900 1.4376
1.1100 1.4223 1.1100 1.3304
1.0400 1.3196 1.0400 1.2255
0.9600 1.1995 0.9600 1.0642
0.9000 1.1339 0.9000 1.0709
0.8400 1.0655 0.8400 1.0242
0.8000 1.0000 0.8000 0.9478
0.7800 0.9321 0.7800 0.8618
0.8300 0.8925 0.8300 0.8645
0.9300 0.8513 0.9300 0.8049
1.0200 0.8368 1.0200 0.8199
1.0700 0.8096 1.0700 0.7852
1.0800 0.8131 1.0800 0.7959
1.1000 0.8250 1.1000 0.8164
1.1400 0.9934 1.1400 1.0733
1.1700 1.1796 1.1700 1.2826
1.2000 1.2345 1.2000 1.2353
1.2300 1.2029 1.2300 1.1359
1.2500 1.1543 1.2500 1.0683
1.2500 1.1906 1.2500 1.1905
1.2500 1.2677 1.2500 1.3005
1.2300 1.2590 1.2300 1.2173
1.2100 1.2745 1.2100 1.2419
1.1900 1.3046 1.1900 1.3129
1.1800 1.3027 1.1800 1.2832
1.1700 1.2560 1.1700 1.1929
1.1600 1.2534 1.1600 1.2230
1.1500 1.1903 1.1500 1.1256
1.1400 1.1648 1.1400 1.1033
1.1200 1.1438 1.1200 1.1011
1.0900 1.1527 1.0900 1.1267
1.0600 1.1415 1.0600 1.1049
1.0400 1.1311 1.0400 1.0900
1.0200 1.1242 1.0200 1.0863
1.0000 1.1176 1.0000 1.0802
0.9900 1.0790 0.9900 1.0196
0.9700 1.0300 0.9700 0.9621
0.9500 1.0036 0.9500 0.9574
0.9200 1.0074 0.9200 0.9887
0.8900 0.9919 0.8900 0.9568
0.8600 0.9745 0.8600 0.9298
0.8300 0.9879 0.8300 0.9687
0.7900 0.9541 0.7900 0.9053
0.7600 0.9380 0.7600 0.8850
0.7200 0.8958 0.7200 0.8351
0.6900 0.8742 0.6900 0.8287
0.6600 0.8531 0.6600 0.8196
0.6400 0.8338 0.6400 0.8046
0.6300 0.8057 0.6300 0.7618
0.6400 0.8015 0.6400 0.7763
0.6800 0.7760 0.6800 0.7376
0.7100 0.7719 0.7100 0.7423
0.7200 0.7582 0.7200 0.7286
0.7000 0.7612 0.7000 0.7341
0.6600 0.7669 0.6600 0.7425
0.6200 0.7932 0.6200 0.7775
0.5800 0.8709 0.5800 0.8664
0.5500 0.8747 0.5500 0.8207
0.5200 0.8378 0.5200 0.7557
0.5200 0.7872 0.5200 0.7101
0.5700 0.7612 0.5700 0.6876
0.6800 0.7419 0.6800 0.6983
0.8200 0.7221 0.8200 0.6874
0.9700 0.7174 0.9700 0.6857
1.1000 0.7004 1.1000 0.6628
1.1700 0.7326 1.1700 0.7160
1.2100 0.8132 1.2100 0.8296
1.2400 1.0170 1.2400 1.0791
1.2900 1.1830 1.2900 1.2361
1.3500 1.3039 1.3500 1.3635
1.3900 1.3771 1.3900 1.4310
1.4000 1.3614 1.4000 1.3276
1.4000 1.3543 1.4000 1.3042
1.3900 1.3599 1.3900 1.3535
1.3900 1.4370 1.3900 1.4743
1.4000 1.4987 1.4000 1.5327
1.4100 1.4782 1.4100 1.4508
1.4000 1.4160 1.4000 1.3521
1.3700 1.3962 1.3700 1.3709
1.3300 1.3643 1.3300 1.3353
1.3100 1.3774 1.3100 1.3658
1.3400 1.4017 1.3400 1.4115
1.4200 1.4055 1.4200 1.3991
1.5500 1.3495 1.5500 1.2948
1.7000 1.2781 1.7000 1.2060
1.8700 1.2213 1.8700 1.1605
2.0400 1.2458 2.0400 1.2430
2.2000 1.3815 2.2000 1.4701
2.3700 1.5654 2.3700 1.7045
2.5300 1.8000 2.5300 1.9572
2.6700 1.9306 2.6700 2.0827
2.7900 2.1023 2.7900 2.2805
2.8900 2.2578 2.8900 2.4402
2.9700 2.3956 2.9700 2.5591
3.0500 2.5816 3.0500 2.7860
3.1300 2.7178 3.1300 2.9010
3.2000 2.8112 3.2000 2.9370
3.2700 2.8913 3.2700 3.0050
3.3300 2.9616 3.3300 3.0691
3.3700 3.0108 3.3700 3.0933
3.3800 3.0906 3.3800 3.1965
3.3600 3.1624 3.3600 3.2723
3.3300 3.1986 3.3300 3.2679
3.2700 3.2558 3.2700 3.3339
3.2100 3.2921 3.2100 3.3619
3.1300 3.2941 3.1300 3.3198
3.0200 3.2549 3.0200 3.2123
2.8500 3.1849 2.8500 3.0735
2.6100 3.1204 2.6100 3.0328
2.3600 2.9730 2.3600 2.8227
2.1400 2.8970 2.1400 2.7791
1.9900 2.7604 1.9900 2.6258
1.8900 2.5692 1.8900 2.3566
1.7700 2.3219 1.7700 1.9562
1.6300 1.9824 1.6300 1.5316
1.4600 1.6893 1.4600 1.2584
1.3000 1.4674 1.3000 1.2819
1.1600 1.4267 1.1600 1.4763
1.0600 1.4483 1.0600 1.5326
0.9600 1.3023 0.9600 1.2341
0.8900 1.2116 0.8900 1.0389
0.8300 1.0507 0.8300 0.8784
0.7800 0.9535 0.7800 0.8824
0.7500 0.8974 0.7500 0.8768
0.7300 0.8820 0.7300 0.8931
0.7200 0.8287 0.7200 0.7948
0.7000 0.8182 0.7000 0.8049
0.6700 0.8000 0.6700 0.7891
0.6500 0.7890 0.6500 0.7656
0.6300 0.7969 0.6300 0.7825
0.6100 0.7990 0.6100 0.7822
0.6000 0.8040 0.6000 0.7794
0.6100 0.7795 0.6100 0.7398
0.6400 0.7631 0.6400 0.7090
0.6700 0.7613 0.6700 0.7367
0.6700 0.7572 0.6700 0.7295
0.6600 0.7475 0.6600 0.7091
0.6500 0.7522 0.6500 0.7242
0.6600 0.7805 0.6600 0.7662
0.6800 0.8241 0.6800 0.8018
0.7400 0.8457 0.7400 0.7930
0.8100 0.7851 0.8100 0.7192
0.8900 0.7750 0.8900 0.7176
0.9500 0.7709 0.9500 0.7447
1.0300 0.8068 1.0300 0.7942
1.1200 0.8364 1.1200 0.8044
1.1900 0.9575 1.1900 0.9682
1.2200 1.0319 1.2200 1.0367
1.2200 1.1153 1.2200 1.1083
1.2200 1.1335 1.2200 1.1000
1.2400 1.2517 1.2400 1.2862
1.2500 1.3624 1.2500 1.4257
1.2800 1.3802 1.2800 1.3692
1.3000 1.3156 1.3000 1.2366
1.3100 1.2500 1.3100 1.1748
1.3300 1.2481 1.3300 1.2216
1.3300 1.3019 1.3300 1.3189
1.3300 1.2765 1.3300 1.2340
1.3100 1.3372 1.3100 1.3439
1.3000 1.3371 1.3000 1.3378
1.2900 1.3233 1.2900 1.2882
1.2800 1.3659 1.2800 1.3802
1.2800 1.3239 1.2800 1.2913
1.2800 1.3183 1.2800 1.2805
1.2700 1.2556 1.2700 1.1989
1.2500 1.2647 1.2500 1.2416
1.2200 1.2547 1.2200 1.2345
1.2000 1.2406 1.2000 1.2034
1.1800 1.2609 1.1800 1.2511
1.1500 1.2630 1.1500 1.2517
1.1100 1.2318 1.1100 1.1834
1.0700 1.1923 1.0700 1.1360
1.0600 1.1450 1.0600 1.0841
1.0600 1.1481 1.0600 1.1169
1.0600 1.1289 1.0600 1.0930
1.0700 1.0760 1.0700 1.0103
1.0800 1.0175 1.0800 0.9494
1.1000 0.9841 1.1000 0.9412
1.1000 1.0413 1.1000 1.0619
1.0800 1.0652 1.0800 1.0695
1.0300 1.0615 1.0300 1.0288
0.9700 1.0954 0.9700 1.0832
0.9200 1.1129 0.9200 1.0952
0.9000 1.1554 0.9000 1.1426
0.9000 1.1151 0.9000 1.0536
0.8900 1.0528 0.8900 0.9572
0.8600 0.9689 0.8600 0.8340
0.8300 0.8914 0.8300 0.8205
0.8000 0.8592 0.8000 0.8434
0.7700 0.9044 0.7700 0.9038
0.7400 0.9451 0.7400 0.9407
0.7200 0.9133 0.7200 0.8547
0.7100 0.8582 0.7100 0.7779
0.7100 0.8354 0.7100 0.7943
0.7000 0.8200 0.7000 0.7979
0.6900 0.8095 0.6900 0.7780
0.6700 0.7935 0.6700 0.7597
0.6500 0.7956 0.6500 0.7724
0.6400 0.8029 0.6400 0.7825
0.6300 0.8125 0.6300 0.7898
0.6300 0.7920 0.6300 0.7518
0.6300 0.7857 0.6300 0.7492
0.6300 0.7691 0.6300 0.7295
0.6300 0.7621 0.6300 0.7270
0.6300 0.7716 0.6300 0.7478
0.6300 0.7674 0.6300 0.7363
0.6300 0.7764 0.6300 0.7473
0.6300 0.7740 0.6300 0.7429
0.6300 0.7729 0.6300 0.7378
0.6200 0.7723 0.6200 0.7386
0.6100 0.7733 0.6100 0.7408
0.6000 0.7740 0.6000 0.7404
0.6000 0.7740 0.6000 0.7404
0.5900 0.7740 0.5900 0.7404
0.5800 0.7740 0.5800 0.7404
0.5700 0.7576 0.5700 0.7153
0.5600 0.7537 0.5600 0.7165
0.5400 0.7515 0.5400 0.7191
0.5500 0.7648 0.5500 0.7384
0.5900 0.7471 0.5900 0.7054
0.6300 0.7405 0.6300 0.6998
0.6900 0.7369 0.6900 0.7034
0.8000 0.7350 0.8000 0.6999
0.9200 0.7174 0.9200 0.6682
1.0400 0.7540 1.0400 0.7388
1.1300 0.8116 1.1300 0.8078
1.1800 0.8413 1.1800 0.7872
1.1800 0.9190 1.1800 0.8905
1.1600 1.1055 1.1600 1.1756
1.1400 1.2406 1.1400 1.2896
1.1000 1.3374 1.1000 1.3715
1.0700 1.3619 1.0700 1.3734
1.0400 1.3394 1.0400 1.2925
1.0200 1.2369 1.0200 1.1238
0.9800 1.1633 0.9800 1.0694
0.9400 1.1316 0.9400 1.0745
0.9100 1.0362 0.9100 0.9361
0.8900 1.0145 0.8900 0.9597
0.8800 0.9854 0.8800 0.9539
0.8700 0.9903 0.8700 0.9631
0.8600 0.9169 0.8600 0.8406
0.8500 0.8876 0.8500 0.8311
0.8300 0.8864 0.8300 0.8599
0.8100 0.8958 0.8100 0.8684
0.8200 0.9084 0.8200 0.8751
0.8400 0.9001 0.8400 0.8568
0.8500 0.8929 0.8500 0.8448
0.8400 0.8872 0.8400 0.8408
0.8200 0.8537 0.8200 0.8028
0.8100 0.8387 0.8100 0.7995
0.8000 0.9093 0.8000 0.9095
0.8000 0.9486 0.8000 0.9371
0.7900 0.9322 0.7900 0.8674
0.7800 0.8808 0.7800 0.7936
0.7700 0.8524 0.7700 0.7911
0.7500 0.8635 0.7500 0.8300
0.7300 0.8585 0.7300 0.8211
0.7400 0.8759 0.7400 0.8294
0.7500 0.8468 0.7500 0.7965
0.7500 0.8380 0.7500 0.7933
0.7400 0.8321 0.7400 0.7971
0.7400 0.8054 0.7400 0.7673
0.7400 0.7968 0.7400 0.7616
0.7800 0.8519 0.7800 0.8420
0.8600 0.8633 0.8600 0.8237
1.0000 0.8389 1.0000 0.7765
1.1600 0.8094 1.1600 0.7609
1.3100 0.8318 1.3100 0.8027
1.4400 0.8361 1.4400 0.8016
1.5400 0.9454 1.5400 0.9530
1.6300 1.0901 1.6300 1.1475
1.7000 1.3362 1.7000 1.4566
1.7500 1.4904 1.7500 1.6022
1.8100 1.5801 1.8100 1.6615
1.8500 1.6653 1.8500 1.7531
1.8500 1.7312 1.8500 1.8197
1.8400 1.8228 1.8400 1.9258
1.8500 1.8666 1.8500 1.9142
1.8700 1.8680 1.8700 1.8646
1.8900 1.9381 1.8900 2.0013
1.9000 1.9220 1.9000 1.9412
1.9200 1.8147 1.9200 1.7267
1.9100 1.7751 1.9100 1.7387
1.8900 1.8299 1.8900 1.8970
1.8200 1.8628 1.8200 1.9103
1.7400 1.8693 1.7400 1.8813
1.6600 1.8536 1.6600 1.8592
1.6100 1.9012 1.6100 1.9584
1.5600 1.8244 1.5600 1.7939
1.5200 1.7766 1.5200 1.7293
1.4500 1.6089 1.4500 1.4616
1.3800 1.5008 1.3800 1.3777
1.3000 1.4073 1.3000 1.3500
1.2200 1.4197 1.2200 1.4242
1.1500 1.3656 1.1500 1.3265
1.0900 1.3470 1.0900 1.3183
1.0400 1.2327 1.0400 1.1310
0.9900 1.1742 0.9900 1.0914
0.9400 1.0892 0.9400 1.0146
0.8900 1.0092 0.8900 0.9489
0.8600 0.9691 0.8600 0.9395
0.8600 0.9463 0.8600 0.9265
0.9200 0.9306 0.9200 0.9056
1.0000 0.8939 1.0000 0.8549
1.1000 0.8596 1.1000 0.8275
1.1900 0.8390 1.1900 0.8076
1.2900 0.8495 1.2900 0.8399
1.3900 0.9129 1.3900 0.9256
1.4900 1.0851 1.4900 1.1662
1.5700 1.1907 1.5700 1.2442
1.6100 1.3283 1.6100 1.3812
1.6400 1.4042 1.6400 1.4492
1.6400 1.5224 1.6400 1.6114
1.6500 1.6199 1.6500 1.7232
1.6900 1.7101 1.6900 1.8085
1.7900 1.7459 1.7900 1.7956
1.8600 1.7049 1.8600 1.6687
1.8900 1.7073 1.8900 1.7051
1.8900 1.6343 1.8900 1.5946
1.9200 1.6521 1.9200 1.6502
1.9300 1.7509 1.9300 1.8442
1.8800 1.9783 1.8800 2.1795
1.8100 1.9712 1.8100 2.0118
1.7600 1.9039 1.7600 1.8440
1.7600 1.8500 1.7600 1.8271
1.8100 1.9573 1.8100 2.0651
1.8900 1.9113 1.8900 1.9089
1.9600 1.6999 1.9600 1.5115
2.0000 1.6065 2.0000 1.4613
2.0100 1.5830 2.0100 1.6081
1.9800 1.6908 1.9800 1.7877
1.9200 1.8430 1.9200 1.9803
1.8500 1.9878 1.8500 2.1358
1.7800 2.0397 1.7800 2.1016
1.7100 2.0287 1.7100 2.0467
1.6400 1.9841 1.6400 1.9697
1.5900 1.8649 1.5900 1.7824
1.5400 1.7286 1.5400 1.6054
1.5200 1.6234 1.5200 1.5332
1.5200 1.5430 1.5200 1.4783
1.5700 1.4636 1.5700 1.3959
1.6500 1.3900 1.6500 1.3275
1.7400 1.3889 1.7400 1.3869
1.8200 1.3463 1.8200 1.3239
1.8700 1.3979 1.8700 1.4264
1.9000 1.4523 1.9000 1.5115
1.9400 1.6193 1.9400 1.7525
1.9600 1.7748 1.9600 1.9273
1.9600 1.8921 1.9600 1.9926
1.9300 1.9373 1.9300 2.0149
1.9100 1.9439 1.9100 1.9759
1.8800 1.9414 1.8800 1.9467
1.8600 2.0045 1.8600 2.0739
1.8300 1.9688 1.8300 1.9692
1.8000 1.9064 1.8000 1.8503
1.7800 1.8011 1.7800 1.7259
1.7600 1.8010 1.7600 1.8036
1.7700 1.7436 1.7700 1.7206
1.7700 1.7356 1.7700 1.7236
1.7700 1.6802 1.7700 1.6542
1.7900 1.6493 1.7900 1.6291
1.8400 1.6562 1.8400 1.6748
1.9300 1.6384 1.9300 1.6431
2.0400 1.7173 2.0400 1.7837
2.1300 1.6981 2.1300 1.7174
2.2200 1.6977 2.2200 1.6959
2.2900 1.7715 2.2900 1.8508
2.2700 1.8961 2.2700 2.0290
2.1900 2.0783 2.1900 2.2510
2.1000 2.1989 2.1000 2.3475
2.0900 2.2259 2.0900 2.3004
2.1600 2.3139 2.1600 2.4220
2.2500 2.3634 2.2500 2.4675
2.3500 2.1772 2.3500 1.9940
2.4300 1.9981 2.4300 1.7250
2.4800 1.8478 2.4800 1.7272
2.4900 1.9901 2.4900 2.1303
2.4800 2.2281 2.4800 2.4617
2.5200 2.3447 2.5200 2.4522
2.5500 2.4141 2.5500 2.4931
2.5600 2.4570 2.5600 2.5461
2.5300 2.4835 2.5300 2.5367
2.5300 2.4548 2.5300 2.3996
2.5600 2.3909 2.5600 2.3351
2.6200 2.5429 2.6200 2.6731
2.6700 2.5346 2.6700 2.5770
2.7400 2.4745 2.7400 2.4062
2.7900 2.3496 2.7900 2.2557
2.8300 2.4289 2.8300 2.4981
2.8400 2.5339 2.8400 2.6633
2.8200 2.6533 2.8200 2.7699
2.8100 2.6645 2.8100 2.7070
2.8100 2.7563 2.8100 2.8648
2.8400 2.7742 2.8400 2.8472
2.8500 2.8031 2.8500 2.8460
2.8700 2.7696 2.8700 2.7304
2.9100 2.6703 2.9100 2.5786
2.9700 2.6783 2.9700 2.6689
3.0300 2.6951 3.0300 2.7254
3.0800 2.7858 3.0800 2.8597
3.1100 2.7412 3.1100 2.7292
3.0800 2.7851 3.0800 2.8121
3.0100 2.8856 3.0100 3.0037
2.9400 2.9758 2.9400 3.0981
2.9100 3.0134 2.9100 3.0819
2.9100 3.0312 2.9100 3.0771
2.9100 3.0311 2.9100 3.0589
2.8800 2.8923 2.8800 2.7382
2.7800 2.7208 2.7800 2.5173
2.6300 2.6396 2.6300 2.5467
2.4200 2.6947 2.4200 2.7292
2.1600 2.7517 2.1600 2.8036
1.8800 2.7410 1.8800 2.7363
1.6200 2.6428 1.6200 2.5644
1.4300 2.4276 1.4300 2.1792
1.3200 2.2047 1.3200 1.8805
1.2700 1.8864 1.2700 1.4705
1.2200 1.5240 1.2200 1.0568
1.1800 1.1911 1.1800 0.9193
1.1600 1.0324 1.1600 0.9237
1.2000 0.9729 1.2000 1.0134
1.2600 1.0092 1.2600 1.1235
1.3100 1.0704 1.3100 1.1992
1.3400 1.0327 1.3400 1.0513
1.3400 1.0293 1.3400 1.0402
1.3600 1.0738 1.3600 1.1258
1.3800 1.2605 1.3800 1.3791
1.4200 1.3706 1.4200 1.4461
1.4400 1.3970 1.4400 1.3950
1.4700 1.3919 1.4700 1.3770
1.5100 1.3394 1.5100 1.2968
1.5600 1.4060 1.5600 1.4354
1.6200 1.4234 1.6200 1.4423
1.6800 1.4938 1.6800 1.5237
1.7100 1.4647 1.7100 1.4469
1.6700 1.5136 1.6700 1.5357
1.6500 1.5804 1.6500 1.6460
1.6900 1.6501 1.6900 1.7116
1.7800 1.7282 1.7800 1.7951
1.8500 1.7870 1.8500 1.8531
1.9000 1.7484 1.9000 1.7345
1.9400 1.5693 1.9400 1.3900
1.9700 1.5741 1.9700 1.5697
1.9900 1.7530 1.9900 1.9327
2.0100 1.9399 2.0100 2.1093
2.0200 1.9459 2.0200 1.9708
2.0500 1.9508 2.0500 1.9701
2.0700 1.9907 2.0700 2.0592
2.0900 2.0049 2.0900 2.0462
2.1200 1.9933 2.1200 1.9928
2.1400 2.0037 2.1400 2.0248
2.1400 1.9836 2.1400 1.9891
2.1100 2.0544 2.1100 2.1218
2.1000 2.0484 2.1000 2.0812
2.1200 2.0621 2.1200 2.0806
2.1400 2.1178 2.1400 2.1893
2.1500 2.1144 2.1500 2.1460
2.1400 2.0628 2.1400 2.0292
2.1400 1.9613 2.1400 1.8901
2.1200 1.9987 2.1200 2.0337
2.1000 2.0885 2.1000 2.1982
2.0700 2.0973 2.0700 2.1300
2.0700 2.0774 2.0700 2.0696
2.0700 2.0274 2.0700 2.0129
2.0700 2.0582 2.0700 2.0992
2.0300 1.9918 2.0300 1.9682
1.9800 1.9638 1.9800 1.9356
1.9400 1.9097 1.9400 1.8872
1.9100 1.9786 1.9100 2.0449
1.8700 1.9785 1.8700 2.0160
1.8200 1.9735 1.8200 1.9780
1.7800 1.8434 1.7800 1.7596
1.7600 1.7745 1.7600 1.7151
1.7500 1.7647 1.7500 1.7763
1.7500 1.7540 1.7500 1.7627
1.7400 1.6830 1.7400 1.6306
1.7100 1.6094 1.7100 1.5535
1.6500 1.6002 1.6500 1.6046
1.5800 1.6322 1.5800 1.6773
1.5300 1.6451 1.5300 1.6697
1.5300 1.6685 1.5300 1.6965
1.5500 1.6419 1.5500 1.6417
1.5600 1.5725 1.5600 1.5243
1.5400 1.4598 1.5400 1.3558
1.5000 1.3706 1.5000 1.2837
1.4700 1.3599 1.4700 1.3528
1.4400 1.4691 1.4400 1.5546
1.3900 1.5291 1.3900 1.5874
1.3400 1.5143 1.3400 1.5017
1.3000 1.4379 1.3000 1.3817
1.2900 1.3729 1.2900 1.3129
1.2900 1.3692 1.2900 1.3642
1.3000 1.3380 1.3000 1.3113
1.2900 1.2367 1.2900 1.1350
1.2600 1.1864 1.2600 1.1187
1.2300 1.1761 1.2300 1.1579
1.2100 1.2339 1.2100 1.2573
1.2000 1.2559 1.2000 1.2573
1.1900 1.2876 1.1900 1.2877
1.1900 1.2419 1.1900 1.1975
1.1800 1.1762 1.1800 1.0994
1.1800 1.1542 1.1800 1.1107
1.1700 1.1592 1.1700 1.1400
1.1600 1.1674 1.1600 1.1454
1.1500 1.1543 1.1500 1.1168
1.1300 1.1767 1.1300 1.1604
1.0900 1.1508 1.0900 1.1095
1.0500 1.1739 1.0500 1.1521
1.0300 1.1472 1.0300 1.1052
1.0500 1.1370 1.0500 1.0886
1.0700 1.1292 1.0700 1.0911
1.0800 1.0895 1.0800 1.0298
1.0600 1.0104 1.0600 0.9181
1.0200 0.9717 1.0200 0.9165
0.9900 0.9991 0.9900 1.0000
0.9800 1.1016 0.9800 1.1520
0.9600 1.1175 0.9600 1.1102
0.9400 1.1041 0.9400 1.0486
0.9300 1.0369 0.9300 0.9406
0.9200 0.9762 0.9200 0.8644
0.9100 0.9541 0.9100 0.9180
0.8800 0.9888 0.8800 0.9885
0.8500 0.9505 0.8500 0.8908
0.8300 0.9286 0.8300 0.8684
0.8300 0.9431 0.8300 0.9251
0.8200 0.9401 0.8200 0.9064
0.8000 0.9319 0.8000 0.8820
0.7800 0.8699 0.7800 0.8016
0.7700 0.8461 0.7700 0.8033
0.7600 0.8535 0.7600 0.8312
0.7600 0.8970 0.7600 0.8810
0.7500 0.8685 0.7500 0.8132
0.7400 0.8289 0.7400 0.7755
0.7300 0.8149 0.7300 0.7852
0.7200 0.8325 0.7200 0.8126
0.7100 0.8271 0.7100 0.7970
0.7100 0.8451 0.7100 0.8088
0.7000 0.8180 0.7000 0.7782
0.7000 0.8097 0.7000 0.7745
0.7000 0.8066 0.7000 0.7782
0.6900 0.8044 0.6900 0.7745
0.6900 0.7997 0.6900 0.7672
0.7100 0.8113 0.7100 0.7886
0.7300 0.7941 0.7300 0.7567
0.7200 0.8047 0.7200 0.7763
0.7200 0.8050 0.7200 0.7789
0.7100 0.7886 0.7100 0.7469
0.7100 0.7997 0.7100 0.7724
0.7100 0.8537 0.7100 0.8355
0.7300 0.8705 0.7300 0.8225
0.7500 0.8004 0.7500 0.7324
0.7600 0.8151 0.7600 0.7766
0.7800 0.7984 0.7800 0.7713
0.8100 0.8145 0.8100 0.7868
0.8300 0.8134 0.8300 0.7825
0.8500 0.8672 0.8500 0.8389
0.8700 0.8833 0.8700 0.8410
0.8900 0.8685 0.8900 0.7962
0.9300 0.9021 0.9300 0.8640
0.9700 0.9488 0.9700 0.9334
1.0300 0.9442 1.0300 0.8871
1.0900 0.9552 1.0900 0.9035
1.1800 0.9711 1.1800 0.9378
1.2700 0.9884 1.2700 0.9508
1.3800 1.0634 1.3800 1.0594
1.4900 1.0997 1.4900 1.0792
1.6000 1.1933 1.6000 1.2041
1.7100 1.2513 1.7100 1.2654
1.7900 1.3993 1.7900 1.4733
1.8600 1.4883 1.8600 1.5528
1.9200 1.6252 1.9200 1.7324
1.9900 1.7146 1.9900 1.8300
2.0500 1.8098 2.0500 1.9244
2.0800 1.9088 2.0800 2.0353
2.0900 1.9339 2.0900 2.0110
2.0700 1.9905 2.0700 2.0537
2.0400 2.0412 2.0400 2.1056
2.0100 2.1289 2.0100 2.2177
1.9800 2.1574 1.9800 2.2070
1.9700 2.1050 1.9700 2.0772
1.9600 2.0627 1.9600 2.0348
1.9400 1.9694 1.9400 1.9128
1.8900 1.9064 1.8900 1.8515
1.8300 1.8673 1.8300 1.8449
1.7700 1.8270 1.7700 1.8050
1.7000 1.8566 1.7000 1.8874
1.6300 1.8454 1.6300 1.8659
1.5500 1.8011 1.5500 1.7761
1.4900 1.6861 1.4900 1.6056
1.4500 1.6087 1.4500 1.5471
1.4100 1.5535 1.4100 1.5199
1.3800 1.4584 1.3800 1.3852
1.3400 1.3856 1.3400 1.3155
1.3000 1.2888 1.3000 1.2119
1.2800 1.2778 1.2800 1.2566
1.2500 1.2901 1.2500 1.3029
1.2400 1.2540 1.2400 1.2205
1.2300 1.2516 1.2300 1.2295
1.2400 1.2024 1.2400 1.1632
1.2600 1.1713 1.2600 1.1226
1.2900 1.2029 1.2900 1.2073
1.3600 1.1571 1.3600 1.1135
1.4500 1.1899 1.4500 1.1744
1.5600 1.1873 1.5600 1.1755
1.6600 1.2422 1.6600 1.2518
1.7500 1.2877 1.7500 1.3070
1.8200 1.3403 1.8200 1.3620
1.8500 1.4990 1.8500 1.6055
1.8600 1.6363 1.8600 1.7583
1.8300 1.7753 1.8300 1.8942
1.7800 1.8335 1.7800 1.9278
1.7100 1.9014 1.7100 1.9949
1.6200 1.9456 1.6200 2.0224
1.5200 1.9067 1.5200 1.8734
1.4300 1.8625 1.4300 1.8247
1.3500 1.7320 1.3500 1.6413
1.2800 1.6215 1.2800 1.5162
1.2000 1.4960 1.2000 1.3928
1.1200 1.3636 1.1200 1.2243
1.0500 1.2431 1.0500 1.1026
0.9700 1.1585 0.9700 1.1053
0.9100 1.1039 0.9100 1.0805
0.8500 1.0621 0.8500 1.0433
0.8100 0.9870 0.8100 0.9226
0.7800 0.9351 0.7800 0.8721
0.7500 0.8963 0.7500 0.8757
0.7300 0.8547 0.7300 0.8085
0.7000 0.8403 0.7000 0.8221
0.6600 0.8136 0.6600 0.7904
0.6200 0.8175 0.6200 0.8006
0.5700 0.8126 0.5700 0.7949
0.5300 0.7958 0.5300 0.7641
0.5200 0.7961 0.5200 0.7701
0.5200 0.7724 0.5200 0.7347
0.5600 0.7535 0.5600 0.6955
0.6300 0.7375 0.6300 0.6915
0.7300 0.7121 0.7300 0.6567
0.8100 0.7003 0.8100 0.6610
0.8300 0.7259 0.8300 0.7160
0.8100 0.7353 0.8100 0.7107
0.7700 0.7912 0.7700 0.7807
0.7400 0.8969 0.7400 0.9069
0.7300 1.0326 0.7300 1.0527
0.7200 1.0529 0.7200 1.0119
0.7000 0.9617 0.7000 0.8210
0.6800 0.8985 0.6800 0.7503
0.6600 0.8115 0.6600 0.7470
0.6500 0.8041 0.6500 0.7861
0.6300 0.8257 0.6300 0.8147
0.6000 0.8125 0.6000 0.7800
0.5800 0.7812 0.5800 0.7330
0.5700 0.7722 0.5700 0.7353
0.5700 0.7661 0.5700 0.7376
0.6100 0.7766 0.6100 0.7517
0.6800 0.7543 0.6800 0.7135
0.7900 0.7358 0.7900 0.6783
0.9200 0.7320 0.9200 0.7037
1.0400 0.7434 1.0400 0.7218
1.1600 0.7539 1.1600 0.7253
1.2700 0.8209 1.2700 0.8123
1.3700 0.9356 1.3700 0.9507
1.4700 1.0982 1.4700 1.1394
1.5500 1.2527 1.5500 1.3131
1.6300 1.3290 1.6300 1.3768
1.7000 1.4321 1.7000 1.5087
1.7700 1.5241 1.7700 1.6203
1.8200 1.6063 1.8200 1.6831
1.8800 1.6987 1.8800 1.7959
1.9200 1.7382 1.9200 1.7883
1.9500 1.8116 1.9500 1.8746
1.9700 1.8598 1.9700 1.9174
1.9900 1.9215 1.9900 1.9813
2.0300 1.9175 2.0300 1.9359
2.0800 1.9926 2.0800 2.0611
2.1700 1.9822 2.1700 2.0089
2.2800 1.9787 2.2800 1.9799
2.3900 1.9713 2.3900 1.9842
2.4600 1.9859 2.4600 2.0162
2.5000 2.0667 2.5000 2.1494
2.5300 2.1344 2.5300 2.2230
2.5500 2.3061 2.5500 2.4679
2.5400 2.4203 2.5400 2.5880
2.5200 2.5014 2.5200 2.6202
2.5300 2.4891 2.5300 2.5242
2.5500 2.4960 2.5500 2.5315
2.5600 2.5415 2.5600 2.5757
2.5400 2.5359 2.5400 2.5389
2.4800 2.4340 2.4800 2.3466
2.3900 2.3757 2.3900 2.3142
2.2600 2.4545 2.2600 2.5333
2.1100 2.4920 2.1100 2.5572
1.9500 2.4660 1.9500 2.4495
1.8000 2.3736 1.8000 2.3063
1.6800 2.2224 1.6800 2.1005
1.5900 2.0788 1.5900 1.9156
1.5200 1.8752 1.5200 1.6272
1.4800 1.6754 1.4800 1.4228
1.4700 1.4846 1.4700 1.2716
1.4600 1.3349 1.4600 1.2038
1.4500 1.2629 1.4500 1.2535
1.4300 1.2504 1.4300 1.2839
1.4100 1.2379 1.4100 1.2616
1.3700 1.2820 1.3700 1.3300
1.3100 1.3590 1.3100 1.4327
1.2300 1.3647 1.2300 1.3783
1.1500 1.3664 1.1500 1.3587
1.1100 1.3391 1.1100 1.3215
1.1400 1.3283 1.1400 1.3105
1.2400 1.2496 1.2400 1.1796
1.3400 1.1566 1.3400 1.0395
1.4200 1.0560 1.4200 0.9220
1.4800 0.9707 1.4800 0.8973
1.5500 1.0103 1.5500 1.0412
1.6100 1.1874 1.6100 1.3132
1.6600 1.4288 1.6600 1.5876
1.6800 1.5281 1.6800 1.6018
1.6800 1.5642 1.6800 1.5836
1.6600 1.6076 1.6600 1.6520
1.6200 1.7144 1.6200 1.8099
1.5600 1.7496 1.5600 1.7964
1.4800 1.7631 1.4800 1.7717
1.3900 1.7075 1.3900 1.6742
1.2500 1.6568 1.2500 1.6164
1.0900 1.5872 1.0900 1.5362
0.9700 1.4937 0.9700 1.4148
0.9100 1.3806 0.9100 1.2783
0.9000 1.2655 0.9000 1.1347
0.9000 1.1565 0.9000 1.0320
0.9100 0.9650 0.9100 0.8102
0.9200 0.8716 0.9200 0.7324
0.9100 0.8328 0.9100 0.8277
0.8700 0.8686 0.8700 0.9142
0.8200 0.9128 0.8200 0.9585
0.7900 0.9284 0.7900 0.9195
0.7700 0.9554 0.7700 0.9463
0.7800 0.9715 0.7800 0.9609
0.7800 0.9302 0.7800 0.8656
0.7800 0.8635 0.7800 0.7661
0.7600 0.8190 0.7600 0.7584
0.7400 0.8219 0.7400 0.8153
0.7200 0.8281 0.7200 0.8132
0.7000 0.8792 0.7000 0.8629
0.6800 0.8582 0.6800 0.8062
0.6500 0.8554 0.6500 0.7961
0.6200 0.8096 0.6200 0.7568
0.6000 0.7987 0.6000 0.7653
0.5900 0.7949 0.5900 0.7676
0.5600 0.7880 0.5600 0.7562
0.5300 0.7772 0.5300 0.7423
0.5200 0.7547 0.5200 0.7084
0.5800 0.7429 0.5800 0.7006
0.6100 0.7437 0.6100 0.7192
0.6200 0.7523 0.6200 0.7279
0.6000 0.7183 0.6000 0.6584
0.5900 0.7082 0.5900 0.6505
0.5800 0.7194 0.5800 0.7034
0.5800 0.8429 0.5800 0.8830
0.5800 0.8104 0.5800 0.7549
0.5900 0.7680 0.5900 0.6896
0.6000 0.7480 0.6000 0.6697
0.6200 0.7461 0.6200 0.7223
0.6300 0.7506 0.6300 0.7227
0.6400 0.7605 0.6400 0.7291
0.6400 0.7545 0.6400 0.7185
0.6500 0.7676 0.6500 0.7394
0.6500 0.7709 0.6500 0.7391
0.6500 0.7906 0.6500 0.7637
0.6500 0.7818 0.6500 0.7430
0.6400 0.7855 0.6400 0.7485
0.6300 0.7749 0.6300 0.7360
0.6100 0.7941 0.6100 0.7683
0.6200 0.7833 0.6200 0.7465
0.6300 0.7823 0.6300 0.7443
0.6400 0.7821 0.6400 0.7506
0.6200 0.7673 0.6200 0.7267
0.6000 0.7631 0.6000 0.7255
0.5800 0.7456 0.5800 0.7033
0.6000 0.7860 0.6000 0.7742
0.6400 0.7901 0.6400 0.7662
0.6900 0.7888 0.6900 0.7483
0.7200 0.7513 0.7200 0.6788
0.7100 0.7440 0.7100 0.6940
0.6900 0.7338 0.6900 0.7055
0.6900 0.7943 0.6900 0.7929
0.7000 0.8484 0.7000 0.8299
0.7000 0.9011 0.7000 0.8627
0.7000 0.8799 0.7000 0.8039
0.7000 0.8132 0.7000 0.7117
0.7000 0.7849 0.7000 0.7242
0.6800 0.8073 0.6800 0.8016
0.6700 0.8339 0.6700 0.8129
0.6600 0.8080 0.6600 0.7614
0.6700 0.8018 0.6700 0.7617
0.6900 0.8040 0.6900 0.7752
0.7400 0.8064 0.7400 0.7755
0.7800 0.7744 0.7800 0.7218
0.8100 0.7803 0.8100 0.7505
0.8100 0.7796 0.8100 0.7546
0.7900 0.8088 0.7900 0.7910
0.7800 0.8397 0.7800 0.8058
0.7700 0.9359 0.7700 0.9346
0.7800 0.9470 0.7800 0.9058
0.8000 0.9457 0.8000 0.8796
0.8200 0.8882 0.8200 0.7917
0.8300 0.8436 0.8300 0.7654
0.8300 0.8449 0.8300 0.8135
0.8200 0.8402 0.8200 0.8120
0.8200 0.8845 0.8200 0.8490
0.8200 0.9180 0.8200 0.8939
0.8300 0.9317 0.8300 0.8891
0.8300 0.9173 0.8300 0.8554
0.8200 0.8972 0.8200 0.8324
0.8100 0.8711 0.8100 0.8075
0.8100 0.8924 0.8100 0.8521
0.8100 0.8937 0.8100 0.8480
0.8100 0.9194 0.8100 0.8808
0.8200 0.8979 0.8200 0.8382
0.8200 0.8682 0.8200 0.8012
0.8400 0.8611 0.8400 0.8115
0.8400 0.8841 0.8400 0.8512
0.8500 0.8851 0.8500 0.8355
0.8500 0.8825 0.8500 0.8255
0.8700 0.9097 0.8700 0.8781
0.8800 0.8913 0.8800 0.8339
0.9000 0.9457 0.9000 0.9238
0.9100 0.9072 0.9100 0.8447
0.9300 0.9322 0.9300 0.8856
0.9500 0.9136 0.9500 0.8629
0.9500 0.9697 0.9500 0.9532
0.9400 0.9583 0.9400 0.9130
0.9700 0.9908 0.9700 0.9584
1.0000 0.9784 1.0000 0.9338
1.0400 1.0159 1.0400 0.9898
1.0500 1.0356 1.0500 1.0071
1.0700 0.9919 1.0700 0.9168
1.1100 0.9593 1.1100 0.8851
1.1500 1.0715 1.1500 1.1034
1.2100 1.1009 1.2100 1.0950
1.2700 1.1492 1.2700 1.1195
1.3200 1.0972 1.3200 1.0264
1.3600 1.1386 1.3600 1.1174
1.3900 1.2241 1.3900 1.2615
1.4100 1.2582 1.4100 1.2544
1.4300 1.3506 1.4300 1.3784
1.4600 1.4101 1.4600 1.4509
1.5100 1.4359 1.5100 1.4398
1.7400 1.4530 1.7400 1.4539
1.8600 1.4609 1.8600 1.4632
1.9400 1.4550 1.9400 1.4414
2.0000 1.4686 2.0000 1.4686
2.0200 1.5148 2.0200 1.5466
2.0300 1.6030 2.0300 1.6722
2.0500 2.1661 2.0500 2.5908
2.0800 2.0198 2.0800 2.0486
2.1200 1.9880 2.1200 1.8967
2.1400 2.0614 2.1400 2.1915
2.1500 2.0692 2.1500 2.0746
2.1600 2.0300 2.1600 1.9611
2.1900 2.0547 2.1900 2.0953
2.2500 2.0930 2.2500 2.1466
2.3100 2.1434 2.3100 2.1995
2.3700 2.1111 2.3700 2.1140
2.4100 2.0973 2.4100 2.0962
2.4100 2.1118 2.4100 2.1489
2.4000 2.1879 2.4000 2.2737
2.3700 2.3147 2.3700 2.4477
2.3400 2.3699 2.3400 2.4542
2.3100 2.4139 2.3100 2.4875
2.2800 2.4184 2.2800 2.4661
2.2500 2.3352 2.2500 2.2735
2.2200 2.2994 2.2200 2.2643
2.1900 2.2171 2.1900 2.1684
2.1500 2.1731 2.1500 2.1280
2.1100 2.1336 2.1100 2.1111
2.0700 2.0961 2.0700 2.0766
1.9800 2.0632 1.9800 2.0472
1.8900 2.0341 1.8900 2.0277
1.7800 2.0063 1.7800 2.0002
1.6700 1.9445 1.6700 1.9107
1.5300 1.9065 1.5300 1.8843
1.4000 1.8700 1.4000 1.8596
1.3000 1.6795 1.3000 1.5073
1.2300 1.5901 1.2300 1.4739
1.1800 1.4500 1.1800 1.3355
1.1100 1.3280 1.1100 1.2089
1.0400 1.1627 1.0400 0.9667
0.9700 1.0507 0.9700 0.9509
0.9200 1.0046 0.9200 1.0312
0.8800 1.0213 0.8800 1.0552
0.8300 1.0257 0.8300 1.0358
0.7900 0.9399 0.7900 0.8660
0.7400 0.9017 0.7400 0.8356
0.6800 0.8618 0.6800 0.8290
0.6200 0.8588 0.6200 0.8514
0.5900 0.8513 0.5900 0.8349
0.5900 0.8124 0.5900 0.7678
0.6400 0.8027 0.6400 0.7726
0.7200 0.7775 0.7200 0.7353
0.7800 0.7498 0.7800 0.6855
0.8200 0.7258 0.8200 0.6706
0.8500 0.7347 0.8500 0.7275
0.9300 0.7705 0.9300 0.7665
1.0300 0.8605 1.0300 0.8761
1.1100 0.9807 1.1100 1.0043
1.1300 0.9841 1.1300 0.9320
1.1400 0.9712 1.1400 0.8958
1.2000 0.9881 1.2000 0.9424
1.3000 1.1670 1.3000 1.2335
1.3800 1.2995 1.3800 1.3625
1.4600 1.3194 1.4600 1.2902
1.5100 1.2073 1.5100 1.0902
1.5600 1.2000 1.5600 1.1557
1.6000 1.3692 1.6000 1.4811
1.6600 1.5426 1.6600 1.6669
1.7400 1.5565 1.7400 1.5520
1.8400 1.6284 1.8400 1.6663
1.9300 1.6241 1.9300 1.6507
1.9900 1.6744 1.9900 1.7082
2.0300 1.6883 2.0300 1.7136
2.0300 1.7826 2.0300 1.8582
2.0000 1.9008 2.0000 2.0174
1.9500 2.0233 1.9500 2.1649
1.9200 2.0678 1.9200 2.1616
1.9100 2.0675 1.9100 2.1106
1.9300 2.0889 1.9300 2.1062
1.9700 1.9969 1.9700 1.9448
1.9800 1.8852 1.9800 1.7863
1.9800 1.7775 1.9800 1.6893
1.9400 1.7825 1.9400 1.7871
1.8800 1.8084 1.8800 1.8494
1.8200 1.8875 1.8200 1.9634
1.7700 1.9735 1.7700 2.0741
1.7300 1.9178 1.7300 1.9084
1.6900 1.9019 1.6900 1.8912
1.6400 1.7807 1.6400 1.7145
1.5800 1.6728 1.5800 1.5751
1.4900 1.6102 1.4900 1.5610
1.3800 1.5770 1.3800 1.5587
1.3200 1.5525 1.3200 1.5337
1.2700 1.5103 1.2700 1.4834
1.2300 1.4421 1.2300 1.3925
1.1800 1.3681 1.1800 1.3094
1.1800 1.2470 1.1800 1.1009
1.2100 1.1178 1.2100 0.9437
1.2600 1.1315 1.2600 1.1714
1.3000 1.1105 1.3000 1.1331
1.3000 1.0928 1.3000 1.0630
1.2700 1.0291 1.2700 0.9863
1.2400 1.1475 1.2400 1.2171
1.2000 1.2551 1.2000 1.3310
1.1700 1.3460 1.1700 1.3846
1.1100 1.3672 1.1100 1.3699
1.0600 1.2898 1.0600 1.2216
1.0200 1.2193 1.0200 1.1114
1.0200 1.1802 1.0200 1.1388
1.0600 1.1166 1.0600 1.0433
1.1000 1.0979 1.1000 1.0496
1.1400 0.9818 1.1400 0.8778
1.1900 0.9505 1.1900 0.8980
1.2500 0.9446 1.2500 0.9332
1.3200 1.0320 1.3200 1.0680
1.3900 1.1487 1.3900 1.2153
1.4300 1.1843 1.4300 1.1853
1.4500 1.2260 1.4500 1.2146
1.4500 1.3073 1.4500 1.3504
1.4300 1.3944 1.4300 1.4481
1.4200 1.4827 1.4200 1.5341
1.4300 1.5485 1.4300 1.5948
1.4500 1.5200 1.4500 1.4984
1.4700 1.4937 1.4700 1.4600
1.4800 1.4500 1.4800 1.4160
1.4900 1.3798 1.4900 1.3130
1.5200 1.3826 1.5200 1.3629
1.5500 1.4300 1.5500 1.4641
1.5600 1.4636 1.5600 1.4835
1.5400 1.4782 1.5400 1.4817
1.4800 1.4682 1.4800 1.4613
1.3900 1.4829 1.3900 1.4921
1.3000 1.5602 1.3000 1.6238
1.2300 1.5884 1.2300 1.6224
1.1900 1.5478 1.1900 1.5119
1.1900 1.4611 1.1900 1.3887
1.2000 1.3395 1.2000 1.1964
1.2200 1.2015 1.2200 1.0155
1.2300 1.0906 1.2300 0.9815
1.2500 1.0434 1.2500 1.0286
1.2600 1.0697 1.2600 1.0904
1.2800 1.1535 1.2800 1.2128
1.3000 1.1856 1.3000 1.2091
1.3300 1.2341 1.3300 1.2409
1.3700 1.2357 1.3700 1.2248
1.4000 1.2856 1.4000 1.2989
1.4600 1.2800 1.4600 1.2651
1.5300 1.3192 1.5300 1.3198
1.6200 1.3391 1.6200 1.3436
1.6800 1.3875 1.6800 1.4060
1.7100 1.4476 1.7100 1.4851
1.6900 1.4538 1.6900 1.4560
1.6600 1.5777 1.6600 1.6589
1.6000 1.6727 1.6000 1.7717
1.5300 1.8024 1.5300 1.9071
1.4700 1.7940 1.4700 1.8144
1.4200 1.7550 1.4200 1.7256
1.4000 1.6256 1.4000 1.5335
1.4000 1.5693 1.4000 1.5134
1.4000 1.4344 1.4000 1.3320
1.4000 1.3271 1.4000 1.2135
1.4100 1.2832 1.4100 1.2344
1.4100 1.2530 1.4100 1.2232
1.4000 1.2967 1.4000 1.3098
1.3700 1.3440 1.3700 1.3804
1.3100 1.3483 1.3100 1.3454
1.2400 1.3558 1.2400 1.3505
1.1700 1.3983 1.1700 1.4303
1.1200 1.3826 1.1200 1.3711
1.0900 1.3503 1.0900 1.3068
1.0900 1.2792 1.0900 1.2134
1.1400 1.1723 1.1400 1.0405
1.2100 1.0847 1.2100 0.9668
1.2900 1.0048 1.2900 0.9458
1.3400 0.9978 1.3400 0.9863
1.3800 1.0169 1.3800 1.0207
1.4200 1.0795 1.4200 1.1099
1.4600 1.2310 1.4600 1.3226
1.5100 1.3491 1.5100 1.4245
1.5700 1.4526 1.5700 1.5097
1.6000 1.4463 1.6000 1.4432
1.5800 1.4713 1.5800 1.4763
1.5200 1.5172 1.5200 1.5564
1.4500 1.5518 1.4500 1.5782
1.4000 1.6132 1.4000 1.6533
1.3700 1.6887 1.3700 1.7573
1.3400 1.6463 1.3400 1.6268
1.3400 1.5099 1.3400 1.3925
1.3500 1.3959 1.3500 1.2339
1.3400 1.2854 1.3400 1.1865
1.3100 1.2589 1.3100 1.2307
1.3100 1.2618 1.3100 1.2516
1.3500 1.2239 1.3500 1.1820
1.4200 1.2906 1.4200 1.3177
1.4500 1.3333 1.4500 1.3736
