1.7900 2.0959 1.7900 2.1391
1.8200 2.1151 1.8200 2.0974
1.8300 1.9704 1.8300 1.8748
1.8400 1.8338 1.8400 1.7754
1.8300 1.7656 1.8300 1.7882
1.7900 1.7724 1.7900 1.8106
1.6900 1.8004 1.6900 1.8183
1.5500 1.8591 1.5500 1.8663
1.4100 1.8292 1.4100 1.7889
1.3100 1.8438 1.3100 1.8230
1.2400 1.8003 1.2400 1.7756
1.1900 1.6967 1.1900 1.6417
1.1600 1.4696 1.1600 1.4082
1.1400 1.2850 1.1400 1.2499
1.1600 1.1589 1.1600 1.1656
1.1800 1.1052 1.1800 1.1262
1.1900 1.0503 1.1900 1.0546
1.1700 1.0412 1.1700 1.0189
1.1500 1.0687 1.1500 1.0569
1.1600 1.0859 1.1600 1.0799
1.1700 1.2010 1.1700 1.2287
1.1800 1.2347 1.1800 1.2354
1.1700 1.2306 1.1700 1.2048
1.1600 1.1606 1.1600 1.1300
1.1400 1.1453 1.1400 1.1495
1.1300 1.2159 1.1300 1.2618
1.1200 1.2211 1.1200 1.2245
1.1200 1.2247 1.1200 1.2086
1.1300 1.1793 1.1300 1.1595
1.1500 1.1726 1.1500 1.1732
1.1700 1.1348 1.1700 1.1329
1.1900 1.1406 1.1900 1.1468
1.1900 1.1291 1.1900 1.1296
1.1900 1.1468 1.1900 1.1486
1.1600 1.1784 1.1600 1.1869
1.1200 1.2202 1.1200 1.2286
1.0700 1.2428 1.0700 1.2426
1.0300 1.2653 1.0300 1.2667
1.0200 1.2283 1.0200 1.2136
1.0500 1.2278 1.0500 1.2303
1.1400 1.1384 1.1400 1.1177
1.2600 1.0727 1.2600 1.0550
1.4000 1.0015 1.4000 1.0006
1.5200 0.9764 1.5200 0.9769
1.6200 1.0229 1.6200 1.0406
1.6900 1.1394 1.6900 1.1566
1.7400 1.3547 1.7400 1.3917
1.7800 1.5334 1.7800 1.5682
1.7900 1.7250 1.7900 1.7534
1.7900 1.8207 1.7900 1.8244
1.7600 1.8897 1.7600 1.8904
1.7300 1.9018 1.7300 1.8997
1.7000 1.9026 1.7000 1.9024
1.6700 1.9087 1.6700 1.9167
1.6500 1.8418 1.6500 1.8126
1.6200 1.8055 1.6200 1.7857
1.5800 1.7044 1.5800 1.6684
1.5400 1.6624 1.5400 1.6500
1.5000 1.6256 1.5000 1.6267
1.4800 1.5880 1.4800 1.5761
1.4700 1.5847 1.4700 1.5844
1.4800 1.5357 1.4800 1.5165
1.4900 1.4764 1.4900 1.4483
1.5000 1.4397 1.5000 1.4342
1.5000 1.4021 1.5000 1.3999
1.5000 1.4223 1.5000 1.4382
1.5000 1.4348 1.5000 1.4444
1.5000 1.4875 1.5000 1.5014
1.4900 1.5042 1.4900 1.5043
1.4600 1.5197 1.4600 1.5151
1.4500 1.5059 1.4500 1.4985
1.4500 1.5086 1.4500 1.5120
1.4700 1.5093 1.4700 1.5172
1.4900 1.5072 1.4900 1.5098
1.5000 1.4751 1.5000 1.4639
1.5200 1.4035 1.5200 1.3775
1.5400 1.4330 1.5400 1.4571
1.5500 1.4543 1.5500 1.4796
1.5800 1.5106 1.5800 1.5270
1.6400 1.5324 1.6400 1.5334
1.7100 1.5259 1.7100 1.5114
1.7600 1.5713 1.7600 1.5883
1.7700 1.5951 1.7700 1.6105
1.7800 1.5824 1.7800 1.5713
1.8000 1.6515 1.8000 1.6789
1.8100 1.7750 1.8100 1.8300
1.8200 1.8644 1.8200 1.8832
1.8100 1.8734 1.8100 1.8429
1.7700 1.8054 1.7700 1.7493
1.7100 1.8167 1.7100 1.8200
1.6300 1.8544 1.6300 1.8865
1.5800 1.8324 1.5800 1.8150
1.5800 1.8324 1.5800 1.8144
1.6200 1.7805 1.6200 1.7501
1.7000 1.6763 1.7000 1.6216
1.7500 1.5717 1.7500 1.5335
1.7700 1.4465 1.7700 1.4225
1.7500 1.4499 1.7500 1.4757
1.7300 1.5492 1.7300 1.6114
1.7300 1.6694 1.7300 1.7053
1.7500 1.8373 1.7500 1.8709
1.7600 1.8423 1.7600 1.8028
1.7700 1.8141 1.7700 1.7573
1.7500 1.7240 1.7500 1.6812
1.7500 1.7008 1.7500 1.7062
1.7400 1.7324 1.7400 1.7696
1.7300 1.7812 1.7300 1.8026
1.7200 1.7638 1.7200 1.7360
1.7000 1.7746 1.7000 1.7572
1.6900 1.7001 1.6900 1.6611
1.6900 1.7404 1.6900 1.7547
1.6700 1.7112 1.6700 1.7090
1.6700 1.6940 1.6700 1.6741
1.6700 1.6833 1.6700 1.6773
1.6800 1.6434 1.6800 1.6247
1.6900 1.6530 1.6900 1.6552
1.7000 1.6749 1.7000 1.6885
1.6800 1.6136 1.6800 1.5792
1.6400 1.6536 1.6400 1.6632
1.5800 1.6594 1.5800 1.6703
1.5300 1.6884 1.5300 1.6891
1.4900 1.7004 1.4900 1.6981
1.4600 1.7126 1.4600 1.7078
1.4400 1.6338 1.4400 1.5919
1.4200 1.5518 1.4200 1.5147
1.4100 1.4506 1.4100 1.4272
1.3900 1.4153 1.3900 1.4235
1.3700 1.3908 1.3700 1.4013
1.3300 1.3764 1.3300 1.3739
1.2700 1.3782 1.2700 1.3779
1.2000 1.3644 1.2000 1.3576
1.1500 1.3810 1.1500 1.3859
1.1200 1.3476 1.1200 1.3370
1.1200 1.3302 1.1200 1.3229
1.1200 1.2542 1.1200 1.2334
1.1000 1.1543 1.1000 1.1236
1.0700 1.0668 1.0700 1.0588
1.0600 1.0541 1.0600 1.0702
1.0700 1.0633 1.0700 1.0746
1.0900 1.1218 1.0900 1.1303
1.1000 1.1279 1.1000 1.1128
1.1000 1.0765 1.1000 1.0377
1.0800 1.0370 1.0800 1.0193
1.0700 1.0735 1.0700 1.0978
1.0700 1.1239 1.0700 1.1449
1.0900 1.1599 1.0900 1.1572
1.1100 1.1516 1.1100 1.1315
1.1300 1.1373 1.1300 1.1232
1.1300 1.0831 1.1300 1.0672
1.1300 1.0921 1.1300 1.1026
1.1400 1.1104 1.1400 1.1266
1.1400 1.1649 1.1400 1.1776
1.1400 1.1841 1.1400 1.1797
1.1300 1.2056 1.1300 1.1995
1.1300 1.1711 1.1300 1.1547
1.1300 1.1723 1.1300 1.1741
1.1400 1.2028 1.1400 1.2254
1.1500 1.1792 1.1500 1.1722
1.1500 1.1744 1.1500 1.1673
1.1500 1.1456 1.1500 1.1399
1.1600 1.1645 1.1600 1.1738
1.1800 1.1645 1.1800 1.1689
1.2000 1.1918 1.2000 1.1971
1.2200 1.2027 1.2200 1.2042
1.2400 1.1835 1.2400 1.1708
1.2500 1.1847 1.2500 1.1847
1.2600 1.2162 1.2600 1.2343
1.2800 1.2551 1.2800 1.2702
1.3100 1.2732 1.3100 1.2736
1.3400 1.2934 1.3400 1.2948
1.3700 1.3158 1.3700 1.3242
1.3900 1.3065 1.3900 1.3043
1.3900 1.3148 1.3900 1.3204
1.3900 1.3539 1.3900 1.3771
1.3900 1.4017 1.3900 1.4230
1.4100 1.4292 1.4100 1.4349
1.4300 1.4588 1.4300 1.4648
1.4500 1.4604 1.4500 1.4609
1.4500 1.4195 1.4500 1.4049
1.4600 1.4169 1.4600 1.4254
1.4800 1.4143 1.4800 1.4298
1.5000 1.4687 1.5000 1.4965
1.5000 1.4859 1.5000 1.4938
1.5000 1.5038 1.5000 1.5012
1.4900 1.4663 1.4900 1.4492
1.4600 1.4972 1.4600 1.5134
1.4200 1.5388 1.4200 1.5688
1.3900 1.5546 1.3900 1.5584
1.4000 1.5114 1.4000 1.4862
1.4100 1.5115 1.4100 1.5129
1.4300 1.4830 1.4300 1.4849
1.4300 1.4080 1.4300 1.3829
1.4200 1.3434 1.4200 1.3284
1.4000 1.3315 1.4000 1.3474
1.3900 1.4200 1.3900 1.4692
1.3700 1.4287 1.3700 1.4288
1.3600 1.4683 1.3600 1.4625
1.3400 1.4380 1.3400 1.4221
1.3200 1.4128 1.3200 1.4006
1.3000 1.3756 1.3000 1.3744
1.2600 1.3831 1.2600 1.4002
1.2100 1.3398 1.2100 1.3329
1.1500 1.3453 1.1500 1.3485
1.0900 1.3071 1.0900 1.3004
1.0600 1.2865 1.0600 1.2796
1.0500 1.2688 1.0500 1.2708
1.0400 1.1897 1.0400 1.1651
1.0300 1.1190 1.0300 1.0976
1.0200 1.0413 1.0200 1.0287
1.0100 0.9830 1.0100 0.9750
1.0100 1.0097 1.0100 1.0262
1.0100 1.0413 1.0100 1.0480
1.0200 1.0331 1.0200 1.0071
1.0300 1.0304 1.0300 1.0104
1.0300 1.0312 1.0300 1.0251
1.0100 1.0272 1.0100 1.0209
0.9600 1.0486 0.9600 1.0507
0.9100 1.0500 0.9100 1.0442
0.8800 1.0797 0.8800 1.0790
0.8700 1.0924 0.8700 1.0897
0.8700 1.0738 0.8700 1.0572
0.8600 1.0160 0.8600 0.9908
0.8600 0.9085 0.8600 0.8871
0.8600 0.8697 0.8600 0.8681
0.8800 0.8744 0.8800 0.8757
0.9100 0.9186 0.9100 0.8834
0.9400 0.9475 0.9400 0.8817
0.9600 0.9185 0.9600 0.8435
0.9700 0.9413 0.9700 0.8946
0.9600 0.9402 0.9600 0.9068
0.9700 0.9988 0.9700 0.9750
1.0300 1.0445 1.0300 1.0258
1.1600 1.0621 1.1600 1.0427
1.3700 1.0581 1.3700 1.0420
1.6000 1.0514 1.6000 1.0416
1.7500 1.0030 1.7500 0.9860
1.8200 1.0482 1.8200 1.0661
1.8200 1.2046 1.8200 1.2628
1.7800 1.4700 1.7800 1.5443
1.6200 1.8432 1.6200 1.9393
1.4200 2.1254 1.4200 2.1765
1.2100 2.1279 1.2100 2.0472
1.0500 2.0494 1.0500 1.9520
0.8900 1.9090 0.8900 1.8558
0.7600 1.7641 0.7600 1.7993
0.6600 1.4268 0.6600 1.3586
0.5700 1.1502 0.5700 1.1182
0.5600 0.9184 0.5600 0.9350
0.5500 0.8812 0.5500 0.8197
0.5700 0.8091 0.5700 0.7736
0.6400 0.7514 0.6400 0.7401
0.7300 0.7276 0.7300 0.7558
0.8200 0.6944 0.8200 0.7284
0.8700 0.8125 0.8700 0.8760
0.9000 0.8012 0.9000 0.8153
0.9100 0.8430 0.9100 0.8106
0.8900 0.9792 0.8900 0.9358
0.8700 1.0828 0.8700 0.9593
0.8300 1.1301 0.8300 1.0432
0.7900 1.0630 0.7900 1.0180
0.7600 1.0535 0.7600 1.0427
0.7300 1.0258 0.7300 1.0320
0.7200 0.9405 0.7200 0.9374
0.7300 0.9094 0.7300 0.9139
0.7600 0.8360 0.7600 0.8221
0.8200 0.8131 0.8200 0.7654
0.8600 0.8053 0.8600 0.7458
0.8900 0.7842 0.8900 0.6977
0.9200 0.8265 0.9200 0.7461
0.9400 0.8873 0.9400 0.8010
0.9500 0.9542 0.9500 0.8574
0.9500 1.0660 0.9500 0.9962
0.9400 1.0405 0.9400 0.9742
0.9200 1.0258 0.9200 0.9928
0.9100 1.0558 0.9100 1.0660
0.9000 1.0560 0.9000 1.0559
0.8900 1.0394 0.8900 1.0278
0.8800 1.0150 0.8800 1.0062
0.8700 0.9816 0.8700 0.9708
0.8600 0.9378 0.8600 0.9225
0.8400 0.9431 0.8400 0.9435
0.7900 0.9336 0.7900 0.9222
0.7400 0.9276 0.7400 0.8972
0.7100 0.9236 0.7100 0.8920
0.6900 0.9183 0.6900 0.8857
0.6900 0.9107 0.6900 0.8758
0.7000 0.8729 0.7000 0.8274
0.7200 0.7787 0.7200 0.7178
0.7500 0.7674 0.7500 0.6973
0.8100 0.7879 0.8100 0.7317
0.8900 0.7892 0.8900 0.7227
0.9700 0.8375 0.9700 0.7625
1.0100 0.8686 1.0100 0.7813
1.0100 0.9032 1.0100 0.7933
1.0000 0.9442 1.0000 0.8574
1.0100 1.0556 1.0100 1.0055
1.0100 1.1565 1.0100 1.1321
1.0100 1.2042 1.0100 1.1968
1.0100 1.1660 1.0100 1.1316
1.0000 1.0900 1.0000 1.0584
1.0000 1.0592 1.0000 1.0710
0.9900 1.1001 0.9900 1.1405
0.9800 1.0668 0.9800 1.0592
0.9800 1.0545 0.9800 1.0358
0.9900 1.0549 0.9900 1.0537
1.0100 1.0263 1.0100 1.0130
1.0200 1.0445 1.0200 1.0460
1.0100 1.0158 1.0100 1.0052
0.9800 1.0033 0.9800 0.9893
0.9500 1.0240 0.9500 1.0289
0.9500 1.0540 0.9500 1.0583
0.9600 1.0929 0.9600 1.0929
0.9700 1.0847 0.9700 1.0686
0.9800 1.0375 0.9800 1.0100
0.9700 0.9709 0.9700 0.9488
0.9700 0.9407 0.9700 0.9390
0.9700 0.9961 0.9700 1.0211
0.9700 1.0245 0.9700 1.0203
0.9700 1.0311 0.9700 1.0030
0.9500 1.0422 0.9500 1.0306
0.9400 1.0000 0.9400 0.9777
0.9200 1.0208 0.9200 1.0228
0.9000 1.0224 0.9000 1.0265
0.8700 1.0182 0.8700 1.0065
0.8400 1.0168 0.8400 1.0076
0.8300 0.9588 0.8300 0.9321
0.8200 0.9677 0.8200 0.9646
0.8400 0.9305 0.8400 0.9195
0.8600 0.9068 0.8600 0.8866
0.8800 0.8653 0.8800 0.8344
0.8800 0.8479 0.8800 0.8078
0.8700 0.8934 0.8700 0.8575
0.8300 0.8900 0.8300 0.8286
0.7900 0.9764 0.7900 0.9215
0.7700 0.9935 0.7700 0.9389
0.7800 1.0007 0.7800 0.9504
0.7900 0.9481 0.7900 0.9138
0.7900 0.9144 0.7900 0.8962
0.8000 0.8225 0.8000 0.8025
0.8000 0.8112 0.8000 0.7783
0.8100 0.8304 0.8100 0.7937
0.8100 0.9128 0.8100 0.8515
0.8300 0.9212 0.8300 0.8253
0.8500 0.8964 0.8500 0.7987
0.8800 0.9270 0.8800 0.8710
0.8900 0.8999 0.8900 0.8507
0.8800 0.9248 0.8800 0.8823
0.8700 0.9027 0.8700 0.8568
0.8800 0.9642 0.8800 0.9309
0.9200 0.9794 0.9200 0.9478
0.9800 1.0214 0.9800 0.9926
1.0200 0.9775 1.0200 0.9495
1.0500 0.9254 1.0500 0.8947
1.1100 0.9165 1.1100 0.9139
1.1700 0.9688 1.1700 0.9809
1.2100 1.0718 1.2100 1.0745
1.2300 1.1644 1.2300 1.1585
1.2500 1.1533 1.2500 1.1259
1.2900 1.1684 1.2900 1.1550
1.3300 1.2945 1.3300 1.3464
1.3700 1.3546 1.3700 1.3807
1.3800 1.3457 1.3800 1.3253
1.3800 1.3240 1.3800 1.3130
1.3700 1.3442 1.3700 1.3667
1.3800 1.4198 1.3800 1.4650
1.4100 1.4517 1.4100 1.4666
1.4200 1.4845 1.4200 1.4867
1.4100 1.4345 1.4100 1.4124
1.3900 1.4129 1.3900 1.4078
1.3700 1.3816 1.3700 1.3900
1.3500 1.4247 1.3500 1.4566
1.3400 1.4897 1.3400 1.5243
1.3400 1.4546 1.3400 1.4310
1.3400 1.4032 1.3400 1.3709
1.3300 1.3678 1.3300 1.3674
1.3000 1.3477 1.3000 1.3593
1.2500 1.3222 1.2500 1.3248
1.2000 1.3272 1.2000 1.3354
1.1700 1.3467 1.1700 1.3584
1.1800 1.3478 1.1800 1.3457
1.2100 1.3201 1.2100 1.3055
1.2600 1.2534 1.2600 1.2305
1.3000 1.1652 1.3000 1.1425
1.3000 1.1144 1.3000 1.1143
1.2800 1.1220 1.2800 1.1430
1.2500 1.2090 1.2500 1.2434
1.2400 1.2793 1.2400 1.2909
1.2400 1.3735 1.2400 1.3826
1.2400 1.4052 1.2400 1.3997
1.2300 1.3337 1.2300 1.2924
1.2000 1.2776 1.2000 1.2626
1.1700 1.2277 1.1700 1.2383
1.1400 1.2491 1.1400 1.2790
1.1100 1.2607 1.1100 1.2747
1.0800 1.2547 1.0800 1.2440
1.0600 1.2265 1.0600 1.2099
1.0500 1.1614 1.0500 1.1391
1.0400 1.1336 1.0400 1.1330
1.0300 1.1042 1.0300 1.1082
1.0300 1.0708 1.0300 1.0618
1.0300 1.0395 1.0300 1.0275
1.0200 1.0409 1.0200 1.0402
1.0000 1.0539 1.0000 1.0547
0.9700 1.0463 0.9700 1.0334
0.9500 1.0396 0.9500 1.0262
0.9400 1.0640 0.9400 1.0674
0.9400 1.0677 0.9400 1.0637
0.9300 1.0388 0.9300 1.0183
0.9000 1.0009 0.9000 0.9826
0.8700 0.9536 0.8700 0.9385
0.8500 0.9526 0.8500 0.9533
0.8400 0.9613 0.8400 0.9617
0.8500 0.9872 0.8500 0.9697
0.8600 0.9570 0.8600 0.9239
0.8600 0.8861 0.8600 0.8478
0.8500 0.8654 0.8500 0.8464
0.8400 0.8793 0.8400 0.8619
0.8400 0.8983 0.8400 0.8568
0.8300 0.9574 0.8300 0.9074
0.8200 0.9669 0.8200 0.9086
0.8100 0.9384 0.8100 0.8805
0.8000 0.9047 0.8000 0.8653
0.7900 0.8965 0.7900 0.8726
0.7800 0.9204 0.7800 0.8987
0.7700 0.8898 0.7700 0.8435
0.7600 0.8832 0.7600 0.8318
0.7600 0.8800 0.7600 0.8345
0.7600 0.8730 0.7600 0.8205
0.7500 0.8659 0.7500 0.8073
0.7400 0.8610 0.7400 0.7977
0.7200 0.8547 0.7200 0.7879
0.7000 0.8484 0.7000 0.7781
0.6900 0.8735 0.6900 0.8062
0.6700 0.8743 0.6700 0.8005
0.6600 0.8415 0.6600 0.7579
0.6600 0.8347 0.6600 0.7610
0.6700 0.7980 0.6700 0.7212
0.6700 0.7830 0.6700 0.7010
0.6700 0.8034 0.6700 0.7273
0.6800 0.7716 0.6800 0.6865
0.7000 0.7877 0.7000 0.7124
0.7200 0.8124 0.7200 0.7476
0.7300 0.8416 0.7300 0.7597
0.7200 0.8156 0.7200 0.7168
0.7100 0.8147 0.7100 0.7205
0.6800 0.8457 0.6800 0.7611
0.6700 0.8819 0.6700 0.7984
0.6600 0.8934 0.6600 0.8052
0.6600 0.8755 0.6600 0.7906
0.6600 0.8188 0.6600 0.7413
0.6600 0.8105 0.6600 0.7504
0.6700 0.7621 0.6700 0.6860
0.6600 0.7846 0.6600 0.7188
0.6400 0.7871 0.6400 0.7195
0.6300 0.8084 0.6300 0.7299
0.6100 0.8121 0.6100 0.7307
0.6100 0.8106 0.6100 0.7252
0.6000 0.8393 0.6000 0.7561
0.6100 0.7841 0.6100 0.6869
0.6100 0.7469 0.6100 0.6696
0.6100 0.7652 0.6100 0.7113
0.6200 0.7463 0.6200 0.6969
0.6300 0.7798 0.6300 0.7286
0.6400 0.7618 0.6400 0.7075
0.6400 0.8021 0.6400 0.7438
0.6400 0.7852 0.6400 0.7202
0.6400 0.7772 0.6400 0.7038
0.6400 0.8044 0.6400 0.7450
0.6300 0.8117 0.6300 0.7378
0.6100 0.8148 0.6100 0.7288
0.6000 0.7924 0.6000 0.7050
0.5900 0.7914 0.5900 0.7115
0.6000 0.7916 0.6000 0.7176
0.6300 0.7913 0.6300 0.7143
0.7100 0.7646 0.7100 0.6850
0.8900 0.7371 0.8900 0.6808
1.1300 0.7515 1.1300 0.7043
1.3600 0.7501 1.3600 0.7056
1.5200 0.7970 1.5200 0.7480
1.6000 0.8622 1.6000 0.8021
1.6400 1.0367 1.6400 0.9393
1.6700 1.4089 1.6700 1.3840
1.7000 1.7259 1.7000 1.7536
1.7200 1.9059 1.7200 1.9138
1.7200 1.9456 1.7200 1.8981
1.7100 1.8789 1.7100 1.8255
1.6700 1.8324 1.6700 1.8404
1.6300 1.8187 1.6300 1.8642
1.6000 1.8159 1.6000 1.8439
1.5700 1.7876 1.5700 1.7789
1.5500 1.7307 1.5500 1.6997
1.5600 1.6933 1.5600 1.6772
1.6100 1.5880 1.6100 1.5510
1.7000 1.5399 1.7000 1.5292
1.8000 1.5261 1.8000 1.5428
1.8800 1.4906 1.8800 1.4831
1.9400 1.4875 1.9400 1.4844
1.9500 1.5622 1.9500 1.5967
1.9400 1.6998 1.9400 1.7516
1.9100 1.8776 1.9100 1.9276
1.9000 2.0071 1.9000 2.0210
1.9000 2.0569 1.9000 2.0260
1.9200 2.0859 1.9200 2.0567
1.9700 1.9969 1.9700 1.9324
2.0400 1.9363 2.0400 1.8957
2.0900 1.8536 2.0900 1.8275
2.1100 1.8681 2.1100 1.8807
2.1100 1.8777 2.1100 1.8829
2.1100 1.9306 2.1100 1.9317
2.1000 2.0444 2.1000 2.0691
2.0800 2.1624 2.0800 2.1771
2.0400 2.1776 2.0400 2.1261
2.0000 2.1411 2.0000 2.0643
1.9700 2.1038 1.9700 2.0534
1.9300 2.1003 1.9300 2.0827
1.8900 2.0600 1.8900 2.0221
1.8500 2.0077 1.8500 1.9547
1.8200 1.9206 1.8200 1.8588
1.7900 1.8765 1.7900 1.8436
1.7500 1.8652 1.7500 1.8576
1.6900 1.8015 1.6900 1.7608
1.6300 1.7589 1.6300 1.7232
1.5900 1.7224 1.5900 1.7038
1.5600 1.7154 1.5600 1.7090
1.5200 1.6877 1.5200 1.6706
1.4700 1.6291 1.4700 1.5944
1.4300 1.5319 1.4300 1.4875
1.4000 1.4747 1.4000 1.4607
1.3700 1.4777 1.3700 1.4987
1.3300 1.4680 1.3300 1.4715
1.3100 1.4078 1.3100 1.3758
1.2900 1.3429 1.2900 1.3149
1.2700 1.3310 1.2700 1.3395
1.2500 1.3263 1.2500 1.3382
1.2200 1.2970 1.2200 1.2860
1.1900 1.2395 1.1900 1.2157
1.1800 1.2648 1.1800 1.2809
1.1600 1.2515 1.1600 1.2560
1.1500 1.2320 1.1500 1.2181
1.1400 1.2162 1.1400 1.2115
1.1300 1.1711 1.1300 1.1581
1.1000 1.1432 1.1000 1.1364
1.0600 1.1754 1.0600 1.1960
1.0300 1.1371 1.0300 1.1241
1.0200 1.1458 1.0200 1.1390
1.0200 1.1418 1.0200 1.1436
1.0200 1.1343 1.0200 1.1275
1.0200 1.0671 1.0200 1.0405
1.0300 1.0086 1.0300 0.9887
1.0400 1.0006 1.0400 1.0081
1.0700 1.0297 1.0700 1.0433
1.0900 1.0474 1.0900 1.0415
1.1300 1.0484 1.1300 1.0300
1.1900 1.0542 1.1900 1.0433
1.2500 1.0900 1.2500 1.0968
1.3000 1.1033 1.3000 1.1025
1.3400 1.1725 1.3400 1.1872
1.3600 1.1751 1.3600 1.1700
1.3700 1.2537 1.3700 1.2696
1.3700 1.3581 1.3700 1.3965
1.3500 1.4178 1.3500 1.4280
1.3200 1.4471 1.3200 1.4432
1.2700 1.4695 1.2700 1.4763
1.2100 1.4493 1.2100 1.4479
1.1500 1.4335 1.1500 1.4369
1.1000 1.4069 1.1000 1.4124
1.0400 1.3386 1.0400 1.3237
0.9900 1.2808 0.9900 1.2706
0.9500 1.1864 0.9500 1.1684
0.9200 1.1011 0.9200 1.0914
0.8800 1.0395 0.8800 1.0367
0.8300 1.0064 0.8300 1.0054
0.7900 0.9269 0.7900 0.8980
0.7500 0.8982 0.7500 0.8802
0.7300 0.8995 0.7300 0.8790
0.7200 0.9060 0.7200 0.8641
0.7300 0.8552 0.7300 0.7894
0.7600 0.7981 0.7600 0.7244
0.7900 0.7980 0.7900 0.7358
0.8200 0.7822 0.8200 0.6960
0.8300 0.8115 0.8300 0.7329
0.8400 0.8335 0.8400 0.7522
0.8500 0.8867 0.8500 0.7914
0.8500 0.9550 0.8500 0.8618
0.8400 0.9721 0.8400 0.8851
0.8200 0.9861 0.8200 0.9233
0.8100 0.9406 0.8100 0.8969
0.8100 0.9416 0.8100 0.9245
0.8300 0.9481 0.8300 0.9440
0.8400 0.9221 0.8400 0.9003
0.8400 0.8906 0.8400 0.8611
0.8300 0.8560 0.8300 0.8238
0.8100 0.8754 0.8100 0.8463
0.8000 0.9033 0.8000 0.8633
0.8000 0.9675 0.8000 0.9191
0.8100 0.9508 0.8100 0.8883
0.8200 0.9229 0.8200 0.8665
0.8200 0.8906 0.8200 0.8561
0.8300 0.8507 0.8300 0.8175
0.8200 0.8678 0.8200 0.8364
0.8200 0.8970 0.8200 0.8535
0.8100 0.9295 0.8100 0.8707
0.8100 0.9373 0.8100 0.8745
0.8000 0.9118 0.8000 0.8518
0.8100 0.9410 0.8100 0.9065
0.8200 0.8845 0.8200 0.8412
0.8500 0.9050 0.8500 0.8693
0.8900 0.8780 0.8900 0.8388
0.9400 0.9012 0.9400 0.8571
0.9700 0.8720 0.9700 0.8185
1.0000 0.9284 1.0000 0.8827
1.0100 0.9373 1.0100 0.8897
1.0200 1.0045 1.0200 0.9631
1.0200 1.0569 1.0200 1.0314
1.0100 1.1125 1.0100 1.1010
0.9900 1.0945 0.9900 1.0744
0.9700 1.1253 0.9700 1.1244
0.9700 1.0986 0.9700 1.0938
0.9700 1.1030 0.9700 1.1048
0.9700 1.0793 0.9700 1.0780
0.9600 1.0432 0.9600 1.0301
0.9600 0.9995 0.9600 0.9858
0.9500 0.9767 0.9500 0.9714
0.9500 1.0135 0.9500 1.0261
0.9500 1.0118 0.9500 1.0030
0.9500 1.0097 0.9500 0.9900
0.9700 0.9841 0.9700 0.9656
1.0200 1.0067 1.0200 1.0081
1.0900 0.9795 1.0900 0.9669
1.1600 0.9964 1.1600 0.9905
1.2100 0.9980 1.2100 0.9936
1.2600 0.9973 1.2600 0.9845
1.3200 1.0571 1.3200 1.0678
1.4000 1.1683 1.4000 1.1977
1.4600 1.2784 1.4600 1.2973
1.5100 1.3503 1.5100 1.3516
1.5400 1.3658 1.5400 1.3542
1.5500 1.4201 1.5500 1.4387
1.5200 1.5014 1.5200 1.5447
1.5100 1.6159 1.5100 1.6630
1.5400 1.6290 1.5400 1.6252
1.5900 1.6536 1.5900 1.6485
1.6300 1.6440 1.6300 1.6451
1.6500 1.6079 1.6500 1.5991
1.6700 1.4880 1.6700 1.4493
1.6900 1.5073 1.6900 1.5354
1.7000 1.6135 1.7000 1.6865
1.6800 1.6950 1.6800 1.7201
1.6500 1.7107 1.6500 1.6859
1.6400 1.6967 1.6400 1.6680
1.6200 1.7247 1.6200 1.7342
1.6000 1.7462 1.6000 1.7620
1.5500 1.7293 1.5500 1.7173
1.5200 1.6418 1.5200 1.5973
1.5200 1.5870 1.5200 1.5678
1.5600 1.6155 1.5600 1.6484
1.6000 1.5702 1.6000 1.5602
1.6000 1.5427 1.6000 1.5218
1.5900 1.4340 1.5900 1.3939
1.5900 1.4447 1.5900 1.4582
1.6000 1.5095 1.6000 1.5585
1.6100 1.6290 1.6100 1.6721
1.6400 1.6711 1.6400 1.6650
1.6700 1.5966 1.6700 1.5341
1.7200 1.5756 1.7200 1.5598
1.7600 1.6027 1.7600 1.6384
1.8100 1.6278 1.8100 1.6487
1.8600 1.6294 1.8600 1.6234
1.9200 1.6982 1.9200 1.7193
1.9800 1.7325 1.9800 1.7409
2.0000 1.8244 2.0000 1.8454
2.0000 1.8483 2.0000 1.8439
1.9900 1.9190 1.9900 1.9251
1.9600 1.9724 1.9600 1.9809
1.9200 2.0517 1.9200 2.0615
1.8700 2.1109 1.8700 2.1083
1.8400 2.0461 1.8400 1.9770
1.8100 2.0004 1.8100 1.9460
1.8000 1.9669 1.8000 1.9487
1.8100 1.8860 1.8100 1.8431
1.8200 1.8126 1.8200 1.7703
1.8400 1.7347 1.8400 1.7021
1.8500 1.7404 1.8500 1.7465
1.8600 1.7089 1.8600 1.6965
1.8600 1.7377 1.8600 1.7362
1.8600 1.7946 1.8600 1.8113
1.8300 1.8104 1.8300 1.7967
1.8000 1.8564 1.8000 1.8507
1.7700 1.8539 1.7700 1.8361
1.7500 1.8667 1.7500 1.8520
1.7500 1.8484 1.7500 1.8291
1.7300 1.8465 1.7300 1.8335
1.7000 1.7533 1.7000 1.7032
1.6700 1.7181 1.6700 1.6961
1.6500 1.6874 1.6500 1.6864
1.6400 1.6830 1.6400 1.6824
1.6300 1.7216 1.6300 1.7351
1.6100 1.6622 1.6100 1.6257
1.5900 1.6130 1.5900 1.5757
1.5700 1.5892 1.5700 1.5880
1.5600 1.5912 1.5600 1.6021
1.5500 1.5999 1.5500 1.6050
1.5300 1.5895 1.5300 1.5796
1.5300 1.5517 1.5300 1.5290
1.5300 1.5357 1.5300 1.5297
1.5300 1.5192 1.5300 1.5206
1.5100 1.5294 1.5100 1.5378
1.5000 1.5198 1.5000 1.5177
1.4800 1.4799 1.4800 1.4601
1.4600 1.5228 1.4600 1.5434
1.4500 1.5272 1.4500 1.5367
1.4500 1.5260 1.4500 1.5167
1.4400 1.4680 1.4400 1.4427
1.4300 1.4799 1.4300 1.4897
1.4300 1.4424 1.4300 1.4412
1.4500 1.4184 1.4500 1.4100
1.4600 1.4285 1.4600 1.4417
1.4700 1.4495 1.4700 1.4638
1.4600 1.4197 1.4600 1.4042
1.4500 1.4109 1.4500 1.4047
1.4400 1.4356 1.4400 1.4545
1.4400 1.4978 1.4400 1.5272
1.4400 1.4877 1.4400 1.4782
1.4400 1.4977 1.4400 1.4910
1.4400 1.4524 1.4400 1.4387
1.4300 1.4421 1.4300 1.4434
1.4100 1.4316 1.4100 1.4423
1.3900 1.4478 1.3900 1.4612
1.3800 1.4457 1.3800 1.4473
1.3700 1.4448 1.3700 1.4422
1.3700 1.4470 1.3700 1.4497
1.3600 1.4186 1.3600 1.4103
1.3600 1.3783 1.3600 1.3659
1.3400 1.3581 1.3400 1.3611
1.3300 1.3674 1.3300 1.3835
1.3200 1.3557 1.3200 1.3561
1.3400 1.3746 1.3400 1.3805
1.3500 1.3475 1.3500 1.3389
1.3500 1.3690 1.3500 1.3765
1.3200 1.3127 1.3200 1.2978
1.3100 1.3213 1.3100 1.3260
1.3100 1.3140 1.3100 1.3249
1.3300 1.3924 1.3300 1.4242
1.3500 1.3840 1.3500 1.3797
1.3600 1.3631 1.3600 1.3410
1.3600 1.2784 1.3600 1.2500
1.3600 1.3093 1.3600 1.3360
1.3600 1.3302 1.3600 1.3595
1.3700 1.3834 1.3700 1.3990
1.3900 1.4033 1.3900 1.4035
1.4100 1.3962 1.4100 1.3834
1.4300 1.3811 1.4300 1.3751
1.4300 1.3835 1.4300 1.3942
1.4300 1.3822 1.4300 1.3919
1.4200 1.4084 1.4200 1.4235
1.4300 1.4470 1.4300 1.4647
1.4400 1.4666 1.4400 1.4703
1.4500 1.4875 1.4500 1.4903
1.4500 1.4495 1.4500 1.4342
1.4400 1.4489 1.4400 1.4521
1.4300 1.4188 1.4300 1.4211
1.4200 1.4642 1.4200 1.4898
1.4200 1.4726 1.4200 1.4833
1.4200 1.4790 1.4200 1.4739
1.4300 1.4606 1.4300 1.4523
1.4300 1.4320 1.4300 1.4239
1.4200 1.4221 1.4200 1.4277
1.4200 1.4105 1.4200 1.4170
1.4200 1.4275 1.4200 1.4397
1.4200 1.4267 1.4200 1.4294
1.4300 1.4566 1.4300 1.4663
1.4400 1.4392 1.4400 1.4330
1.4400 1.4096 1.4400 1.3953
1.4200 1.4316 1.4200 1.4492
1.3800 1.4324 1.3800 1.4431
1.3300 1.4292 1.3300 1.4262
1.2700 1.4593 1.2700 1.4735
1.2400 1.4712 1.2400 1.4785
1.2300 1.4510 1.2300 1.4389
1.2900 1.3914 1.2900 1.3689
1.3900 1.3113 1.3900 1.2902
1.5100 1.2393 1.5100 1.2306
1.6000 1.1555 1.6000 1.1472
1.6600 1.1805 1.6600 1.2053
1.7000 1.2105 1.7000 1.2308
1.7600 1.4106 1.7600 1.4707
1.8400 1.6012 1.8400 1.6545
1.9400 1.7703 1.9400 1.7897
2.0400 1.8156 2.0400 1.7909
2.1100 1.8276 2.1100 1.8023
2.1500 1.8327 2.1500 1.8355
2.1700 1.9268 2.1700 1.9788
2.1600 2.0362 2.1600 2.0842
2.1800 2.1650 2.1800 2.1903
2.2000 2.2616 2.2000 2.2565
2.2500 2.2712 2.2500 2.2149
2.2900 2.2497 2.2900 2.1841
2.3400 2.2248 2.3400 2.1795
2.3700 2.1417 2.3700 2.0761
2.4000 2.2078 2.4000 2.2158
2.4200 2.2189 2.4200 2.2029
2.4300 2.3198 2.4300 2.3097
2.4000 2.3404 2.4000 2.2919
2.3700 2.4123 2.3700 2.3701
2.3400 2.4070 2.3400 2.3370
2.3400 2.4358 2.3400 2.3753
2.3400 2.4343 2.3400 2.3704
2.3500 2.4176 2.3500 2.3391
2.3400 2.2987 2.3400 2.1721
2.3000 2.2605 2.3000 2.1872
2.2700 2.2266 2.2700 2.1809
2.2300 2.2804 2.2300 2.2632
2.1900 2.2772 2.1900 2.2232
2.1500 2.3071 2.1500 2.2506
2.1200 2.2630 2.1200 2.1791
2.0900 2.1639 2.0900 2.0533
2.0600 2.1552 2.0600 2.1145
2.0400 2.0941 2.0400 2.0437
2.0100 2.0460 2.0100 1.9844
1.9900 2.0039 1.9900 1.9576
1.9600 1.9953 1.9600 1.9669
1.9400 1.9675 1.9400 1.9288
1.9200 1.9393 1.9200 1.8972
1.9100 1.9442 1.9100 1.9243
1.8900 1.8981 1.8900 1.8560
1.8700 1.9002 1.8700 1.8771
1.8500 1.8541 1.8500 1.8202
1.8300 1.8553 1.8300 1.8371
1.8100 1.8387 1.8100 1.8216
1.7900 1.8501 1.7900 1.8384
1.7700 1.8125 1.7700 1.7803
1.7600 1.7940 1.7600 1.7687
1.7300 1.7777 1.7300 1.7648
1.7000 1.7586 1.7000 1.7430
1.6600 1.7387 1.6600 1.7220
1.6100 1.7196 1.6100 1.7050
1.5500 1.7010 1.5500 1.6875
1.5000 1.7129 1.5000 1.7140
1.4600 1.6441 1.4600 1.6088
1.4300 1.6135 1.4300 1.5928
1.3900 1.5568 1.3900 1.5427
1.3500 1.4853 1.3500 1.4602
1.3100 1.4039 1.3100 1.3803
1.2700 1.3738 1.2700 1.3772
1.2500 1.3553 1.2500 1.3622
1.2500 1.3459 1.2500 1.3443
1.3000 1.2897 1.3000 1.2662
1.3800 1.2552 1.3800 1.2423
1.4800 1.2228 1.4800 1.2214
1.5700 1.1864 1.5700 1.1796
1.5900 1.2085 1.5900 1.2218
1.5700 1.2526 1.5700 1.2721
1.5200 1.4065 1.5200 1.4544
1.4700 1.5550 1.4700 1.5956
1.4000 1.7027 1.4000 1.7264
1.3400 1.7846 1.3400 1.7864
1.2900 1.6721 1.2900 1.5979
1.2600 1.5714 1.2600 1.5251
1.2300 1.4565 1.2300 1.4702
1.2200 1.3935 1.2200 1.4234
1.2200 1.2723 1.2200 1.2633
1.2100 1.2066 1.2100 1.1991
1.2000 1.1753 1.2000 1.1825
1.1800 1.1854 1.1800 1.1923
1.1500 1.1597 1.1500 1.1458
1.1100 1.1956 1.1100 1.2007
1.0700 1.2260 1.0700 1.2364
1.0400 1.2020 1.0400 1.1829
1.0200 1.1970 1.0200 1.1892
1.0000 1.1636 1.0000 1.1579
0.9900 1.1147 0.9900 1.1001
0.9700 1.0547 0.9700 1.0401
0.9600 1.0141 0.9600 1.0075
0.9600 1.0034 0.9600 1.0046
0.9800 1.0028 0.9800 0.9992
0.9900 0.9840 0.9900 0.9657
1.0000 0.9972 1.0000 0.9890
1.0100 0.9641 1.0100 0.9441
1.0200 0.9764 1.0200 0.9685
1.0300 1.0015 1.0300 1.0045
1.0400 1.0644 1.0400 1.0681
1.0500 1.0532 1.0500 1.0342
1.0600 1.0647 1.0600 1.0508
1.0600 1.0803 1.0600 1.0833
1.0600 1.0913 1.0600 1.0916
1.0600 1.0997 1.0600 1.0976
1.0600 1.1083 1.0600 1.1074
1.0600 1.1175 1.0600 1.1170
1.0500 1.1266 1.0500 1.1266
1.0600 1.1061 1.0600 1.0958
1.0700 1.1047 1.0700 1.1023
1.0700 1.1046 1.0700 1.1076
1.0600 1.1024 1.0600 1.1002
1.0400 1.1007 1.0400 1.0970
1.0400 1.0705 1.0400 1.0570
1.0400 1.1193 1.0400 1.1346
1.0500 1.1311 1.0500 1.1363
1.0500 1.1087 1.0500 1.0875
1.0500 1.0802 1.0500 1.0655
1.0400 1.0429 1.0400 1.0341
1.0300 1.0813 1.0300 1.0994
1.0200 1.0800 1.0200 1.0808
1.0100 1.1054 1.0100 1.1002
1.0100 1.0884 1.0100 1.0752
1.0000 1.0902 1.0000 1.0830
0.9900 1.0636 0.9900 1.0549
0.9700 1.0527 0.9700 1.0477
0.9600 1.0422 0.9600 1.0399
0.9500 1.0304 0.9500 1.0232
0.9400 1.0491 0.9400 1.0504
0.9300 1.0205 0.9300 1.0044
0.9100 1.0101 0.9100 0.9960
0.9000 0.9736 0.9000 0.9593
0.9000 0.9831 0.9000 0.9818
0.8900 0.9740 0.8900 0.9676
0.8800 0.9624 0.8800 0.9457
0.8600 0.9544 0.8600 0.9403
0.8500 0.9173 0.8500 0.8949
0.8200 0.9345 0.8200 0.9206
0.7900 0.9625 0.7900 0.9490
0.7600 0.9299 0.7600 0.8914
0.7500 0.9222 0.7500 0.8871
0.7400 0.8869 0.7400 0.8542
0.7300 0.9031 0.7300 0.8752
0.7200 0.8352 0.7200 0.7838
0.7000 0.8146 0.7000 0.7555
0.7000 0.7997 0.7000 0.7392
0.6900 0.8442 0.6900 0.7743
0.6800 0.8392 0.6800 0.7465
0.6800 0.8326 0.6800 0.7277
0.6800 0.8268 0.6800 0.7326
0.7200 0.7883 0.7200 0.6915
0.7900 0.8344 0.7900 0.7531
0.9000 0.8061 0.9000 0.7145
1.0100 0.7957 1.0100 0.6999
1.0900 0.8229 1.0900 0.7452
1.1300 0.8235 1.1300 0.7351
1.1700 0.9446 1.1700 0.8652
1.2100 1.0696 1.2100 1.0049
1.2400 1.2386 1.2400 1.1985
1.3000 1.3100 1.3000 1.3025
1.4000 1.3282 1.4000 1.3057
1.5100 1.2961 1.5100 1.2766
1.6400 1.3358 1.6400 1.3703
1.7800 1.3681 1.7800 1.4086
1.9000 1.3614 1.9000 1.3657
1.9800 1.4698 1.9800 1.5136
2.0200 1.6490 2.0200 1.7237
2.0500 1.7760 2.0500 1.8054
2.1000 1.9469 2.1000 1.9810
2.1900 2.1166 2.1900 2.1597
2.3200 2.1997 2.3200 2.1937
2.4400 2.1961 2.4400 2.1458
2.5300 2.1489 2.5300 2.0948
2.5800 2.1471 2.5800 2.1344
2.6000 2.2228 2.6000 2.2517
2.6200 2.3795 2.6200 2.4238
2.6500 2.5829 2.6500 2.6141
2.6700 2.6818 2.6700 2.6256
2.6800 2.7148 2.6800 2.6021
2.6800 2.6887 2.6800 2.5636
2.6700 2.6425 2.6700 2.5270
2.6600 2.6487 2.6600 2.5758
2.6500 2.6830 2.6500 2.6236
2.6300 2.6668 2.6300 2.5587
2.6100 2.6463 2.6100 2.5239
2.6000 2.6233 2.6000 2.5111
2.6000 2.5899 2.6000 2.4771
2.6200 2.5750 2.6200 2.4758
2.6400 2.5607 2.6400 2.4656
2.6400 2.5159 2.6400 2.4011
2.6300 2.4932 2.6300 2.3928
2.6200 2.5043 2.6200 2.4315
2.6000 2.5252 2.6000 2.4531
2.5900 2.5874 2.5900 2.5266
2.5800 2.6113 2.5800 2.5236
2.5600 2.5733 2.5600 2.4415
2.5400 2.5459 2.5400 2.4310
2.5300 2.5379 2.5300 2.4528
2.5300 2.4939 2.5300 2.3895
2.5400 2.4987 2.5400 2.4172
2.5500 2.4876 2.5500 2.4048
2.5600 2.4450 2.5600 2.3361
2.5700 2.4250 2.5700 2.3342
2.5800 2.4379 2.5800 2.3755
2.5900 2.4594 2.5900 2.3963
2.6000 2.4905 2.6000 2.4229
2.6300 2.5035 2.6300 2.4219
2.6400 2.5174 2.6400 2.4330
2.6400 2.5313 2.6400 2.4506
2.6300 2.5430 2.6300 2.4610
2.6200 2.5529 2.6200 2.4685
2.6100 2.5623 2.6100 2.4765
2.6100 2.6337 2.6100 2.5783
2.6100 2.6031 2.6100 2.4889
2.6100 2.5795 2.6100 2.4552
2.6200 2.5504 2.6200 2.4472
2.6400 2.5381 2.6400 2.4479
2.6600 2.5236 2.6600 2.4329
2.6500 2.5401 2.6500 2.4628
2.6300 2.5394 2.6300 2.4506
2.6200 2.5393 2.6200 2.4439
2.6500 2.5724 2.6500 2.4980
2.6800 2.6161 2.6800 2.5459
2.7000 2.6375 2.7000 2.5442
2.7000 2.5663 2.7000 2.4194
2.6900 2.5251 2.6900 2.4043
2.6700 2.5364 2.6700 2.4695
2.6500 2.6462 2.6500 2.6242
2.6400 2.6734 2.6400 2.5850
2.6400 2.6713 2.6400 2.5393
2.6400 2.6369 2.6400 2.5035
2.6400 2.6098 2.6400 2.4946
2.6400 2.5668 2.6400 2.4548
2.6400 2.5398 2.6400 2.4389
2.6400 2.5453 2.6400 2.4647
2.6300 2.5634 2.6300 2.4847
2.6500 2.5631 2.6500 2.4652
2.6800 2.5652 2.6800 2.4658
2.7300 2.5692 2.7300 2.4759
2.7500 2.5715 2.7500 2.4782
2.7700 2.5720 2.7700 2.4776
2.7800 2.5411 2.7800 2.4307
2.7900 2.6229 2.7900 2.5734
2.7900 2.6770 2.7900 2.6138
2.7700 2.7678 2.7700 2.6927
2.7500 2.7305 2.7500 2.5830
2.7500 2.7527 2.7500 2.6307
2.7400 2.7468 2.7400 2.6369
2.7400 2.7522 2.7400 2.6386
2.7400 2.7260 2.7400 2.5968
2.7300 2.6588 2.7300 2.5070
2.7300 2.6344 2.7300 2.5159
2.7200 2.6738 2.7200 2.6028
2.7000 2.6399 2.7000 2.5180
2.7000 2.6567 2.7000 2.5474
2.7100 2.6611 2.7100 2.5605
2.7200 2.6320 2.7200 2.5044
2.7300 2.6534 2.7300 2.5568
2.7200 2.6248 2.7200 2.5104
2.7200 2.5818 2.7200 2.4502
2.7300 2.6231 2.7300 2.5502
2.7200 2.6559 2.7200 2.5808
2.6900 2.6643 2.6900 2.5533
2.6400 2.6763 2.6400 2.5662
2.5700 2.6291 2.5700 2.4935
2.4800 2.6502 2.4800 2.5544
2.3900 2.6823 2.3900 2.6056
2.3200 2.6276 2.3200 2.4874
2.2900 2.5523 2.2900 2.3995
2.2900 2.4608 2.2900 2.3275
2.2600 2.3457 2.2600 2.2163
2.2600 2.2066 2.2600 2.0803
2.2300 2.1091 2.2300 2.0228
2.2100 2.0768 2.2100 2.0371
2.1200 2.1292 2.1200 2.1248
2.0600 2.1959 2.0600 2.1808
1.9300 2.1129 1.9300 2.0036
1.7500 2.1862 1.7500 2.1582
1.5000 2.1120 1.5000 2.0459
1.2200 2.1122 1.2200 2.0584
1.0300 1.8817 1.0300 1.7454
0.9300 1.8760 0.9300 1.8529
0.9900 1.6063 0.9900 1.5360
1.1200 1.3651 1.1200 1.2687
1.0000 0.8947 1.0000 0.7879
1.0000 0.9127 1.0000 0.8147
1.0100 1.0245 1.0100 0.9766
1.0200 1.1914 1.0200 1.1818
1.0400 1.2211 1.0400 1.2065
1.0700 1.1585 1.0700 1.1057
1.0900 1.0852 1.0900 1.0576
1.1200 1.0851 1.1200 1.1153
1.1500 1.1041 1.1500 1.1370
1.1700 1.0970 1.1700 1.0939
1.2000 1.1263 1.2000 1.1266
1.2200 1.1760 1.2200 1.1881
1.2800 1.1770 1.2800 1.1679
1.3100 1.2266 1.3100 1.2360
1.3300 1.2594 1.3300 1.2740
1.3300 1.2573 1.3300 1.2516
1.3200 1.3052 1.3200 1.3225
1.3000 1.3054 1.3000 1.3115
1.2800 1.4413 1.2800 1.4904
1.2600 1.4121 1.2600 1.4029
1.2600 1.4055 1.2600 1.3839
1.2400 1.3692 1.2400 1.3686
1.2400 1.3362 1.2400 1.3381
1.2300 1.2896 1.2300 1.2877
1.2200 1.2620 1.2200 1.2652
1.2100 1.2373 1.2100 1.2389
1.2000 1.2740 1.2000 1.2934
1.2000 1.2146 1.2000 1.1935
1.1700 1.2531 1.1700 1.2609
1.1300 1.2300 1.1300 1.2316
1.0400 1.2190 1.0400 1.2094
1.0400 1.2115 1.0400 1.2136
1.0600 1.2027 1.0600 1.2037
1.1100 1.2227 1.1100 1.2317
1.1200 1.1341 1.1200 1.1019
1.0800 1.0728 1.0800 1.0482
1.0500 0.9121 1.0500 0.8816
1.0400 1.0615 1.0400 1.1364
1.0900 1.1267 1.0900 1.1653
1.1500 1.2245 1.1500 1.2047
1.1300 1.1646 1.1300 1.1154
1.1100 1.0390 1.1100 0.9762
1.0900 1.0380 1.0900 1.0589
1.0800 1.0686 1.0800 1.1113
1.0700 1.2252 1.0700 1.2736
1.0600 1.3000 1.0600 1.3052
1.0600 1.1229 1.0600 1.0200
1.0400 1.1105 1.0400 1.0971
1.0000 1.1043 1.0000 1.1480
0.9800 1.1036 0.9800 1.1123
0.9000 1.0821 0.9000 1.0699
0.7600 1.0692 0.7600 1.0576
0.6700 1.0919 0.6700 1.0959
0.6900 1.0359 0.6900 1.0121
0.8200 0.9566 0.8200 0.9206
1.0000 0.9781 1.0000 0.9930
1.2200 0.8092 1.2200 0.7664
1.3900 0.7062 1.3900 0.6322
1.4400 0.7533 1.4400 0.7674
1.4400 0.8961 1.4400 0.9565
1.4400 1.2551 1.4400 1.1662
1.4400 1.5001 1.4400 1.3608
1.4300 1.7492 1.4300 1.7294
1.4300 1.8142 1.4300 1.8006
1.3800 1.6437 1.3800 1.5297
1.3400 1.5440 1.3400 1.5192
1.2100 1.5321 1.2100 1.6224
1.1600 1.5005 1.1600 1.5477
1.1100 1.4364 1.1100 1.4199
1.1700 1.4412 1.1700 1.4490
1.2500 1.2893 1.2500 1.2375
1.3400 1.2639 1.3400 1.2583
1.4100 1.0028 1.4100 0.9488
1.4300 1.0658 1.4300 1.1096
1.4200 1.0151 1.4200 1.0464
1.4000 1.2917 1.4000 1.3376
1.3900 1.4118 1.3900 1.4382
1.3800 1.5292 1.3800 1.5113
1.3800 1.5836 1.3800 1.5732
1.4000 1.5193 1.4000 1.4821
1.4800 1.4508 1.4800 1.4324
1.5500 1.4041 1.5500 1.4219
1.5900 1.4002 1.5900 1.4284
1.5700 1.3760 1.5700 1.3796
1.6000 1.3871 1.6000 1.3917
1.6300 1.4479 1.6300 1.4744
1.6500 1.6531 1.6500 1.7308
1.6600 1.7079 1.6600 1.7114
1.6500 1.6882 1.6500 1.6362
1.6600 1.5567 1.6600 1.4911
1.6400 1.6894 1.6400 1.7679
1.6700 1.7181 1.6700 1.7642
1.6900 1.6979 1.6900 1.6629
1.6500 1.6833 1.6500 1.6649
1.5300 1.6359 1.5300 1.6188
1.5000 1.6847 1.5000 1.7106
1.5100 1.6011 1.5100 1.5741
1.5800 1.7244 1.5800 1.7690
1.6000 1.7285 1.6000 1.7390
1.6100 1.5608 1.6100 1.4573
1.5900 1.2862 1.5900 1.2107
1.5600 1.4308 1.5600 1.5506
1.5400 1.5254 1.5400 1.6205
1.5100 1.6958 1.5100 1.7201
1.4800 1.6194 1.4800 1.5478
1.3400 1.6235 1.3400 1.5850
1.2900 1.5638 1.2900 1.5544
1.2200 1.5119 1.2200 1.5044
1.2700 1.5041 1.2700 1.5220
1.2500 1.4458 1.2500 1.4355
1.2400 1.4088 1.2400 1.3939
1.2200 1.0803 1.2200 0.9864
1.1800 1.1728 1.1800 1.2433
1.1500 1.0828 1.1500 1.1066
1.1300 1.3495 1.1300 1.4156
1.1000 1.2003 1.1000 1.1374
1.0800 1.2106 1.0800 1.1591
1.0500 1.1992 1.0500 1.2202
1.0500 1.1251 1.0500 1.1064
1.0500 1.1109 1.0500 1.1109
1.0300 1.1107 1.0300 1.1256
0.9900 1.0588 0.9900 1.0353
0.9600 1.0579 0.9600 1.0504
0.9300 1.0144 0.9300 1.0012
0.9200 1.0750 0.9200 1.0898
0.9000 1.0800 0.9000 1.0795
0.9000 1.0203 0.9000 0.9798
0.8900 0.9456 0.8900 0.9127
0.8900 0.9404 0.8900 0.9473
0.8800 0.9118 0.8800 0.9068
0.8700 0.9468 0.8700 0.9300
0.8700 0.9148 0.8700 0.8708
0.8600 0.9647 0.8600 0.9295
0.8500 0.9354 0.8500 0.8980
0.8400 0.9559 0.8400 0.9223
0.8200 0.9249 0.8200 0.8934
0.7800 0.9164 0.7800 0.8840
0.7600 0.9414 0.7600 0.9219
0.7600 0.9111 0.7600 0.8730
0.7900 0.9018 0.7900 0.8610
0.8400 0.8987 0.8400 0.8637
0.9000 0.8601 0.9000 0.8112
1.0000 0.7881 1.0000 0.7296
1.0800 0.8220 1.0800 0.7717
1.1500 0.8769 1.1500 0.8187
1.1200 0.9699 1.1200 0.8936
1.1500 1.0545 1.1500 0.9826
1.2000 1.1179 1.2000 1.0674
1.3000 1.2805 1.3000 1.2978
1.3100 1.3116 1.3100 1.3109
1.2900 1.3613 1.2900 1.3532
1.2700 1.1392 1.2700 1.0596
1.2500 1.2785 1.2500 1.3493
1.2400 1.3702 1.2400 1.4599
1.2400 1.5465 1.2400 1.5897
1.3000 1.3695 1.3000 1.2766
1.4000 1.2880 1.4000 1.2311
1.5000 1.2797 1.5000 1.3268
1.5800 1.2516 1.5800 1.2757
1.6100 1.2434 1.6100 1.2454
1.6500 1.2558 1.6500 1.2639
1.6200 1.4367 1.6200 1.5020
1.6500 1.6240 1.6500 1.6854
1.6600 1.7268 1.6600 1.7265
1.7100 1.7760 1.7100 1.7567
1.7200 1.7164 1.7200 1.6746
1.7500 1.7771 1.7500 1.8082
1.7700 1.5994 1.7700 1.5456
1.7800 1.7300 1.7800 1.7896
1.7700 1.6962 1.7700 1.7154
1.7800 1.8105 1.7800 1.8312
1.8100 1.7412 1.8100 1.7028
1.8500 1.8097 1.8500 1.8138
1.8800 1.8172 1.8800 1.8257
1.9000 1.8019 1.9000 1.7786
1.9100 1.7477 1.9100 1.7145
1.9100 1.7955 1.9100 1.8181
1.9200 1.8656 1.9200 1.8999
1.9200 1.9210 1.9200 1.9230
1.9000 1.9300 1.9000 1.9015
1.8300 1.9333 1.8300 1.9067
1.7400 1.9264 1.7400 1.9070
1.6600 1.9039 1.6600 1.8812
1.7100 1.9294 1.7100 1.9305
1.8100 1.9048 1.8100 1.8822
1.9000 1.8380 1.9000 1.7852
1.8800 1.6633 1.8800 1.5742
1.8200 1.5279 1.8200 1.4915
1.7800 1.4643 1.7800 1.4750
1.8000 1.7749 1.8000 1.9348
1.8500 1.9787 1.8500 2.0524
1.8900 2.0456 1.8900 1.9800
1.9100 1.8259 1.9100 1.6486
1.9200 1.7027 1.9200 1.6245
1.9300 1.7095 1.9300 1.7734
1.9400 1.8364 1.9400 1.9277
1.9500 1.9273 1.9500 1.9482
1.9700 1.9401 1.9700 1.8929
1.9900 1.9308 1.9900 1.8804
2.0100 1.9340 2.0100 1.9155
2.0500 1.9474 2.0500 1.9453
2.1000 1.9519 2.1000 1.9415
2.1400 1.9550 2.1400 1.9371
2.1800 1.9923 2.1800 1.9885
2.2000 2.0119 2.2000 1.9973
2.2000 2.0310 2.2000 2.0078
2.1800 2.1135 2.1800 2.1225
2.1700 2.1865 2.1700 2.1870
2.1700 2.2053 2.1700 2.1611
2.1700 2.2462 2.1700 2.2117
2.1700 2.2276 2.1700 2.1741
2.1800 2.1825 2.1800 2.1127
2.1700 2.1159 2.1700 2.0501
2.1500 2.1192 2.1500 2.0977
2.1100 2.1336 2.1100 2.1188
2.0700 2.1265 2.0700 2.0830
2.0500 2.1244 2.0500 2.0787
2.0600 2.1581 2.0600 2.1357
2.1100 2.1098 2.1100 2.0460
2.1700 2.0675 2.1700 2.0031
2.2100 1.9872 2.2100 1.9256
2.2200 1.9437 2.2200 1.9057
2.1900 1.9618 2.1900 1.9622
2.1500 2.0314 2.1500 2.0457
2.1100 2.1649 2.1100 2.1890
2.1000 2.2526 2.1000 2.2365
2.0900 2.2605 2.0900 2.1880
2.0600 2.2186 2.0600 2.1326
2.0000 2.1104 2.0000 2.0170
1.9500 2.0434 1.9500 1.9911
1.9100 1.9933 1.9100 1.9665
1.8900 2.0331 1.8900 2.0387
1.8700 2.0173 1.8700 1.9848
1.8400 1.9437 1.8400 1.8650
1.8100 1.8268 1.8100 1.7449
1.7700 1.8012 1.7700 1.7883
1.7500 1.7830 1.7500 1.7850
1.7200 1.7989 1.7200 1.7957
1.6900 1.7792 1.6900 1.7540
1.6600 1.7331 1.6600 1.6913
1.6600 1.7103 1.6600 1.6911
1.6300 1.6557 1.6300 1.6327
1.5900 1.6769 1.5900 1.6858
1.5400 1.6287 1.5400 1.6107
1.5100 1.5972 1.5100 1.5729
1.5000 1.5716 1.5000 1.5646
1.4900 1.6361 1.4900 1.6678
1.4800 1.5484 1.4800 1.5086
1.4600 1.4863 1.4600 1.4448
1.4300 1.4230 1.4300 1.4149
1.4100 1.4345 1.4100 1.4570
1.3900 1.4642 1.3900 1.4874
1.3700 1.4527 1.3700 1.4414
1.3600 1.4460 1.3600 1.4329
1.3500 1.4141 1.3500 1.4027
1.3300 1.3686 1.3300 1.3549
1.3200 1.3703 1.3200 1.3828
1.3100 1.3510 1.3100 1.3552
1.3200 1.3288 1.3200 1.3204
1.3000 1.3404 1.3000 1.3489
1.2500 1.3340 1.2500 1.3358
1.1800 1.2954 1.1800 1.2784
1.1200 1.3078 1.1200 1.3167
1.1000 1.3016 1.1000 1.3089
1.1000 1.3512 1.1000 1.3697
1.1200 1.2734 1.1200 1.2435
1.1500 1.1628 1.1500 1.1141
1.1900 1.0579 1.1900 1.0514
1.1800 1.0260 1.1800 1.0414
1.1700 1.0718 1.1700 1.1063
1.1600 1.1078 1.1600 1.1118
1.1900 1.1676 1.1900 1.1611
1.2200 1.2285 1.2200 1.2316
1.2400 1.2998 1.2400 1.3107
1.2500 1.1988 1.2500 1.1510
1.2300 1.1894 1.2300 1.1832
1.1600 1.1842 1.1600 1.2115
1.0800 1.2865 1.0800 1.3324
1.0200 1.3110 1.0200 1.3165
0.9800 1.3067 0.9800 1.2834
0.9700 1.3025 0.9700 1.2973
0.9400 1.2275 0.9400 1.2073
0.9100 1.0625 0.9100 1.0345
0.9000 0.9813 0.9000 0.9835
0.8900 0.9512 0.8900 0.9757
0.8900 0.9217 0.8900 0.9189
0.8700 0.9848 0.8700 0.9537
0.8800 0.9228 0.8800 0.8512
0.9100 0.8995 0.9100 0.8412
0.9600 0.9446 0.9600 0.9287
1.0100 0.9355 1.0100 0.9006
1.0600 0.9553 1.0600 0.9128
1.1100 0.8961 1.1100 0.8445
1.1400 0.9747 1.1400 0.9552
1.1900 1.0480 1.1900 1.0421
1.2400 1.1270 1.2400 1.1114
1.2800 1.1619 1.2800 1.1542
1.3000 1.2170 1.3000 1.2174
1.3100 1.2726 1.3100 1.2861
1.3200 1.2636 1.3200 1.2584
1.3100 1.3495 1.3100 1.3823
1.3100 1.3983 1.3100 1.4269
1.3200 1.4105 1.3200 1.4067
1.3300 1.3868 1.3300 1.3759
1.3500 1.3749 1.3500 1.3794
1.3700 1.3812 1.3700 1.3996
1.3800 1.3240 1.3800 1.3128
1.4000 1.3358 1.4000 1.3466
1.4000 1.3642 1.4000 1.3902
1.4100 1.3702 1.4100 1.3717
1.4200 1.4083 1.4200 1.4186
1.4400 1.4312 1.4400 1.4411
1.4500 1.4220 1.4500 1.4144
1.4400 1.4627 1.4400 1.4804
1.4400 1.4238 1.4400 1.4155
1.4300 1.4497 1.4300 1.4594
1.4200 1.4604 1.4200 1.4771
1.4000 1.4971 1.4000 1.5115
1.3800 1.4858 1.3800 1.4805
1.3700 1.4343 1.3700 1.4100
1.3600 1.4547 1.3600 1.4717
1.3600 1.4251 1.3600 1.4291
1.3400 1.4091 1.3400 1.4033
1.3400 1.3675 1.3400 1.3592
1.3600 1.3462 1.3600 1.3449
1.3800 1.3564 1.3800 1.3711
1.3800 1.3460 1.3800 1.3473
1.3600 1.3653 1.3600 1.3712
1.3400 1.3082 1.3400 1.2877
1.3300 1.3491 1.3300 1.3653
1.3200 1.4147 1.3200 1.4534
1.3300 1.4337 1.3300 1.4336
1.3400 1.3936 1.3400 1.3647
1.3600 1.3375 1.3600 1.3168
1.3600 1.3202 1.3600 1.3306
1.3500 1.3281 1.3500 1.3503
1.3500 1.3125 1.3500 1.3122
1.3400 1.3591 1.3400 1.3755
1.3100 1.3723 1.3100 1.3785
1.2700 1.4139 1.2700 1.4215
1.2600 1.3784 1.2600 1.3630
1.2900 1.3492 1.2900 1.3361
1.3200 1.3714 1.3200 1.3948
1.3600 1.3400 1.3600 1.3393
1.4100 1.2642 1.4100 1.2338
1.4900 1.2029 1.4900 1.1898
1.5800 1.2535 1.5800 1.2924
1.6900 1.3634 1.6900 1.4148
1.8100 1.3905 1.8100 1.3837
1.9300 1.4528 1.9300 1.4516
1.9800 1.5353 1.9800 1.5634
2.0600 1.6832 2.0600 1.7357
2.0700 1.7967 2.0700 1.8296
2.1600 1.9480 2.1600 1.9830
2.1200 2.0939 2.1200 2.1284
2.1100 2.2168 2.1100 2.2298
2.0500 2.1233 2.0500 2.0306
2.0000 2.2588 2.0000 2.2826
1.9800 2.1238 1.9800 2.0558
1.9800 2.3561 1.9800 2.4212
2.0700 2.0441 2.0700 1.8793
2.1700 2.0688 2.1700 2.0082
1.9500 1.9115 1.9500 1.8504
1.9200 1.7836 1.9200 1.6978
1.8700 1.9199 1.8700 1.9809
1.8700 1.9817 1.8700 2.0077
1.8400 1.9903 1.8400 1.9330
1.8100 1.9199 1.8100 1.8403
1.7600 1.7902 1.7600 1.7062
1.7300 1.8256 1.7300 1.8477
1.6800 1.7343 1.6800 1.7092
1.7000 1.8250 1.7000 1.8474
1.6400 1.7375 1.6400 1.6959
1.6400 1.7057 1.6400 1.6594
1.5800 1.6247 1.5800 1.5938
1.5800 1.6375 1.5800 1.6490
1.5600 1.5484 1.5600 1.5191
1.5400 1.7073 1.5400 1.7715
1.5100 1.4927 1.5100 1.4043
1.5200 1.6076 1.5200 1.6252
1.4900 1.4448 1.4900 1.4113
1.4100 1.5583 1.4100 1.5910
1.2900 1.5070 1.2900 1.5106
1.2000 1.4807 1.2000 1.4489
1.1000 1.4369 1.1000 1.4239
1.0200 1.5323 1.0200 1.5826
0.9400 1.4254 0.9400 1.3859
0.9800 1.2396 0.9800 1.1566
1.0000 1.0744 1.0000 1.0486
1.1200 1.0500 1.1200 1.0878
1.2600 0.9381 1.2600 0.9239
1.4300 0.8709 1.4300 0.8251
1.5200 0.8189 1.5200 0.7466
1.5500 1.1346 1.5500 1.1300
1.5300 1.1022 1.5300 1.0255
1.4300 1.4197 1.4300 1.4035
1.2800 1.5812 1.2800 1.6422
1.2100 1.8230 1.2100 1.8565
1.2300 1.7692 1.2300 1.7072
1.3600 1.6834 1.3600 1.6168
1.4700 1.5636 1.4700 1.5508
1.5400 1.3363 1.5400 1.3264
1.5500 1.1143 1.5500 1.0976
1.5200 1.1250 1.5200 1.2095
1.5500 1.2627 1.5500 1.3691
2.1500 1.9851 2.1500 2.0213
2.1700 2.1057 2.1700 2.1302
2.1800 2.1048 2.1800 2.0575
2.2000 2.1470 2.2000 2.1114
2.2400 2.1643 2.2400 2.1404
2.2800 2.1622 2.2800 2.1231
2.3000 2.1771 2.3000 2.1485
2.3100 2.1924 2.3100 2.1659
2.3100 2.1765 2.3100 2.1267
2.3100 2.2129 2.3100 2.1875
