1.4400 1.3404 1.4400 1.3915
1.4600 1.4171 1.4600 1.4524
1.4700 1.4504 1.4700 1.4968
1.4700 1.4860 1.4700 1.5408
1.4700 1.4939 1.4700 1.5598
1.4500 1.3957 1.4500 1.4993
1.4300 1.4035 1.4300 1.4945
1.4200 1.4843 1.4200 1.5381
1.4400 1.4648 1.4400 1.5295
1.4600 1.4358 1.4600 1.5148
1.4400 1.4403 1.4400 1.5140
1.4000 1.3840 1.4000 1.4738
1.3500 1.3610 1.3500 1.4512
1.3200 1.3703 1.3200 1.4447
1.3400 1.4476 1.3400 1.4948
1.4100 1.4665 1.4100 1.5178
1.4600 1.3644 1.4600 1.4574
1.5100 1.2892 1.5100 1.3987
1.5600 1.2270 1.5600 1.3343
1.5800 1.2335 1.5800 1.3178
1.6100 1.3463 1.6100 1.3844
1.6800 1.5128 1.6800 1.5121
1.7000 1.5260 1.7000 1.5580
1.7000 1.5843 1.7000 1.6318
1.7200 1.6545 1.7200 1.7033
1.7200 1.6176 1.7200 1.6989
1.7400 1.6626 1.7400 1.7369
1.7400 1.8136 1.7400 1.8423
1.6700 1.7212 1.6700 1.8001
1.7100 1.6668 1.7100 1.7711
1.8000 1.7361 1.8000 1.8053
1.9400 1.6911 1.9400 1.7744
2.0100 1.7387 2.0100 1.8086
2.0200 1.6943 2.0200 1.7736
2.1000 1.4710 2.1000 1.6162
2.1800 1.7419 2.1800 1.7758
2.2500 1.9474 2.2500 1.9221
2.2800 2.1747 2.2800 2.1380
2.3000 2.1041 2.3000 2.1561
2.2900 1.9982 2.2900 2.1194
2.3100 2.2410 2.3100 2.3010
2.3400 2.3179 2.3400 2.3746
2.3300 2.3548 2.3300 2.4235
2.3200 2.2898 2.3200 2.3930
2.3300 2.2902 2.3300 2.3934
2.3000 2.2137 2.3000 2.3409
2.2500 2.2860 2.2500 2.3723
2.2200 2.3287 2.2200 2.3951
2.2200 2.2126 2.2200 2.3252
2.1800 2.2003 2.1800 2.3097
2.1700 2.2630 2.1700 2.3370
2.1400 2.1373 2.1400 2.2567
2.1900 2.0328 2.1900 2.1718
2.2500 2.0518 2.2500 2.1495
2.3300 2.1168 2.3300 2.1781
2.4300 1.9784 2.4300 2.0889
2.5000 2.0318 2.5000 2.1116
2.6300 1.9722 2.6300 2.0628
2.7200 2.1972 2.7200 2.2167
2.8600 2.2881 2.8600 2.3047
2.9600 2.4073 2.9600 2.4285
2.9100 2.5415 2.9100 2.5869
2.8600 2.5589 2.8600 2.6383
2.7800 2.7690 2.7800 2.7835
2.8000 2.7859 2.8000 2.8271
2.7900 2.9886 2.7900 2.9801
2.8400 3.0114 2.8400 3.0297
2.8400 2.7146 2.8400 2.9450
2.8700 2.6684 2.8700 2.8908
2.9500 2.5167 2.9500 2.7112
3.0300 2.7284 3.0300 2.7997
3.0000 2.6189 3.0000 2.7143
2.9800 2.7861 2.9800 2.8259
3.0700 2.6925 3.0700 2.7920
2.9000 2.7995 2.9000 2.8804
2.7500 2.9894 2.7500 3.0290
2.6500 3.0527 2.6500 3.0890
2.5900 2.7988 2.5900 2.9972
2.5900 2.8136 2.5900 2.9790
2.5800 3.1278 2.5800 3.1441
2.5900 2.3614 2.5900 2.6915
2.6300 2.2340 2.6300 2.5206
2.6500 2.2909 2.6500 2.4172
2.6200 2.2867 2.6200 2.3738
2.5400 2.3944 2.5400 2.4375
2.4400 2.3620 2.4400 2.4106
2.3800 2.4418 2.3800 2.4968
2.3900 2.5831 2.3900 2.6184
2.4300 2.5701 2.4300 2.6476
2.4700 2.4290 2.4700 2.5765
2.4900 2.2422 2.4900 2.4294
2.5000 2.1009 2.5000 2.2837
2.4900 2.1237 2.4900 2.2397
2.4600 2.2754 2.4600 2.3074
2.4200 2.3694 2.4200 2.3836
2.3900 2.4122 2.3900 2.4506
2.3500 2.4099 2.3500 2.4851
2.3000 2.4205 2.3000 2.5150
2.2700 2.3755 2.2700 2.4932
2.2400 2.2953 2.2400 2.4298
2.2100 2.2257 2.2100 2.3580
2.1900 2.2112 2.1900 2.3192
2.1900 2.1411 2.1900 2.2526
2.1700 2.0618 2.1700 2.1800
2.1800 2.0789 2.1800 2.1680
2.2000 2.0519 2.2000 2.1381
2.2100 2.0203 2.2100 2.1123
2.2200 2.0275 2.2200 2.1082
2.2200 2.0782 2.2200 2.1396
2.2300 2.0174 2.2300 2.1069
2.2400 2.0963 2.2400 2.1602
2.2500 2.1489 2.2500 2.2020
2.2400 2.1356 2.2400 2.2114
2.2300 2.1496 2.2300 2.2308
2.2400 2.1337 2.2400 2.2219
2.2500 2.1671 2.2500 2.2474
2.2700 2.1763 2.2700 2.2554
2.3000 2.1819 2.3000 2.2628
2.3200 2.1269 2.3200 2.2283
2.3300 2.1167 2.3300 2.2147
2.3500 2.1733 2.3500 2.2454
2.3900 2.1793 2.3900 2.2529
2.4200 2.2168 2.4200 2.2861
2.4300 2.2728 2.4300 2.3327
2.4500 2.2734 2.4500 2.3500
2.4900 2.2628 2.4900 2.3553
2.5000 2.3087 2.5000 2.3878
2.5500 2.3943 2.5500 2.4525
2.5800 2.3969 2.5800 2.4725
2.5900 2.3578 2.5900 2.4595
2.5900 2.4050 2.5900 2.4911
2.6300 2.4931 2.6300 2.5553
2.6400 2.4273 2.6400 2.5290
2.6000 2.5638 2.6000 2.6247
2.5800 2.5545 2.5800 2.6327
2.5600 2.5105 2.5600 2.6227
2.5800 2.4917 2.5800 2.6082
2.6100 2.6242 2.6100 2.6870
2.5600 2.5590 2.5600 2.6601
2.5200 2.3896 2.5200 2.5502
2.4700 2.4222 2.4700 2.5413
2.4300 2.4048 2.4300 2.5079
2.3500 2.5018 2.3500 2.5687
2.3200 2.5499 2.3200 2.6070
2.3500 2.3121 2.3500 2.4663
2.3300 2.3049 2.3300 2.4431
2.3000 2.2476 2.3000 2.3713
2.2400 2.2166 2.2400 2.3306
2.1600 2.0363 2.1600 2.1852
2.1300 2.1146 2.1300 2.1974
2.1200 2.2896 2.1200 2.3047
2.1000 2.1501 2.1000 2.2390
2.0400 2.1000 2.0400 2.2141
2.0000 1.9973 2.0000 2.1248
1.9700 1.8779 1.9700 2.0224
1.9300 1.9562 1.9300 2.0394
1.9000 1.9840 1.9000 2.0379
1.8800 1.9322 1.8800 2.0104
1.8600 1.7912 1.8600 1.9120
1.8300 1.8097 1.8300 1.9033
1.8100 1.8134 1.8100 1.8920
1.8000 1.7444 1.8000 1.8387
1.7700 1.7346 1.7700 1.8185
1.7400 1.7433 1.7400 1.8123
1.7200 1.7274 1.7200 1.8024
1.7400 1.6792 1.7400 1.7676
1.7200 1.6857 1.7200 1.7633
1.6900 1.7030 1.6900 1.7706
1.6700 1.6309 1.6700 1.7214
1.6300 1.6015 1.6300 1.6927
1.5600 1.6092 1.5600 1.6847
1.5300 1.7145 1.5300 1.7544
1.5000 1.6105 1.5000 1.6942
1.5200 1.5566 1.5200 1.6560
1.5300 1.5713 1.5300 1.6513
1.5300 1.4915 1.5300 1.5877
1.5200 1.3534 1.5200 1.4787
1.5100 1.4058 1.5100 1.4822
1.4900 1.3807 1.4900 1.4498
1.4900 1.4952 1.4900 1.5303
1.4700 1.4928 1.4700 1.5399
1.4400 1.4753 1.4400 1.5437
1.4100 1.4593 1.4100 1.5401
1.4500 1.4562 1.4500 1.5349
1.4800 1.4165 1.4800 1.5049
1.5000 1.4524 1.5000 1.5204
1.5000 1.3918 1.5000 1.4745
1.4700 1.3372 1.4700 1.4310
1.4500 1.3117 1.4500 1.3997
1.4300 1.4942 1.4300 1.5177
1.4200 1.5064 1.4200 1.5443
1.4400 1.4982 1.4400 1.5615
1.4500 1.4707 1.4500 1.5512
1.4600 1.3878 1.4600 1.4925
1.4500 1.3881 1.4500 1.4817
1.4500 1.3638 1.4500 1.4468
1.4700 1.3637 1.4700 1.4373
1.4800 1.4417 1.4800 1.4875
1.4700 1.4337 1.4700 1.4906
1.4700 1.4446 1.4700 1.5110
1.4600 1.4025 1.4600 1.4856
1.4800 1.4250 1.4800 1.4996
1.5400 1.4877 1.5400 1.5426
1.6100 1.4727 1.6100 1.5385
1.6800 1.4181 1.6800 1.5059
1.6700 1.4416 1.6700 1.5160
1.6000 1.4151 1.6000 1.4945
1.6800 1.4903 1.6800 1.5460
1.6400 1.6326 1.6400 1.6516
1.6000 1.7224 1.6000 1.7419
1.5500 1.7952 1.5500 1.8295
1.5200 1.6271 1.5200 1.7400
1.5000 1.4342 1.5000 1.5999
1.5100 1.8311 1.5100 1.8364
1.5600 1.5348 1.5600 1.6405
1.6100 1.4504 1.6100 1.5820
1.6500 1.4028 1.6500 1.5056
1.6700 1.4123 1.6700 1.4892
1.7100 1.4076 1.7100 1.4842
1.7300 1.4696 1.7300 1.5135
1.7300 1.6083 1.7300 1.6233
1.7400 1.6659 1.7400 1.6933
1.7400 1.6925 1.7400 1.7450
1.6700 1.6830 1.6700 1.7579
1.6400 1.7713 1.6400 1.8285
1.6200 1.7497 1.6200 1.8248
1.6000 1.6958 1.6000 1.7920
1.6000 1.7245 1.6000 1.8030
1.5900 1.7011 1.5900 1.7814
1.5600 1.4745 1.5600 1.6209
1.5400 1.5224 1.5400 1.6193
1.5200 1.5295 1.5200 1.5974
1.5000 1.4938 1.5000 1.5705
1.4800 1.5324 1.4800 1.5922
1.4400 1.5091 1.4400 1.5747
1.4100 1.4427 1.4100 1.5358
1.4200 1.4492 1.4200 1.5309
1.4300 1.4341 1.4300 1.5109
1.4300 1.4108 1.4300 1.4908
1.3900 1.3905 1.3900 1.4690
1.3500 1.3122 1.3500 1.4064
1.3200 1.3044 1.3200 1.3893
1.3000 1.3995 1.3000 1.4452
1.2700 1.4099 1.2700 1.4601
1.3000 1.3873 1.3000 1.4573
1.3600 1.2753 1.3600 1.3798
1.4000 1.2421 1.4000 1.3434
1.3900 1.2372 1.3900 1.3220
1.4000 1.2301 1.4000 1.3045
1.4000 1.1756 1.4000 1.2591
1.3900 1.3245 1.3900 1.3571
1.3900 1.4555 1.3900 1.4671
1.3800 1.4556 1.3800 1.5009
1.3800 1.3519 1.3800 1.4508
1.3700 1.4134 1.3700 1.4896
1.3500 1.4016 1.3500 1.4794
1.3500 1.3562 1.3500 1.4465
1.3000 1.3690 1.3000 1.4445
1.2500 1.3378 1.2500 1.4150
1.1900 1.3545 1.1900 1.4262
1.1200 1.3257 1.1200 1.4030
1.0900 1.2839 1.0900 1.3706
1.1300 1.3255 1.1300 1.3930
1.1200 1.1780 1.1200 1.2850
1.1000 1.1222 1.1000 1.2311
1.0600 1.0513 1.0600 1.1537
1.0400 0.9850 1.0400 1.0658
1.0300 1.0106 1.0300 1.0895
1.0200 1.2029 1.0200 1.2495
1.0400 1.0794 1.0400 1.1830
1.0900 1.0400 1.0900 1.1523
1.1300 0.9854 1.1300 1.0855
1.1600 1.0097 1.1600 1.1024
1.1700 1.0183 1.1700 1.1161
1.2000 1.0008 1.2000 1.1129
1.2400 1.0800 1.2400 1.1813
1.2800 1.1974 1.2800 1.2780
1.3100 1.2182 1.3100 1.3028
1.3200 1.2312 1.3200 1.3095
1.3200 1.2105 1.3200 1.2913
1.3300 1.2806 1.3300 1.3445
1.3400 1.3387 1.3400 1.3916
1.3600 1.3691 1.3600 1.4251
1.3700 1.3758 1.3700 1.4418
1.3900 1.3462 1.3900 1.4277
1.5000 1.3256 1.5000 1.4137
1.5300 1.3522 1.5300 1.4261
1.5500 1.3560 1.5500 1.4262
1.6100 1.3878 1.6100 1.4499
1.6500 1.3763 1.6500 1.4457
1.8000 1.4149 1.8000 1.4774
1.9000 1.7103 1.9000 1.6948
1.9700 1.5816 1.9700 1.6441
1.9900 1.5676 1.9900 1.6601
1.9500 1.7312 1.9500 1.7694
1.9700 1.7295 1.9700 1.7860
2.0900 2.0762 2.0900 2.0668
2.0000 2.0763 2.0000 2.1121
1.9500 2.0898 1.9500 2.1640
1.9600 2.0209 1.9600 2.1361
2.0300 1.8497 2.0300 2.0089
2.0500 1.9883 2.0500 2.0744
2.0400 2.3050 2.0400 2.2774
2.0100 1.7317 2.0100 1.9262
1.9700 1.7512 1.9700 1.9081
1.9500 1.9357 1.9500 1.9738
1.9500 2.1128 1.9500 2.1117
1.9900 2.0018 1.9900 2.0782
2.0700 1.9240 2.0700 2.0260
2.1800 1.8795 2.1800 1.9929
2.2500 1.8223 2.2500 1.9393
2.2400 1.8351 2.2400 1.9267
2.2600 1.8668 2.2600 1.9294
2.3100 1.9869 2.3100 2.0145
2.3100 2.1582 2.3100 2.1569
2.3000 2.3378 2.3000 2.3320
2.3200 2.3375 2.3200 2.3902
2.3100 2.1592 2.3100 2.3064
2.2400 2.2594 2.2400 2.3617
2.2500 2.3787 2.2500 2.4319
2.2800 2.2372 2.2800 2.3531
2.3300 2.1871 2.3300 2.3097
2.3600 2.2825 2.3600 2.3503
2.3200 2.2014 2.3200 2.3031
2.2800 1.9827 2.2800 2.1513
2.3000 2.1738 2.3000 2.2369
2.2900 2.2541 2.2900 2.2861
2.2600 2.3287 2.2600 2.3685
2.2100 2.3193 2.2100 2.3879
2.1200 2.1327 2.1200 2.2771
2.0200 2.1056 2.0200 2.2445
1.9900 2.2651 1.9900 2.3203
1.9300 2.1704 1.9300 2.2613
1.8800 2.0761 1.8800 2.1968
1.7500 1.9919 1.7500 2.1147
1.5800 1.8192 1.5800 1.9726
1.4100 1.6949 1.4100 1.8475
1.3300 1.8142 1.3300 1.8758
1.2500 1.6835 1.2500 1.7722
1.1800 1.6444 1.1800 1.7360
1.1000 1.3699 1.1000 1.5192
1.0500 1.1920 1.0500 1.3044
1.0300 1.0752 1.0300 1.1406
1.0200 1.1399 1.0200 1.1338
0.9800 1.0596 0.9800 1.0577
0.9800 0.9906 0.9800 1.0400
0.9800 0.9098 0.9800 0.9823
0.9700 0.9305 0.9700 1.0107
0.9200 0.9839 0.9200 1.0660
0.8200 0.9983 0.8200 1.0940
0.7200 0.8931 0.7200 1.0273
0.7000 0.9830 0.7000 1.0947
0.7800 0.9996 0.7800 1.1062
0.8600 0.9603 0.8600 1.0894
0.9500 0.8648 0.9500 0.9855
1.0600 0.7905 1.0600 0.8216
1.2200 0.7595 1.2200 0.7719
1.2500 0.8139 1.2500 0.8629
1.3700 1.0874 1.3700 1.1011
1.3900 1.1422 1.3900 1.1939
1.3600 1.1994 1.3600 1.2903
1.4100 1.3244 1.4100 1.4119
1.5600 1.5634 1.5600 1.6242
1.7300 1.3748 1.7300 1.4761
1.8800 1.6526 1.8800 1.6899
2.0000 1.4965 2.0000 1.5896
2.1900 1.3281 2.1900 1.4785
2.3400 1.5344 2.3400 1.5909
2.4100 1.8706 2.4100 1.8258
2.5200 2.0307 2.5200 2.0313
2.5500 2.1091 2.5500 2.1602
2.5200 2.1700 2.5200 2.2370
2.4900 2.4493 2.4900 2.4333
2.5000 2.5321 2.5000 2.5357
2.5000 2.4847 2.5000 2.5779
2.4500 2.6467 2.4500 2.6907
2.4000 2.5643 2.4000 2.6749
2.3800 2.4051 2.3800 2.6089
2.3200 2.3629 2.3200 2.5228
2.2600 2.4462 2.2600 2.5303
2.2000 2.3959 2.2000 2.4930
2.1300 2.2096 2.1300 2.3584
2.0800 2.1646 2.0800 2.2962
2.0300 2.2229 2.0300 2.3062
2.0100 2.0641 2.0100 2.1931
2.0000 1.9935 2.0000 2.1210
1.9800 1.9426 1.9800 2.0505
1.9700 1.8509 1.9700 1.9661
1.9600 1.8447 1.9600 1.9380
1.9400 1.7979 1.9400 1.8844
1.9000 1.8452 1.9000 1.9073
1.9000 1.8656 1.9000 1.9218
1.9000 1.8289 1.9000 1.9054
1.8900 1.8509 1.8900 1.9236
1.8700 1.8518 1.8700 1.9246
1.8600 1.8129 1.8600 1.9015
1.8200 1.7315 1.8200 1.8388
1.8000 1.8200 1.8000 1.8827
1.8300 1.8234 1.8300 1.8845
1.8600 1.7843 1.8600 1.8657
1.8800 1.7479 1.8800 1.8379
1.9000 1.7663 1.9000 1.8422
1.9100 1.6650 1.9100 1.7705
1.9700 1.6828 1.9700 1.7678
2.0200 1.8237 2.0200 1.8535
2.0600 1.8511 2.0600 1.8900
2.0700 1.8472 2.0700 1.9122
2.1400 1.8790 2.1400 1.9442
2.1900 1.8779 2.1900 1.9545
2.2100 2.0461 2.2100 2.0792
2.2300 2.0745 2.2300 2.1196
2.2700 2.0841 2.2700 2.1529
2.2900 2.0354 2.2900 2.1326
2.3600 2.2409 2.3600 2.2739
2.4000 2.2488 2.4000 2.3045
2.4400 2.1845 2.4400 2.2852
2.4800 2.2093 2.4800 2.3014
2.4900 2.2975 2.4900 2.3588
2.4900 2.2648 2.4900 2.3539
2.4000 2.4365 2.4000 2.4755
2.3600 2.4123 2.3600 2.4812
2.4200 2.4450 2.4200 2.5281
2.4800 2.4945 2.4800 2.5729
2.5200 2.4331 2.5200 2.5430
2.5400 2.4046 2.5400 2.5254
2.5400 2.1039 2.5400 2.3038
2.5600 2.1684 2.5600 2.2949
2.6100 2.4554 2.6100 2.4512
2.6300 2.4914 2.6300 2.5096
2.6300 2.4755 2.6300 2.5470
2.6200 2.4757 2.6200 2.5652
2.5700 2.4521 2.5700 2.5656
2.5600 2.5202 2.5600 2.6134
2.5500 2.6307 2.5500 2.6862
2.5300 2.5685 2.5300 2.6643
2.4700 2.5173 2.4700 2.6389
2.4000 2.4934 2.4000 2.6128
2.3200 2.3496 2.3200 2.5055
2.2500 2.4232 2.2500 2.5257
2.1900 2.4080 2.1900 2.4964
2.1100 2.3500 2.1100 2.4572
2.0400 2.2002 2.0400 2.3461
1.9700 2.1132 1.9700 2.2556
1.9100 2.0164 1.9100 2.1554
1.8700 1.9618 1.8700 2.0797
1.8500 1.9194 1.8500 2.0187
1.7800 1.7930 1.7800 1.9090
1.6700 1.7500 1.6700 1.8534
1.5800 1.6917 1.5800 1.7880
1.4800 1.6576 1.4800 1.7464
1.4300 1.6669 1.4300 1.7374
1.4200 1.6963 1.4200 1.7509
1.4300 1.5274 1.4300 1.6386
1.4700 1.3425 1.4700 1.4903
1.4300 1.3132 1.4300 1.4228
1.3400 1.2286 1.3400 1.3059
1.2600 1.2511 1.2600 1.3068
1.1700 1.3144 1.1700 1.3441
1.1000 1.3702 1.1000 1.3967
1.0400 1.4854 1.0400 1.5040
0.9800 1.3032 0.9800 1.4027
0.9200 1.1219 0.9200 1.2745
0.8800 1.0848 0.8800 1.2029
0.8500 1.0130 0.8500 1.0862
0.8300 0.9748 0.8300 1.0224
0.8300 0.9226 0.8300 0.9913
0.8200 0.8815 0.8200 0.9600
0.8100 0.8416 0.8100 0.9274
0.8200 0.8557 0.8200 0.9407
0.8100 0.8602 0.8100 0.9489
0.8200 0.8621 0.8200 0.9624
0.8300 0.8990 0.8300 1.0048
0.8500 0.8698 0.8500 0.9915
0.8600 0.8564 0.8600 0.9879
0.8800 0.9150 0.8800 1.0300
0.9000 0.8639 0.9000 0.9959
0.9300 0.9112 0.9300 1.0347
0.9100 0.9258 0.9100 1.0448
0.9100 0.9606 0.9100 1.0781
0.9700 0.9422 0.9700 1.0710
1.0000 0.9762 1.0000 1.0999
1.0000 0.9931 1.0000 1.1153
0.9800 1.0361 0.9800 1.1534
0.9800 0.9203 0.9800 1.0557
1.0200 0.9460 1.0200 1.0769
1.0800 1.1434 1.0800 1.2197
1.1300 1.0958 1.1300 1.2052
1.1400 1.0242 1.1400 1.1522
1.2100 0.9743 1.2100 1.0918
1.2800 1.0162 1.2800 1.1172
1.2900 1.1268 1.2900 1.2152
1.3000 1.2200 1.3000 1.3016
1.2100 1.2424 1.2100 1.3292
1.1800 1.1804 1.1800 1.2677
1.1900 1.3724 1.1900 1.4112
1.2100 1.4514 1.2100 1.4829
1.2300 1.3269 1.2300 1.4225
1.3000 1.3316 1.3000 1.4249
1.3600 1.0517 1.3600 1.2101
1.3400 1.1235 1.3400 1.2280
1.3500 1.2123 1.3500 1.2590
1.3900 1.2288 1.3900 1.2896
1.4500 1.2438 1.4500 1.3130
1.4600 1.4230 1.4600 1.4541
1.4400 1.4809 1.4400 1.5120
1.3900 1.2994 1.3900 1.4148
1.3400 1.3712 1.3400 1.4574
1.3200 1.4826 1.3200 1.5244
1.3400 1.5668 1.3400 1.6013
1.3600 1.4642 1.3600 1.5490
1.3200 1.3811 1.3200 1.4893
1.3300 1.2812 1.3300 1.4041
1.3300 1.2263 1.3300 1.3387
1.2800 1.2558 1.2800 1.3324
1.2400 1.3446 1.2400 1.3818
1.2100 1.3609 1.2100 1.4048
1.1900 1.2045 1.1900 1.3089
1.1600 1.3239 1.1600 1.3861
1.1300 1.3213 1.1300 1.3833
1.1100 1.1597 1.1100 1.2768
1.1000 1.1372 1.1000 1.2404
1.0800 1.1350 1.0800 1.2127
1.0700 1.1299 1.0700 1.2044
1.0400 1.0765 1.0400 1.1603
1.0800 1.0486 1.0800 1.1363
1.0700 1.0564 1.0700 1.1417
1.1300 1.0700 1.1300 1.1572
1.1600 1.0330 1.1600 1.1319
1.1900 1.0441 1.1900 1.1428
1.2200 0.9836 1.2200 1.0908
1.2500 1.1562 1.2500 1.2375
1.2500 1.0608 1.2500 1.1611
1.2500 1.2430 1.2500 1.3213
1.3100 1.2352 1.3100 1.3046
1.2800 1.2572 1.2800 1.3272
1.2100 1.2969 1.2100 1.3625
1.1800 1.3262 1.1800 1.3877
1.1500 1.2644 1.1500 1.3556
1.1700 1.2568 1.1700 1.3434
1.2100 1.4349 1.2100 1.4638
1.2500 1.2238 1.2500 1.3291
1.2600 1.0584 1.2600 1.2060
1.2800 1.1190 1.2800 1.2078
1.2700 1.0893 1.2700 1.1669
1.2500 1.1873 1.2500 1.2523
1.2500 1.2670 1.2500 1.3277
1.2600 1.3113 1.2600 1.3711
1.2800 1.2741 1.2800 1.3491
1.3200 1.3222 1.3200 1.3903
1.3300 1.2607 1.3300 1.3514
1.3700 1.2116 1.3700 1.3115
1.3900 1.2478 1.3900 1.3219
1.4000 1.2729 1.4000 1.3330
1.4100 1.3059 1.4100 1.3629
1.4200 1.3855 1.4200 1.4271
1.4300 1.3410 1.4300 1.4118
1.4300 1.4411 1.4300 1.4931
1.4300 1.4299 1.4300 1.4948
1.4500 1.4122 1.4500 1.4925
1.4600 1.4228 1.4600 1.4994
1.4800 1.4302 1.4800 1.5012
1.4800 1.4354 1.4800 1.5078
1.4800 1.4106 1.4800 1.4892
1.4900 1.4082 1.4900 1.4851
1.4900 1.4686 1.4900 1.5255
1.4900 1.4571 1.4900 1.5234
1.4900 1.4930 1.4900 1.5552
1.4800 1.4561 1.4800 1.5338
1.4700 1.4545 1.4700 1.5338
1.4800 1.4871 1.4800 1.5542
1.4800 1.4635 1.4800 1.5382
1.4700 1.4588 1.4700 1.5358
1.4800 1.4596 1.4800 1.5323
1.4800 1.4287 1.4800 1.5099
1.4800 1.4170 1.4800 1.4980
1.4700 1.4678 1.4700 1.5275
1.4600 1.4471 1.4600 1.5164
1.4500 1.4132 1.4500 1.4958
1.4600 1.4675 1.4600 1.5292
1.4600 1.4507 1.4600 1.5201
1.4500 1.4464 1.4500 1.5217
1.4400 1.4182 1.4400 1.4991
1.4400 1.4083 1.4400 1.4876
1.4300 1.3989 1.4300 1.4770
1.4300 1.4471 1.4300 1.5063
1.4300 1.4270 1.4300 1.4959
1.4500 1.3943 1.4500 1.4758
1.4500 1.3887 1.4500 1.4678
1.4600 1.4114 1.4600 1.4793
1.4700 1.3800 1.4700 1.4581
1.4500 1.3968 1.4500 1.4670
1.4400 1.4000 1.4400 1.4677
1.4300 1.4600 1.4300 1.5132
1.4200 1.4220 1.4200 1.4951
1.4000 1.4504 1.4000 1.5185
1.3900 1.4668 1.3900 1.5322
1.3800 1.3839 1.3800 1.4778
1.3600 1.3917 1.3600 1.4764
1.3400 1.3845 1.3400 1.4597
1.3400 1.3689 1.3400 1.4461
1.3800 1.3263 1.3800 1.4114
1.4700 1.3363 1.4700 1.4095
1.5100 1.3298 1.5100 1.4019
1.5600 1.2883 1.5600 1.3712
1.5800 1.2693 1.5800 1.3517
1.6000 1.3123 1.6000 1.3745
1.6300 1.4338 1.6300 1.4640
1.6300 1.6257 1.6300 1.6207
1.6200 1.5687 1.6200 1.6214
1.6400 1.6422 1.6400 1.7001
1.6600 1.6199 1.6600 1.6976
1.6900 1.6347 1.6900 1.7161
1.7000 1.6807 1.7000 1.7481
1.7100 1.6071 1.7100 1.6961
1.7400 1.5668 1.7400 1.6649
1.7500 1.6488 1.7500 1.7077
1.7400 1.6658 1.7400 1.7230
1.7500 1.7073 1.7500 1.7636
1.7400 1.6773 1.7400 1.7512
1.7500 1.6888 1.7500 1.7644
1.7500 1.7655 1.7500 1.8206
1.7400 1.7303 1.7400 1.8052
1.7000 1.6711 1.7000 1.7689
1.6700 1.7252 1.6700 1.7956
1.6400 1.6736 1.6400 1.7580
1.6000 1.7165 1.6000 1.7866
1.5600 1.6967 1.5600 1.7700
1.5400 1.6612 1.5400 1.7464
1.5200 1.5602 1.5200 1.6713
1.4900 1.5507 1.4900 1.6443
1.4500 1.5221 1.4500 1.6082
1.4000 1.4537 1.4000 1.5480
1.3800 1.4119 1.3800 1.5030
1.4200 1.4365 1.4200 1.5039
1.4900 1.4197 1.4900 1.4892
1.5100 1.3694 1.5100 1.4529
1.5400 1.3148 1.5400 1.4063
1.5800 1.2513 1.5800 1.3485
1.6700 1.2945 1.6700 1.3638
1.7500 1.4572 1.7500 1.4737
1.8800 1.5887 1.8800 1.5900
1.9300 1.5103 1.9300 1.5743
2.0100 1.5715 2.0100 1.6358
2.1000 1.6533 2.1000 1.7026
2.2300 1.8444 2.2300 1.8570
2.2600 1.8995 2.2600 1.9298
2.2900 2.1037 2.2900 2.1246
2.3400 2.0221 2.3400 2.0991
2.3800 2.1549 2.3800 2.2223
2.4300 2.2510 2.4300 2.3272
2.4700 2.4219 2.4700 2.4601
2.4700 2.2914 2.4700 2.4126
2.3900 2.3100 2.3900 2.4273
2.2700 2.4152 2.2700 2.4912
2.2200 2.4180 2.2200 2.5007
2.2300 2.4698 2.2300 2.5480
2.2800 2.4816 2.2800 2.5592
2.3000 2.3873 2.3000 2.5107
2.2500 2.1220 2.2500 2.3226
2.2000 1.9086 2.2000 2.1210
2.1700 2.0110 2.1700 2.1132
2.1600 2.1356 2.1600 2.1633
2.1200 2.2496 2.1200 2.2563
2.0500 2.2068 2.0500 2.2625
1.9100 2.0214 1.9100 2.1616
1.7200 1.9980 1.7200 2.1317
1.5200 2.0228 1.5200 2.1189
1.3800 2.0401 1.3800 2.1165
1.2600 1.9192 1.2600 2.0266
1.1900 1.7821 1.1900 1.9139
1.0700 1.5019 1.0700 1.6885
0.9100 1.2896 0.9100 1.4231
0.8100 1.1267 0.8100 1.2041
0.7400 1.0988 0.7400 1.1169
0.7200 1.0138 0.7200 1.0169
0.7300 1.0265 0.7300 1.0327
0.8300 0.8679 0.8300 0.9152
1.0500 0.8010 1.0500 0.8145
1.2800 0.7770 1.2800 0.8266
1.4000 0.8057 1.4000 0.8380
1.4900 0.8700 1.4900 0.8988
1.6300 0.8909 1.6300 0.9484
1.6100 1.1551 1.6100 1.1852
1.5400 1.4791 1.5400 1.4800
1.4500 1.6796 1.4500 1.6615
1.3200 1.6423 1.3200 1.7397
1.2900 1.6917 1.2900 1.8255
1.2700 1.9014 1.2700 1.9775
1.2500 1.6378 1.2500 1.8023
1.2700 1.4139 1.2700 1.6211
1.2500 1.2801 1.2500 1.4449
1.2400 1.1016 1.2400 1.2163
1.2700 1.1992 1.2700 1.2553
1.3500 1.1743 1.3500 1.2145
1.4800 1.1411 1.4800 1.2179
1.5700 1.2565 1.5700 1.3113
1.6200 1.1813 1.6200 1.2510
1.6500 1.1969 1.6500 1.2771
1.7100 1.3184 1.7100 1.3589
1.8000 1.4994 1.8000 1.5058
1.8700 1.7302 1.8700 1.7087
1.9300 1.7461 1.9300 1.7718
1.9400 1.7217 1.9400 1.7999
1.9300 1.7263 1.9300 1.8173
1.8700 1.8488 1.8700 1.9041
1.8100 1.9886 1.8100 2.0145
1.7300 1.9971 1.7300 2.0472
1.6400 2.0284 1.6400 2.0931
1.5600 1.9367 1.5600 2.0441
1.5300 1.8797 1.5300 2.0018
1.5100 1.7058 1.5100 1.8592
1.4800 1.6283 1.4800 1.7629
1.4000 1.4954 1.4000 1.6268
1.3100 1.3731 1.3100 1.4960
1.2500 1.3147 1.2500 1.4111
1.2500 1.3797 1.2500 1.4307
1.3200 1.3840 1.3200 1.4320
1.4200 1.3362 1.4200 1.4064
1.5200 1.1704 1.5200 1.2886
1.5600 1.0919 1.5600 1.1987
1.5600 1.1005 1.5600 1.1755
1.5700 1.2035 1.5700 1.2391
1.5600 1.4110 1.5600 1.4335
1.5300 1.5752 1.5300 1.5898
1.5300 1.6929 1.5300 1.6947
1.5400 1.6340 1.5400 1.7060
1.5600 1.5653 1.5600 1.6792
1.5900 1.6023 1.5900 1.6949
1.5900 1.5391 1.5900 1.6381
1.5800 1.4439 1.5800 1.5568
1.5800 1.4948 1.5800 1.5664
1.5500 1.5234 1.5500 1.5779
1.5800 1.5563 1.5800 1.6105
1.6300 1.6087 1.6300 1.6567
1.6700 1.5522 1.6700 1.6307
1.6800 1.5242 1.6800 1.6162
1.6800 1.5498 1.6800 1.6253
1.6800 1.4545 1.6800 1.5541
1.6900 1.5990 1.6900 1.6448
1.6900 1.6948 1.6900 1.7161
1.6800 1.7063 1.6800 1.7536
1.6800 1.6589 1.6800 1.7420
1.6900 1.6474 1.6900 1.7351
1.7000 1.6528 1.7000 1.7371
1.7300 1.6758 1.7300 1.7479
1.7300 1.6459 1.7300 1.7249
1.7100 1.6088 1.7100 1.6955
1.7000 1.6310 1.7000 1.7041
1.7100 1.6629 1.7100 1.7247
1.7300 1.6697 1.7300 1.7354
1.7600 1.7407 1.7600 1.7904
1.8000 1.6814 1.8000 1.7607
1.8300 1.6178 1.8300 1.7203
1.8600 1.6340 1.8600 1.7185
1.8100 1.6848 1.8100 1.7448
1.7800 1.7183 1.7800 1.7735
1.7700 1.7651 1.7700 1.8148
1.8500 1.8309 1.8500 1.8752
1.9000 1.8454 1.9000 1.9061
1.9200 1.8781 1.9200 1.9446
1.9200 1.6594 1.9200 1.8006
1.8600 1.6666 1.8600 1.7810
1.8900 1.7035 1.8900 1.7768
1.9300 1.9570 1.9300 1.9488
1.9700 1.9379 1.9700 1.9704
1.9900 1.8875 1.9900 1.9676
1.9900 1.8685 1.9900 1.9645
2.0200 1.6886 2.0200 1.8349
2.0400 1.9041 2.0400 1.9581
2.0400 1.9611 2.0400 1.9905
2.0700 1.9764 2.0700 2.0276
2.0700 1.9599 2.0700 2.0344
2.0600 1.9281 2.0600 2.0188
2.0700 2.0315 2.0700 2.0952
2.0600 2.0266 2.0600 2.0974
2.0300 1.9703 2.0300 2.0672
1.9900 2.0662 1.9900 2.1271
1.9800 2.0032 1.9800 2.0897
1.9400 1.9627 1.9400 2.0668
1.9000 2.0196 1.9000 2.0928
1.9000 1.9635 1.9000 2.0530
1.8800 1.8816 1.8800 1.9956
1.8400 1.8206 1.8400 1.9321
1.8400 1.8762 1.8400 1.9490
1.8100 1.7677 1.8100 1.8692
1.7500 1.7190 1.7500 1.8218
1.7000 1.8131 1.7000 1.8668
1.7200 1.7523 1.7200 1.8277
1.6700 1.6649 1.6700 1.7710
1.7000 1.7596 1.7000 1.8183
1.6900 1.6735 1.6900 1.7590
1.7100 1.5426 1.7100 1.6669
1.7600 1.5202 1.7600 1.6213
1.8000 1.6923 1.8000 1.7185
1.7800 1.4925 1.7800 1.5934
1.8000 1.6791 1.8000 1.7173
1.8100 1.6112 1.8100 1.6740
1.8200 1.6864 1.8200 1.7424
1.7600 1.8151 1.7600 1.8434
1.7300 1.8339 1.7300 1.8776
1.7700 1.6879 1.7700 1.8044
1.8000 1.7973 1.8000 1.8668
1.8300 1.7961 1.8300 1.8645
1.7700 1.7887 1.7700 1.8676
1.7100 1.5759 1.7100 1.7155
1.6400 1.6062 1.6400 1.7050
1.6000 1.8027 1.6000 1.8220
1.6500 1.7985 1.6500 1.8378
1.6600 1.8183 1.6600 1.8767
1.6600 1.5818 1.6600 1.7198
1.6900 1.5299 1.6900 1.6639
1.6600 1.4491 1.6600 1.5706
1.6500 1.4535 1.6500 1.5391
1.6800 1.6803 1.6800 1.6803
1.6800 1.6052 1.6800 1.6481
1.6700 1.5834 1.6700 1.6601
1.6300 1.7032 1.6300 1.7461
1.6600 1.5594 1.6600 1.6616
1.7400 1.5827 1.7400 1.6769
1.8700 1.7025 1.8700 1.7415
1.8600 1.6324 1.8600 1.7050
1.7700 1.5928 1.7700 1.6853
1.7500 1.4987 1.7500 1.6055
1.7400 1.6764 1.7400 1.7162
1.7300 1.8639 1.7300 1.8578
1.7500 2.0895 1.7500 2.0574
1.7500 1.7877 1.7500 1.9093
1.7400 1.5328 1.7400 1.7346
1.7000 1.6898 1.7000 1.7864
1.6900 1.6907 1.6900 1.7591
1.7000 1.6380 1.7000 1.7221
1.6900 1.7122 1.6900 1.7570
1.6900 1.6822 1.6900 1.7438
1.7400 1.6563 1.7400 1.7425
1.7400 1.5611 1.7400 1.6706
1.7600 1.6148 1.7600 1.6907
1.7700 1.6678 1.7700 1.7208
1.8300 1.6062 1.8300 1.6838
1.8500 1.6261 1.8500 1.6980
1.8500 1.7915 1.8500 1.8123
1.8600 1.6901 1.8600 1.7676
1.8600 1.7458 1.8600 1.8172
1.8600 1.7491 1.8600 1.8181
1.8600 1.9115 1.8600 1.9399
1.8500 1.8475 1.8500 1.9197
1.8300 1.7945 1.8300 1.8924
1.8200 1.8364 1.8200 1.9154
1.8200 1.8144 1.8200 1.8966
1.8100 1.8040 1.8100 1.8905
1.8100 1.7991 1.8100 1.8777
1.8000 1.7652 1.8000 1.8510
1.8000 1.7222 1.8000 1.8167
1.7900 1.7332 1.7900 1.8128
1.7800 1.7541 1.7800 1.8215
1.7900 1.7194 1.7900 1.7990
1.7800 1.7399 1.7800 1.8113
1.7800 1.7137 1.7800 1.7923
1.7600 1.7348 1.7600 1.8070
1.7500 1.7063 1.7500 1.7869
1.7400 1.6944 1.7400 1.7757
1.7200 1.7493 1.7200 1.8101
1.7100 1.6971 1.7100 1.7773
1.6900 1.7153 1.6900 1.7909
1.6900 1.6585 1.6900 1.7476
1.6900 1.6677 1.6900 1.7481
1.6900 1.6602 1.6900 1.7371
1.7000 1.6150 1.7000 1.7011
1.7300 1.6260 1.7300 1.7024
1.8700 1.5875 1.8700 1.6692
2.0600 1.6282 2.0600 1.6940
2.0800 1.6316 2.0800 1.6963
2.2000 1.6301 2.2000 1.6997
2.3600 1.6651 2.3600 1.7275
2.4000 1.7410 2.4000 1.7860
2.4100 2.1175 2.4100 2.0682
2.3900 2.3361 2.3900 2.3243
2.4000 2.0747 2.4000 2.2025
2.4000 2.3646 2.4000 2.4321
2.4000 2.5676 2.4000 2.5499
2.3900 2.4435 2.3900 2.5605
2.3600 2.3845 2.3600 2.5533
2.3100 2.3099 2.3100 2.4545
2.2700 2.3712 2.2700 2.4764
2.2600 2.3207 2.2600 2.4266
2.2400 2.2940 2.2400 2.3911
2.2300 2.2606 2.2300 2.3611
2.2200 2.1856 2.2200 2.3026
2.1700 2.0911 2.1700 2.2245
2.1600 2.0721 2.1600 2.1823
2.1500 2.1263 2.1500 2.1976
2.1300 2.0772 2.1300 2.1619
2.1100 2.0867 2.1100 2.1667
2.0800 2.0872 2.0800 2.1649
2.0200 1.9528 2.0200 2.0759
1.9600 2.0350 1.9600 2.1154
1.9200 2.0316 1.9200 2.1028
1.9000 1.9799 1.9000 2.0726
1.8800 1.9630 1.8800 2.0542
1.8900 1.9173 1.8900 2.0122
1.8600 1.7935 1.8600 1.9196
1.8500 1.7333 1.8500 1.8505
1.8300 1.7388 1.8300 1.8239
1.7900 1.7580 1.7900 1.8230
1.7500 1.7352 1.7500 1.8056
1.7000 1.8141 1.7000 1.8601
1.6700 1.7103 1.6700 1.7997
1.6500 1.7465 1.6500 1.8251
1.6400 1.7182 1.6400 1.7997
1.6200 1.6315 1.6200 1.7356
1.6200 1.5923 1.6200 1.6930
1.6300 1.5231 1.6300 1.6221
1.6400 1.5331 1.6400 1.6126
1.6400 1.5347 1.6400 1.6016
1.6400 1.5445 1.6400 1.6064
1.6300 1.5092 1.6300 1.5847
1.6000 1.5569 1.6000 1.6170
1.6000 1.5969 1.6000 1.6500
1.5700 1.6077 1.5700 1.6687
1.5500 1.5899 1.5500 1.6648
1.5400 1.5942 1.5400 1.6687
1.5200 1.5671 1.5200 1.6502
1.5100 1.4933 1.5100 1.5937
1.4900 1.5535 1.4900 1.6217
1.4800 1.4623 1.4800 1.5522
1.4600 1.4544 1.4600 1.5397
1.4500 1.4711 1.4500 1.5394
1.4900 1.4298 1.4900 1.5080
1.5300 1.4398 1.5300 1.5136
1.5100 1.4038 1.5100 1.4822
1.4900 1.4150 1.4900 1.4876
1.4600 1.3785 1.4600 1.4588
1.4500 1.3879 1.4500 1.4604
1.4000 1.5333 1.4000 1.5617
1.3400 1.5762 1.3400 1.6100
1.3000 1.4310 1.3000 1.5330
1.2400 1.4175 1.2400 1.5172
1.1600 1.3799 1.1600 1.4741
1.0700 1.4014 1.0700 1.4786
1.0000 1.2627 1.0000 1.3704
0.9600 1.1746 0.9600 1.2864
0.9400 1.1823 0.9400 1.2660
0.9500 1.0900 0.9500 1.1806
0.9700 0.9945 0.9700 1.0777
0.9800 0.9069 0.9800 0.9736
0.9900 0.8884 0.9900 0.9480
0.9900 0.9170 0.9900 0.9807
0.9900 0.9389 0.9900 1.0159
1.0400 1.0026 1.0400 1.0886
1.2600 1.0421 1.2600 1.1361
1.4400 1.0175 1.4400 1.1378
1.5300 1.0276 1.5300 1.1474
1.5500 1.0173 1.5500 1.1309
1.6700 1.0175 1.6700 1.1286
1.8300 1.1600 1.8300 1.2476
2.0200 1.6817 2.0200 1.6923
2.1500 1.7717 2.1500 1.8014
2.1700 1.7236 2.1700 1.7970
2.1900 1.6319 2.1900 1.7606
2.2200 1.9201 2.2200 1.9950
2.2600 2.1229 2.2600 2.1560
2.2300 2.3111 2.2300 2.3121
2.2700 2.3208 2.2700 2.3664
2.2600 2.1912 2.2600 2.3464
2.2400 2.2400 2.2400 2.3825
2.1800 2.2880 2.1800 2.3856
2.2000 2.3095 2.2000 2.3934
2.1800 2.0919 2.1800 2.2395
2.3500 2.2769 2.3500 2.3358
2.4600 2.1643 2.4600 2.2614
2.4500 2.1004 2.4500 2.2218
2.4300 1.9569 2.4300 2.1016
2.3500 2.1509 2.3500 2.1981
2.3300 2.0421 2.3300 2.1311
2.3300 2.5921 2.3300 2.5280
2.3000 2.5733 2.3000 2.6018
2.3200 2.3190 2.3200 2.4869
2.2700 2.3175 2.2700 2.4780
2.1900 2.1214 2.1900 2.3032
2.1000 2.2095 2.1000 2.3265
2.1300 2.2293 2.1300 2.2983
2.7200 2.5362 2.7200 2.7191
3.0600 1.8886 3.0600 2.2453
3.0100 2.6096 3.0100 2.6015
2.9300 2.5663 2.9300 2.5619
2.9100 2.2907 2.9100 2.4391
2.7900 2.4542 2.7900 2.5273
2.5700 2.8446 2.5700 2.8272
2.5300 3.4569 2.5300 3.2123
2.4900 2.7588 2.4900 2.9664
2.6500 2.6191 2.6500 2.9441
2.7200 2.8238 2.7200 2.9571
2.7200 2.4330 2.7200 2.6776
2.6800 1.9599 2.6800 2.2591
2.5600 2.2719 2.5600 2.3216
2.5700 2.2337 2.5700 2.2685
2.5500 2.8122 2.5500 2.6935
2.4600 2.7057 2.4600 2.7073
2.3200 2.5564 2.3200 2.6931
2.2400 2.4911 2.2400 2.6630
2.2200 2.2009 2.2200 2.4329
2.3200 2.4943 2.3200 2.5709
2.4900 2.3821 2.4900 2.4642
2.7200 2.0911 2.7200 2.2714
2.7800 1.8544 2.7800 2.0606
2.5700 1.9305 2.5700 2.0347
2.3500 2.0442 2.3500 2.0864
2.1700 2.3899 2.1700 2.3278
2.0400 2.6867 2.0400 2.6222
1.8900 2.9509 1.8900 2.8555
1.8200 2.7489 1.8200 2.8264
1.7400 2.0120 1.7400 2.4506
1.8000 1.8113 1.8000 2.1678
1.8600 1.7639 1.8600 1.9273
1.8000 1.7049 1.8000 1.7531
1.7600 1.4695 1.7600 1.5037
1.7500 1.4873 1.7500 1.5085
1.8500 1.4120 1.8500 1.4612
2.1200 1.7801 2.1200 1.7323
2.0400 1.8757 2.0400 1.8492
2.1300 1.5655 2.1300 1.6966
2.1200 1.5991 2.1200 1.7162
2.0200 1.6872 2.0200 1.7467
1.8700 2.0070 1.8700 1.9813
1.8200 2.5080 1.8200 2.4201
1.7800 1.7917 1.7800 2.0034
1.7300 2.2582 1.7300 2.3298
1.6800 2.1146 1.6800 2.2114
1.7100 1.7546 1.7100 1.9825
1.7200 1.4903 1.7200 1.7250
1.7700 1.6363 1.7700 1.7073
1.9300 1.6057 1.9300 1.6700
2.0800 1.4999 2.0800 1.5854
2.1500 1.4617 2.1500 1.5423
2.1700 1.6827 2.1700 1.6875
2.1500 1.6672 2.1500 1.7089
2.1300 1.7968 2.1300 1.8250
2.1700 2.1869 2.1700 2.1423
2.1700 2.2935 2.1700 2.3164
2.2000 2.2424 2.2000 2.3436
2.2400 2.1880 2.2400 2.3209
2.1800 2.0960 2.1800 2.2471
2.1600 2.0596 2.1600 2.1959
2.1900 2.2037 2.1900 2.2589
2.2600 2.0900 2.2600 2.1789
2.3000 2.1695 2.3000 2.2354
2.2100 2.2464 2.2100 2.2926
2.1300 1.9615 2.1300 2.1212
2.1200 2.0299 2.1200 2.1454
2.1000 2.1835 2.1000 2.2181
2.1200 2.3236 2.1200 2.3360
2.1500 2.2869 2.1500 2.3505
2.2600 1.9102 2.2600 2.1102
2.2100 1.8718 2.2100 2.0419
2.2000 2.0306 2.2000 2.0930
2.1300 1.9590 2.1300 2.0377
2.0600 2.0409 2.0600 2.0911
1.9600 2.1061 1.9600 2.1382
1.8500 2.4064 1.8500 2.3783
1.7700 2.0136 1.7700 2.1716
1.7200 2.0894 1.7200 2.2144
1.9000 1.9189 1.9000 2.0656
1.8700 1.8225 1.8700 1.9681
1.8400 1.6482 1.8400 1.8041
1.7500 1.5061 1.7500 1.6402
1.6900 1.4871 1.6900 1.5856
1.7000 1.4996 1.7000 1.5603
1.6300 2.1669 1.6300 2.0252
1.5800 1.7075 1.5800 1.7931
1.5600 1.6652 1.5600 1.8032
1.5700 1.5188 1.5700 1.6669
1.5700 1.5193 1.5700 1.6325
1.5900 1.6635 1.5900 1.7110
1.6000 1.4012 1.6000 1.5106
1.6100 1.3845 1.6100 1.4875
1.6500 1.4529 1.6500 1.5064
1.7200 1.5273 1.7200 1.5643
1.7700 1.5053 1.7700 1.5673
1.8100 1.5699 1.8100 1.6167
1.8400 1.5758 1.8400 1.6356
1.8400 1.5894 1.8400 1.6583
1.8600 1.6968 1.8600 1.7398
1.9000 1.8316 1.9000 1.8494
1.9400 1.8381 1.9400 1.8877
1.9400 1.8572 1.9400 1.9246
1.9400 1.8754 1.9400 1.9490
1.9600 1.8109 1.9600 1.9125
1.9900 1.8660 1.9900 1.9445
1.9900 1.9439 1.9900 1.9934
1.9600 1.9727 1.9600 2.0275
1.8900 1.8810 1.8900 1.9796
1.8700 1.8827 1.8700 1.9763
1.9000 1.9524 1.9000 2.0173
1.9500 1.9963 1.9500 2.0539
1.9900 1.9214 1.9900 2.0138
1.9800 1.8240 1.9800 1.9420
1.9900 1.6729 1.9900 1.8174
1.9900 1.7582 1.9900 1.8406
1.9400 1.8908 1.9400 1.9160
1.9600 1.9686 1.9600 1.9887
1.9400 1.9883 1.9400 2.0340
1.8800 1.8848 1.8800 1.9861
1.8800 1.9532 1.8800 2.0359
1.8700 1.9392 1.8700 2.0239
1.8600 1.7651 1.8600 1.9018
1.8500 1.9296 1.8500 1.9871
1.8300 1.8270 1.8300 1.9096
1.8000 1.6634 1.8000 1.8000
1.7700 1.8005 1.7700 1.8629
1.8100 1.7761 1.8100 1.8373
1.8600 1.7529 1.8600 1.8347
1.9200 1.7480 1.9200 1.8238
1.9900 1.7135 1.9900 1.7966
2.0400 1.6658 2.0400 1.7629
2.0800 1.6363 2.0800 1.7277
2.1100 1.8253 2.1100 1.8477
2.1500 1.8983 2.1500 1.9175
2.1600 1.9745 2.1600 2.0057
2.1700 2.0812 2.1700 2.1111
2.1800 2.1011 2.1800 2.1596
2.2000 2.1241 2.2000 2.2033
2.2300 2.1339 2.2300 2.2186
2.2700 2.1906 2.2700 2.2622
2.3000 2.1262 2.3000 2.2260
2.2600 2.1255 2.2600 2.2220
2.2300 2.1347 2.2300 2.2207
2.2300 2.1694 2.2300 2.2432
2.2300 2.2161 2.2300 2.2812
2.2400 2.2750 2.2400 2.3318
2.2300 2.2836 2.2300 2.3568
2.2300 2.0869 2.2300 2.2354
2.2100 2.0810 2.2100 2.2081
2.1700 2.1524 2.1700 2.2273
2.1900 2.1351 2.1900 2.2134
2.1900 2.1547 2.1900 2.2283
2.1700 2.1042 2.1700 2.1938
2.1600 2.1324 2.1600 2.2153
2.1400 2.0741 2.1400 2.1759
2.1300 1.9853 2.1300 2.1066
2.0800 2.1397 2.0800 2.1916
2.0500 2.0951 2.0500 2.1652
2.0400 2.0192 2.0400 2.1254
2.0100 2.0414 2.0100 2.1284
2.0100 2.0064 2.0100 2.0974
2.0000 2.0147 2.0000 2.1020
1.9800 1.8749 1.9800 1.9964
1.9800 1.8862 1.9800 1.9828
1.9800 1.9266 1.9800 1.9936
2.0200 1.8463 2.0200 1.9381
2.0500 1.9100 2.0500 1.9765
2.0700 1.8877 2.0700 1.9587
2.1500 1.8459 2.1500 1.9368
2.1400 1.8957 2.1400 1.9657
2.1000 1.8999 2.1000 1.9677
2.1000 2.0251 2.1000 2.0630
2.0800 2.0376 2.0800 2.0898
2.0500 2.0353 2.0500 2.1095
2.0600 2.2583 2.0600 2.2745
2.0800 2.0552 2.0800 2.1672
2.0800 1.9374 2.0800 2.0913
2.0400 2.0396 2.0400 2.1222
2.0000 1.9674 2.0000 2.0610
1.9600 1.8930 1.9600 2.0066
1.9500 1.9891 1.9500 2.0458
1.9300 2.0354 1.9300 2.0814
1.9000 1.9874 1.9000 2.0704
1.8600 1.8637 1.8600 1.9865
1.8500 1.8326 1.8500 1.9449
1.8200 1.7965 1.8200 1.8986
1.7700 1.8412 1.7700 1.9112
1.7100 1.7941 1.7100 1.8723
1.6800 1.7394 1.6800 1.8306
1.5900 1.6871 1.5900 1.7849
1.4800 1.7474 1.4800 1.8129
1.4400 1.6772 1.4400 1.7635
1.4200 1.5792 1.4200 1.6885
1.3600 1.5051 1.3600 1.6149
1.2900 1.5428 1.2900 1.6163
1.2200 1.3282 1.2200 1.4564
1.1500 1.2014 1.1500 1.3147
1.0900 1.2862 1.0900 1.3479
1.0600 1.3114 1.0600 1.3526
1.0300 1.1672 1.0300 1.2587
0.9400 1.0865 0.9400 1.1863
0.9100 1.0457 0.9100 1.1305
0.9400 1.0048 0.9400 1.0724
1.0000 0.9672 1.0000 1.0297
1.0200 0.9781 1.0200 1.0665
1.0100 0.9578 1.0100 1.0600
1.0200 0.8360 1.0200 0.9042
1.0200 0.8721 1.0200 0.9762
0.9900 1.0581 0.9900 1.1127
0.9400 1.1749 0.9400 1.2320
0.8900 1.0713 0.8900 1.1958
0.8400 1.0062 0.8400 1.1340
0.8300 1.0721 0.8300 1.1668
0.8300 1.0572 0.8300 1.1507
0.8100 0.9573 0.8100 1.0753
0.8000 0.8797 0.8000 0.9948
0.7900 0.8578 0.7900 0.9509
0.7400 0.8314 0.7400 0.9149
0.7200 0.8846 0.7200 0.9765
0.8400 0.9069 0.8400 1.0054
1.0200 0.8396 1.0200 0.9680
1.2300 0.8468 1.2300 0.9777
1.4800 0.8484 1.4800 0.9742
1.6800 0.7734 1.6800 0.8761
1.8600 0.7830 1.8600 0.9038
1.9300 1.2122 1.9300 1.2263
2.0000 1.4219 2.0000 1.4628
1.9700 1.6196 1.9700 1.6326
1.9300 1.8701 1.9300 1.8462
1.8700 1.9832 1.8700 1.9988
1.9200 2.1306 1.9200 2.1571
1.9900 2.0583 1.9900 2.1751
2.0000 2.1432 2.0000 2.2637
1.9500 1.9468 1.9500 2.1296
1.9100 1.8377 1.9100 2.0075
1.8500 1.7127 1.8500 1.8609
1.8500 1.9667 1.8500 1.9862
1.8300 2.0674 1.8300 2.0679
1.8100 1.9274 1.8100 2.0104
1.8300 1.7624 1.8300 1.9082
1.8000 1.7676 1.8000 1.8817
1.8300 1.6675 1.8300 1.7911
1.8100 1.7728 1.8100 1.8351
1.7900 1.7029 1.7900 1.7747
1.7900 1.6736 1.7900 1.7542
1.7800 1.7933 1.7800 1.8341
1.7900 1.6652 1.7900 1.7566
1.8400 1.8204 1.8400 1.8683
1.8500 1.7078 1.8500 1.7936
1.8600 1.6779 1.8600 1.7758
1.8500 1.7313 1.8500 1.8005
1.8500 1.6975 1.8500 1.7724
1.8100 1.7446 1.8100 1.8100
1.7500 1.8828 1.7500 1.9058
1.6900 1.8099 1.6900 1.8813
1.6600 1.8187 1.6600 1.9016
1.5700 1.7787 1.5700 1.8707
1.5900 1.7979 1.5900 1.8799
1.5600 1.6688 1.5600 1.7854
1.5000 1.5560 1.5000 1.6838
1.4600 1.4978 1.4600 1.6098
1.4300 1.5267 1.4300 1.6001
1.4000 1.3074 1.4000 1.4345
1.3700 1.5472 1.3700 1.5742
1.3500 1.4340 1.3500 1.4972
1.3600 1.2992 1.3600 1.4144
1.3800 1.3199 1.3800 1.4074
1.4100 1.3217 1.4100 1.3891
1.4500 1.2884 1.4500 1.3694
1.4800 1.2565 1.4800 1.3351
1.5100 1.2635 1.5100 1.3323
1.5400 1.3407 1.5400 1.3874
1.5500 1.3854 1.5500 1.4296
1.5500 1.4378 1.5500 1.4831
1.5400 1.5063 1.5400 1.5487
1.5400 1.5234 1.5400 1.5807
1.5300 1.5562 1.5300 1.6197
1.4600 1.5890 1.4600 1.6517
1.3900 1.5556 1.3900 1.6368
1.3100 1.5300 1.3100 1.6191
1.2300 1.4970 1.2300 1.5874
1.1600 1.5120 1.1600 1.5885
1.1300 1.4764 1.1300 1.5581
1.1200 1.2771 1.1200 1.4102
1.1100 1.2055 1.1100 1.3293
1.0800 1.1248 1.0800 1.2256
1.0700 1.0614 1.0700 1.1339
1.0500 1.0096 1.0500 1.0664
1.0500 1.0311 1.0500 1.1028
1.0500 1.0639 1.0500 1.1481
1.0700 1.0554 1.0700 1.1574
1.0700 1.0002 1.0700 1.1107
1.0600 1.0413 1.0600 1.1384
1.0800 1.0142 1.0800 1.1136
1.1000 1.0498 1.1000 1.1496
1.0400 1.0541 1.0400 1.1547
1.0200 1.1120 1.0200 1.2068
1.0500 1.0799 1.0500 1.1793
1.0800 1.0505 1.0800 1.1531
1.0800 1.1329 1.0800 1.2150
1.0600 1.1552 1.0600 1.2352
1.0500 0.9370 1.0500 1.0660
1.1100 0.9886 1.1100 1.0919
1.1500 1.1266 1.1500 1.1995
1.1300 1.1466 1.1300 1.2378
1.0600 1.0810 1.0600 1.1922
1.0800 1.0303 1.0800 1.1366
1.1100 1.0506 1.1100 1.1404
1.1100 1.2434 1.1100 1.3036
1.1500 1.2413 1.1500 1.3148
1.1000 1.0948 1.1000 1.2012
1.1000 0.9376 1.1000 1.0783
1.0800 1.1373 1.0800 1.1956
1.0900 1.1877 1.0900 1.2496
1.0900 1.1048 1.0900 1.2082
1.0700 1.2227 1.0700 1.2998
1.0900 1.0182 1.0900 1.1304
1.1100 1.1063 1.1100 1.1914
1.1300 1.0608 1.1300 1.1431
1.1500 1.1111 1.1500 1.1966
1.1900 1.0940 1.1900 1.1849
1.1800 1.0319 1.1800 1.1364
1.1700 1.1338 1.1700 1.2159
1.1400 1.1604 1.1400 1.2380
1.0900 1.1744 1.0900 1.2578
1.0800 1.1971 1.0800 1.2722
1.0600 1.2797 1.0600 1.3356
1.0500 1.1755 1.0500 1.2683
1.0500 1.1580 1.0500 1.2534
1.0600 1.0950 1.0600 1.1945
1.0700 0.9989 1.0700 1.1111
1.0300 1.0594 1.0300 1.1400
1.0200 1.0198 1.0200 1.1150
1.0100 1.0212 1.0100 1.1287
1.0100 1.0468 1.0100 1.1493
1.0100 1.0813 1.0100 1.1796
1.0100 1.0958 1.0100 1.1932
1.0400 0.9638 1.0400 1.0811
1.0800 1.0110 1.0800 1.1140
1.0700 1.0100 1.0700 1.1089
1.0600 1.0195 1.0600 1.1293
1.0700 1.0188 1.0700 1.1321
1.0900 1.0205 1.0900 1.1337
1.0700 1.1116 1.0700 1.2085
1.0800 1.1747 1.0800 1.2623
1.1100 1.0684 1.1100 1.1755
1.1200 1.0575 1.1200 1.1571
1.1400 1.1142 1.1400 1.1920
1.1500 1.1485 1.1500 1.2272
1.1000 1.0435 1.1000 1.1472
1.1000 1.1060 1.1000 1.1957
1.1000 1.1843 1.1000 1.2548
1.0900 1.1509 1.0900 1.2359
1.1100 1.1857 1.1100 1.2646
1.1600 1.1832 1.1600 1.2539
1.1900 1.0169 1.1900 1.1391
1.2100 1.1077 1.2100 1.1863
1.2100 1.1141 1.2100 1.1855
1.2300 1.0703 1.2300 1.1662
1.2600 1.1461 1.2600 1.2297
1.2800 1.2615 1.2800 1.3241
1.2900 1.2552 1.2900 1.3245
1.3100 1.2546 1.3100 1.3277
1.3000 1.2239 1.3000 1.3091
1.2900 1.2830 1.2900 1.3507
1.2900 1.3302 1.2900 1.3867
1.3100 1.3209 1.3100 1.3879
1.3300 1.3076 1.3300 1.3844
1.3800 1.3493 1.3800 1.4139
1.3300 1.2808 1.3300 1.3698
1.3200 1.2634 1.3200 1.3532
1.2900 1.2836 1.2900 1.3562
1.2700 1.3387 1.2700 1.3928
1.2600 1.3550 1.2600 1.4129
1.2800 1.4630 1.2800 1.4986
1.3000 1.2200 1.3000 1.3437
1.3200 1.2836 1.3200 1.3768
1.3200 1.2302 1.3200 1.3189
1.3200 1.2118 1.3200 1.2969
1.3300 1.2178 1.3300 1.2912
1.3900 1.2941 1.3900 1.3369
1.5200 1.3190 1.5200 1.3701
1.6300 1.3399 1.6300 1.3981
1.6300 1.3083 1.6300 1.3864
1.6600 1.3118 1.6600 1.3907
1.7200 1.3441 1.7200 1.4120
1.8200 1.4998 1.8200 1.5248
1.8000 1.7710 1.8000 1.7407
1.7400 1.8431 1.7400 1.8466
1.7000 1.6171 1.7000 1.7412
1.7200 1.7224 1.7200 1.8127
1.7500 1.8616 1.7500 1.9015
1.8100 2.0202 1.8100 2.0350
1.8100 1.7256 1.8100 1.8605
1.7800 1.5702 1.7800 1.7348
1.6900 1.5923 1.6900 1.7038
1.6400 1.7251 1.6400 1.7685
1.6200 1.7515 1.6200 1.7936
1.5500 1.8609 1.5500 1.8811
1.5300 1.7485 1.5300 1.8314
1.5000 1.6629 1.5000 1.7829
1.5200 1.4596 1.5200 1.6219
1.4900 1.4863 1.4900 1.5941
1.4900 1.5221 1.4900 1.5862
1.4900 1.3285 1.4900 1.4400
1.5100 1.4069 1.5100 1.4744
1.5600 1.3762 1.5600 1.4396
1.5800 1.4966 1.5800 1.5325
1.5900 1.3753 1.5900 1.4600
1.5600 1.4351 1.5600 1.5006
1.5500 1.4544 1.5500 1.5157
1.5500 1.5118 1.5500 1.5625
1.5300 1.6266 1.5300 1.6572
1.5300 1.5867 1.5300 1.6483
1.5100 1.5774 1.5100 1.6586
1.4900 1.4738 1.4900 1.5838
1.4900 1.5023 1.4900 1.5895
1.4900 1.5208 1.4900 1.5902
1.4700 1.4465 1.4700 1.5342
1.4500 1.4827 1.4500 1.5524
1.4300 1.4278 1.4300 1.5082
1.4300 1.4055 1.4300 1.4912
1.4900 1.4501 1.4900 1.5139
1.6000 1.4504 1.6000 1.5134
1.7100 1.3874 1.7100 1.4747
1.8400 1.3696 1.8400 1.4545
1.9400 1.3556 1.9400 1.4356
2.0700 1.3947 2.0700 1.4583
2.1600 1.5755 2.1600 1.5879
2.2100 1.7912 2.2100 1.7676
2.3100 1.9065 2.3100 1.9046
2.3100 2.0568 2.3100 2.0909
2.2500 2.1045 2.2500 2.1870
2.2000 2.2688 2.2000 2.3221
2.1600 2.2957 2.1600 2.3747
2.1000 2.2907 2.1000 2.4132
2.0500 2.4551 2.0500 2.5198
1.9600 2.2818 1.9600 2.4215
1.8800 2.0581 1.8800 2.2624
1.7800 2.0315 1.7800 2.1790
1.6900 1.9990 1.6900 2.1080
1.6100 1.8662 1.6100 1.9948
1.5300 1.8228 1.5300 1.9261
1.4400 1.6505 1.4400 1.7802
1.3600 1.5939 1.3600 1.7105
1.3300 1.4599 1.3300 1.5825
1.2800 1.3992 1.2800 1.4970
1.2000 1.3456 1.2000 1.4283
1.1400 1.2759 1.1400 1.3500
1.1000 1.1871 1.1000 1.2601
1.0600 1.1375 1.0600 1.2013
1.0100 1.1938 1.0100 1.2417
1.0100 1.1177 1.0100 1.1863
1.0000 1.0077 1.0000 1.0891
0.9500 0.9917 0.9500 1.0650
0.9000 0.9994 0.9000 1.0742
0.9500 0.9687 0.9500 1.0592
1.0200 0.9070 1.0200 1.0135
1.0800 1.0079 1.0800 1.1016
1.0800 0.9892 1.0800 1.0945
1.0700 0.8755 1.0700 0.9987
1.0400 0.8520 1.0400 0.9561
1.0100 1.1020 1.0100 1.1595
0.9300 1.2220 0.9300 1.2709
0.8400 1.2134 0.8400 1.3141
0.7700 1.0993 0.7700 1.2133
0.7200 1.0829 0.7200 1.1829
0.7400 1.0238 0.7400 1.1322
0.7000 0.9797 0.7000 1.0826
0.7100 0.8580 0.7100 0.9297
0.7900 0.8054 0.7900 0.8402
0.8800 0.7790 0.8800 0.8286
1.0000 0.7839 1.0000 0.8408
1.1300 0.9083 1.1300 0.9650
1.1200 0.7816 1.1200 0.8668
1.0600 0.8393 1.0600 0.9505
1.0500 1.0813 1.0500 1.1348
1.0800 1.1748 1.0800 1.2406
1.1500 1.3122 1.1500 1.3892
1.0500 1.4351 1.0500 1.5091
1.0200 1.1666 1.0200 1.2949
1.1800 1.0013 1.1800 1.1736
1.2700 1.0926 1.2700 1.1895
1.4400 1.1802 1.4400 1.2314
1.5200 1.2938 1.5200 1.3594
1.5200 0.8810 1.5200 1.0204
1.4400 0.9588 1.4400 1.0685
1.3700 1.5532 1.3700 1.5104
1.3400 1.4623 1.3400 1.5086
1.2700 1.7609 1.2700 1.7805
1.2000 1.6982 1.2000 1.7462
1.1100 1.5477 1.1100 1.6835
1.0200 1.3138 1.0200 1.5083
0.9500 1.2488 0.9500 1.3959
0.8800 1.2775 0.8800 1.3675
0.8300 1.1171 0.8300 1.2073
0.7800 1.0348 0.7800 1.1171
0.7400 0.9329 0.7400 1.0027
0.7400 0.8805 0.7400 0.9254
0.7700 0.8622 0.7700 0.9176
0.7800 0.8201 0.7800 0.8863
0.6900 0.8301 0.6900 0.8900
0.7200 0.8055 0.7200 0.8700
0.9000 0.7989 0.9000 0.8679
0.9300 0.8519 0.9300 0.9386
1.0300 0.9447 1.0300 1.0260
1.0900 0.8982 1.0900 1.0157
1.1100 0.7444 1.1100 0.7965
1.1300 0.8774 1.1300 0.9841
1.1200 1.3304 1.1200 1.3839
1.0400 1.0738 1.0400 1.2000
0.9100 1.2415 0.9100 1.3700
0.7500 1.2777 0.7500 1.3465
0.6800 1.2125 0.6800 1.3103
0.7200 1.2229 0.7200 1.3203
0.7600 1.1445 0.7600 1.2427
0.7700 0.9267 0.7700 1.0704
0.7400 0.8091 0.7400 0.8579
0.7600 0.7465 0.7600 0.7159
0.7900 0.7554 0.7900 0.7965
0.8300 0.9774 0.8300 0.9625
0.8600 0.9826 0.8600 1.0326
0.9900 0.8894 0.9900 1.0090
1.1300 0.7909 1.1300 0.9218
1.2200 0.8931 1.2200 1.0126
1.3300 0.9599 1.3300 1.0600
1.5100 1.0020 1.5100 1.1102
1.6600 0.9920 1.6600 1.1165
1.7300 1.3283 1.7300 1.3765
1.8200 1.4685 1.8200 1.5192
1.8000 1.4408 1.8000 1.5106
1.7200 1.5945 1.7200 1.6345
1.6800 1.8415 1.6800 1.8935
1.6100 1.9368 1.6100 1.9983
1.5100 1.8891 1.5100 2.0063
1.4700 1.9981 1.4700 2.1092
1.5200 1.7918 1.5200 1.9435
1.6300 1.5504 1.6300 1.7547
1.6700 1.5812 1.6700 1.7029
1.6700 1.4269 1.6700 1.5466
1.6500 1.2614 1.6500 1.3803
1.6300 1.3108 1.6300 1.3807
1.6400 1.5522 1.6400 1.5338
1.6300 1.7851 1.6300 1.7394
1.7300 1.6871 1.7300 1.7337
1.8500 1.6221 1.8500 1.7226
2.0100 1.5932 2.0100 1.7017
2.0300 1.5745 2.0300 1.6765
1.9700 1.6298 1.9700 1.6993
1.9100 1.5623 1.9100 1.6421
1.8700 1.8832 1.8700 1.8657
1.9000 2.0610 1.9000 2.0284
1.8500 2.2489 1.8500 2.2695
1.8500 2.0409 1.8500 2.1618
1.8400 1.8120 1.8400 2.0141
1.8400 1.7730 1.8400 1.9356
1.8500 1.7553 1.8500 1.8675
1.8000 1.8956 1.8000 1.9355
1.7500 1.6513 1.7500 1.7609
1.7700 1.7510 1.7700 1.8186
1.7800 1.7487 1.7800 1.8114
1.7900 1.7645 1.7900 1.8330
1.7800 1.8002 1.7800 1.8640
1.7400 1.6227 1.7400 1.7401
1.6900 1.5745 1.6900 1.6935
1.6300 1.7514 1.6300 1.7866
1.5800 1.7351 1.5800 1.7844
1.5500 1.7315 1.5500 1.7994
1.5300 1.6912 1.5300 1.7726
1.5200 1.5973 1.5200 1.7072
1.5200 1.5300 1.5200 1.6464
1.4500 1.4467 1.4500 1.5589
1.3500 1.4105 1.3500 1.5061
1.3600 1.4180 1.3600 1.4890
1.4000 1.4174 1.4000 1.4798
