1.0600 1.1230 1.0600 1.0610
1.0400 1.0690 1.0400 1.0411
1.0300 1.1159 1.0300 1.0762
1.0200 1.0677 1.0200 1.0444
1.0300 1.1089 1.0300 1.0735
1.0400 1.1245 1.0400 1.0814
1.0500 1.0720 1.0500 1.0496
1.0600 1.0384 1.0600 1.0261
1.0400 1.0513 1.0400 1.0321
0.9800 1.0406 0.9800 1.0255
0.9800 1.0822 0.9800 1.0537
0.9900 1.0930 0.9900 1.0592
1.0100 1.0999 1.0100 1.0640
1.0400 1.1132 1.0400 1.0712
1.0600 1.0404 1.0600 1.0236
1.0700 0.9149 1.0700 0.9406
1.1600 1.0260 1.1600 1.0100
1.1400 1.0548 1.1400 1.0284
1.1400 1.0745 1.1400 1.0474
1.1200 1.1283 1.1200 1.0779
1.1000 1.1315 1.1000 1.0783
1.0900 1.1238 1.0900 1.0749
1.0500 1.3596 1.0500 1.2363
1.0000 1.1333 1.0000 1.0899
1.0200 1.1550 1.0200 1.1132
1.0400 1.1306 1.0400 1.0872
1.0000 1.0902 1.0000 1.0718
0.9600 1.1024 0.9600 1.0804
0.9900 1.0058 0.9900 1.0161
1.0500 0.9418 1.0500 0.9709
0.9800 1.0941 0.9800 1.0638
0.9300 1.1108 0.9300 1.0744
0.8600 0.9529 0.8600 0.9730
0.8600 0.9294 0.8600 0.9475
0.8800 1.0951 0.8800 1.0490
0.9400 1.1983 0.9400 1.1234
0.9600 0.8860 0.9600 0.9228
1.0100 0.8825 1.0100 0.9123
1.0100 0.8179 1.0100 0.8549
0.9700 0.9131 0.9700 0.9259
0.9600 0.9689 0.9600 0.9605
1.0100 1.0814 1.0100 1.0361
1.0600 1.0396 1.0600 1.0021
1.1000 1.1405 1.1000 1.0684
1.1300 1.0649 1.1300 1.0166
1.1500 0.9459 1.1500 0.9460
1.1700 1.0000 1.1700 0.9801
1.1900 1.1516 1.1900 1.0837
1.1900 1.1853 1.1900 1.1152
1.1800 1.1975 1.1800 1.1270
1.1700 1.2184 1.1700 1.1376
1.1700 1.2223 1.1700 1.1432
1.1800 1.2403 1.1800 1.1616
1.2000 1.2566 1.2000 1.1787
1.2100 1.2133 1.2100 1.1563
1.2300 1.1827 1.2300 1.1396
1.2400 1.1759 1.2400 1.1355
1.2500 1.1925 1.2500 1.1484
1.2700 1.2182 1.2700 1.1668
1.3600 1.2542 1.3600 1.1912
1.3700 1.2440 1.3700 1.1849
1.3600 1.2838 1.3600 1.2112
1.3500 1.2772 1.3500 1.2074
1.3400 1.2831 1.3400 1.2150
1.3400 1.3252 1.3400 1.2436
1.2900 1.5502 1.2900 1.3980
1.2900 1.3925 1.2900 1.2990
1.2800 1.3315 1.2800 1.2670
1.2700 1.3516 1.2700 1.2714
1.2400 1.3310 1.2400 1.2665
1.2200 1.3434 1.2200 1.2810
1.2100 1.1912 1.2100 1.1825
1.2200 1.2921 1.2200 1.2443
1.1900 1.2728 1.1900 1.2258
1.2800 1.2459 1.2800 1.2134
1.2200 1.1881 1.2200 1.1690
1.2100 1.1903 1.2100 1.1659
1.2000 1.2052 1.2000 1.1719
1.2000 1.2490 1.2000 1.2003
1.2300 1.1420 1.2300 1.1289
1.2600 1.4667 1.2600 1.3392
1.2700 1.1200 1.2700 1.1104
1.2700 1.1833 1.2700 1.1597
1.2500 1.2226 1.2500 1.1659
1.2500 1.2089 1.2500 1.1707
1.2400 1.3012 1.2400 1.2305
1.2300 1.3284 1.2300 1.2466
1.2300 1.2955 1.2300 1.2274
1.2100 1.2819 1.2100 1.2173
1.2100 1.2276 1.2100 1.1823
1.1800 1.2654 1.1800 1.2094
1.1900 1.2355 1.1900 1.1912
1.1800 1.2179 1.1800 1.1823
1.1900 1.2427 1.1900 1.1950
1.1800 1.1833 1.1800 1.1554
1.1900 1.2216 1.1900 1.1793
1.1900 1.1403 1.1900 1.1229
1.1700 1.2217 1.1700 1.1762
1.1700 1.1814 1.1700 1.1458
1.1600 1.2187 1.1600 1.1729
1.1300 1.1805 1.1300 1.1433
1.1100 1.2237 1.1100 1.1722
1.1200 1.2110 1.1200 1.1619
1.1300 1.1469 1.1300 1.1224
1.1700 1.1908 1.1700 1.1484
1.2200 1.1641 1.2200 1.1297
1.1900 1.0910 1.1900 1.0842
1.2000 1.0965 1.2000 1.0832
1.2100 1.1654 1.2100 1.1249
1.2300 1.1697 1.2300 1.1292
1.2600 1.2621 1.2600 1.1900
1.2800 1.3362 1.2800 1.2364
1.2800 1.1466 1.2800 1.1167
1.2700 1.2388 1.2700 1.1761
1.2700 1.2642 1.2700 1.1895
1.2500 1.2805 1.2500 1.2129
1.2200 1.3325 1.2200 1.2476
1.2000 1.3300 1.2000 1.2474
1.1700 1.2900 1.1700 1.2241
1.1500 1.2641 1.1500 1.2080
1.1400 1.2859 1.1400 1.2235
1.1300 1.2232 1.1300 1.1860
1.1200 1.1706 1.1200 1.1530
1.1100 1.1768 1.1100 1.1525
1.1000 1.1282 1.1000 1.1190
1.0900 1.1256 1.0900 1.1153
1.0700 1.1394 1.0700 1.1188
1.0700 1.1281 1.0700 1.1089
1.0600 1.1200 1.0600 1.1001
1.0600 1.1140 1.0600 1.0921
1.0900 1.1062 1.0900 1.0844
1.0800 1.0978 1.0800 1.0770
1.0700 1.0614 1.0700 1.0512
1.0700 1.0992 1.0700 1.0737
1.0800 1.0736 1.0800 1.0547
1.0900 1.0876 1.0900 1.0641
1.0800 1.1772 1.0800 1.1198
1.0700 1.0904 1.0700 1.0641
1.0500 1.0782 1.0500 1.0567
1.0500 1.1092 1.0500 1.0718
1.0400 1.1311 1.0400 1.0896
1.0400 1.1372 1.0400 1.0961
1.0400 1.0900 1.0400 1.0648
1.0300 1.0832 1.0300 1.0588
1.0300 1.0503 1.0300 1.0355
1.0200 1.0836 1.0200 1.0584
1.0100 1.0569 1.0100 1.0400
1.0100 1.0703 1.0100 1.0491
1.0100 1.0757 1.0100 1.0492
1.0000 1.0460 1.0000 1.0295
1.0100 1.0663 1.0100 1.0412
0.9800 1.0410 0.9800 1.0232
0.9600 1.0289 0.9600 1.0156
0.9400 1.0502 0.9400 1.0275
0.9500 1.0490 0.9500 1.0265
0.9600 1.0203 0.9600 1.0075
0.9300 1.0675 0.9300 1.0367
0.9100 0.9708 0.9100 0.9716
0.8900 0.9657 0.8900 0.9685
0.8900 0.9576 0.8900 0.9577
0.9000 1.0122 0.9000 0.9952
0.9000 1.0227 0.9000 1.0010
0.9000 0.9214 0.9000 0.9332
0.9000 0.9264 0.9000 0.9315
0.9000 0.9168 0.9000 0.9203
0.9100 0.9437 0.9100 0.9405
0.9100 0.9708 0.9100 0.9571
0.9100 0.9513 0.9100 0.9430
0.9100 0.9539 0.9100 0.9423
0.9200 0.9583 0.9200 0.9429
0.9200 0.9574 0.9200 0.9431
0.9200 0.9833 0.9200 0.9611
0.9100 0.9659 0.9100 0.9499
0.9200 0.9642 0.9200 0.9495
0.9100 0.9672 0.9100 0.9505
0.9200 0.9922 0.9200 0.9682
0.9400 0.9746 0.9400 0.9574
0.9300 0.9726 0.9300 0.9569
0.9200 0.9494 0.9200 0.9403
0.9100 0.9915 0.9100 0.9690
0.9200 0.9493 0.9200 0.9410
0.9300 0.9878 0.9300 0.9682
0.9500 1.0299 0.9500 0.9941
0.9600 0.9627 0.9600 0.9522
0.9600 0.9545 0.9600 0.9463
0.9600 0.9522 0.9600 0.9418
0.9700 0.9915 0.9700 0.9703
0.9800 0.9996 0.9800 0.9769
0.9800 1.0320 0.9800 0.9995
0.9800 1.0272 0.9800 0.9952
0.9700 1.0085 0.9700 0.9840
0.9600 1.0115 0.9600 0.9861
0.9600 1.0381 0.9600 1.0052
0.9600 1.0448 0.9600 1.0124
0.9500 1.0244 0.9500 1.0007
0.9400 1.0256 0.9400 1.0013
0.9400 1.0005 0.9400 0.9844
0.9400 0.9895 0.9400 0.9782
0.9600 1.0082 0.9600 0.9900
0.9700 1.0065 0.9700 0.9892
0.9700 0.9781 0.9700 0.9704
0.9800 0.9708 0.9800 0.9635
0.9700 0.9907 0.9700 0.9749
0.9600 0.9895 0.9600 0.9744
0.9700 1.0414 0.9700 1.0091
0.9700 1.0347 0.9700 1.0041
0.9600 1.0143 0.9600 0.9918
0.9700 1.0461 0.9700 1.0116
0.9800 1.0018 0.9800 0.9833
0.9900 0.9887 0.9900 0.9770
1.0000 1.0372 1.0000 1.0077
0.9800 1.0163 0.9800 0.9956
0.9600 0.9857 0.9600 0.9767
0.9600 1.0350 0.9600 1.0065
1.0000 1.0451 1.0000 1.0133
1.0300 1.0493 1.0300 1.0189
1.0800 1.0612 1.0800 1.0261
1.1200 0.9898 1.1200 0.9792
1.1800 0.9716 1.1800 0.9672
1.2500 1.0114 1.2500 0.9917
1.3100 1.1151 1.3100 1.0631
1.3100 1.1209 1.3100 1.0697
1.3300 1.2021 1.3300 1.1250
1.3400 1.2309 1.3400 1.1429
1.3200 1.3203 1.3200 1.2103
1.2500 1.4094 1.2500 1.2765
1.2300 1.4428 1.2300 1.3081
1.2200 1.3246 1.2200 1.2366
1.1900 1.3885 1.1900 1.2833
1.1400 1.3842 1.1400 1.2853
1.1000 1.2848 1.1000 1.2342
1.0700 1.1215 1.0700 1.1293
1.0500 1.2061 1.0500 1.1789
1.0600 1.2186 1.0600 1.1848
1.1000 1.1321 1.1000 1.1333
1.1400 1.0550 1.1400 1.0741
1.1700 1.0466 1.1700 1.0579
1.2000 1.0406 1.2000 1.0486
1.2300 1.0365 1.2300 1.0431
1.2300 1.1021 1.2300 1.0806
1.2200 1.1983 1.2200 1.1395
1.2300 1.2353 1.2300 1.1634
1.2300 1.2464 1.2300 1.1707
1.2500 1.2822 1.2500 1.1939
1.2900 1.3136 1.2900 1.2182
1.3500 1.2507 1.3500 1.1842
1.3500 1.2198 1.3500 1.1685
1.3600 1.2729 1.3600 1.2040
1.4000 1.2475 1.4000 1.1922
1.4000 1.2992 1.4000 1.2300
1.3700 1.3827 1.3700 1.2833
1.3600 1.4772 1.3600 1.3497
1.4000 1.3515 1.4000 1.2724
1.3900 1.3839 1.3900 1.2956
1.3800 1.5016 1.3800 1.3702
1.3700 1.4006 1.3700 1.3174
1.3400 1.3027 1.3400 1.2601
1.2900 1.3487 1.2900 1.2837
1.2500 1.4911 1.2500 1.3776
1.2100 1.3612 1.2100 1.3018
1.1500 1.3461 1.1500 1.2929
1.1500 1.3575 1.1500 1.2905
1.1100 1.2796 1.1100 1.2438
1.1400 1.1909 1.1400 1.1863
1.1200 1.1779 1.1200 1.1716
1.1400 1.1414 1.1400 1.1431
1.1500 1.0431 1.1500 1.0755
1.1400 1.1613 1.1400 1.1435
1.1000 1.0534 1.1000 1.0655
1.0600 1.2036 1.0600 1.1623
1.0200 1.1077 1.0200 1.0889
0.9700 1.1877 0.9700 1.1438
0.9800 1.1992 0.9800 1.1428
0.9700 1.1382 0.9700 1.1080
0.9800 1.0530 0.9800 1.0495
0.9600 1.0193 0.9600 1.0241
0.9600 0.9851 0.9600 0.9993
0.9700 0.9171 0.9700 0.9530
0.9600 1.0329 0.9600 1.0240
0.9400 0.9915 0.9400 0.9913
0.9200 1.0270 0.9200 1.0143
0.9000 0.9705 0.9000 0.9678
0.8900 1.0024 0.8900 0.9877
0.8700 1.0383 0.8700 1.0083
0.9100 0.9861 0.9100 0.9766
0.9100 0.9515 0.9100 0.9524
0.9200 0.9390 0.9200 0.9401
0.9300 0.9204 0.9300 0.9270
0.9300 0.9268 0.9300 0.9305
0.9400 0.8922 0.9400 0.9050
0.9300 1.0306 0.9300 0.9954
0.9400 0.9660 0.9400 0.9502
0.9700 0.9821 0.9700 0.9639
1.0000 1.0074 1.0000 0.9745
1.0300 0.9838 1.0300 0.9625
1.0800 1.0107 1.0800 0.9823
1.1500 0.9675 1.1500 0.9540
1.1900 1.0078 1.1900 0.9828
1.2200 1.0752 1.2200 1.0271
1.2300 1.0968 1.2300 1.0457
1.2400 1.1240 1.2400 1.0660
1.2300 1.2119 1.2300 1.1252
1.2400 1.3131 1.2400 1.2001
1.2600 1.2935 1.2600 1.1925
1.2700 1.3015 1.2700 1.2043
1.2700 1.2794 1.2700 1.1933
1.2600 1.2840 1.2600 1.2049
1.2500 1.2330 1.2500 1.1779
1.2500 1.2762 1.2500 1.2109
1.2300 1.3166 1.2300 1.2387
1.2200 1.2974 1.2200 1.2313
1.2100 1.2783 1.2100 1.2194
1.2000 1.2531 1.2000 1.2018
1.1900 1.2440 1.1900 1.1968
1.1600 1.2632 1.1600 1.2101
1.1400 1.2015 1.1400 1.1710
1.1300 1.2101 1.1300 1.1756
1.1300 1.2063 1.1300 1.1692
1.1200 1.1923 1.1200 1.1605
1.1200 1.1846 1.1200 1.1531
1.1000 1.1188 1.1000 1.1077
1.0900 1.1206 1.0900 1.1058
1.0900 1.1346 1.0900 1.1108
1.0800 1.1489 1.0800 1.1199
1.0800 1.1207 1.0800 1.0992
1.1100 1.1410 1.1100 1.1093
1.0800 1.0896 1.0800 1.0724
1.1000 1.0968 1.1000 1.0765
1.1300 1.1208 1.1300 1.0891
1.1300 1.0882 1.1300 1.0685
1.1000 1.1068 1.1000 1.0793
1.0200 1.1956 1.0200 1.1349
0.9800 1.0523 0.9800 1.0425
0.9500 1.1612 0.9500 1.1141
0.9500 1.2244 0.9500 1.1502
0.9800 1.1489 0.9800 1.1102
0.9800 1.0697 0.9800 1.0570
0.9700 0.9148 0.9700 0.9502
0.9500 0.9514 0.9500 0.9713
0.9800 0.9447 0.9800 0.9636
1.0200 0.9825 1.0200 0.9902
1.0500 1.0687 1.0500 1.0402
1.0300 1.0154 1.0300 1.0007
1.0800 0.9914 1.0800 0.9812
1.1200 0.9676 1.1200 0.9596
1.1500 1.0818 1.1500 1.0367
1.2200 1.1365 1.2200 1.0758
1.2500 1.1356 1.2500 1.0809
1.2800 1.0319 1.2800 1.0108
1.3600 1.2127 1.3600 1.1291
1.5400 1.2384 1.5400 1.1491
1.5200 1.2257 1.5200 1.1544
1.5700 1.3786 1.5700 1.2567
1.6100 1.3328 1.6100 1.2289
1.6500 1.3525 1.6500 1.2525
1.7000 1.5390 1.7000 1.3808
1.7100 1.9142 1.7100 1.6353
1.7000 1.4593 1.7000 1.3580
1.6600 1.6564 1.6600 1.4974
1.5900 1.7302 1.5900 1.5346
1.5000 1.7223 1.5000 1.5606
1.4100 1.8012 1.4100 1.6195
1.3400 1.7138 1.3400 1.5691
1.3000 1.6563 1.3000 1.5400
1.2600 1.5584 1.2600 1.4778
1.2000 1.4195 1.2000 1.3925
1.2300 1.2922 1.2300 1.3081
1.1800 1.2088 1.1800 1.2465
1.1600 1.1840 1.1600 1.2199
1.1300 1.2051 1.1300 1.2221
1.0900 1.1662 1.0900 1.1856
1.0800 1.0744 1.0800 1.1133
1.0900 1.2915 1.0900 1.2393
1.0900 1.0935 1.0900 1.1032
1.1000 1.1175 1.1000 1.1188
1.1000 1.1028 1.1000 1.0913
1.1100 1.0325 1.1100 1.0472
1.1100 1.0860 1.1100 1.0763
1.1200 1.1339 1.1200 1.1028
1.1300 1.1099 1.1300 1.0869
1.1200 1.1408 1.1200 1.1033
1.1100 1.1293 1.1100 1.0916
1.1000 1.1557 1.1000 1.1100
1.1300 1.1400 1.1300 1.0995
1.1700 1.1648 1.1700 1.1177
1.2200 1.1771 1.2200 1.1257
1.2000 1.1262 1.2000 1.0947
1.1800 1.1183 1.1800 1.0892
1.1600 1.1125 1.1600 1.0839
1.1500 1.2131 1.1500 1.1515
1.1500 1.2694 1.1500 1.1901
1.1500 1.3303 1.1500 1.2342
1.1600 1.1787 1.1600 1.1356
1.1700 1.1622 1.1700 1.1255
1.1800 1.1578 1.1800 1.1196
1.1900 1.1538 1.1900 1.1243
1.1900 1.1695 1.1900 1.1359
1.2000 1.1670 1.2000 1.1328
1.2100 1.1968 1.2100 1.1501
1.2200 1.2090 1.2200 1.1564
1.2200 1.2176 1.2200 1.1627
1.2100 1.2290 1.2100 1.1703
1.2100 1.2096 1.2100 1.1588
1.1900 1.2385 1.1900 1.1789
1.1800 1.2491 1.1800 1.1869
1.1700 1.2545 1.1700 1.1935
1.1700 1.2358 1.1700 1.1821
1.1700 1.2067 1.1700 1.1638
1.1700 1.2282 1.1700 1.1776
1.1600 1.1695 1.1600 1.1402
1.1400 1.1758 1.1400 1.1450
1.1400 1.1713 1.1400 1.1388
1.1300 1.1859 1.1300 1.1488
1.1300 1.1874 1.1300 1.1481
1.1300 1.1864 1.1300 1.1464
1.1500 1.1602 1.1500 1.1275
1.1400 1.1233 1.1400 1.1021
1.1200 1.1637 1.1200 1.1266
1.1200 1.1351 1.1200 1.1074
1.1400 1.1490 1.1400 1.1173
1.1400 1.1542 1.1400 1.1173
1.1300 1.2091 1.1300 1.1533
1.1300 1.1438 1.1300 1.1104
1.1300 1.1035 1.1300 1.0844
1.1200 1.1506 1.1200 1.1110
1.1300 1.2044 1.1300 1.1480
1.1300 1.1595 1.1300 1.1221
1.1400 1.1309 1.1400 1.1024
1.1300 1.1581 1.1300 1.1161
1.1300 1.1571 1.1300 1.1166
1.1400 1.1245 1.1400 1.0975
1.1400 1.1731 1.1400 1.1280
1.1400 1.1560 1.1400 1.1159
1.1400 1.1796 1.1400 1.1334
1.1400 1.1370 1.1400 1.1037
1.1400 1.1533 1.1400 1.1151
1.1300 1.1868 1.1300 1.1357
1.1200 1.1622 1.1200 1.1223
1.1200 1.1617 1.1200 1.1223
1.1200 1.1654 1.1200 1.1230
1.1000 1.1640 1.1000 1.1231
1.0700 1.1636 1.0700 1.1234
1.0600 1.1349 1.0600 1.1047
1.0500 1.1258 1.0500 1.0981
1.0600 1.1466 1.0600 1.1104
1.0900 1.1448 1.0900 1.1096
1.1000 1.0866 1.1000 1.0715
1.0800 1.0428 1.0800 1.0399
1.0600 1.0749 1.0600 1.0572
1.0400 1.0643 1.0400 1.0495
1.0600 1.1053 1.0600 1.0767
1.0600 1.1745 1.0600 1.1192
1.0700 1.1443 1.0700 1.0998
1.0800 1.0707 1.0800 1.0512
1.0800 1.0601 1.0800 1.0409
1.0800 1.0440 1.0800 1.0300
1.0700 1.1300 1.0700 1.0893
1.0600 1.0913 1.0600 1.0643
1.0400 1.1127 1.0400 1.0792
1.0500 1.1331 1.0500 1.0875
1.0500 1.1110 1.0500 1.0750
1.0400 1.1123 1.0400 1.0766
1.0300 1.0859 1.0300 1.0591
1.0200 1.0748 1.0200 1.0528
1.0000 1.0392 1.0000 1.0286
1.0000 1.1017 1.0000 1.0693
1.0000 1.0848 1.0000 1.0572
0.9900 1.0508 0.9900 1.0362
0.9900 1.0487 0.9900 1.0305
0.9900 1.0409 0.9900 1.0238
1.0000 1.0032 1.0000 0.9990
1.0000 1.0388 1.0000 1.0211
1.0000 1.0409 1.0000 1.0204
1.0000 1.0095 1.0000 1.0002
1.0000 1.0309 1.0000 1.0113
1.0000 1.0337 1.0000 1.0112
1.0000 1.0582 1.0000 1.0285
1.0000 1.0416 1.0000 1.0170
1.0000 1.0403 1.0000 1.0163
0.9900 1.0438 0.9900 1.0175
0.9900 1.0424 0.9900 1.0175
1.0000 1.0420 1.0000 1.0178
0.9900 1.0417 0.9900 1.0177
0.9900 1.0417 0.9900 1.0177
0.9800 1.0417 0.9800 1.0177
0.9700 1.0146 0.9700 0.9997
0.9700 1.0325 0.9700 1.0110
0.9600 1.0614 0.9600 1.0295
0.9700 1.0131 0.9700 0.9990
0.9500 1.0307 0.9500 1.0100
0.9500 1.0091 0.9500 0.9932
0.9600 0.9956 0.9600 0.9857
0.9800 1.0161 0.9800 0.9977
1.0000 0.9880 1.0000 0.9787
0.9900 1.0310 0.9900 1.0070
1.0000 0.9635 1.0000 0.9601
1.0400 0.9942 1.0400 0.9809
1.0900 1.0294 1.0900 1.0007
1.1500 1.0583 1.1500 1.0231
1.2200 1.0779 1.2200 1.0364
1.2300 1.0153 1.2300 0.9950
1.2800 1.0623 1.2800 1.0260
1.3500 1.1594 1.3500 1.0905
1.4200 1.2167 1.4200 1.1354
1.4500 1.2890 1.4500 1.1886
1.4800 1.3753 1.4800 1.2515
1.4500 1.2723 1.4500 1.1867
1.4300 1.3988 1.4300 1.2774
1.4300 1.5145 1.4300 1.3605
1.4000 1.5650 1.4000 1.4101
1.3500 1.5130 1.3500 1.3818
1.2700 1.5474 1.2700 1.4090
1.2100 1.3953 1.2100 1.3172
1.2000 1.3890 1.2000 1.3221
1.2300 1.4394 1.2300 1.3542
1.2600 1.3297 1.2600 1.2912
1.2700 1.2375 1.2700 1.2310
1.2700 1.1142 1.2700 1.1413
1.2600 1.0998 1.2600 1.1248
1.2800 1.1906 1.2800 1.1761
1.2800 1.2893 1.2800 1.2378
1.2800 1.3134 1.2800 1.2503
1.2800 1.2880 1.2800 1.2278
1.2600 1.2800 1.2600 1.2169
1.2700 1.2568 1.2700 1.2013
1.2700 1.3344 1.2700 1.2548
1.2400 1.2911 1.2400 1.2300
1.2700 1.2830 1.2700 1.2284
1.2800 1.2919 1.2800 1.2306
1.2900 1.2298 1.2900 1.1918
1.3000 1.2995 1.3000 1.2371
1.3100 1.2818 1.3100 1.2246
1.3100 1.1846 1.3100 1.1647
1.0900 1.3413 1.0900 1.2614
1.0200 1.3136 1.0200 1.2426
1.0000 1.3071 1.0000 1.2458
1.0000 1.3307 1.0000 1.2555
1.1800 1.3386 1.1800 1.2623
1.1400 1.3175 1.1400 1.2515
1.3400 0.7024 1.3400 0.8537
1.4800 0.9144 1.4800 0.9777
1.3000 1.2114 1.3000 1.1959
1.2900 1.3213 1.2900 1.2647
1.2300 1.2774 1.2300 1.2313
1.2600 1.1665 1.2600 1.1623
1.1800 1.5315 1.1800 1.3920
1.3100 1.2856 1.3100 1.2323
1.2800 1.2404 1.2800 1.2138
1.2700 1.2967 1.2700 1.2310
1.2600 1.1236 1.2600 1.1262
1.2000 1.3274 1.2000 1.2598
1.2000 1.0434 1.2000 1.0700
1.1300 1.5624 1.1300 1.4159
1.1400 1.2399 1.1400 1.1913
1.0900 1.2204 1.0900 1.1971
1.1200 1.2788 1.1200 1.2087
1.1900 1.0961 1.1900 1.1015
1.3400 1.2137 1.3400 1.1791
1.3400 1.0211 1.3400 1.0470
1.3100 1.1652 1.3100 1.1425
1.2900 1.0275 1.2900 1.0402
1.2000 1.1838 1.2000 1.1457
1.1400 1.3531 1.1400 1.2458
1.1100 1.6292 1.1100 1.4484
1.0900 1.3384 1.0900 1.2506
1.0700 1.2474 1.0700 1.1960
1.0300 1.2957 1.0300 1.2155
0.9900 1.0500 0.9900 1.0729
1.0200 1.0396 1.0200 1.0716
1.0800 1.0801 1.0800 1.0861
1.1400 1.0643 1.1400 1.0760
1.1600 1.0464 1.1600 1.0571
1.2000 0.9805 1.2000 1.0028
1.0100 0.9510 1.0100 0.9747
0.9700 1.1112 0.9700 1.0738
1.1200 1.2220 1.1200 1.1470
1.1500 1.2687 1.1500 1.1824
1.1500 1.2186 1.1500 1.1469
1.2600 1.3038 1.2600 1.2028
1.2800 0.7179 1.2800 0.8226
1.2600 0.9323 1.2600 0.9629
1.1400 1.4614 1.1400 1.3040
1.8000 0.5269 1.8000 0.7557
1.0900 1.0110 1.0900 1.0512
1.1200 1.0017 1.1200 1.0436
1.1100 1.0287 1.1100 1.0504
1.0700 1.0577 1.0700 1.0538
1.0600 1.0925 1.0600 1.0678
1.0500 1.1355 1.0500 1.0913
1.0300 1.1566 1.0300 1.1040
1.0200 1.2050 1.0200 1.1366
1.0200 1.1217 1.0200 1.0835
1.0200 1.0276 1.0200 1.0237
1.0300 1.0818 1.0300 1.0562
1.0400 1.0701 1.0400 1.0502
1.0200 1.0218 1.0200 1.0224
1.0000 1.0350 1.0000 1.0259
1.0000 1.0568 1.0000 1.0360
1.0300 1.0548 1.0300 1.0344
1.0700 1.0826 1.0700 1.0513
1.1100 1.0945 1.1100 1.0575
1.1300 1.0206 1.1300 1.0091
1.1500 1.0043 1.1500 0.9969
1.1600 1.0455 1.1600 1.0215
1.1600 1.1230 1.1600 1.0752
1.1500 1.1750 1.1500 1.1121
1.1400 1.2114 1.1400 1.1373
1.1400 1.1968 1.1400 1.1281
1.1400 1.2186 1.1400 1.1448
1.1500 1.2116 1.1500 1.1440
1.1600 1.1871 1.1600 1.1343
1.1600 1.1579 1.1600 1.1182
1.1500 1.1473 1.1500 1.1129
1.1600 1.1653 1.1600 1.1256
1.1700 1.1626 1.1700 1.1249
1.1800 1.1890 1.1800 1.1425
1.1800 1.2003 1.1800 1.1488
1.1900 1.1799 1.1900 1.1362
1.1900 1.1534 1.1900 1.1183
1.1800 1.2034 1.1800 1.1504
1.1800 1.2123 1.1800 1.1576
1.1800 1.2158 1.1800 1.1631
1.1700 1.1994 1.1700 1.1515
1.1700 1.2291 1.1700 1.1710
1.1700 1.2111 1.1700 1.1602
1.1800 1.1783 1.1800 1.1412
1.1800 1.2008 1.1800 1.1548
1.1600 1.2006 1.1600 1.1550
1.1400 1.1678 1.1400 1.1353
1.1500 1.1887 1.1500 1.1474
1.1700 1.1908 1.1700 1.1474
1.1800 1.2164 1.1800 1.1653
1.2000 1.1984 1.2000 1.1530
1.2100 1.1398 1.2100 1.1149
1.2100 1.1253 1.2100 1.1030
1.2100 1.1943 1.2100 1.1465
1.2100 1.2283 1.2100 1.1708
1.2100 1.2123 1.2100 1.1625
1.2100 1.2550 1.2100 1.1882
1.2100 1.2497 1.2100 1.1840
1.2100 1.2270 1.2100 1.1727
1.2000 1.2297 1.2000 1.1752
1.1900 1.2292 1.1900 1.1764
1.1900 1.2264 1.1900 1.1769
1.1700 1.2255 1.1700 1.1770
1.1700 1.2253 1.1700 1.1768
1.1700 1.2253 1.1700 1.1768
1.1700 1.1962 1.1700 1.1579
1.1700 1.1870 1.1700 1.1513
1.1700 1.2084 1.1700 1.1638
1.1600 1.1489 1.1600 1.1253
1.1500 1.1860 1.1500 1.1486
1.1700 1.1914 1.1700 1.1489
1.1700 1.1850 1.1700 1.1465
1.1700 1.1884 1.1700 1.1466
1.1800 1.1893 1.1800 1.1460
1.1900 1.1611 1.1900 1.1274
1.1900 1.1519 1.1900 1.1208
1.1900 1.2306 1.1900 1.1710
1.1800 1.1896 1.1800 1.1456
1.1400 1.1843 1.1400 1.1440
1.1100 1.2223 1.1100 1.1648
1.1000 1.2291 1.1000 1.1713
1.1100 1.2071 1.1100 1.1594
1.1200 1.2085 1.1200 1.1600
1.1200 1.1816 1.1200 1.1422
1.1200 1.0851 1.1200 1.0802
1.1100 1.0781 1.1100 1.0730
1.1100 1.1100 1.1100 1.0902
1.1100 1.1501 1.1100 1.1173
1.0900 1.1574 1.0900 1.1207
1.0900 1.1398 1.0900 1.1062
1.0900 1.1454 1.0900 1.1065
1.0900 1.1202 1.0900 1.0891
1.1100 1.1375 1.1100 1.1014
1.1300 1.1385 1.1300 1.1019
1.1400 1.0788 1.1400 1.0638
1.1400 1.1179 1.1400 1.0875
1.1500 1.1217 1.1500 1.0878
1.1400 1.1152 1.1400 1.0858
1.1400 1.1747 1.1400 1.1230
1.1300 1.1942 1.1300 1.1357
1.1200 1.1815 1.1200 1.1299
1.1200 1.1658 1.1200 1.1194
1.1100 1.1966 1.1100 1.1401
1.1000 1.1482 1.1000 1.1109
1.0800 1.1628 1.0800 1.1231
1.0700 1.1387 1.0700 1.1059
1.0600 1.1242 1.0600 1.0981
1.0300 1.1461 1.0300 1.1107
1.0500 1.1163 1.0500 1.0909
1.0600 1.1055 1.0600 1.0834
1.0700 1.0722 1.0700 1.0585
1.0800 1.0807 1.0800 1.0627
1.0900 1.0733 1.0900 1.0558
1.0900 1.0064 1.0900 1.0109
1.1000 1.1186 1.1000 1.0813
1.1000 1.1136 1.1000 1.0756
1.1000 1.1121 1.1000 1.0784
1.1000 1.1315 1.1000 1.0866
1.1100 1.1410 1.1100 1.0932
1.1200 1.1222 1.1200 1.0830
1.1100 1.1496 1.1100 1.1024
1.1000 1.1319 1.1000 1.0917
1.0900 1.1280 1.0900 1.0916
1.0500 1.1307 1.0500 1.0929
1.0400 1.1572 1.0400 1.1113
1.0500 1.1661 1.0500 1.1183
1.0500 1.1168 1.0500 1.0873
1.0600 1.1094 1.0600 1.0815
1.0600 1.1038 1.0600 1.0763
1.0700 1.0083 1.0700 1.0148
1.0700 1.0535 1.0700 1.0424
1.0800 1.1048 1.0800 1.0722
1.0800 1.0769 1.0800 1.0564
1.0800 1.1062 1.0800 1.0731
1.0600 1.0945 1.0600 1.0614
1.0300 1.1206 1.0300 1.0796
1.0700 1.1051 1.0700 1.0692
1.0700 1.1296 1.0700 1.0872
1.0600 1.1138 1.0600 1.0768
1.1200 1.1103 1.1200 1.0763
1.1700 1.0578 1.1700 1.0411
1.2500 1.0106 1.2500 1.0099
1.3500 1.1800 1.3500 1.1193
1.4800 1.1031 1.4800 1.0706
1.5600 1.0618 1.5600 1.0478
1.5500 1.2692 1.5500 1.1755
1.6100 1.2950 1.6100 1.1969
1.6500 1.4139 1.6500 1.2886
1.5800 1.5582 1.5800 1.3893
1.5100 1.7421 1.5100 1.5263
1.3300 1.7202 1.3300 1.5205
1.2600 1.5226 1.2600 1.3984
1.2500 1.7504 1.2500 1.5556
1.2600 1.7523 1.2600 1.5655
1.2100 1.3973 1.2100 1.3646
1.1200 1.3496 1.1200 1.3283
1.0900 0.9777 1.0900 1.0804
1.0400 1.1152 1.0400 1.1656
0.9900 1.2411 0.9900 1.2303
0.9200 1.2509 0.9200 1.2415
0.8700 1.0950 0.8700 1.1246
0.9100 0.9551 0.9100 1.0136
0.9700 1.0629 0.9700 1.0670
1.1300 0.9795 1.1300 1.0093
1.2800 0.9181 1.2800 0.9691
1.2800 0.8363 1.2800 0.8993
1.2500 0.8288 1.2500 0.8835
1.2000 1.0263 1.2000 1.0062
1.1400 1.1148 1.1400 1.0634
1.1500 1.4341 1.1500 1.2827
1.1100 1.5733 1.1100 1.3417
1.1000 1.2857 1.1000 1.1904
1.0800 1.2204 1.0800 1.1497
0.9600 1.1616 0.9600 1.1118
0.8100 1.0601 0.8100 1.0654
0.7900 1.1921 0.7900 1.1571
0.8300 1.0534 0.8300 1.0650
0.8400 1.0880 0.8400 1.0864
0.9800 1.0735 0.9800 1.0626
1.0900 0.7796 1.0900 0.8683
1.1700 0.6135 1.1700 0.7461
1.1700 0.8243 1.1700 0.8684
1.0800 0.9542 1.0800 0.9541
1.0100 0.8907 1.0100 0.9145
0.9900 1.2510 0.9900 1.1489
0.9600 1.3227 0.9600 1.1700
0.8800 1.3301 0.8800 1.2072
0.8900 1.2117 0.8900 1.1215
0.8800 0.9628 0.8800 0.9668
0.9100 0.9421 0.9100 0.9580
0.9400 1.0095 0.9400 1.0062
0.9900 0.9415 0.9900 0.9699
1.0900 0.7784 1.0900 0.8569
1.2200 0.9520 1.2200 0.9569
1.3600 0.9215 1.3600 0.9275
1.4500 0.9984 1.4500 0.9834
1.4900 1.0438 1.4900 1.0039
1.5200 1.1208 1.5200 1.0564
1.5300 1.3080 1.5300 1.1877
1.4600 1.4847 1.4600 1.3088
1.3400 1.6379 1.3400 1.4137
1.2500 1.6313 1.2500 1.4382
1.2100 1.5776 1.2100 1.4108
1.2000 1.6015 1.2000 1.4355
1.2500 1.5676 1.2500 1.4275
1.3200 1.3115 1.3200 1.2804
1.3700 1.0971 1.3700 1.1451
1.4200 1.0871 1.4200 1.1281
1.4500 1.1413 1.4500 1.1584
1.4900 1.1737 1.4900 1.1777
1.5400 1.3382 1.5400 1.2753
1.5700 1.4558 1.5700 1.3420
1.5900 1.4636 1.5900 1.3461
1.6000 1.5219 1.6000 1.3844
1.6200 1.5216 1.6200 1.3852
1.6500 1.5797 1.6500 1.4328
1.6400 1.6506 1.6400 1.4879
1.6500 1.6276 1.6500 1.4837
1.6300 1.6231 1.6300 1.4884
1.5800 1.6156 1.5800 1.4872
1.5500 1.6553 1.5500 1.5193
1.5200 1.7049 1.5200 1.5572
1.5000 1.5958 1.5000 1.4942
1.5000 1.6528 1.5000 1.5323
1.4400 1.5735 1.4400 1.4800
1.4700 1.4460 1.4700 1.4044
1.4200 1.4721 1.4200 1.4148
1.3700 1.4424 1.3700 1.3923
1.3100 1.4342 1.3100 1.3875
1.2300 1.4815 1.2300 1.4108
1.1800 1.2937 1.1800 1.2861
1.1000 1.5195 1.1000 1.4244
1.0400 1.3125 1.0400 1.2839
1.0800 1.2411 1.0800 1.2439
1.0800 1.1979 1.0800 1.1975
1.0600 1.0734 1.0600 1.1147
1.0100 1.0885 1.0100 1.1165
0.9600 0.9624 0.9600 1.0233
0.9200 0.9407 0.9200 0.9999
0.8900 1.1766 0.8900 1.1392
0.7900 1.0965 0.7900 1.0832
0.7200 1.0307 0.7200 1.0383
0.7300 0.9586 0.7300 0.9740
0.8500 0.9162 0.8500 0.9415
0.9400 0.9004 0.9400 0.9285
0.8900 0.8857 0.8900 0.9164
0.8200 0.6841 0.8200 0.7754
0.8500 0.6745 0.8500 0.7577
0.9200 0.8259 0.9200 0.8462
0.9400 1.1084 0.9400 1.0395
1.0000 1.1356 1.0000 1.0599
0.9800 0.8494 0.9800 0.8638
0.9500 0.7795 0.9500 0.8057
0.8500 0.9928 0.8500 0.9438
0.8800 1.1070 0.8800 1.0374
0.9300 1.0129 0.9300 0.9878
0.9600 1.1456 0.9600 1.0716
0.9500 1.0041 0.9500 0.9715
0.9500 0.9460 0.9500 0.9420
0.8500 0.7570 0.8500 0.8124
0.8700 0.9887 0.8700 0.9697
0.9000 1.0781 0.9000 1.0286
0.9500 1.0394 0.9500 1.0141
1.0300 0.9761 1.0300 0.9624
1.1700 1.0048 1.1700 0.9750
1.3100 0.7530 1.3100 0.8082
1.3900 0.9599 1.3900 0.9490
1.4100 1.0213 1.4100 0.9848
1.3700 1.0694 1.3700 1.0302
1.3300 1.2113 1.3300 1.1202
1.2900 1.4507 1.2900 1.2615
1.2600 1.5907 1.2600 1.3679
1.2500 1.5491 1.2500 1.3765
1.2300 1.4643 1.2300 1.3243
1.2200 1.3175 1.2200 1.2362
1.2000 1.2764 1.2000 1.2224
1.1800 1.2311 1.1800 1.2020
1.1700 1.2057 1.1700 1.1919
1.1500 1.2330 1.1500 1.2064
1.1600 1.1928 1.1600 1.1754
1.1500 1.2038 1.1500 1.1774
1.1600 1.1729 1.1600 1.1505
1.1900 1.1531 1.1900 1.1350
1.2300 1.1677 1.2300 1.1401
1.2800 1.1290 1.2800 1.1127
1.3300 1.1952 1.3300 1.1537
1.3800 1.1511 1.3800 1.1217
1.3900 1.1935 1.3900 1.1498
1.3900 1.2702 1.3900 1.1959
1.4000 1.3225 1.4000 1.2336
1.4000 1.3910 1.4000 1.2812
1.4000 1.4408 1.4000 1.3173
1.3900 1.4897 1.3900 1.3553
1.3500 1.4181 1.3500 1.3144
1.3300 1.3968 1.3300 1.3071
1.3200 1.4337 1.3200 1.3338
1.3000 1.4037 1.3000 1.3225
1.3000 1.3969 1.3000 1.3233
1.2800 1.3685 1.2800 1.3043
1.2700 1.2664 1.2700 1.2389
1.2300 1.2913 1.2300 1.2521
1.2100 1.3055 1.2100 1.2578
1.2100 1.2562 1.2100 1.2276
1.2000 1.2990 1.2000 1.2508
1.1900 1.2443 1.1900 1.2103
1.1700 1.2517 1.1700 1.2140
1.1500 1.1623 1.1500 1.1507
1.1400 1.1794 1.1400 1.1598
1.1200 1.2261 1.1200 1.1847
1.1100 1.1884 1.1100 1.1612
1.1000 1.1794 1.1000 1.1523
1.0900 1.1485 1.0900 1.1261
1.0700 1.1302 1.0700 1.1120
1.0600 1.1423 1.0600 1.1172
1.0500 1.1033 1.0500 1.0902
1.0500 1.1117 1.0500 1.0934
1.0400 1.1068 1.0400 1.0859
1.0400 1.0954 1.0400 1.0771
1.0400 1.0607 1.0400 1.0514
1.0300 1.0711 1.0300 1.0552
1.0300 1.0645 1.0300 1.0482
1.0200 1.0801 1.0200 1.0579
1.0100 1.0546 1.0100 1.0387
1.0000 1.0723 1.0000 1.0488
0.9900 1.0764 0.9900 1.0490
0.9900 1.0463 0.9900 1.0296
0.9800 1.0663 0.9800 1.0412
0.9700 1.0410 0.9700 1.0232
0.9600 1.0289 0.9600 1.0156
0.9500 1.0230 0.9500 1.0094
0.9500 1.0127 0.9500 1.0019
0.9300 1.0308 0.9300 1.0127
0.9200 1.0042 0.9200 0.9938
0.9100 0.9940 0.9100 0.9860
0.9000 0.9888 0.9000 0.9796
0.9000 0.9789 0.9000 0.9722
0.9100 0.9967 0.9100 0.9828
0.9100 0.9441 0.9100 0.9465
0.9200 0.9513 0.9200 0.9498
0.9100 0.9478 0.9100 0.9438
0.9100 0.9349 0.9100 0.9355
0.9200 0.9537 0.9200 0.9460
0.9200 0.9809 0.9200 0.9624
0.9200 0.9629 0.9200 0.9502
0.9200 0.9896 0.9200 0.9673
0.9100 0.9498 0.9100 0.9394
0.9000 0.9641 0.9000 0.9501
0.9000 0.9949 0.9000 0.9695
0.9000 0.9729 0.9000 0.9573
0.8900 0.9722 0.8900 0.9572
0.8900 0.9754 0.8900 0.9578
0.9000 0.9480 0.9000 0.9403
0.9100 0.9385 0.9100 0.9340
0.9200 0.9571 0.9200 0.9453
0.9100 0.9558 0.9100 0.9447
0.8900 0.9280 0.8900 0.9262
0.8800 0.9467 0.8800 0.9368
0.8900 0.9753 0.8900 0.9547
0.9000 0.9817 0.9000 0.9604
0.9100 0.9906 0.9100 0.9666
0.9100 0.9488 0.9100 0.9381
0.9200 0.9139 0.9200 0.9148
0.9200 0.9249 0.9200 0.9209
0.9300 0.9663 0.9300 0.9494
0.9500 0.9718 0.9500 0.9547
0.9500 0.9791 0.9500 0.9595
0.9400 0.9657 0.9400 0.9485
0.9200 0.9930 0.9200 0.9667
0.9300 0.9773 0.9300 0.9570
0.9300 1.0000 0.9300 0.9745
0.9200 1.0384 0.9200 1.0003
0.9200 0.9999 0.9200 0.9772
0.9200 0.9726 0.9200 0.9600
0.9100 0.9419 0.9100 0.9379
0.9200 1.0014 0.9200 0.9784
0.9300 0.9833 0.9300 0.9675
0.9300 0.9499 0.9300 0.9472
0.9200 0.9734 0.9200 0.9590
0.9100 0.9748 0.9100 0.9589
0.9200 0.9455 0.9200 0.9408
0.9100 0.9902 0.9100 0.9694
0.9100 1.0016 0.9100 0.9761
0.9100 0.9797 0.9100 0.9637
0.9000 0.9560 0.9000 0.9466
0.9000 0.9491 0.9000 0.9408
0.9000 0.9929 0.9000 0.9703
0.9100 0.9473 0.9100 0.9412
0.9200 0.9607 0.9200 0.9507
0.9100 0.9674 0.9100 0.9518
0.9100 0.9373 0.9100 0.9330
0.9100 0.9557 0.9100 0.9444
0.9200 0.9575 0.9200 0.9444
0.9200 0.9810 0.9200 0.9612
0.9200 0.9916 0.9200 0.9678
0.9300 0.9468 0.9300 0.9383
0.9400 0.9655 0.9400 0.9501
0.9400 0.9689 0.9400 0.9515
0.9300 0.9904 0.9300 0.9685
0.9300 0.9739 0.9300 0.9576
0.9200 0.9723 0.9200 0.9568
0.9100 1.0022 0.9100 0.9756
0.9100 1.0100 0.9100 0.9823
0.9200 0.9904 0.9200 0.9710
0.9300 0.9651 0.9300 0.9538
0.9300 0.9841 0.9300 0.9659
0.9400 0.9576 0.9400 0.9490
0.9400 0.9448 0.9400 0.9416
0.9400 0.9649 0.9400 0.9529
0.9400 0.9903 0.9400 0.9697
0.9600 0.9981 0.9600 0.9754
0.9400 0.9808 0.9400 0.9636
0.9400 1.0094 0.9400 0.9818
0.9400 0.9939 0.9400 0.9717
0.9400 0.9904 0.9400 0.9716
0.9400 0.9929 0.9400 0.9728
0.9600 1.0448 0.9600 1.0085
0.9500 0.9560 0.9500 0.9507
0.9500 0.9870 0.9500 0.9721
0.9700 0.9968 0.9700 0.9750
0.9800 0.9877 0.9800 0.9730
0.9800 0.9897 0.9800 0.9736
0.9900 1.0436 0.9900 1.0085
0.9500 0.9822 0.9500 0.9683
0.9200 0.9962 0.9200 0.9787
0.9200 1.0581 0.9200 1.0171
0.9400 1.0435 0.9400 1.0113
0.9300 1.0229 0.9300 0.9998
0.9400 1.0545 0.9400 1.0190
0.9300 0.9305 0.9300 0.9377
0.9300 0.9170 0.9300 0.9295
0.9800 0.9781 0.9800 0.9654
1.0500 1.0223 1.0500 0.9980
1.2200 0.9568 1.2200 0.9551
1.1200 1.0028 1.1200 0.9818
1.2100 0.9692 1.2100 0.9549
1.2000 0.9796 1.2000 0.9649
1.0100 1.1200 1.0100 1.0571
0.9600 1.2172 0.9600 1.1268
0.8800 1.5533 0.8800 1.3442
0.8900 0.9618 0.8900 0.9722
0.9600 1.3896 0.9600 1.2647
1.0400 1.2549 1.0400 1.1570
0.9700 0.6780 0.9700 0.8185
0.9400 0.9194 0.9400 0.9559
0.9000 0.8145 0.9000 0.8729
0.8500 0.9276 0.8500 0.9644
0.7600 1.1210 0.7600 1.0753
0.9200 1.2038 0.9200 1.1283
0.7300 0.8813 0.7300 0.9080
0.6500 0.9350 0.6500 0.9352
1.3100 1.2406 1.3100 1.1943
1.2900 1.2749 1.2900 1.2058
1.2900 1.2965 1.2900 1.2280
1.2700 1.1738 1.2700 1.1479
1.2900 1.1745 1.2900 1.1463
1.3000 1.4033 1.3000 1.2910
1.3400 1.4187 1.3400 1.3094
1.3400 1.2419 1.3400 1.2027
1.3200 1.3013 1.3200 1.2329
1.3200 1.2556 1.3200 1.2004
1.3000 1.3383 1.3000 1.2643
1.2900 1.3297 1.2900 1.2593
1.2500 1.4195 1.2500 1.3215
1.2600 1.3447 1.2600 1.2713
1.2800 1.2794 1.2800 1.2321
1.3200 1.3342 1.3200 1.2634
1.3800 1.2697 1.3800 1.2250
1.4400 1.2716 1.4400 1.2300
1.4000 1.1798 1.4000 1.1660
1.3100 1.2856 1.3100 1.2327
1.2400 1.3314 1.2400 1.2588
1.1800 1.3971 1.1800 1.3064
0.9500 1.5047 0.9500 1.3743
0.9600 1.5612 0.9600 1.4159
0.8500 1.3133 0.8500 1.2597
0.9000 1.1343 0.9000 1.1450
0.9100 1.1305 0.9100 1.1342
1.1100 1.0832 1.1100 1.1064
1.4000 0.5669 1.4000 0.7691
0.6700 1.1164 0.6700 1.1132
0.6700 0.9644 0.6700 1.0187
1.3200 1.7302 1.3200 1.5270
1.2300 1.6032 1.2300 1.4356
1.0900 1.4939 1.0900 1.3789
1.0600 1.5204 1.0600 1.4049
1.0200 1.3988 1.0200 1.3412
1.0200 1.2835 1.0200 1.2755
1.0100 1.1144 1.0100 1.1594
0.9100 1.0534 0.9100 1.1103
1.0100 0.8410 1.0100 0.9601
1.1000 1.0112 1.1000 1.0576
1.1000 0.9694 1.1000 1.0135
1.0800 1.0209 1.0800 1.0437
1.0700 1.0177 1.0700 1.0219
1.0200 0.7723 1.0200 0.8509
1.0200 1.2290 1.0200 1.1431
1.0200 1.3089 1.0200 1.1951
1.0100 1.0988 1.0100 1.0739
1.0000 1.0759 1.0000 1.0445
0.9600 1.1058 0.9600 1.0569
0.9400 0.9752 0.9400 0.9826
0.9200 1.0548 0.9200 1.0398
0.9000 1.0609 0.9000 1.0394
0.8900 1.0197 0.8900 1.0156
0.8600 1.0189 0.8600 1.0089
0.8800 0.9337 0.8800 0.9480
0.8800 0.9505 0.8800 0.9571
0.8700 0.9378 0.8700 0.9446
0.8500 0.9126 0.8500 0.9280
0.8100 0.9243 0.8100 0.9310
0.8300 0.8657 0.8300 0.8875
0.8300 0.9682 0.8300 0.9531
0.8400 0.9405 0.8400 0.9310
0.8400 0.9048 0.8400 0.9093
0.8500 0.8813 0.8500 0.8874
0.8900 0.8134 0.8900 0.8400
0.9100 0.9302 0.9100 0.9176
0.9000 0.8990 0.9000 0.8957
0.8900 0.9125 0.8900 0.9080
0.8800 0.9083 0.8800 0.8986
0.8800 0.9316 0.8800 0.9146
0.9000 1.0225 0.9000 0.9761
0.9000 1.0033 0.9000 0.9666
0.9000 0.9386 0.9000 0.9265
0.9000 0.9367 0.9000 0.9231
0.9000 0.9296 0.9000 0.9193
0.8900 0.9406 0.8900 0.9308
0.8900 0.9912 0.8900 0.9656
0.8900 0.9552 0.8900 0.9420
0.9000 0.9538 0.9000 0.9410
0.9100 0.9606 0.9100 0.9428
0.9000 0.9581 0.9000 0.9429
0.8800 0.9312 0.8800 0.9260
0.8700 0.9477 0.8700 0.9367
0.8600 0.9494 0.8600 0.9372
0.8300 0.9725 0.8300 0.9538
0.8500 0.9831 0.8500 0.9604
0.8800 0.9384 0.8800 0.9310
0.8900 0.9050 0.8900 0.9078
0.8900 0.9163 0.8900 0.9135
0.9000 0.9059 0.9000 0.9071
0.9000 0.8425 0.9000 0.8649
0.9100 0.9449 0.9100 0.9306
0.9100 0.9941 0.9100 0.9614
0.9200 0.9593 0.9200 0.9421
0.9300 0.9478 0.9300 0.9316
0.9200 0.9801 0.9200 0.9510
0.8500 0.9620 0.8500 0.9419
0.8400 0.9835 0.8400 0.9598
0.8600 0.9682 0.8600 0.9498
0.8700 0.9912 0.8700 0.9670
0.8800 1.0031 0.8800 0.9749
0.8600 0.9560 0.8600 0.9456
0.8400 0.7941 0.8400 0.8368
0.8400 0.8873 0.8400 0.8952
0.8500 0.9632 0.8500 0.9433
0.8700 0.9372 0.8700 0.9329
0.8700 0.9494 0.8700 0.9371
0.8800 0.8897 0.8800 0.8910
0.8900 0.8725 0.8900 0.8789
0.9000 0.9102 0.9000 0.9029
0.9100 0.9312 0.9100 0.9193
0.9200 0.9625 0.9200 0.9416
0.9300 0.9303 0.9300 0.9187
0.9300 0.9571 0.9300 0.9359
0.9300 0.9715 0.9300 0.9447
0.9400 0.9758 0.9400 0.9512
0.9500 0.9853 0.9500 0.9589
0.9500 0.9939 0.9500 0.9660
0.9400 1.0027 0.9400 0.9735
0.9200 0.9847 0.9200 0.9632
0.9200 0.9840 0.9200 0.9640
0.9200 1.0116 0.9200 0.9830
0.9200 1.0188 0.9200 0.9898
0.9100 0.9989 0.9100 0.9784
0.9200 0.9735 0.9200 0.9612
0.9100 0.9398 0.9100 0.9381
0.9000 0.9742 0.9000 0.9609
0.9000 0.9739 0.9000 0.9609
0.8900 0.9689 0.8900 0.9587
0.8900 0.9458 0.8900 0.9408
0.8900 0.9904 0.8900 0.9690
0.8900 0.9491 0.8900 0.9409
0.8900 0.9352 0.8900 0.9329
0.8900 0.9585 0.8900 0.9453
0.8900 0.9300 0.8900 0.9269
0.9000 0.9452 0.9000 0.9372
0.9200 0.9485 0.9200 0.9373
0.9200 0.9461 0.9200 0.9360
0.9300 0.9477 0.9300 0.9361
0.9300 0.9481 0.9300 0.9358
0.9300 0.9484 0.9300 0.9359
0.9200 0.9746 0.9200 0.9535
0.9000 1.0102 0.9000 0.9779
0.8300 0.9740 0.8300 0.9552
0.8600 1.0000 0.8600 0.9732
0.8600 0.9875 0.8600 0.9641
0.8500 0.9826 0.8500 0.9640
0.8600 0.9583 0.8600 0.9479
0.8700 0.9212 0.8700 0.9236
0.8800 0.7777 0.8800 0.8260
0.8900 0.9704 0.8900 0.9520
0.8900 0.9273 0.8900 0.9204
0.9000 0.8790 0.9000 0.8947
0.9200 0.9409 0.9200 0.9253
0.9200 0.9510 0.9200 0.9305
0.9200 0.9561 0.9200 0.9372
0.9200 0.9672 0.9200 0.9441
0.9200 0.9505 0.9200 0.9334
0.9100 0.9765 0.9100 0.9520
0.8600 1.0132 0.8600 0.9776
0.8400 0.9749 0.8400 0.9551
0.8800 0.9738 0.8800 0.9555
0.9100 0.9784 0.9100 0.9575
0.8900 0.9752 0.8900 0.9578
0.7000 0.9478 0.7000 0.9407
0.6700 0.8353 0.6700 0.8648
0.7000 0.8690 0.7000 0.8843
0.6600 1.0122 0.6600 0.9771
0.7800 1.0128 0.7800 0.9821
0.8000 0.9035 0.8000 0.9097
0.9700 0.4878 0.9700 0.6211
1.1200 0.7096 1.1200 0.7602
0.8700 0.8807 0.8700 0.9399
0.7600 1.2678 0.7600 1.1720
0.6400 0.8867 0.6400 0.9250
1.0200 0.5855 1.0200 0.6781
1.2400 0.7260 1.2400 0.7691
1.3100 0.6775 1.3100 0.7263
1.3800 0.8136 1.3800 0.8312
1.4100 0.9422 1.4100 0.9088
1.5000 1.1183 1.5000 1.0248
1.4800 1.3204 1.4800 1.1199
1.5700 1.5512 1.5700 1.2873
1.5400 1.4586 1.5400 1.2800
0.9400 1.0584 0.9400 1.0362
0.9400 1.0798 0.9400 1.0495
0.9500 1.0761 0.9500 1.0490
0.9500 1.0461 0.9500 1.0300
0.9800 0.9577 0.9800 0.9693
0.9800 0.9244 0.9800 0.9436
0.9700 0.9719 0.9700 0.9711
0.9600 0.9851 0.9600 0.9797
0.9600 1.0071 0.9600 0.9936
0.9600 0.9939 0.9600 0.9801
0.9600 1.0772 0.9600 1.0329
0.9600 1.0283 0.9600 0.9998
0.9600 0.9951 0.9600 0.9809
0.9600 0.9952 0.9600 0.9778
0.9300 1.0099 0.9300 0.9893
0.8900 1.0073 0.8900 0.9896
0.8800 1.0048 0.8800 0.9882
0.8900 1.0066 0.8900 0.9879
0.9100 1.0073 0.9100 0.9877
0.9100 1.0075 0.9100 0.9878
0.9000 0.9281 0.9000 0.9347
0.8900 0.8754 0.8900 0.8980
0.8800 0.9224 0.8800 0.9253
0.8700 0.9633 0.8700 0.9524
0.8600 0.9926 0.8600 0.9732
0.8500 0.9601 0.8500 0.9486
0.8900 0.9373 0.8900 0.9303
0.8900 0.9344 0.8900 0.9259
0.8800 0.9242 0.8800 0.9202
0.8800 0.9128 0.8800 0.9135
0.8900 0.9034 0.8900 0.9062
0.8800 0.8949 0.8800 0.8988
0.8900 1.0167 0.8900 0.9792
0.9000 0.9492 0.9000 0.9342
0.9000 0.9153 0.9000 0.9139
0.8800 0.9465 0.8800 0.9286
0.8700 0.9694 0.8700 0.9464
0.8700 0.9221 0.8700 0.9183
0.8700 0.9637 0.8700 0.9459
0.8700 0.9781 0.8700 0.9536
0.8800 0.9551 0.8800 0.9413
0.8800 0.9054 0.8800 0.9073
0.8800 0.9150 0.8800 0.9122
0.8800 0.9338 0.8800 0.9243
0.8800 0.9289 0.8800 0.9229
0.8700 0.9283 0.8700 0.9218
0.8600 0.9565 0.8600 0.9387
0.8400 0.9405 0.8400 0.9277
0.8300 0.9390 0.8300 0.9274
0.8200 0.9420 0.8200 0.9284
0.8100 0.9407 0.8100 0.9284
0.8100 0.9144 0.8100 0.9112
0.8300 0.9051 0.8300 0.9046
0.8300 0.8723 0.8300 0.8813
0.7000 0.8785 0.7000 0.8849
0.6000 0.8714 0.6000 0.8782
0.7000 0.8600 0.7000 0.8699
0.6900 0.8785 0.6900 0.8797
0.7300 0.9307 0.7300 0.9133
0.8000 0.8971 0.8000 0.8907
0.8300 0.5802 0.8300 0.6752
0.8200 0.5477 0.8200 0.6440
0.8200 0.9589 0.8200 0.9145
0.8100 0.7604 0.8100 0.7887
0.8000 0.8448 0.8000 0.8518
0.8000 0.9999 0.8000 0.9351
0.8100 0.9531 0.8100 0.9094
0.8200 0.8783 0.8200 0.8644
0.8200 0.9024 0.8200 0.8794
0.8200 0.8771 0.8200 0.8669
0.8300 0.8576 0.8300 0.8612
0.8300 0.8739 0.8300 0.8724
0.8100 0.8976 0.8100 0.8885
0.7900 0.9054 0.7900 0.8942
0.8000 0.8890 0.8000 0.8827
0.8000 0.8908 0.8000 0.8831
0.8000 0.9182 0.8000 0.9014
0.8000 0.9001 0.8000 0.8910
0.8000 0.8470 0.8000 0.8565
0.8000 0.8319 0.8000 0.8444
0.7900 0.8915 0.7900 0.8834
0.7900 0.8726 0.7900 0.8721
0.8200 0.8675 0.8200 0.8696
0.8100 0.8737 0.8100 0.8700
0.7700 0.8737 0.7700 0.8696
0.7700 0.8739 0.7700 0.8701
0.7800 0.8485 0.7800 0.8529
0.7500 0.8646 0.7500 0.8634
0.7500 0.9426 0.7500 0.9156
0.7600 0.8652 0.7600 0.8654
0.7800 0.7778 0.7800 0.8069
0.7100 0.8521 0.7100 0.8514
0.7800 0.8776 0.7800 0.8695
0.7700 0.7763 0.7700 0.8056
0.8100 0.8262 0.8100 0.8353
0.8200 0.8611 0.8200 0.8535
0.8100 0.8866 0.8100 0.8748
0.8000 0.6862 0.8000 0.7373
0.6900 0.9684 0.6900 0.9263
0.7400 0.8482 0.7400 0.8407
0.7500 0.9306 0.7500 0.9107
0.7500 0.9209 0.7500 0.8929
0.7500 0.8623 0.7500 0.8600
0.7400 0.8639 0.7400 0.8598
0.7400 0.6117 0.7400 0.6895
0.7200 0.8979 0.7200 0.8835
0.7000 0.8601 0.7000 0.8528
0.7000 0.8073 0.7000 0.8298
0.7200 0.8339 0.7200 0.8337
0.7500 0.8100 0.7500 0.8147
0.8000 0.8257 0.8000 0.8274
0.7000 0.7769 0.7000 0.7943
0.6100 0.7561 0.6100 0.7803
0.6500 0.7916 0.6500 0.8015
0.7300 0.8389 0.7300 0.8339
0.8400 0.8792 0.8400 0.8623
0.9500 0.9574 0.9500 0.9153
0.9800 0.6366 0.9800 0.6971
0.9500 0.5727 0.9500 0.6513
0.9700 0.8273 0.9700 0.8145
0.8700 0.9444 0.8700 0.9062
