0.8800 1.0287 0.8800 1.0424
0.8600 0.9603 0.8600 1.0045
0.8300 0.9386 0.8300 0.9881
0.8000 0.9040 0.8000 0.9508
0.7700 0.9010 0.7700 0.9600
0.7500 0.8881 0.7500 0.9507
0.7600 0.8602 0.7600 0.9165
0.8000 0.8682 0.8000 0.9399
0.8600 0.8370 0.8600 0.9023
0.9200 0.8176 0.9200 0.8840
0.9800 0.8043 0.9800 0.8785
1.0300 0.8089 1.0300 0.8923
1.0700 0.8459 1.0700 0.9456
1.1000 0.9251 1.1000 1.0007
1.1300 1.0244 1.1300 1.0971
1.1500 1.0827 1.1500 1.1454
1.1800 1.1410 1.1800 1.2108
1.2000 1.1686 1.2000 1.2432
1.2100 1.1820 1.2100 1.2578
1.2100 1.1869 1.2100 1.2631
1.2000 1.2121 1.2000 1.2936
1.1900 1.2061 1.1900 1.2764
1.1800 1.2522 1.1800 1.3307
1.1700 1.2489 1.1700 1.3138
1.1700 1.2313 1.1700 1.2822
1.1500 1.2112 1.1500 1.2622
1.1400 1.1782 1.1400 1.2259
1.1100 1.1670 1.1100 1.2194
1.1000 1.1562 1.1000 1.2067
1.1000 1.1445 1.1000 1.1888
1.1100 1.1664 1.1100 1.2179
1.1200 1.1042 1.1200 1.1303
1.1300 1.1154 1.1300 1.1568
1.1300 1.0489 1.1300 1.0776
1.1400 1.0780 1.1400 1.1274
1.1600 1.1054 1.1600 1.1639
1.1600 1.1311 1.1600 1.1804
1.1700 1.1437 1.1700 1.1874
1.1700 1.1544 1.1700 1.1993
1.1800 1.1349 1.1800 1.1768
1.1900 1.1660 1.1900 1.2254
1.1900 1.2083 1.1900 1.2779
1.2100 1.1606 1.2100 1.1981
1.2200 1.1916 1.2200 1.2454
1.2200 1.1745 1.2200 1.2262
1.2200 1.2001 1.2200 1.2587
1.2300 1.2124 1.2300 1.2706
1.2300 1.1867 1.2300 1.2275
1.2400 1.2512 1.2400 1.3189
1.2400 1.2402 1.2400 1.2934
1.2500 1.2127 1.2500 1.2498
1.2500 1.2174 1.2500 1.2681
1.2800 1.2483 1.2800 1.3130
1.3300 1.2238 1.3300 1.2700
1.4000 1.2533 1.4000 1.3073
1.4600 1.2346 1.4600 1.2801
1.5500 1.2626 1.5500 1.3175
1.6800 1.2437 1.6800 1.2900
1.8100 1.3350 1.8100 1.4101
1.9100 1.4308 1.9100 1.5180
1.9900 1.5361 1.9900 1.6184
2.0700 1.5733 2.0700 1.6349
2.1400 1.7216 2.1400 1.8216
2.2000 1.9185 2.2000 2.0504
2.2600 2.0344 2.2600 2.1414
2.3400 2.0777 2.3400 2.1578
2.4400 2.1286 2.4400 2.2155
2.5300 2.2102 2.5300 2.3323
2.6300 2.2497 2.6300 2.3575
2.7200 2.2763 2.7200 2.3636
2.7900 2.3332 2.7900 2.4242
2.8200 2.4402 2.8200 2.5632
2.8600 2.5640 2.8600 2.6884
2.8900 2.6251 2.8900 2.7225
2.9400 2.7406 2.9400 2.8516
2.9900 2.8131 2.9900 2.9254
3.0400 2.8421 3.0400 2.9300
3.1000 2.7956 3.1000 2.8394
3.1400 2.8587 3.1400 2.9489
3.1900 2.8603 3.1900 2.9382
3.2400 2.9317 3.2400 3.0254
3.3000 2.9746 3.3000 3.0598
3.3500 3.0149 3.3500 3.0869
3.4300 3.0951 3.4300 3.1952
3.4900 3.0952 3.4900 3.1546
3.5300 3.1633 3.5300 3.2517
3.5500 3.2124 3.5500 3.3099
3.5700 3.2813 3.5700 3.3856
3.5600 3.3104 3.5600 3.3926
3.5100 3.4407 3.5100 3.5735
3.4700 3.4605 3.4700 3.5569
3.4400 3.4592 3.4400 3.5152
3.3800 3.4517 3.3800 3.5093
3.3100 3.4679 3.3100 3.5444
3.2200 3.3904 3.2200 3.4154
3.1500 3.2393 3.1500 3.2206
3.0800 3.2302 3.0800 3.2610
3.0300 3.2186 3.0300 3.2552
2.9500 3.0733 2.9500 3.0353
2.8200 2.9857 2.8200 2.9476
2.5800 2.8570 2.5800 2.8172
2.2900 2.8331 2.2900 2.8253
2.0400 2.7628 2.0400 2.7406
1.9300 2.7565 1.9300 2.7366
1.9200 2.6119 1.9200 2.5464
1.9100 2.3705 1.9100 2.2582
1.8700 1.8976 1.8700 1.7112
1.8000 1.5148 1.8000 1.3581
1.7400 1.3671 1.7400 1.3165
1.6700 1.5552 1.6700 1.6076
1.6200 1.7593 1.6200 1.7812
1.5900 1.7471 1.5900 1.6483
1.5900 1.6710 1.5900 1.5556
1.6200 1.5713 1.6200 1.5110
1.6600 1.5478 1.6600 1.5621
1.7000 1.4565 1.7000 1.4654
1.7200 1.4465 1.7200 1.4624
1.7400 1.4673 1.7400 1.4942
1.7600 1.5325 1.7600 1.5683
1.7900 1.6333 1.7900 1.6830
1.8100 1.6968 1.8100 1.7381
1.8400 1.7395 1.8400 1.7785
1.8600 1.7195 1.8600 1.7506
1.8900 1.7419 1.8900 1.7964
1.9000 1.7632 1.9000 1.8310
1.9200 1.8093 1.9200 1.8810
1.9600 1.8037 1.9600 1.8543
2.0100 1.8537 2.0100 1.9146
2.0500 1.8525 2.0500 1.9045
2.0900 1.9006 2.0900 1.9629
2.1300 1.8664 2.1300 1.9072
2.1900 1.9052 2.1900 1.9615
2.2400 1.9939 2.2400 2.0786
2.2900 2.0581 2.2900 2.1302
2.3300 2.0716 2.3300 2.1176
2.3800 2.1138 2.3800 2.1691
2.4200 2.1560 2.4200 2.2241
2.4600 2.2541 2.4600 2.3483
2.4900 2.2804 2.4900 2.3448
2.5200 2.3256 2.5200 2.3857
2.5700 2.3460 2.5700 2.4067
2.5800 2.4139 2.5800 2.4936
2.5400 2.4298 2.5400 2.4932
2.4800 2.4642 2.4800 2.5238
2.4600 2.4719 2.4600 2.5262
2.5000 2.4981 2.5000 2.5552
2.5600 2.5866 2.5600 2.6788
2.6100 2.5031 2.6100 2.5202
2.6300 2.3453 2.6300 2.3179
2.6300 2.2526 2.6300 2.2612
2.6200 2.3230 2.6200 2.4018
2.6200 2.4841 2.6200 2.5950
2.6100 2.5573 2.6100 2.6305
2.6100 2.5873 2.6100 2.6137
2.5800 2.5706 2.5800 2.5708
2.5300 2.5341 2.5300 2.5577
2.4900 2.5027 2.4900 2.5457
2.4700 2.5201 2.4700 2.5774
2.4700 2.4798 2.4700 2.5073
2.4900 2.4996 2.4900 2.5306
2.5200 2.4015 2.5200 2.3951
2.5500 2.3047 2.5500 2.2866
2.5700 2.2968 2.5700 2.3217
2.5800 2.3185 2.5800 2.3577
2.5800 2.3582 2.5800 2.3903
2.5800 2.4242 2.5800 2.4564
2.5800 2.4731 2.5800 2.5107
2.5700 2.5078 2.5700 2.5410
2.5600 2.5137 2.5600 2.5392
2.5500 2.5034 2.5500 2.5333
2.5300 2.4813 2.5300 2.5139
2.5200 2.4799 2.5200 2.5200
2.5100 2.4774 2.5100 2.5157
2.5200 2.4405 2.5200 2.4595
2.5400 2.4310 2.5400 2.4541
2.5500 2.4223 2.5500 2.4491
2.5700 2.3765 2.5700 2.3870
2.5700 2.3912 2.5700 2.4187
2.5700 2.3819 2.5700 2.4066
2.5700 2.4358 2.5700 2.4756
2.5800 2.4804 2.5800 2.5214
2.5900 2.4638 2.5900 2.4779
2.6000 2.5124 2.6000 2.5503
2.6100 2.4681 2.6100 2.4879
2.6300 2.4661 2.6300 2.4937
2.6500 2.4704 2.6500 2.5106
2.6300 2.4984 2.6300 2.5426
2.5900 2.5067 2.5900 2.5413
2.5400 2.5151 2.5400 2.5433
2.5200 2.5275 2.5200 2.5600
2.4900 2.5710 2.4900 2.6173
2.4700 2.5895 2.4700 2.6298
2.4500 2.4731 2.4500 2.4603
2.4200 2.3924 2.4200 2.3872
2.3900 2.3258 2.3900 2.3422
2.3600 2.3693 2.3600 2.4209
2.3100 2.3092 2.3100 2.3173
2.2400 2.3083 2.2400 2.3103
2.1700 2.2979 2.1700 2.3078
2.1000 2.2431 2.1000 2.2372
2.0300 2.2183 2.0300 2.2245
1.9600 2.1911 1.9600 2.2033
1.8900 2.0940 1.8900 2.0796
1.8000 1.9817 1.8000 1.9555
1.7200 1.9185 1.7200 1.9141
1.6300 1.8492 1.6300 1.8463
1.5600 1.7779 1.5600 1.7641
1.5000 1.7120 1.5000 1.6940
1.4400 1.6471 1.4400 1.6287
1.3900 1.5181 1.3900 1.4787
1.3400 1.4678 1.3400 1.4528
1.3000 1.3643 1.3000 1.3428
1.2600 1.3400 1.2600 1.3354
1.2300 1.3113 1.2300 1.3121
1.2100 1.2533 1.2100 1.2378
1.1900 1.2348 1.1900 1.2330
1.1800 1.1933 1.1800 1.1939
1.1600 1.1797 1.1600 1.1911
1.1400 1.1469 1.1400 1.1584
1.1300 1.1420 1.1300 1.1621
1.1000 1.1497 1.1000 1.1798
1.0700 1.1319 1.0700 1.1553
1.0400 1.1470 1.0400 1.1808
1.0300 1.1101 1.0300 1.1347
1.0200 1.0911 1.0200 1.1195
1.0300 1.1079 1.0300 1.1548
1.0500 1.0353 1.0500 1.0568
1.0700 1.0060 1.0700 1.0320
1.0800 0.9835 1.0800 1.0202
1.0700 1.0148 1.0700 1.0670
1.0700 1.0069 1.0700 1.0473
1.0800 1.0582 1.0800 1.1079
1.1000 1.1045 1.1000 1.1612
1.1300 1.1219 1.1300 1.1697
1.1500 1.1120 1.1500 1.1539
1.1600 1.0607 1.1600 1.0947
1.1700 1.0831 1.1700 1.1439
1.1800 1.1149 1.1800 1.1870
1.1900 1.1500 1.1900 1.2148
1.2000 1.2005 1.2000 1.2644
1.1900 1.1980 1.1900 1.2463
1.1800 1.1855 1.1800 1.2303
1.1900 1.1976 1.1900 1.2573
1.2200 1.2058 1.2200 1.2692
1.2700 1.2122 1.2700 1.2712
1.3100 1.2207 1.3100 1.2766
1.3600 1.1666 1.3600 1.2015
1.4100 1.1565 1.4100 1.2010
1.4600 1.2124 1.4600 1.2853
1.5100 1.2813 1.5100 1.3581
1.5500 1.3702 1.5500 1.4449
1.6000 1.3870 1.6000 1.4377
1.6400 1.4580 1.6400 1.5255
1.6700 1.5108 1.6700 1.5899
1.7100 1.5540 1.7100 1.6306
1.7600 1.6020 1.7600 1.6814
1.8000 1.6160 1.8000 1.6853
1.8500 1.6850 1.8500 1.7708
1.8900 1.7001 1.8900 1.7735
1.9100 1.7008 1.9100 1.7602
1.9400 1.7642 1.9400 1.8458
2.0100 1.8328 2.0100 1.9212
2.0800 1.8427 2.0800 1.9043
2.1100 1.9137 2.1100 1.9880
2.0800 1.9314 2.0800 1.9976
2.0600 1.8999 2.0600 1.9433
2.0500 1.9550 2.0500 2.0285
2.0700 2.1086 2.0700 2.2314
2.1300 2.1651 2.1300 2.2536
2.2200 2.1037 2.2200 2.1181
2.3300 1.9462 2.3300 1.9324
2.4200 1.9579 2.4200 2.0195
2.4600 1.9668 2.4600 2.0479
2.4700 2.0373 2.4700 2.1100
2.4700 2.1777 2.4700 2.2719
2.5000 2.3097 2.5000 2.4012
2.5200 2.4536 2.5200 2.5453
2.4500 2.5124 2.4500 2.5873
2.3100 2.4701 2.3100 2.4905
2.1700 2.4192 2.1700 2.4634
2.1200 2.3966 2.1200 2.4691
2.1200 2.4855 2.1200 2.5899
2.1600 2.4692 2.1600 2.5215
2.2000 2.1809 2.2000 2.1042
2.2300 1.8987 2.2300 1.8124
2.2900 1.7754 2.2900 1.7766
2.3600 1.9181 2.3600 2.0189
2.4100 2.0120 2.4100 2.0681
2.4200 2.1194 2.4200 2.1431
2.4200 2.1718 2.4200 2.1833
2.4300 2.2020 2.4300 2.2094
2.4300 2.3345 2.4300 2.4277
2.4600 2.4235 2.4600 2.5258
2.4700 2.4318 2.4700 2.4766
2.4700 2.3568 2.4700 2.3693
2.4900 2.3403 2.4900 2.3853
2.5000 2.3727 2.5000 2.4501
2.5200 2.3371 2.5200 2.3800
2.5100 2.4325 2.5100 2.4993
2.5400 2.3953 2.5400 2.4219
2.5700 2.3670 2.5700 2.3776
2.5600 2.4445 2.5600 2.5069
2.5100 2.4251 2.5100 2.4625
2.4600 2.4636 2.4600 2.5048
2.4600 2.3874 2.4600 2.3957
2.5200 2.5104 2.5200 2.5804
2.5700 2.5408 2.5700 2.6035
2.6000 2.4244 2.6000 2.4065
2.6000 2.2942 2.6000 2.2683
2.5900 2.2533 2.5900 2.2774
2.5700 2.3648 2.5700 2.4529
2.5900 2.5311 2.5900 2.6488
2.6400 2.5466 2.6400 2.5815
2.7100 2.5476 2.7100 2.5438
2.7500 2.5033 2.7500 2.5104
2.7700 2.4730 2.7700 2.5083
2.7800 2.4276 2.7800 2.4656
2.7600 2.5347 2.7600 2.6141
2.7500 2.6338 2.7500 2.7309
2.7400 2.7253 2.7400 2.8107
2.7500 2.7150 2.7500 2.7369
2.7600 2.7087 2.7600 2.7244
2.7700 2.7051 2.7700 2.7541
2.7800 2.6079 2.7800 2.6286
2.7700 2.6185 2.7700 2.6636
2.7800 2.6067 2.7800 2.6477
2.7600 2.6545 2.7600 2.6980
2.7600 2.6645 2.7600 2.6925
2.7600 2.6724 2.7600 2.6904
2.7600 2.6879 2.7600 2.7159
2.7700 2.6306 2.7700 2.6378
2.7700 2.6901 2.7700 2.7373
2.7900 2.5987 2.7900 2.6045
2.7900 2.6416 2.7900 2.6742
2.7800 2.6478 2.7800 2.6859
2.7400 2.6379 2.7400 2.6551
2.6500 2.6767 2.6500 2.7115
2.5500 2.6522 2.5500 2.6689
2.4600 2.7183 2.4600 2.7650
2.4000 2.6737 2.4000 2.6898
2.3800 2.6371 2.3800 2.6428
2.3800 2.5344 2.3800 2.5279
2.3800 2.3268 2.3800 2.2784
2.3800 2.2106 2.3800 2.1919
2.4000 2.1443 2.4000 2.1505
2.4500 2.1439 2.4500 2.1563
2.5200 2.2136 2.5200 2.2342
2.5600 2.2596 2.5600 2.2633
2.5700 2.2645 2.5700 2.2516
2.5600 2.2756 2.5600 2.2777
2.5300 2.3500 2.5300 2.3948
2.4900 2.4568 2.4900 2.5446
2.4300 2.5567 2.4300 2.6489
2.3700 2.5424 2.3700 2.5650
2.3200 2.4952 2.3200 2.5026
2.2700 2.4490 2.2700 2.4822
2.2100 2.3686 2.2100 2.3978
2.1000 2.3000 2.1000 2.3226
1.9500 2.1907 1.9500 2.1883
1.8100 2.1292 1.8100 2.1300
1.7200 2.1036 1.7200 2.1162
1.6600 2.0502 1.6600 2.0448
1.6300 1.9689 1.6300 1.9437
1.6100 1.7524 1.6100 1.6791
1.5900 1.5240 1.5900 1.4443
1.5600 1.4195 1.5600 1.3965
1.5300 1.4400 1.5300 1.4643
1.5100 1.4412 1.5100 1.4412
1.4900 1.4798 1.4900 1.4676
1.4600 1.4957 1.4600 1.4831
1.4200 1.4852 1.4200 1.4765
1.3800 1.4436 1.3800 1.4420
1.3300 1.4202 1.3300 1.4367
1.2800 1.4265 1.2800 1.4632
1.2200 1.4062 1.2200 1.4351
1.1600 1.3548 1.1600 1.3672
1.0800 1.2978 1.0800 1.3082
1.0200 1.2626 1.0200 1.2849
0.9800 1.1934 0.9800 1.2077
0.9700 1.1451 0.9700 1.1598
0.9700 1.0693 0.9700 1.0759
0.9500 1.0127 0.9500 1.0227
0.9300 0.9105 0.9300 0.9530
0.8900 0.9131 0.8900 0.9754
0.8800 0.9202 0.8800 0.9953
0.9400 0.9499 0.9400 1.0219
1.0100 0.9767 1.0100 1.0076
1.1100 0.9179 1.1100 0.9403
1.1600 0.9053 1.1600 0.9424
1.1900 0.8405 1.1900 0.9081
1.1700 0.8831 1.1700 0.9729
1.1300 1.0957 1.1300 1.2137
1.0800 1.1798 1.0800 1.2573
1.0200 1.3286 1.0200 1.4027
0.9600 1.2844 0.9600 1.3205
0.9100 1.2646 0.9100 1.3106
0.8800 1.1465 0.8800 1.1913
0.8600 1.0551 0.8600 1.1032
0.8400 0.9858 0.8400 1.0409
0.8000 0.8989 0.8000 0.9676
0.7600 0.8710 0.7600 0.9403
0.7100 0.8661 0.7100 0.9376
0.6800 0.8756 0.6800 0.9532
0.6700 0.8702 0.6700 0.9434
0.7100 0.8505 0.7100 0.9163
0.7700 0.8023 0.7700 0.8581
0.8500 0.7873 0.8500 0.8562
0.9000 0.7589 0.9000 0.8319
0.9200 0.7731 0.9200 0.8601
0.9400 0.7908 0.9400 0.8846
0.9600 0.8596 0.9600 0.9705
0.9900 0.9449 0.9900 1.0183
1.0300 1.0610 1.0300 1.1334
1.0900 1.0492 1.0900 1.0972
1.1600 1.0012 1.1600 1.0427
1.2200 1.0246 1.2200 1.1052
1.2700 1.0400 1.2700 1.1299
1.3100 1.0815 1.3100 1.1676
1.3400 1.1391 1.3400 1.2212
1.3700 1.2372 1.3700 1.3270
1.4000 1.3253 1.4000 1.4144
1.4300 1.3576 1.4300 1.4283
1.4400 1.3833 1.4400 1.4532
1.4400 1.4006 1.4400 1.4772
1.4400 1.4040 1.4400 1.4797
1.4200 1.4294 1.4200 1.5095
1.4000 1.4550 1.4000 1.5328
1.3900 1.4795 1.3900 1.5506
1.3800 1.4424 1.3800 1.4892
1.3700 1.4188 1.3700 1.4644
1.3700 1.4205 1.3700 1.4799
1.3700 1.3529 1.3700 1.3885
1.3700 1.3308 1.3700 1.3695
1.3700 1.3458 1.3700 1.3999
1.3800 1.3321 1.3800 1.3733
1.3700 1.3213 1.3700 1.3544
1.3300 1.3462 1.3300 1.3915
1.2800 1.3471 1.2800 1.3893
1.2600 1.3462 1.2600 1.3851
1.2700 1.3486 1.2700 1.3910
1.3000 1.3808 1.3000 1.4356
1.3200 1.3268 1.3200 1.3565
1.3500 1.2210 1.3500 1.2258
1.3600 1.1565 1.3600 1.1787
1.3800 1.2037 1.3800 1.2697
1.3800 1.2753 1.3800 1.3483
1.3800 1.3429 1.3800 1.3977
1.3600 1.3425 1.3600 1.3697
1.3600 1.3981 1.3600 1.4470
1.3800 1.3695 1.3800 1.4123
1.4000 1.4071 1.4000 1.4692
1.4200 1.3663 1.4200 1.4143
1.4300 1.3599 1.4300 1.4079
1.4200 1.3002 1.4200 1.3363
1.4200 1.3400 1.4200 1.4004
1.4200 1.4060 1.4200 1.4825
1.4200 1.4180 1.4200 1.4668
1.4200 1.4381 1.4200 1.4811
1.4200 1.4298 1.4200 1.4712
1.4200 1.3757 1.4200 1.4071
1.4100 1.3990 1.4100 1.4573
1.4000 1.3990 1.4000 1.4572
1.4000 1.3927 1.4000 1.4375
1.4000 1.3942 1.4000 1.4377
1.4000 1.3944 1.4000 1.4381
1.4000 1.3945 1.4000 1.4391
1.4100 1.3626 1.4100 1.3968
1.4100 1.3532 1.4100 1.3926
1.4100 1.3769 1.4100 1.4312
1.4100 1.3749 1.4100 1.4205
1.4000 1.3735 1.4000 1.4129
1.4000 1.3758 1.4000 1.4178
1.4000 1.4081 1.4000 1.4625
1.4000 1.3858 1.4000 1.4254
1.4000 1.3844 1.4000 1.4249
1.4000 1.3879 1.4000 1.4361
1.4000 1.3539 1.4000 1.3903
1.4000 1.3760 1.4000 1.4269
1.4100 1.3773 1.4100 1.4265
1.4200 1.3739 1.4200 1.4152
1.4300 1.3759 1.4300 1.4188
1.4300 1.3762 1.4300 1.4202
1.4400 1.3763 1.4400 1.4212
1.4400 1.3763 1.4400 1.4212
1.4300 1.4082 1.4300 1.4635
1.4200 1.4177 1.4200 1.4678
1.4100 1.4258 1.4100 1.4714
1.4000 1.4054 1.4000 1.4440
1.3900 1.4374 1.3900 1.4936
1.3800 1.4160 1.3800 1.4616
1.3700 1.3803 1.3700 1.4128
1.3600 1.3739 1.3600 1.4175
1.3400 1.3636 1.3400 1.4092
1.3200 1.3518 1.3200 1.3929
1.3000 1.3422 1.3000 1.3806
1.2900 1.3331 1.2900 1.3706
1.2900 1.3240 1.2900 1.3617
1.2900 1.3149 1.2900 1.3528
1.2900 1.2742 1.2900 1.3019
1.2900 1.2557 1.2900 1.2886
1.2800 1.2386 1.2800 1.2761
1.2700 1.2497 1.2700 1.2943
1.2400 1.2725 1.2400 1.3205
1.2200 1.2719 1.2200 1.3099
1.2000 1.2733 1.2000 1.3105
1.1900 1.2761 1.1900 1.3186
1.1800 1.2450 1.1800 1.2803
1.1700 1.2356 1.1700 1.2768
1.1600 1.1645 1.1600 1.1899
1.1500 1.1656 1.1500 1.2077
1.1400 1.1497 1.1400 1.1937
1.1400 1.1574 1.1400 1.1999
1.1500 1.1507 1.1500 1.1879
1.1600 1.1410 1.1600 1.1743
1.1700 1.1344 1.1700 1.1721
1.1900 1.1259 1.1900 1.1657
1.2000 1.1171 1.2000 1.1580
1.2000 1.1395 1.2000 1.1904
1.2000 1.1716 1.2000 1.2277
1.2000 1.1802 1.2000 1.2274
1.2000 1.1904 1.2000 1.2366
1.1800 1.2336 1.1800 1.2949
1.1700 1.2211 1.1700 1.2705
1.1600 1.1971 1.1600 1.2378
1.1600 1.1998 1.1600 1.2527
1.1700 1.1989 1.1700 1.2547
1.1800 1.1963 1.1800 1.2477
1.1900 1.1329 1.1900 1.1615
1.1900 1.1451 1.1900 1.1923
1.2100 1.1387 1.2100 1.1897
1.2400 1.1555 1.2400 1.2059
1.2800 1.1892 1.2800 1.2441
1.3000 1.1980 1.3000 1.2441
1.3100 1.2084 1.3100 1.2543
1.3300 1.1886 1.3300 1.2297
1.3400 1.2515 1.3400 1.3202
1.3400 1.3035 1.3400 1.3778
1.3500 1.3585 1.3500 1.4260
1.3800 1.3348 1.3800 1.3771
1.4300 1.3222 1.4300 1.3660
1.4800 1.3676 1.4800 1.4422
1.5300 1.3512 1.5300 1.4107
1.5700 1.3239 1.5700 1.3672
1.6200 1.3581 1.6200 1.4205
1.6700 1.4303 1.6700 1.5103
1.7300 1.5189 1.7300 1.6005
1.7700 1.5652 1.7700 1.6279
1.8200 1.6139 1.8200 1.6754
1.8400 1.6333 1.8400 1.6957
1.8600 1.7033 1.8600 1.7871
1.8900 1.7511 1.8900 1.8351
1.9300 1.8264 1.9300 1.9125
1.9700 1.8190 1.9700 1.8785
2.0100 1.8880 2.0100 1.9660
2.0400 1.8412 2.0400 1.8932
2.0700 1.8540 2.0700 1.9127
2.0900 1.9104 2.0900 1.9945
2.1200 1.9635 2.1200 2.0408
2.1600 1.9987 2.1600 2.0601
2.1900 2.0373 2.1900 2.0950
2.1800 2.0448 2.1800 2.0965
2.1500 2.0736 2.1500 2.1338
2.1000 2.0698 2.1000 2.1234
2.0700 2.1191 2.0700 2.1860
2.0600 2.1808 2.0600 2.2553
2.0600 2.1810 2.0600 2.2276
2.0500 2.0783 2.0500 2.0820
2.0500 2.0082 2.0500 2.0236
2.0500 1.9163 2.0500 1.9379
2.0600 1.9260 2.0600 1.9750
2.1200 1.9579 2.1200 2.0101
2.2100 1.9727 2.2100 1.9997
2.2900 1.9422 2.2900 1.9456
2.3200 1.9711 2.3200 1.9980
2.2900 1.9757 2.2900 2.0107
2.2300 2.0056 2.2300 2.0472
2.1700 2.1734 2.1700 2.2788
2.1400 2.3072 2.1400 2.4104
2.1300 2.3623 2.1300 2.4300
2.1300 2.3058 2.1300 2.3081
2.1100 2.1483 2.1100 2.1395
2.0900 2.0270 2.0900 2.0503
2.0300 1.9627 2.0300 2.0121
1.9000 1.9889 1.9000 2.0515
1.7200 2.0150 1.7200 2.0541
1.6000 2.0337 1.6000 2.0479
1.5000 1.9737 1.5000 1.9596
1.4000 1.9614 1.4000 1.9696
1.2700 1.8174 1.2700 1.7995
1.1700 1.5311 1.1700 1.4547
1.0800 1.2560 1.0800 1.1827
0.9900 1.2754 0.9900 1.3121
0.9200 1.2144 0.9200 1.2276
0.8700 1.1041 0.8700 1.0907
0.8400 0.9741 0.8400 0.9552
0.8300 0.9729 0.8300 1.0027
0.8100 0.9423 0.8100 0.9882
0.7800 0.8893 0.7800 0.9204
0.7500 0.8722 0.7500 0.9162
0.7200 0.8691 0.7200 0.9274
0.7100 0.8660 0.7100 0.9304
0.7100 0.8704 0.7100 0.9409
0.7100 0.8354 0.7100 0.8951
0.7100 0.8018 0.7100 0.8612
0.7300 0.7910 0.7300 0.8655
0.8000 0.7818 0.8000 0.8636
0.9200 0.8010 0.9200 0.8941
1.0400 0.8087 1.0400 0.9001
1.1300 0.7998 1.1300 0.8817
1.1900 0.7935 1.1900 0.8758
1.2200 0.8259 1.2200 0.9261
1.2200 0.9979 1.2200 1.1055
1.2200 1.2076 1.2200 1.3164
1.2200 1.3156 1.2200 1.3975
1.2600 1.3469 1.2600 1.4059
1.3400 1.3436 1.3400 1.4130
1.4000 1.3069 1.4000 1.3876
1.3900 1.2348 1.3900 1.3073
1.3000 1.2287 1.3000 1.3124
1.2200 1.2236 1.2200 1.3013
1.2100 1.3420 1.2100 1.4412
1.2300 1.5071 1.2300 1.6144
1.2600 1.5129 1.2600 1.5636
1.2900 1.3480 1.2900 1.3318
1.3100 1.0981 1.3100 1.0657
1.3300 1.0487 1.3300 1.1022
1.3400 1.1865 1.3400 1.3158
1.3500 1.2542 1.3500 1.3330
1.3600 1.2972 1.3600 1.3234
1.3800 1.3377 1.3800 1.3643
1.3900 1.3421 1.3900 1.3788
1.3900 1.3640 1.3900 1.4212
1.3900 1.3520 1.3900 1.4078
1.3900 1.3584 1.3900 1.4165
1.3900 1.3681 1.3900 1.4284
1.3800 1.4066 1.3800 1.4727
1.3500 1.3929 1.3500 1.4413
1.3300 1.3685 1.3300 1.4063
1.3000 1.3716 1.3000 1.4222
1.2900 1.3706 1.2900 1.4240
1.2800 1.3678 1.2800 1.4167
1.2800 1.3355 1.2800 1.3711
1.3100 1.2625 1.3100 1.2817
1.3600 1.2672 1.3600 1.3114
1.4000 1.2174 1.4000 1.2517
1.4400 1.2469 1.4400 1.2939
1.4800 1.2414 1.4800 1.2814
1.5400 1.2599 1.5400 1.2985
1.5900 1.3602 1.5900 1.4303
1.6600 1.4525 1.6600 1.5270
1.7100 1.4662 1.7100 1.5122
1.7800 1.5077 1.7800 1.5619
1.8300 1.5514 1.8300 1.6235
1.8800 1.6513 1.8800 1.7474
1.9200 1.6746 1.9200 1.7485
1.9600 1.7832 1.9600 1.8737
1.9900 1.7893 1.9900 1.8582
2.0500 1.8969 2.0500 1.9895
2.1300 1.9038 2.1300 1.9785
2.2300 1.9437 2.2300 2.0155
2.2800 1.9644 2.2800 2.0390
2.3300 1.9971 2.3300 2.0714
2.3500 2.0021 2.3500 2.0668
2.3900 2.1265 2.3900 2.2253
2.4200 2.2345 2.4200 2.3472
2.4600 2.3562 2.4600 2.4608
2.5300 2.3175 2.5300 2.3435
2.6400 2.3712 2.6400 2.4323
2.8000 2.3299 2.8000 2.3931
2.9800 2.4038 2.9800 2.4937
3.1500 2.4085 3.1500 2.4790
3.2800 2.4599 3.2800 2.5218
3.4000 2.5837 3.4000 2.6992
3.5200 2.7527 3.5200 2.8793
3.6300 2.9935 3.6300 3.1342
3.7300 3.2021 3.7300 3.3316
3.8200 3.3536 3.8200 3.4691
3.9400 3.4212 3.9400 3.5326
4.0100 3.5326 4.0100 3.6844
4.0100 3.6499 4.0100 3.8287
4.0100 3.7227 4.0100 3.8851
4.0100 3.7908 4.0100 3.9438
4.0100 3.8527 4.0100 4.0055
4.0100 4.0188 4.0100 4.2058
4.0100 3.9819 4.0100 4.0946
4.0100 3.8489 4.0100 3.8466
4.0100 3.8636 4.0100 3.9523
4.0100 3.8496 4.0100 3.9505
4.0100 3.8260 4.0100 3.8860
4.0100 3.8158 4.0100 3.8666
4.0100 3.8099 4.0100 3.8593
4.0100 3.8099 4.0100 3.8593
4.0100 3.8099 4.0100 3.8593
4.0100 3.8099 4.0100 3.8593
4.0100 3.8099 4.0100 3.8593
4.0100 3.8099 4.0100 3.8593
4.0100 3.8099 4.0100 3.8593
4.0100 3.8099 4.0100 3.8593
4.0100 3.8099 4.0100 3.8593
4.0100 3.8099 4.0100 3.8593
4.0100 3.8099 4.0100 3.8593
4.0100 3.8099 4.0100 3.8593
4.0100 3.8099 4.0100 3.8593
4.0100 3.8099 4.0100 3.8593
4.0100 3.8099 4.0100 3.8593
4.0100 3.8099 4.0100 3.8593
4.0100 3.8099 4.0100 3.8593
4.0100 3.8099 4.0100 3.8593
4.0100 3.8099 4.0100 3.8593
4.0100 3.8099 4.0100 3.8593
4.0100 3.8099 4.0100 3.8593
4.0100 3.8099 4.0100 3.8593
4.0100 3.8099 4.0100 3.8593
4.0100 3.8099 4.0100 3.8593
3.9100 3.8099 3.9100 3.8593
3.7200 3.8099 3.7200 3.8593
3.5800 3.8099 3.5800 3.8593
3.5100 3.8099 3.5100 3.8593
3.4700 3.8099 3.4700 3.8593
3.4400 3.8099 3.4400 3.8593
3.4000 3.4856 3.4000 3.3868
3.3600 3.0937 3.3600 2.9528
3.3000 3.0961 3.3000 3.1260
3.2200 3.1720 3.2200 3.2412
3.1400 3.1708 3.1400 3.1429
3.1100 3.1625 3.1100 3.1045
3.0900 3.1243 3.0900 3.0635
3.0700 3.1031 3.0700 3.0726
3.0300 3.0025 3.0300 2.9680
2.9800 2.8770 2.9800 2.8317
2.9400 2.8038 2.9400 2.7809
2.8900 2.8925 2.8900 2.9304
2.8400 2.8881 2.8400 2.8900
2.7700 2.8644 2.7700 2.8318
2.7200 2.7917 2.7200 2.7523
2.6700 2.7262 2.6700 2.7025
2.6300 2.7156 2.6300 2.7269
2.6000 2.6382 2.6000 2.6264
2.5700 2.5873 2.5700 2.5701
2.5500 2.4760 2.5500 2.4404
2.5200 2.4755 2.5200 2.4751
2.5000 2.4284 2.5000 2.4230
2.4800 2.4075 2.4800 2.3958
2.4600 2.4079 2.4600 2.4076
2.4400 2.3789 2.4400 2.3698
2.4000 2.3865 2.4000 2.3918
2.3600 2.3371 2.3600 2.3303
2.3300 2.3425 2.3300 2.3530
2.3000 2.3270 2.3000 2.3411
2.2800 2.3049 2.2800 2.3122
2.2700 2.2887 2.2700 2.2998
2.2500 2.2036 2.2500 2.1922
2.2300 2.1671 2.2300 2.1701
2.2200 2.1643 2.2200 2.1887
2.2100 2.1301 2.2100 2.1398
2.1900 2.1336 2.1900 2.1473
2.1700 2.1503 2.1700 2.1723
2.1600 2.1070 2.1600 2.1085
2.1400 2.0907 2.1400 2.0996
2.1200 2.1091 2.1200 2.1406
2.1000 2.0972 2.1000 2.1211
2.0800 2.0537 2.0800 2.0606
2.0400 2.0379 2.0400 2.0548
2.0200 2.0535 2.0200 2.0886
1.9800 2.0082 1.9800 2.0224
1.9300 1.9885 1.9300 2.0029
1.8600 1.9734 1.8600 1.9958
1.8100 1.9524 1.8100 1.9728
1.7800 1.8679 1.7800 1.8647
1.7400 1.8964 1.7400 1.9281
1.7000 1.8138 1.7000 1.8197
1.6100 1.7372 1.6100 1.7275
1.5100 1.6325 1.5100 1.6203
1.4300 1.6287 1.4300 1.6501
1.4000 1.6459 1.4000 1.6815
1.3800 1.5783 1.3800 1.5717
1.3400 1.5442 1.3400 1.5384
1.2700 1.3540 1.2700 1.3087
1.2200 1.2383 1.2200 1.2135
1.1800 1.2145 1.1800 1.2389
1.1600 1.2893 1.1600 1.3419
1.1400 1.2900 1.1400 1.3061
1.1200 1.2084 1.1200 1.1789
1.1000 1.0895 1.1000 1.0565
1.0800 1.0944 1.0800 1.1210
1.0500 1.0809 1.0500 1.1208
1.0300 1.0989 1.0300 1.1332
1.0000 1.0848 1.0000 1.1047
0.9800 1.0679 0.9800 1.0845
0.9700 1.0554 0.9700 1.0826
0.9700 1.0385 0.9700 1.0709
0.9600 0.9898 0.9600 1.0148
0.9500 0.9936 0.9500 1.0330
0.9400 0.9466 0.9400 0.9793
0.9300 0.9470 0.9300 0.9878
0.9200 0.9640 0.9200 1.0115
0.9100 0.9842 0.9100 1.0310
0.9100 0.9551 0.9100 0.9860
0.9100 0.9469 0.9100 0.9824
0.9200 0.9417 0.9200 0.9874
0.9200 0.9312 0.9200 0.9769
0.9200 0.9221 0.9200 0.9669
0.9300 0.9132 0.9300 0.9616
0.9500 0.9353 0.9500 0.9887
0.9600 0.9363 0.9600 0.9855
0.9700 0.9662 0.9700 1.0208
0.9800 0.9472 0.9800 0.9910
0.9900 0.9456 0.9900 0.9917
1.0100 0.9798 1.0100 1.0432
1.0300 1.0188 1.0300 1.0863
1.0500 1.0050 1.0500 1.0535
1.0700 1.0140 1.0700 1.0647
1.0900 1.0264 1.0900 1.0861
1.1200 1.0335 1.1200 1.0930
1.1500 1.0733 1.1500 1.1411
1.1800 1.0918 1.1800 1.1541
1.2100 1.1085 1.2100 1.1665
1.2700 1.1286 1.2700 1.1894
1.3400 1.1468 1.3400 1.2095
1.4100 1.1962 1.4100 1.2693
1.4700 1.2238 1.4700 1.2921
1.5300 1.2496 1.5300 1.3134
1.5800 1.2789 1.5800 1.3456
1.6200 1.4016 1.6200 1.5004
1.6600 1.4900 1.6600 1.5849
1.7200 1.5508 1.7200 1.6271
1.7900 1.5886 1.7900 1.6596
1.8700 1.6469 1.8700 1.7320
1.9200 1.6716 1.9200 1.7546
1.9500 1.6828 1.9500 1.7571
1.9900 1.7204 1.9900 1.8020
2.1100 1.8211 2.1100 1.9240
2.2400 1.9069 2.2400 2.0033
2.3200 1.9955 2.3200 2.0914
2.3000 1.9822 2.3000 2.0331
2.2600 1.9657 2.2600 2.0143
2.2300 2.0334 2.2300 2.1261
2.2300 2.2965 2.2300 2.4612
2.2500 2.4233 2.2500 2.5433
2.2900 2.3996 2.2900 2.4322
2.3300 2.1821 2.3300 2.1406
2.3700 2.1124 2.3700 2.1553
2.3700 2.1044 2.3700 2.2050
2.3500 2.1473 2.3500 2.2345
2.2800 2.2021 2.2800 2.2574
2.1700 2.2798 2.1700 2.3290
2.0500 2.3224 2.0500 2.3634
1.9600 2.3675 1.9600 2.4117
1.9000 2.2824 1.9000 2.2899
1.8800 2.2186 1.8800 2.2339
1.8900 2.0389 1.8900 2.0282
1.9500 1.8347 1.9500 1.8019
2.0100 1.6978 2.0100 1.6864
2.0500 1.6717 2.0500 1.6920
2.0400 1.6731 2.0400 1.6876
2.0000 1.7406 2.0000 1.7544
1.9300 1.8249 1.9300 1.8430
1.8600 1.9856 1.8600 2.0548
1.7900 2.0535 1.7900 2.1065
1.7500 2.0643 1.7500 2.0775
1.7100 1.9526 1.7100 1.9497
1.6700 1.8504 1.6700 1.8651
1.6200 1.7157 1.6200 1.7336
1.5700 1.6395 1.5700 1.6656
1.5200 1.5671 1.5200 1.5840
1.4900 1.5897 1.4900 1.6189
1.4500 1.5516 1.4500 1.5561
1.4200 1.5120 1.4200 1.5015
1.3800 1.4512 1.3800 1.4421
1.3400 1.4066 1.3400 1.4097
1.3000 1.3623 1.3000 1.3733
1.2700 1.3781 1.2700 1.4075
1.2500 1.3192 1.2500 1.3261
1.2100 1.3125 1.2100 1.3263
1.1800 1.2599 1.1800 1.2701
1.1500 1.2209 1.1500 1.2330
1.1300 1.1880 1.1300 1.2083
1.1000 1.1814 1.1000 1.2101
1.0600 1.1863 1.0600 1.2196
1.0200 1.1050 1.0200 1.1086
0.9900 1.1009 0.9900 1.1239
0.9800 1.0793 0.9800 1.1116
0.9700 1.0787 0.9700 1.1136
0.9800 1.0320 0.9800 1.0529
1.0000 0.9729 1.0000 0.9852
1.0200 0.9400 1.0200 0.9780
1.0300 0.9347 1.0300 0.9921
1.0300 0.9684 1.0300 1.0180
1.0300 0.9600 1.0300 0.9940
1.0200 1.0134 1.0200 1.0607
1.0200 1.0600 1.0200 1.1162
1.0200 1.0774 1.0200 1.1259
1.0200 1.0675 1.0200 1.1101
1.0100 1.0475 1.0100 1.0918
1.0000 1.0482 1.0000 1.1050
0.9600 1.0160 0.9600 1.0651
0.9100 1.0348 0.9100 1.0929
0.8600 1.0361 0.8600 1.0910
0.8100 1.0328 0.8100 1.0795
0.7900 1.0036 0.7900 1.0418
0.7800 0.9942 0.7800 1.0380
0.7900 0.8936 0.7900 0.9298
0.8000 0.8388 0.8000 0.9051
0.8200 0.8283 0.8200 0.9062
0.9000 0.8129 0.9000 0.8891
1.0100 0.8396 1.0100 0.9289
1.1100 0.8413 1.1100 0.9246
1.1700 0.8573 1.1700 0.9411
1.1800 0.8591 1.1800 0.9298
1.1800 0.8998 1.1800 0.9510
1.1600 1.1092 1.1600 1.2221
1.1400 1.2714 1.1400 1.3745
1.0900 1.3425 1.0900 1.4148
1.0500 1.3170 1.0500 1.3629
1.0200 1.2210 1.0200 1.2619
1.0400 1.1994 1.0400 1.2793
1.1100 1.1322 1.1100 1.2059
1.2100 1.1011 1.2100 1.1634
1.3500 0.9873 1.3500 1.0116
1.5000 0.9665 1.5000 1.0019
1.6300 0.9647 1.6300 1.0134
1.6800 1.0867 1.6800 1.1637
1.6800 1.2663 1.6800 1.3628
1.6500 1.4112 1.6500 1.4903
1.6300 1.6151 1.6300 1.7102
1.6200 1.7820 1.6200 1.8820
1.6100 1.8759 1.6100 1.9658
1.6000 1.7722 1.6000 1.8076
1.5900 1.6631 1.5900 1.7110
1.5700 1.5707 1.5700 1.6478
1.5300 1.5590 1.5300 1.6531
1.5000 1.5601 1.5000 1.6364
1.5200 1.5397 1.5200 1.5780
1.5900 1.5303 1.5900 1.5579
1.7100 1.5238 1.7100 1.5544
1.8200 1.4830 1.8200 1.5060
1.9000 1.4006 1.9000 1.4088
1.9200 1.3966 1.9200 1.4310
1.9100 1.5291 1.9100 1.6168
1.8700 1.7000 1.8700 1.8004
1.8200 1.8930 1.8200 1.9910
1.7700 1.9833 1.7700 2.0503
1.7300 2.0180 1.7300 2.0682
1.6900 1.9237 1.6900 1.9499
1.6300 1.8483 1.6300 1.8998
1.5700 1.7398 1.5700 1.7930
1.5100 1.6562 1.5100 1.6992
1.4600 1.6021 1.4600 1.6387
1.4200 1.5794 1.4200 1.6092
1.3800 1.5385 1.3800 1.5510
1.3400 1.4360 1.3400 1.4185
1.3100 1.3834 1.3100 1.3809
1.2700 1.3309 1.2700 1.3400
1.2400 1.3033 1.2400 1.3174
1.2100 1.2893 1.2100 1.3057
1.1800 1.2524 1.1800 1.2583
1.1600 1.2179 1.1600 1.2239
1.1300 1.2164 1.1300 1.2387
1.0900 1.1589 1.0900 1.1694
1.0200 1.1532 1.0200 1.1761
0.9300 1.1302 0.9300 1.1563
0.8700 1.1004 0.8700 1.1215
0.8400 1.1071 0.8400 1.1408
0.8400 1.0589 0.8400 1.0794
0.8500 0.9995 0.8500 1.0123
0.8600 0.8751 0.8600 0.9208
0.8600 0.8216 0.8600 0.8689
0.8700 0.8452 0.8700 0.9269
0.8600 0.8710 0.8600 0.9626
0.8600 0.8915 0.8600 0.9753
0.8800 0.8932 0.8800 0.9592
0.9700 0.9076 0.9700 0.9458
1.1000 0.8924 1.1000 0.9290
1.2200 0.9257 1.2200 0.9828
1.3200 0.8755 1.3200 0.9279
1.4000 0.8924 1.4000 0.9505
1.4400 0.9589 1.4400 1.0370
1.4400 1.1918 1.4400 1.3099
1.4400 1.3817 1.4400 1.4905
1.4400 1.4705 1.4400 1.5417
1.4700 1.5399 1.4700 1.6109
1.5100 1.5837 1.5100 1.6741
1.5400 1.5300 1.5400 1.6082
1.5700 1.4351 1.5700 1.4951
1.5500 1.4328 1.5500 1.5190
1.4900 1.4265 1.4900 1.5101
1.4100 1.5112 1.4100 1.6023
1.4000 1.5700 1.4000 1.6442
1.4400 1.5710 1.4400 1.6121
1.5100 1.6047 1.5100 1.6571
1.5400 1.4761 1.5400 1.4886
1.5600 1.3275 1.5600 1.3258
1.5800 1.2131 1.5800 1.2329
1.6500 1.3525 1.6500 1.4550
1.7200 1.4968 1.7200 1.6003
1.7900 1.6130 1.7900 1.6774
1.8600 1.5643 1.8600 1.5604
1.9100 1.5704 1.9100 1.5934
1.9300 1.6030 1.9300 1.6759
1.8900 1.7764 1.8900 1.9034
1.8000 1.8386 1.8000 1.9285
1.6900 1.8963 1.6900 1.9580
1.6000 1.9721 1.6000 2.0533
1.5900 1.9764 1.5900 2.0414
1.6300 1.9253 1.6300 1.9719
1.6800 1.7505 1.6800 1.7560
1.7200 1.5502 1.7200 1.5413
1.7500 1.4000 1.7500 1.4101
1.8000 1.3496 1.8000 1.3853
1.8500 1.5099 1.8500 1.5975
1.9000 1.6552 1.9000 1.7224
1.9300 1.7166 1.9300 1.7363
1.9500 1.7511 1.9500 1.7589
1.9600 1.7708 1.9600 1.8047
1.9500 1.8705 1.9500 1.9571
1.9200 1.9166 1.9200 1.9982
1.8700 1.9582 1.8700 2.0250
1.8500 1.9438 1.8500 1.9925
1.8400 1.9398 1.8400 1.9916
1.8600 1.9280 1.8600 1.9849
1.8700 1.8675 1.8700 1.9041
1.8700 1.7907 1.8700 1.8132
1.8400 1.6965 1.8400 1.7100
1.8000 1.7437 1.8000 1.8013
1.7600 1.7533 1.7600 1.8010
1.7200 1.8328 1.7200 1.8817
1.6800 1.8246 1.6800 1.8464
1.6300 1.8020 1.6300 1.8129
1.5900 1.7141 1.5900 1.7182
1.5700 1.6536 1.5700 1.6717
1.5600 1.6167 1.5600 1.6512
1.5700 1.5723 1.5700 1.5972
1.5800 1.5316 1.5800 1.5467
1.5900 1.4621 1.5900 1.4623
1.5800 1.4482 1.5800 1.4646
1.5600 1.4769 1.5600 1.5144
1.5400 1.4878 1.5400 1.5175
1.5300 1.5435 1.5300 1.5826
1.5300 1.5576 1.5300 1.5899
1.5300 1.5682 1.5300 1.6003
1.5400 1.5187 1.5400 1.5403
1.5500 1.4780 1.5500 1.5046
1.5700 1.4616 1.5700 1.5044
1.6000 1.4713 1.6000 1.5220
1.6000 1.4912 1.6000 1.5398
1.5700 1.4899 1.5700 1.5251
1.5500 1.5234 1.5500 1.5677
1.5500 1.5357 1.5500 1.5802
1.5800 1.5766 1.5800 1.6302
1.5900 1.6302 1.5900 1.6934
1.5800 1.5604 1.5800 1.5832
1.5800 1.4652 1.5800 1.4722
1.6100 1.4750 1.6100 1.5281
1.6400 1.5169 1.6400 1.5911
1.6700 1.6046 1.6700 1.6799
1.7000 1.5672 1.7000 1.5908
1.7200 1.5137 1.7200 1.5200
1.7500 1.5467 1.7500 1.5994
1.7700 1.6421 1.7700 1.7309
1.8000 1.6639 1.8000 1.7229
1.8300 1.6899 1.8300 1.7332
1.8600 1.7254 1.8600 1.7797
1.8800 1.7220 1.8800 1.7717
1.9000 1.7732 1.9000 1.8420
1.9300 1.7696 1.9300 1.8257
1.9500 1.8171 1.9500 1.8813
1.9800 1.8482 1.9800 1.9128
1.9900 1.8727 1.9900 1.9295
1.9800 1.8702 1.9800 1.9183
1.9800 1.8891 1.9800 1.9438
1.9800 1.9417 1.9800 2.0128
2.0100 1.9341 2.0100 1.9835
2.0300 1.9843 2.0300 2.0443
2.0300 1.9500 2.0300 1.9884
2.0300 1.8907 2.0300 1.9116
2.0300 1.9188 2.0300 1.9752
2.0200 1.9154 2.0200 1.9677
2.0100 2.0071 2.0100 2.0779
1.9900 2.0034 1.9900 2.0429
1.9800 1.9536 1.9800 1.9626
1.9700 1.9632 1.9700 2.0019
1.9600 1.9635 1.9600 2.0129
1.9400 1.9252 1.9400 1.9557
1.8900 1.9151 1.8900 1.9471
1.8500 1.8737 1.8500 1.8971
1.8200 1.8852 1.8200 1.9223
1.8300 1.8763 1.8300 1.9101
1.8500 1.8633 1.8500 1.8878
1.8500 1.8236 1.8500 1.8391
1.8400 1.7077 1.8400 1.6967
1.8200 1.6952 1.8200 1.7192
1.7900 1.6905 1.7900 1.7297
1.7600 1.7838 1.7600 1.8440
1.7300 1.8263 1.7300 1.8674
1.7300 1.7783 1.7300 1.7764
1.7400 1.7560 1.7400 1.7687
1.7500 1.7205 1.7500 1.7495
1.7600 1.6661 1.7600 1.6921
1.7600 1.6360 1.7600 1.6657
1.7600 1.6059 1.7600 1.6329
1.7600 1.6723 1.7600 1.7260
1.7500 1.7046 1.7500 1.7497
1.7400 1.7109 1.7400 1.7361
1.7600 1.7270 1.7600 1.7592
1.7900 1.7076 1.7900 1.7383
1.8100 1.7083 1.8100 1.7493
1.8200 1.7094 1.8200 1.7557
1.8100 1.6743 1.8100 1.7057
1.8100 1.6646 1.8100 1.6999
1.8100 1.7537 1.8100 1.8257
1.8400 1.8025 1.8400 1.8645
1.8700 1.7942 1.8700 1.8237
1.8900 1.7869 1.8900 1.8170
1.8900 1.7358 1.8900 1.7635
1.8800 1.7582 1.8800 1.8138
1.8800 1.7572 1.8800 1.8110
1.8800 1.8484 1.8800 1.9205
1.8800 1.8781 1.8800 1.9316
1.8700 1.8703 1.8700 1.8989
1.8800 1.8316 1.8800 1.8560
1.8800 1.8012 1.8800 1.8365
1.8500 1.8243 1.8500 1.8843
1.7900 1.8194 1.7900 1.8682
1.7300 1.8149 1.7300 1.8505
1.7200 1.7843 1.7200 1.8089
1.7600 1.8406 1.7600 1.8947
1.8200 1.8183 1.8200 1.8546
1.8800 1.7160 1.8800 1.7118
1.9000 1.5972 1.9000 1.5879
1.8900 1.5425 1.8900 1.5638
1.8500 1.6432 1.8500 1.7217
1.7900 1.7884 1.7900 1.8756
1.7100 1.8773 1.7100 1.9351
1.6000 1.9395 1.6000 1.9805
1.5000 1.8858 1.5000 1.8927
1.4400 1.8147 1.4400 1.8331
1.4100 1.7133 1.4100 1.7421
1.4000 1.6041 1.4000 1.6279
1.3600 1.4777 1.3600 1.4855
1.2900 1.3007 1.2900 1.2763
1.2100 1.2268 1.2100 1.2241
1.1100 1.2592 1.1100 1.2937
1.0200 1.2922 1.0200 1.3174
0.9500 1.3276 0.9500 1.3380
0.8900 1.2315 0.8900 1.2017
0.8300 1.1073 0.8300 1.0736
0.7600 1.0212 0.7600 1.0225
0.6900 0.9089 0.6900 0.9565
0.7200 0.8887 0.7200 0.9454
0.8000 0.8861 0.8000 0.9518
0.9600 0.8653 0.9600 0.9223
1.1300 0.8265 1.1300 0.8734
1.3000 0.7775 1.3000 0.8208
1.4000 0.7463 1.4000 0.8007
1.3900 0.8815 1.3900 1.0068
1.3000 1.0118 1.3000 1.1053
1.1800 1.2840 1.1800 1.3774
1.0600 1.4722 1.0600 1.5532
0.9500 1.6356 0.9500 1.7178
0.8700 1.6320 0.8700 1.6952
0.8000 1.3752 0.8000 1.3828
0.7300 1.1208 0.7300 1.1423
0.6900 0.9379 0.6900 0.9946
0.6700 0.8691 0.6700 0.9647
0.6900 0.8489 0.6900 0.9217
0.7600 0.8514 0.7600 0.9152
0.8500 0.8232 0.8500 0.8723
0.9400 0.7782 0.9400 0.8172
1.0200 0.7880 1.0200 0.8519
1.0800 0.7950 1.0800 0.8720
1.1200 0.8357 1.1200 0.9279
1.1700 0.9537 1.1700 1.0381
1.2100 1.0842 1.2100 1.1565
1.2400 1.1691 1.2400 1.2373
1.2500 1.2272 1.2500 1.3014
1.2800 1.2412 1.2800 1.3198
1.3000 1.2328 1.3000 1.3133
1.3400 1.2993 1.3400 1.4057
1.3700 1.3111 1.3700 1.4026
1.4000 1.3085 1.4000 1.3786
1.4200 1.2744 1.4200 1.3303
1.4500 1.3447 1.4500 1.4316
1.4800 1.3407 1.4800 1.4115
1.5200 1.4147 1.5200 1.4924
1.5500 1.4251 1.5500 1.4883
1.5700 1.4479 1.5700 1.5059
1.5900 1.4490 1.5900 1.5072
1.6200 1.4971 1.6200 1.5704
1.6400 1.5258 1.6400 1.5977
1.6400 1.5819 1.6400 1.6552
1.6100 1.5887 1.6100 1.6472
1.5900 1.5830 1.5900 1.6323
1.6000 1.6048 1.6000 1.6682
1.5900 1.6545 1.5900 1.7311
1.5700 1.6471 1.5700 1.7024
1.5300 1.5992 1.5300 1.6306
1.5500 1.5058 1.5500 1.5230
1.6000 1.5097 1.6000 1.5615
1.6800 1.5856 1.6800 1.6691
1.7300 1.5215 1.7300 1.5467
1.7700 1.4780 1.7700 1.4865
1.8000 1.4051 1.8000 1.4169
1.8200 1.5576 1.8200 1.6485
1.8500 1.6740 1.8500 1.7687
1.8900 1.7955 1.8900 1.8741
1.9600 1.7939 1.9600 1.8208
2.0400 1.8139 2.0400 1.8537
2.1200 1.8312 2.1200 1.9013
2.2000 1.8212 2.2000 1.8870
2.2700 1.8701 2.2700 1.9499
2.3500 1.9285 2.3500 2.0093
2.4500 2.0550 2.4500 2.1575
2.5500 2.1453 2.5500 2.2410
2.6200 2.2192 2.6200 2.3042
2.6800 2.3019 2.6800 2.3961
2.7200 2.3544 2.7200 2.4423
2.7600 2.4499 2.7600 2.5635
2.7900 2.5793 2.7900 2.7088
2.8100 2.6672 2.8100 2.7803
2.8500 2.6783 2.8500 2.7484
2.9100 2.7237 2.9100 2.8063
2.9700 2.7273 2.9700 2.8005
2.9900 2.7590 2.9900 2.8381
2.9600 2.7609 2.9600 2.8265
2.9200 2.7495 2.9200 2.7959
2.8700 2.8288 2.8700 2.9145
2.8300 2.9153 2.8300 3.0256
2.7800 2.9649 2.7800 3.0465
2.7200 2.9135 2.7200 2.9190
2.6500 2.7737 2.6500 2.7565
2.5800 2.7188 2.5800 2.7481
2.5200 2.6397 2.5200 2.6691
2.4400 2.6112 2.4400 2.6339
2.3600 2.5346 2.3600 2.5258
2.3000 2.4499 2.3000 2.4209
2.2600 2.3637 2.2600 2.3364
2.2100 2.2964 2.2100 2.2776
2.1600 2.2615 2.1600 2.2547
2.0900 2.1350 2.0900 2.0913
2.0400 2.0599 2.0400 2.0235
1.9900 2.0552 1.9900 2.0562
1.9700 2.0593 1.9700 2.0652
1.9400 1.9862 1.9400 1.9568
1.9200 1.9438 1.9200 1.9195
1.9500 1.8389 1.9500 1.8091
2.0300 1.8380 2.0300 1.8461
2.1300 1.7927 2.1300 1.7983
2.1800 1.8371 2.1800 1.8598
2.1600 1.7903 2.1600 1.7885
2.1100 1.7932 2.1100 1.7980
2.0600 1.9478 2.0600 2.0219
2.0200 2.1139 2.0200 2.2164
2.0100 2.2412 2.0100 2.3228
2.0000 2.2076 2.0000 2.2122
2.0000 2.0431 2.0000 2.0141
2.0100 1.9410 2.0100 1.9662
2.0300 1.8886 2.0300 1.9519
2.0400 1.8564 2.0400 1.9082
2.0400 1.9058 2.0400 1.9563
2.0500 1.8932 2.0500 1.9095
2.0400 1.9164 2.0400 1.9323
2.0100 1.9577 2.0100 1.9933
1.9500 2.0003 1.9500 2.0433
1.9000 1.9880 1.9000 2.0155
1.8700 1.9668 1.8700 1.9902
1.8500 2.0041 1.8500 2.0564
1.8300 1.9461 1.8300 1.9726
1.8100 1.8677 1.8100 1.8739
1.7900 1.7463 1.7900 1.7412
1.7800 1.7201 1.7800 1.7470
1.7900 1.7352 1.7900 1.7816
1.8100 1.7300 1.8100 1.7544
1.8200 1.7110 1.8200 1.7176
1.8400 1.6970 1.8400 1.7067
1.8900 1.6821 1.8900 1.7009
1.9500 1.6968 1.9500 1.7307
2.0200 1.7528 2.0200 1.8042
2.0700 1.7939 2.0700 1.8404
2.1000 1.7804 2.1000 1.8049
2.1300 1.8270 2.1300 1.8735
2.1500 1.9486 2.1500 2.0359
2.1600 2.0224 2.1600 2.1008
2.1600 2.1046 2.1600 2.1831
2.1600 2.1199 2.1600 2.1683
2.1500 2.1039 2.1500 2.1471
2.1500 2.1380 2.1500 2.2109
2.1500 2.1301 2.1500 2.1946
2.1600 2.1099 2.1600 2.1574
2.1700 2.0864 2.1700 2.1273
2.1800 2.0845 2.1800 2.1302
2.1900 2.0493 2.1900 2.0817
2.2000 2.0699 2.2000 2.1133
2.2100 2.0700 2.2100 2.1089
2.2100 2.0993 2.2100 2.1402
2.2000 2.1108 2.2000 2.1477
2.1800 2.1195 2.1800 2.1528
2.1300 2.1318 2.1300 2.1700
2.0600 2.1416 2.0600 2.1815
1.9900 2.1511 1.9900 2.1918
1.9600 2.1273 1.9600 2.1562
1.9500 2.0945 1.9500 2.1180
1.9700 2.0533 1.9700 2.0761
1.9900 1.9342 1.9900 1.9290
2.0100 1.8207 2.0100 1.8102
2.0200 1.7552 2.0200 1.7645
2.0100 1.8135 2.0100 1.8631
1.9800 1.8441 1.9800 1.8782
1.9300 1.9284 1.9300 1.9607
1.8800 1.9555 1.8800 1.9753
1.8500 1.9784 1.8500 2.0002
1.8100 1.9736 1.8100 2.0033
1.7800 1.9188 1.7800 1.9391
1.7400 1.8456 1.7400 1.8625
1.7000 1.7519 1.7000 1.7634
1.6700 1.7017 1.6700 1.7248
1.6400 1.7158 1.6400 1.7582
1.6200 1.6492 1.6200 1.6556
1.6000 1.6420 1.6000 1.6516
1.5900 1.5880 1.5900 1.5918
1.5900 1.5485 1.5900 1.5543
1.5800 1.5473 1.5800 1.5728
1.5700 1.5176 1.5700 1.5353
1.5700 1.5212 1.5700 1.5448
1.5600 1.5055 1.5600 1.5269
1.5600 1.5189 1.5600 1.5489
1.5600 1.5448 1.5600 1.5850
1.5800 1.5123 1.5800 1.5340
1.6000 1.5046 1.6000 1.5321
1.6100 1.5315 1.6100 1.5799
1.6100 1.4976 1.6100 1.5291
1.6000 1.5191 1.6000 1.5614
1.6000 1.5227 1.6000 1.5668
1.6000 1.5841 1.6000 1.6435
1.6000 1.6052 1.6000 1.6562
1.6000 1.5894 1.6000 1.6218
1.6000 1.5714 1.6000 1.6065
1.6000 1.5408 1.6000 1.5789
1.6000 1.5623 1.6000 1.6192
1.5900 1.5605 1.5900 1.6107
1.5900 1.5565 1.5900 1.5957
1.5900 1.5585 1.5900 1.5986
1.5800 1.5588 1.5800 1.5999
1.5700 1.5589 1.5700 1.6010
1.5800 1.5589 1.5800 1.6010
1.6000 1.5267 1.6000 1.5580
1.6200 1.5495 1.6200 1.5971
1.6100 1.5507 1.6100 1.5973
1.5800 1.5150 1.5800 1.5428
1.5400 1.5078 1.5400 1.5428
1.5200 1.5643 1.5200 1.6263
1.5200 1.6038 1.5200 1.6629
1.5300 1.6200 1.5300 1.6627
1.5400 1.5455 1.5400 1.5576
1.5400 1.4749 1.5400 1.4897
1.5600 1.4186 1.5600 1.4508
1.5800 1.4401 1.5800 1.4980
1.6100 1.4813 1.6100 1.5412
1.6300 1.5084 1.6300 1.5494
1.6400 1.5202 1.6400 1.5507
1.6500 1.5020 1.6500 1.5276
1.6500 1.5696 1.6500 1.6314
1.6600 1.5901 1.6600 1.6491
1.6800 1.6363 1.6800 1.6943
1.7200 1.6364 1.7200 1.6832
1.7600 1.6220 1.7600 1.6617
1.7800 1.6348 1.7800 1.6898
1.7800 1.6105 1.7800 1.6572
1.7700 1.6399 1.7700 1.6981
1.7700 1.6822 1.7700 1.7471
1.7800 1.7621 1.7800 1.8341
1.7900 1.8005 1.7900 1.8582
1.8100 1.7731 1.8100 1.8040
1.8400 1.7322 1.8400 1.7626
1.8600 1.7026 1.8600 1.7471
1.8600 1.7227 1.8600 1.7870
1.8300 1.7502 1.8300 1.8127
1.7900 1.7549 1.7900 1.7975
1.7600 1.7978 1.7600 1.8470
1.7500 1.8520 1.7500 1.9113
1.7700 1.8466 1.7700 1.8870
1.7900 1.8016 1.7900 1.8255
1.8100 1.7081 1.8100 1.7204
1.8400 1.6478 1.8400 1.6746
1.9300 1.6404 1.9300 1.6889
2.0300 1.6696 2.0300 1.7229
2.1100 1.7532 2.1100 1.8125
2.1300 1.7718 2.1300 1.8043
2.1100 1.7929 2.1100 1.8206
2.0900 1.8529 2.0900 1.9080
2.0800 2.0591 2.0800 2.1809
2.0800 2.1684 2.0800 2.2691
2.1000 2.2045 2.1000 2.2632
2.1300 2.1117 2.1300 2.1190
2.1600 2.0076 2.1600 2.0314
2.1900 1.9912 2.1900 2.0660
2.2000 1.9919 2.2000 2.0686
2.2000 2.0018 2.2000 2.0541
2.1900 2.0645 2.1900 2.1162
2.1800 2.1172 2.1800 2.1641
2.1600 2.1464 2.1600 2.1837
2.1500 2.1796 2.1500 2.2231
2.1400 2.1451 2.1400 2.1738
2.1300 2.1226 2.1300 2.1557
2.1100 2.0917 2.1100 2.1294
2.0900 2.0780 2.0900 2.1181
2.0600 2.0329 2.0600 2.0580
2.0200 2.0440 2.0200 2.0794
2.0000 2.0348 2.0000 2.0658
2.0200 2.0217 2.0200 2.0433
2.0400 1.9818 2.0400 1.9943
2.0400 1.9636 2.0400 1.9836
2.0000 1.9131 2.0000 1.9273
1.9400 1.8498 1.9400 1.8551
1.9100 1.8787 1.9100 1.9160
1.9200 1.9894 1.9200 2.0601
1.9200 2.0027 1.9200 2.0340
1.9000 1.9566 1.9000 1.9522
1.8800 1.8374 1.8800 1.8189
1.8600 1.7394 1.8600 1.7413
1.8700 1.7801 1.8700 1.8419
1.8400 1.8731 1.8400 1.9516
1.8100 1.8395 1.8100 1.8521
1.7300 1.7772 1.7300 1.7602
1.6600 1.7714 1.6600 1.7910
1.5900 1.7540 1.5900 1.7892
1.5300 1.8282 1.5300 1.8909
1.4700 1.7060 1.4700 1.7016
1.4500 1.6755 1.4500 1.6798
1.4600 1.4980 1.4600 1.4769
1.4400 1.4471 1.4400 1.4571
1.4000 1.3862 1.4000 1.4081
1.3300 1.3400 1.3300 1.3471
1.2600 1.2864 1.2600 1.2832
1.1700 1.3582 1.1700 1.3914
1.0900 1.4402 1.0900 1.4891
1.0300 1.3511 1.0300 1.3378
0.9800 1.2757 0.9800 1.2599
0.9300 1.1561 0.9300 1.1513
0.8600 1.0879 0.8600 1.1069
1.2100 1.0638 1.2100 1.0862
1.1900 1.0311 1.1900 1.0706
1.1600 1.0423 1.1600 1.1041
1.1500 1.0925 1.1500 1.1660
1.1900 1.2560 1.1900 1.3562
1.2400 1.2816 1.2400 1.3396
1.2600 1.2934 1.2600 1.3320
1.2600 1.1532 1.2600 1.1615
1.2400 1.1014 1.2400 1.1413
1.2300 1.1401 1.2300 1.2293
1.2400 1.2767 1.2400 1.3881
1.3000 1.3412 1.3000 1.4140
1.3600 1.2898 1.3600 1.3050
1.4000 1.2543 1.4000 1.2788
1.4300 1.1978 1.4300 1.2398
1.4500 1.2059 1.4500 1.2729
1.4500 1.2569 1.4500 1.3360
1.4300 1.4193 1.4300 1.5218
1.4300 1.4759 1.4300 1.5424
1.4500 1.4656 1.4500 1.4962
1.4700 1.4821 1.4700 1.5339
1.4900 1.4814 1.4900 1.5482
1.5100 1.4321 1.5100 1.4846
1.5300 1.3655 1.5300 1.4042
1.5300 1.4093 1.5300 1.4808
1.5400 1.4707 1.5400 1.5515
1.5700 1.4819 1.5700 1.5314
1.6000 1.5019 1.6000 1.5439
1.6200 1.5257 1.6200 1.5768
1.6300 1.5451 1.6300 1.6016
1.6300 1.4993 1.6300 1.5361
1.6200 1.5309 1.6200 1.5890
1.6100 1.6069 1.6100 1.6897
1.6200 1.6289 1.6200 1.6889
1.6400 1.6238 1.6400 1.6635
1.6600 1.6149 1.6600 1.6565
1.7100 1.5936 1.7100 1.6390
1.7800 1.5599 1.7800 1.6023
1.8800 1.5486 1.8800 1.5953
1.9700 1.6018 1.9700 1.6681
2.0100 1.6407 2.0100 1.7002
2.0500 1.6567 2.0500 1.6988
2.0900 1.7767 2.0900 1.8534
2.1300 1.8864 2.1300 1.9812
2.1200 2.0304 2.1200 2.1323
2.1000 2.1013 2.1000 2.1854
2.1200 2.0419 2.1200 2.0643
2.1600 2.0906 2.1600 2.1656
2.1900 2.1321 2.1900 2.2332
2.1600 2.1561 2.1600 2.2368
2.1100 2.0262 2.1100 2.0380
2.0400 1.9847 2.0400 2.0117
2.0000 2.1027 2.0000 2.2048
1.9600 2.1743 1.9600 2.2582
1.9100 2.1695 1.9100 2.1970
1.8700 2.0075 1.8700 1.9727
1.8100 1.9236 1.8100 1.9231
1.7500 1.8156 1.7500 1.8352
1.6400 1.8338 1.6400 1.8848
1.5100 1.7900 1.5100 1.8117
1.3900 1.7108 1.3900 1.6915
1.3300 1.7043 1.3300 1.7096
1.3200 1.6043 1.3200 1.5905
1.3100 1.5461 1.3100 1.5393
1.2800 1.3349 1.2800 1.2852
1.2500 1.1662 1.2500 1.1186
1.2300 1.0828 1.2300 1.0887
1.2100 1.1523 1.2100 1.1939
1.2100 1.2519 1.2100 1.2946
1.2300 1.2413 1.2300 1.2296
1.2800 1.1794 1.2800 1.1477
1.3300 1.1663 1.3300 1.1747
1.3600 1.1754 1.3600 1.2182
1.3800 1.1538 1.3800 1.1900
1.3900 1.1971 1.3900 1.2455
1.4000 1.2637 1.4000 1.3241
1.3900 1.3766 1.3900 1.4512
1.3900 1.4262 1.3900 1.4850
1.3900 1.4099 1.3900 1.4454
1.3800 1.4125 1.3800 1.4633
1.3800 1.4019 1.3800 1.4637
1.3700 1.4071 1.3700 1.4740
1.3300 1.3504 1.3300 1.3931
1.2900 1.3694 1.2900 1.4254
1.2700 1.3713 1.2700 1.4279
1.2500 1.3335 1.2500 1.3675
1.2100 1.3575 1.2100 1.4066
1.1800 1.3273 1.1800 1.3654
1.1500 1.2195 1.1500 1.2251
1.1400 1.1851 1.1400 1.2121
1.1300 1.2128 1.1300 1.2709
1.1200 1.1884 1.1200 1.2256
1.1400 1.1044 1.1400 1.1067
1.1700 1.1033 1.1700 1.1296
1.1900 1.0797 1.1900 1.1140
1.2100 1.1101 1.2100 1.1558
1.2300 1.1042 1.2300 1.1400
1.2500 1.0935 1.2500 1.1214
1.2800 1.1834 1.2800 1.2484
1.3100 1.2358 1.3100 1.3006
1.3400 1.2288 1.3400 1.2681
1.3700 1.2520 1.3700 1.3013
1.3900 1.2746 1.3900 1.3371
1.4300 1.2909 1.4300 1.3548
1.4800 1.3404 1.4800 1.4131
1.5400 1.3681 1.5400 1.4346
1.5800 1.3942 1.5800 1.4561
1.6200 1.4238 1.6200 1.4888
1.6600 1.4196 1.6600 1.4758
1.7000 1.5015 1.7000 1.5843
1.7000 1.5721 1.7000 1.6592
1.6700 1.6460 1.6700 1.7257
1.6000 1.6401 1.6000 1.6932
1.5600 1.6786 1.5600 1.7441
1.5800 1.7208 1.5800 1.8022
1.6300 1.7533 1.6300 1.8297
1.6900 1.6597 1.6900 1.6887
1.7400 1.5624 1.7400 1.5793
1.7700 1.4103 1.7700 1.4184
1.7800 1.4338 1.7800 1.4953
1.7700 1.5853 1.7700 1.6937
1.7200 1.6880 1.7200 1.7588
1.6600 1.7633 1.6600 1.8056
1.5900 1.8023 1.5900 1.8357
1.5500 1.7927 1.5500 1.8304
1.5300 1.7608 1.5300 1.8068
1.5300 1.7053 1.5300 1.7501
1.5400 1.5632 1.5400 1.5756
1.5500 1.4807 1.5500 1.5018
1.5500 1.3909 1.5500 1.4117
1.5400 1.4121 1.5400 1.4553
