1.3500 1.3244 1.3500 1.2358
1.3300 1.3021 1.3300 1.3032
1.3000 1.2958 1.3000 1.3072
1.2800 1.3530 1.2800 1.3461
1.2700 1.3547 1.2700 1.3161
1.2700 1.3561 1.2700 1.3042
1.2700 1.3648 1.2700 1.3329
1.2400 1.3099 1.2400 1.2456
1.2300 1.2616 1.2300 1.2091
1.2300 1.2618 1.2300 1.2542
1.2400 1.2704 1.2400 1.2515
1.2400 1.2882 1.2400 1.2540
1.2200 1.2888 1.2200 1.2485
1.2000 1.2022 1.2000 1.1320
1.1600 1.2339 1.1600 1.2301
1.1100 1.2590 1.1100 1.2587
1.0700 1.2860 1.0700 1.2351
1.0500 1.2672 1.0500 1.2086
1.0400 1.2083 1.0400 1.1462
1.0600 1.1918 1.0600 1.1679
1.0800 1.1141 1.0800 1.0767
1.0900 1.0444 1.0900 1.0086
1.0600 1.0199 1.0600 1.0404
1.0000 1.0391 1.0000 1.0729
0.9400 1.0505 0.9400 1.0577
0.8800 1.1307 0.8800 1.1624
0.8700 1.1582 0.8700 1.1339
0.9100 1.1529 0.9100 1.0913
0.9500 1.0514 0.9500 0.9813
1.0000 0.9536 1.0000 0.8953
1.0000 0.9162 1.0000 0.8993
0.9800 0.8620 0.9800 0.8729
0.9300 0.8995 0.9300 1.0452
0.8700 1.0556 0.8700 1.2020
0.8400 1.0800 0.8400 1.0879
0.8400 1.1528 0.8400 1.1263
0.8100 1.0679 0.8100 0.9859
0.8000 1.0114 0.8000 0.9423
0.7500 0.9288 0.7500 0.8837
0.7700 0.8719 0.7700 0.8213
0.8300 0.8709 0.8300 0.9501
0.9100 0.9101 0.9100 1.0318
0.9500 0.8210 0.9500 0.8358
0.9400 0.8560 0.9400 0.9536
0.9600 0.7611 0.9600 0.8194
0.9800 0.9081 0.9800 1.0551
0.9900 1.0460 0.9900 1.1928
0.9700 1.1417 0.9700 1.1205
0.9500 1.1080 0.9500 0.9936
0.9400 1.0029 0.9400 0.8980
0.9700 1.0833 0.9700 1.0890
1.0400 1.1049 1.0400 1.0734
1.1200 1.0833 1.1200 0.9839
1.1900 0.9987 1.1900 0.9286
1.2500 0.9746 1.2500 0.9581
1.3200 0.9861 1.3200 1.0004
1.3700 1.0889 1.3700 1.1222
1.3700 1.2345 1.3700 1.2441
1.3100 1.3331 1.3100 1.2572
1.2000 1.3863 1.2000 1.2753
1.0700 1.4321 1.0700 1.3291
0.9400 1.5260 0.9400 1.4372
0.8300 1.5360 0.8300 1.3964
0.7500 1.4284 0.7500 1.2463
0.7000 1.2420 0.7000 1.1040
0.6700 1.0885 0.6700 0.9561
0.6500 0.9587 0.6500 0.8661
0.6800 0.8341 0.6800 0.7932
0.7800 0.7777 0.7800 0.8302
0.9400 0.8057 0.9400 0.9109
1.1200 0.8274 1.1200 0.9606
1.2600 0.8257 1.2600 0.9598
1.3700 0.8190 1.3700 0.9314
1.4200 0.9302 1.4200 1.0763
1.4000 1.1275 1.4000 1.2743
1.3300 1.3341 1.3300 1.3894
1.2500 1.5559 1.2500 1.4300
1.1800 1.6239 1.1800 1.4117
1.1400 1.6820 1.1400 1.4807
1.1100 1.6206 1.1100 1.4117
1.0900 1.4519 1.0900 1.2248
1.0400 1.2815 1.0400 1.1233
0.9800 1.1916 0.9800 1.0998
0.9200 1.1157 0.9200 1.0706
0.8800 1.0789 0.8800 1.0976
0.8600 1.0562 0.8600 1.0692
0.8700 1.0580 0.8700 1.0813
0.9200 0.9609 0.9200 0.9460
1.0200 0.9066 1.0200 0.9101
1.1300 0.8722 1.1300 0.9322
1.2100 0.8657 1.2100 0.9635
1.2400 0.8777 1.2400 0.9957
1.2200 0.9575 1.2200 1.0711
1.1700 1.0712 1.1700 1.1901
1.1200 1.2732 1.1200 1.3282
1.0800 1.4100 1.0800 1.3255
1.0700 1.4358 1.0700 1.2779
1.0900 1.3732 1.0900 1.2144
1.1300 1.2567 1.1300 1.1270
1.1800 1.1499 1.1800 1.0576
1.2100 1.1018 1.2100 1.0486
1.2200 1.0552 1.2200 1.0351
1.1900 1.0802 1.1900 1.0933
1.1300 1.1566 1.1300 1.1829
1.0600 1.2386 1.0600 1.2180
0.9900 1.3151 0.9900 1.2680
0.9500 1.3137 0.9500 1.2260
0.9200 1.2892 0.9200 1.1984
0.9300 1.1835 0.9300 1.0942
0.9500 1.0736 0.9500 0.9933
0.9800 1.0052 0.9800 0.9570
1.0000 0.9372 1.0000 0.9074
1.0100 0.9224 1.0100 0.9980
1.0000 0.8937 1.0000 0.9973
0.9800 0.9888 0.9800 1.1142
0.9600 1.0334 0.9600 1.1169
0.9400 1.0885 0.9400 1.0934
0.9400 1.0983 0.9400 1.0558
0.9400 1.0927 0.9400 1.0394
0.9400 1.0477 0.9400 0.9927
0.9300 1.0064 0.9300 0.9654
0.9200 0.9844 0.9200 0.9675
0.9000 0.9614 0.9000 0.9475
0.8800 0.9968 0.8800 1.0260
0.8600 0.9978 0.8600 1.0082
0.8500 0.9977 0.8500 0.9857
0.8400 0.9721 0.8400 0.9634
0.8200 0.9641 0.8200 0.9663
0.8000 0.9283 0.8000 0.9243
0.7800 0.9078 0.7800 0.9216
0.7800 0.8894 0.7800 0.9305
0.7900 0.8988 0.7900 0.9583
0.7800 0.8914 0.7800 0.9426
0.7700 0.8543 0.7700 0.8885
0.7500 0.8372 0.7500 0.9036
0.7400 0.8221 0.7400 0.9042
0.7400 0.8634 0.7400 0.9621
0.7600 0.8944 0.7600 0.9768
0.8200 0.8466 0.8200 0.8640
0.9300 0.8371 0.9300 0.8919
1.0900 0.8063 1.0900 0.8755
1.2500 0.8147 1.2500 0.8906
1.3400 0.8412 1.3400 0.9277
1.3600 0.9006 1.3600 0.9802
1.3500 1.0227 1.3500 1.1195
1.3500 1.2263 1.3500 1.2761
1.3400 1.4827 1.3400 1.4194
1.3400 1.6464 1.3400 1.4903
1.3500 1.6025 1.3500 1.3495
1.3900 1.4877 1.3900 1.2696
1.4300 1.4185 1.4300 1.3016
1.4800 1.4256 1.4800 1.3521
1.5500 1.3738 1.5500 1.2638
1.5900 1.3714 1.5900 1.2923
1.6000 1.3938 1.6000 1.3577
1.5800 1.4911 1.5800 1.4571
1.5600 1.5344 1.5600 1.4536
1.5700 1.6047 1.5700 1.5116
1.5900 1.7220 1.5900 1.6510
1.6000 1.7049 1.6000 1.5458
1.5700 1.6537 1.5700 1.4865
1.5300 1.5747 1.5300 1.4640
1.4600 1.5488 1.4600 1.4755
1.4000 1.6114 1.4000 1.5756
1.3500 1.6408 1.3500 1.5601
1.3300 1.6238 1.3300 1.5073
1.3500 1.5149 1.3500 1.3993
1.3800 1.4578 1.3800 1.4040
1.4100 1.3296 1.4100 1.2779
1.4000 1.2806 1.4000 1.2630
1.3800 1.2465 1.3800 1.2645
1.3500 1.2803 1.3500 1.2962
1.2900 1.3837 1.2900 1.4095
1.2500 1.4395 1.2500 1.4016
1.2100 1.4784 1.2100 1.4067
1.2100 1.3999 1.2100 1.2993
1.2100 1.3655 1.2100 1.3012
1.2000 1.3198 1.2000 1.2837
1.1800 1.1931 1.1800 1.1150
1.1200 1.1855 1.1200 1.1887
1.0600 1.1436 1.0600 1.1544
0.9900 1.2187 0.9900 1.2331
0.9400 1.2242 0.9400 1.2108
0.8900 1.1958 0.8900 1.1388
0.8600 1.1652 0.8600 1.1407
0.8400 1.0324 0.8400 0.9825
0.8500 0.9968 0.8500 0.9728
0.8600 0.9264 0.8600 0.9122
0.8600 0.9024 0.8600 0.9475
0.8500 0.8484 0.8500 0.9304
0.8400 0.8600 0.8400 0.9754
0.8300 0.8733 0.8300 0.9955
0.8300 0.9445 0.8300 1.0630
0.8400 0.9438 0.8400 1.0163
0.8600 0.9289 0.8600 0.9398
0.8300 0.9058 0.8300 0.9276
0.8000 0.8994 0.8000 0.9351
0.7800 0.8918 0.7800 0.9211
0.7900 0.9092 0.7900 0.9523
0.8100 0.9376 0.8100 0.9866
0.8300 0.9760 0.8300 1.0080
0.8500 0.8549 0.8500 0.8065
0.9100 0.8313 0.9100 0.8502
1.0000 0.8349 1.0000 0.9417
1.0900 0.8927 1.0900 0.9864
1.1500 0.9309 1.1500 0.9882
1.1700 0.9479 1.1700 0.9740
1.1300 0.9704 1.1300 0.9918
1.0700 1.1069 1.0700 1.1570
0.9900 1.2568 0.9900 1.2318
0.9400 1.3436 0.9400 1.2306
0.9100 1.3438 0.9100 1.2010
0.9000 1.2860 0.9000 1.1542
0.9000 1.1282 0.9000 1.0014
0.8600 1.0520 0.8600 0.9620
0.8400 0.9556 0.8400 0.8849
0.8000 0.9302 0.8000 0.9313
0.7700 0.8996 0.7700 0.9988
0.7200 0.9253 0.7200 1.0155
0.7100 0.9444 0.7100 1.0415
0.7800 0.8383 0.7800 0.8498
0.8900 0.8623 0.8900 0.9575
1.0100 0.8133 1.0100 0.8821
1.0800 0.8067 1.0800 0.8583
1.1000 0.7597 1.1000 0.8083
1.1000 0.8269 1.1000 0.9516
1.1100 1.0565 1.1100 1.2407
1.1200 1.1963 1.1200 1.2565
1.1300 1.3198 1.1300 1.2202
1.1400 1.2988 1.1400 1.1467
1.1400 1.2266 1.1400 1.0812
1.1400 1.1904 1.1400 1.1117
1.1400 1.2119 1.1400 1.1620
1.1400 1.2084 1.1400 1.1336
1.1400 1.2035 1.1400 1.1292
1.1200 1.2071 1.1200 1.1586
1.1100 1.1861 1.1100 1.1304
1.1000 1.1854 1.1000 1.1404
1.1200 1.1851 1.1200 1.1491
1.1200 1.1832 1.1200 1.1393
1.1400 1.1819 1.1400 1.1408
1.1600 1.1221 1.1600 1.0652
1.1700 1.1302 1.1700 1.1110
1.1800 1.1223 1.1800 1.1081
1.1800 1.1983 1.1800 1.1876
1.1700 1.1618 1.1700 1.1043
1.1400 1.2176 1.1400 1.1812
1.1000 1.2448 1.1000 1.2190
1.0800 1.2341 1.0800 1.1557
1.0900 1.2454 1.0900 1.1931
1.1200 1.2253 1.1200 1.1720
1.1400 1.1941 1.1400 1.1316
1.1500 1.1229 1.1500 1.0678
1.1500 1.0600 1.1500 1.0287
1.1600 1.0775 1.1600 1.0938
1.2000 1.1451 1.2000 1.1618
1.2600 1.2135 1.2600 1.1898
1.3000 1.2158 1.3000 1.1510
1.3100 1.2103 1.3100 1.1513
1.3100 1.1972 1.3100 1.1530
1.3000 1.2283 1.3000 1.1943
1.2900 1.3261 1.2900 1.3042
1.2900 1.4229 1.2900 1.3646
1.2800 1.4219 1.2800 1.2991
1.2800 1.3729 1.2800 1.2526
1.2700 1.3564 1.2700 1.2910
1.2700 1.3260 1.2700 1.2611
1.2600 1.3083 1.2600 1.2424
1.2200 1.3208 1.2200 1.2809
1.1700 1.2862 1.1700 1.2254
1.1400 1.3033 1.1400 1.2640
1.1400 1.2758 1.1400 1.2331
1.1500 1.2945 1.1500 1.2557
1.1500 1.2676 1.1500 1.2227
1.1300 1.1664 1.1300 1.0896
1.1100 1.0970 1.1100 1.0736
1.1000 1.1067 1.1000 1.1384
1.0900 1.1653 1.0900 1.1839
1.0900 1.1939 1.0900 1.1658
1.1000 1.1757 1.1000 1.1241
1.1100 1.1228 1.1100 1.0783
1.1200 1.1088 1.1200 1.0958
1.1300 1.1219 1.1300 1.1185
1.1200 1.1107 1.1200 1.0787
1.0900 1.1280 1.0900 1.1050
1.0600 1.1591 1.0600 1.1450
1.0300 1.1714 1.0300 1.1316
1.0200 1.1833 1.0200 1.1391
1.0100 1.1954 1.0100 1.1556
0.9600 1.1478 0.9600 1.0835
0.9100 1.0776 0.9100 1.0199
0.8900 1.0467 0.8900 1.0357
0.9500 1.0159 0.9500 1.0090
1.0200 1.0418 1.0200 1.0448
1.0600 1.0324 1.0600 1.0255
1.0500 0.9068 1.0500 0.8554
1.0400 0.8778 1.0400 0.8988
1.0300 0.9044 1.0300 1.0477
1.0300 1.1192 1.0300 1.2753
1.0400 1.2120 1.0400 1.1940
1.0400 1.1916 1.0400 1.0635
1.0400 1.0932 1.0400 0.9997
1.0300 1.0888 1.0300 1.0671
1.0100 1.0817 1.0100 1.0595
0.9700 1.0907 0.9700 1.0453
0.9500 1.1127 0.9500 1.0836
0.9700 1.0900 0.9700 1.0424
0.9500 1.0902 0.9500 1.0545
0.9100 1.0637 0.9100 1.0329
0.8700 1.0245 0.8700 0.9857
0.9300 0.9473 0.9300 0.9129
0.9700 0.9629 0.9700 0.9985
0.9400 1.0616 0.9400 1.1470
0.8500 0.9664 0.8500 0.8911
0.8200 0.8854 0.8200 0.8457
0.8400 0.8641 0.8400 0.9451
0.9000 1.1057 0.9000 1.3037
0.9400 1.1153 0.9400 1.0701
0.9800 0.9416 0.9800 0.7889
0.9700 0.7934 0.9700 0.7366
0.9100 0.8715 0.9100 1.0347
0.8700 0.9566 0.8700 1.1111
0.9200 1.0811 0.9200 1.1092
1.0000 1.0802 1.0000 1.0374
1.0800 1.1217 1.0800 1.0822
1.0900 1.0292 1.0900 0.9523
1.0800 0.9007 1.0800 0.8015
1.0500 0.9029 1.0500 0.9083
1.0000 1.0856 1.0000 1.2619
0.9300 1.2201 0.9300 1.2152
0.9200 1.2908 0.9200 1.1727
0.9500 1.1714 0.9500 1.0339
1.0200 1.1276 1.0200 1.0572
1.0200 1.0666 1.0200 1.0367
1.0000 0.9958 1.0000 0.9083
0.9600 0.8989 0.9600 0.8341
0.9500 0.9464 0.9500 1.0917
0.9500 1.0570 0.9500 1.1843
0.9500 1.2014 0.9500 1.2181
0.9500 1.0738 0.9500 0.9493
0.9600 1.0164 0.9600 0.9487
0.9500 0.9558 0.9500 0.9595
0.9400 0.9963 0.9400 1.0042
0.9300 1.0133 0.9300 1.0082
0.9200 1.0044 0.9200 0.9744
0.9400 1.0053 0.9400 1.0084
1.0000 1.0378 1.0000 1.0569
1.0800 0.9946 1.0800 0.9482
1.1800 0.9833 1.1800 0.9518
1.2900 0.9756 1.2900 0.9844
1.3900 0.9651 1.3900 0.9564
1.4500 1.0413 1.4500 1.0803
1.5300 1.1783 1.5300 1.2189
1.5900 1.2976 1.5900 1.2408
1.6400 1.4372 1.6400 1.3543
1.6300 1.5723 1.6300 1.4706
1.6400 1.6576 1.6400 1.5046
1.6600 1.6404 1.6600 1.4452
1.7000 1.7586 1.7000 1.6399
1.6600 1.7781 1.6600 1.6229
1.5400 1.7937 1.5400 1.5975
1.4000 1.6569 1.4000 1.4613
1.3000 1.6955 1.3000 1.6093
1.2500 1.7344 1.2500 1.6750
1.2000 1.7980 1.2000 1.6759
1.1700 1.5907 1.1700 1.3824
1.1200 1.3147 1.1200 1.1385
1.0700 1.2052 1.0700 1.1602
1.0300 1.1691 1.0300 1.2006
0.9700 1.1459 0.9700 1.2010
0.9400 1.0704 0.9400 1.0679
0.8800 1.0849 0.8800 1.1503
0.8500 1.0162 0.8500 1.0623
0.8200 0.9804 0.8200 1.0007
0.8100 0.9735 0.8100 1.0450
0.8100 0.9006 0.8100 0.8942
0.8100 0.9139 0.8100 1.0137
0.8000 0.8276 0.8000 0.8736
0.7700 0.8488 0.7700 0.9553
0.7300 0.8343 0.7300 0.9683
0.7500 0.8739 0.7500 0.9650
0.8400 0.8936 0.8400 0.9955
1.0000 0.8856 1.0000 0.9556
1.1700 0.8600 1.1700 0.9047
1.3500 0.8027 1.3500 0.8371
1.5000 0.7745 1.5000 0.8161
1.6400 0.8982 1.6400 1.0602
1.7700 1.1219 1.7700 1.2649
1.8800 1.3858 1.8800 1.4150
1.9500 1.5776 1.9500 1.4455
1.9500 1.7825 1.9500 1.6130
1.8900 1.8896 1.8900 1.6778
1.8200 2.0154 1.8200 1.7835
1.7400 2.1294 1.7400 1.9014
1.6800 2.1894 1.6800 1.9175
1.6100 2.1674 1.6100 1.8777
1.5400 2.0126 1.5400 1.7225
1.4400 1.8175 1.4400 1.5971
1.3500 1.7104 1.3500 1.6190
1.2700 1.5858 1.2700 1.5126
1.2100 1.5398 1.2100 1.5017
1.1600 1.4358 1.1600 1.4059
1.1400 1.3588 1.1400 1.3454
1.1600 1.2144 1.1600 1.2003
1.2300 1.1610 1.2300 1.1833
1.3100 1.1067 1.3100 1.1575
1.3600 1.0729 1.3600 1.1155
1.3200 1.0441 1.3200 1.0906
1.2200 1.0915 1.2200 1.1768
1.0800 1.2041 1.0800 1.2870
0.9600 1.3840 0.9600 1.3996
0.8800 1.4957 0.8800 1.4264
0.8400 1.4949 0.8400 1.3531
0.8300 1.2865 0.8300 1.1084
0.8200 1.1100 0.8200 0.9735
0.8300 0.9698 0.8300 0.8622
0.8100 0.8849 0.8100 0.8386
0.7800 0.8385 0.7800 0.9358
0.7700 0.8886 0.7700 1.0107
0.7700 0.9373 0.7700 1.0687
0.8100 0.9138 0.8100 1.0118
0.8800 0.9391 0.8800 1.0566
0.9800 0.8444 0.9800 0.8999
0.9900 0.8075 0.9900 0.8389
1.0100 0.8349 1.0100 0.9625
1.0400 0.8595 1.0400 0.9488
1.1300 0.9732 1.1300 1.0611
1.1500 1.0956 1.1500 1.1645
1.1100 1.2517 1.1100 1.2278
1.0500 1.0951 1.0500 0.9211
0.9900 1.1267 0.9900 1.0553
0.9600 1.1853 0.9600 1.1927
0.9400 1.3811 0.9400 1.3377
0.9000 1.2606 0.9000 1.0827
0.9400 1.0875 0.9400 0.9204
0.9500 1.0130 0.9500 0.9946
0.9900 0.9782 0.9900 0.9430
0.9500 0.9709 0.9500 0.9682
0.9400 0.9428 0.9400 0.9897
0.9400 0.8636 0.9400 0.8795
0.9600 1.0594 0.9600 1.2527
1.0000 1.0281 1.0000 1.0430
1.0100 1.1209 1.0100 1.0721
1.0000 0.9407 1.0000 0.8657
0.9700 0.9815 0.9700 0.9705
0.9400 1.0129 0.9400 1.0726
0.9300 1.0620 0.9300 1.0238
0.9100 1.1388 0.9100 1.1190
0.8900 1.0895 0.8900 1.0122
0.8500 1.0424 0.8500 0.9725
0.8300 0.9777 0.8300 0.9502
0.8300 0.9523 0.8300 0.9320
0.8800 0.9724 0.8800 1.0004
1.0200 0.9308 1.0200 0.9262
1.2100 0.9084 1.2100 0.9243
1.3900 0.8406 1.3900 0.8755
1.4900 0.8564 1.4900 0.9531
1.5400 0.9002 1.5400 1.0169
1.5300 1.0436 1.5300 1.1503
1.5100 1.3567 1.5100 1.4686
1.4800 1.6495 1.4800 1.5763
1.4700 1.8155 1.4700 1.6045
1.5100 1.7680 1.5100 1.4874
1.5800 1.7285 1.5800 1.5123
1.6400 1.6034 1.6400 1.4190
1.6600 1.5437 1.6600 1.4004
1.6400 1.4710 1.6400 1.3720
1.5900 1.4739 1.5900 1.4077
1.5500 1.6027 1.5500 1.5944
1.5200 1.7282 1.5200 1.6660
1.4900 1.7700 1.4900 1.6246
1.4400 1.7176 1.4400 1.5553
1.4100 1.6266 1.4100 1.4958
1.4300 1.5186 1.4300 1.4214
1.5300 1.4898 1.5300 1.4474
1.6300 1.4672 1.6300 1.4307
1.7000 1.4239 1.7000 1.3634
1.7100 1.3297 1.7100 1.2742
1.6900 1.3413 1.6900 1.3557
1.6600 1.4688 1.6600 1.5181
1.6400 1.7331 1.6400 1.7474
1.6500 1.8395 1.6500 1.7047
1.7000 1.8549 1.7000 1.6511
1.7900 1.7632 1.7900 1.5878
1.8900 1.6912 1.8900 1.5602
1.1900 1.0920 1.1900 1.1251
1.1800 1.1861 1.1800 1.1551
1.1400 1.1268 1.1400 1.0561
1.1600 1.0667 1.1600 1.0056
1.2600 1.1748 1.2600 1.2195
1.4200 1.2890 1.4200 1.2852
1.5600 1.3365 1.5600 1.2353
1.6700 1.2073 1.6700 1.0650
1.7600 1.1090 1.7600 1.0390
1.5900 1.7209 1.5900 1.5917
1.5900 1.5880 1.5900 1.4990
1.5700 1.5904 1.5700 1.5861
1.5300 1.5822 1.5300 1.5684
1.4900 1.5417 1.4900 1.4664
1.4700 1.5410 1.4700 1.5111
1.4700 1.5547 1.4700 1.5363
1.4500 1.5805 1.4500 1.5381
1.4200 1.5246 1.4200 1.4423
1.3700 1.4468 1.3700 1.3724
1.3500 1.4110 1.3500 1.3922
1.3500 1.4313 1.3500 1.4295
1.3500 1.4693 1.3500 1.4446
1.3200 1.4073 1.3200 1.3261
1.2900 1.3588 1.2900 1.3050
1.2700 1.2761 1.2700 1.2490
1.2600 1.3171 1.2600 1.3320
1.2700 1.3595 1.2700 1.3618
1.3400 1.3557 1.3400 1.2924
1.4200 1.2690 1.4200 1.1934
1.4900 1.2433 1.4900 1.2271
1.4400 1.2503 1.4400 1.2584
1.3700 1.2592 1.3700 1.2325
1.3200 1.3075 1.3200 1.2869
1.3600 1.4985 1.3600 1.5147
1.4000 1.6059 1.4000 1.5285
1.4400 1.6589 1.4400 1.5070
1.4500 1.3789 1.4500 1.1496
1.4100 1.2684 1.4100 1.1919
1.3300 1.2692 1.3300 1.3220
1.2300 1.4629 1.2300 1.4993
1.1400 1.4920 1.1400 1.3993
1.0700 1.5206 1.0700 1.4014
1.0100 1.4876 1.0100 1.4144
0.9700 1.3568 0.9700 1.2411
0.9400 1.2117 0.9400 1.1229
0.9300 1.1105 0.9300 1.0400
0.9600 1.0370 0.9600 1.0083
0.9900 0.9772 0.9900 0.9920
1.0200 0.9153 1.0200 0.9802
1.0400 0.8996 1.0400 1.0377
1.0700 0.9069 1.0700 1.0422
1.0900 0.9414 1.0900 1.0647
1.0500 1.0595 1.0500 1.1866
1.0200 1.0993 1.0200 1.1046
1.0000 1.1330 1.0000 1.0753
1.0200 1.1403 1.0200 1.0940
1.0100 1.1920 1.0100 1.1513
0.9600 1.1946 0.9600 1.1288
0.9200 1.0340 0.9200 0.9101
0.9000 1.0172 0.9000 1.0023
0.9200 1.0182 0.9200 1.0466
0.9200 1.1089 0.9200 1.1079
0.9300 1.0401 0.9300 0.9743
0.9200 0.9089 0.9200 0.8437
0.9400 0.9047 0.9400 0.9659
0.9400 0.9207 0.9400 1.0183
0.9000 1.0155 0.9000 1.0847
0.8600 0.9779 0.8600 0.9614
0.8200 1.0050 0.8200 1.0140
0.8300 0.9671 0.8300 0.9719
0.8800 1.0446 0.8800 1.0643
0.9500 1.0121 0.9500 0.9713
1.0400 0.8908 1.0400 0.8181
1.1700 0.8673 1.1700 0.8845
1.3000 0.8406 1.3000 0.8995
1.4000 0.9180 1.4000 1.0429
1.4600 1.0480 1.4600 1.1610
1.5800 1.1506 1.5800 1.1564
1.7600 1.2817 1.7600 1.2326
1.9600 1.4953 1.9600 1.4438
2.1400 1.6337 2.1400 1.4980
2.3000 1.6751 2.3000 1.4656
2.4400 1.6576 2.4400 1.4630
2.5500 1.8972 2.5500 1.8226
2.5400 2.1989 2.5400 2.0876
2.5600 2.4242 2.5600 2.1445
2.5600 2.5602 2.5600 2.2319
2.6300 2.6884 2.6300 2.3865
2.6800 2.7998 2.6800 2.4933
2.6800 2.8464 2.6800 2.4959
2.6000 2.5816 2.6000 2.1192
2.4600 2.6478 2.4600 2.4682
2.3300 2.5989 2.3300 2.4334
2.2400 2.7680 2.2400 2.5796
2.1500 2.7676 2.1500 2.5442
2.0600 2.6456 2.0600 2.3258
1.9400 2.4229 1.9400 2.1978
1.8100 2.1619 1.8100 2.0080
1.6600 2.0435 1.6600 2.0262
1.5200 2.0069 1.5200 2.0253
1.4200 1.8872 1.4200 1.8149
1.3500 1.7853 1.3500 1.7540
1.3000 1.6126 1.3000 1.6150
1.2400 1.4823 1.2400 1.4998
1.2000 1.3413 1.2000 1.3347
1.1700 1.2342 1.1700 1.2458
1.1500 1.1866 1.1500 1.2877
1.1600 1.1442 1.1600 1.2409
1.1700 1.1437 1.1700 1.2028
1.2000 1.0812 1.2000 1.1139
1.2100 1.0992 1.2100 1.1693
1.2400 1.1082 1.2400 1.1583
1.2400 1.1173 1.2400 1.1214
1.2200 1.1948 1.2200 1.2190
1.1800 1.2129 1.1800 1.1908
1.1400 1.2872 1.1400 1.2556
1.1000 1.2664 1.1000 1.2051
1.0700 1.3369 1.0700 1.2919
1.0500 1.2846 1.0500 1.2075
1.0300 1.2199 1.0300 1.1250
1.0400 1.1415 1.0400 1.1009
1.0800 1.0964 1.0800 1.0795
1.1700 1.0539 1.1700 1.0446
1.2800 1.0385 1.2800 1.0391
1.3900 1.0387 1.3900 1.0514
1.5100 1.0216 1.5100 1.0221
1.6000 1.0939 1.6000 1.1378
1.6500 1.1991 1.6500 1.2259
1.6200 1.3902 1.6200 1.3729
1.5900 1.5464 1.5900 1.4688
1.5300 1.6609 1.5300 1.5189
1.5000 1.8101 1.5000 1.6750
1.4500 1.8479 1.4500 1.6531
1.4300 1.8165 1.4300 1.5865
1.4200 1.6225 1.4200 1.3948
1.4400 1.5797 1.4400 1.4818
1.4400 1.4475 1.4400 1.3647
1.4200 1.4511 1.4200 1.3987
1.4300 1.3504 1.4300 1.3026
1.4700 1.3775 1.4700 1.3640
1.5100 1.3951 1.5100 1.4049
1.5600 1.4752 1.5600 1.4535
1.6000 1.4447 1.6000 1.3720
1.6400 1.3868 1.6400 1.3006
1.6600 1.4661 1.6600 1.4747
1.6400 1.5703 1.6400 1.5516
1.6000 1.6081 1.6000 1.4935
1.5700 1.6781 1.5700 1.5824
1.5500 1.7050 1.5500 1.6034
1.5400 1.7487 1.5400 1.6302
1.5400 1.7312 1.5400 1.5980
1.5600 1.6258 1.5600 1.4660
1.5800 1.5412 1.5800 1.4432
1.6100 1.5250 1.6100 1.4937
1.6400 1.5157 1.6400 1.4695
1.6500 1.5164 1.6500 1.4592
1.6800 1.5341 1.6800 1.4928
1.7100 1.5978 1.7100 1.5646
1.7300 1.6240 1.7300 1.5518
1.7400 1.6780 1.7400 1.5987
1.7400 1.7146 1.7400 1.6297
1.7600 1.6861 1.7600 1.5580
1.7600 1.7584 1.7600 1.6851
1.7400 1.7904 1.7400 1.6988
1.7300 1.7848 1.7300 1.6383
1.7300 1.7745 1.7300 1.6583
1.7300 1.7532 1.7300 1.6496
1.7000 1.8126 1.7000 1.7400
1.6400 1.7690 1.6400 1.6440
1.6100 1.7013 1.6100 1.5644
1.6000 1.7129 1.6000 1.6672
1.6100 1.7316 1.6100 1.6760
1.5700 1.7271 1.5700 1.6271
1.5400 1.6335 1.5400 1.5153
1.5300 1.5124 1.5300 1.4246
1.5500 1.5451 1.5500 1.5639
1.5600 1.5743 1.5600 1.5650
1.5500 1.6172 1.5500 1.5522
1.5200 1.4775 1.5200 1.3580
1.5200 1.4703 1.5200 1.4414
1.5300 1.5134 1.5300 1.5415
1.5500 1.5908 1.5500 1.5500
1.5600 1.5808 1.5600 1.4842
1.5500 1.5298 1.5500 1.4295
1.5300 1.4680 1.5300 1.4056
1.5200 1.5314 1.5200 1.5257
1.5100 1.5622 1.5100 1.5155
1.5000 1.5954 1.5000 1.5063
1.4900 1.5873 1.4900 1.5029
1.4700 1.5395 1.4700 1.4443
1.4500 1.5039 1.4500 1.4355
1.4400 1.5139 1.4400 1.4755
1.4300 1.5006 1.4300 1.4389
1.4200 1.4854 1.4200 1.4159
1.4200 1.4749 1.4200 1.4252
1.4100 1.4357 1.4100 1.3760
1.4100 1.4167 1.4100 1.3706
1.3900 1.4279 1.3900 1.4029
1.3900 1.4178 1.3900 1.3693
1.3800 1.4073 1.3800 1.3537
1.3700 1.4293 1.3700 1.3986
1.3500 1.4019 1.3500 1.3429
1.3500 1.4226 1.3500 1.3769
1.3600 1.3658 1.3600 1.3034
1.3800 1.4039 1.3800 1.3712
1.3700 1.3780 1.3700 1.3335
1.3500 1.3639 1.3500 1.2983
1.3200 1.3269 1.3200 1.2826
1.2900 1.3655 1.2900 1.3478
1.2600 1.3988 1.2600 1.3684
1.2300 1.4369 1.2300 1.3768
1.1900 1.3699 1.1900 1.2755
1.1800 1.3305 1.1800 1.2666
1.1700 1.2853 1.1700 1.2548
1.1800 1.2519 1.1800 1.2151
1.2400 1.2189 1.2400 1.1915
1.3100 1.1852 1.3100 1.1631
1.3700 1.1260 1.3700 1.1023
1.3800 1.1762 1.3800 1.2009
1.3600 1.1718 1.3600 1.1641
1.3400 1.2212 1.3400 1.1976
1.3200 1.3863 1.3200 1.4087
1.2700 1.4824 1.2700 1.4170
1.2100 1.5262 1.2100 1.3947
1.1600 1.4437 1.1600 1.2998
1.1400 1.3666 1.1400 1.2607
1.1400 1.3469 1.1400 1.3055
1.1800 1.3171 1.1800 1.2616
1.2200 1.1952 1.2200 1.1041
1.2600 1.1081 1.2600 1.0764
1.2500 1.0775 1.2500 1.1102
1.2400 1.1150 1.2400 1.1510
1.2400 1.1559 1.2400 1.1617
1.2400 1.2765 1.2400 1.2843
1.2200 1.3260 1.2200 1.2821
1.1900 1.3721 1.1900 1.2941
1.1600 1.2733 1.1600 1.1636
1.1400 1.2635 1.1400 1.2069
1.1200 1.2866 1.1200 1.2746
1.1100 1.2784 1.1100 1.2109
1.0900 1.2127 1.0900 1.1317
1.0700 1.1589 1.0700 1.1202
1.0500 1.1308 1.0500 1.1232
1.0500 1.1301 1.0500 1.1238
1.0600 1.1093 1.0600 1.0882
1.0700 1.1181 1.0700 1.1070
1.0700 1.0825 1.0700 1.0598
1.0600 1.0647 1.0600 1.0451
1.0400 1.0494 1.0400 1.0450
0.9900 1.0898 0.9900 1.0942
0.9400 1.1224 0.9400 1.1092
0.9000 1.1328 0.9000 1.0906
0.8700 1.1163 0.8700 1.0708
0.8500 1.0896 0.8500 1.0507
0.8300 1.0525 0.8300 1.0194
0.8200 0.9536 0.8200 0.9000
0.8200 0.9158 0.8200 0.8956
0.8200 0.8916 0.8200 0.9529
0.8200 0.8704 0.8200 0.9410
0.8300 0.8649 0.8300 0.9578
0.8400 0.8550 0.8400 0.9440
0.8700 0.8686 0.8700 0.9671
0.8900 0.8911 0.8900 0.9881
0.9000 0.8958 0.9000 0.9507
0.9100 0.8985 0.9100 0.9411
0.9200 0.9294 0.9200 0.9865
0.9300 0.9419 0.9300 0.9677
0.9200 1.0082 0.9200 1.0354
0.9100 1.0107 0.9100 0.9873
0.9000 0.9989 0.9000 0.9393
0.9000 1.0090 0.9000 0.9863
0.9000 1.0181 0.9000 0.9874
0.8900 1.0257 0.8900 0.9825
0.8900 0.9748 0.8900 0.9188
0.8800 0.9614 0.8800 0.9389
0.8900 0.9521 0.8900 0.9618
0.9100 0.9692 0.9100 0.9798
0.9600 0.9688 0.9600 0.9725
1.0300 0.9388 1.0300 0.9272
1.1000 0.9584 1.1000 0.9887
1.1400 0.9328 1.1400 0.9417
1.1900 0.9791 1.1900 1.0072
1.2300 1.0203 1.2300 1.0492
1.2700 1.1251 1.2700 1.1312
1.2700 1.2353 1.2700 1.1966
1.2400 1.3049 1.2400 1.2157
1.2100 1.2882 1.2100 1.1650
1.1700 1.3570 1.1700 1.2840
1.1400 1.3796 1.1400 1.2946
1.1200 1.4114 1.1200 1.2986
1.1200 1.3275 1.1200 1.1986
1.1300 1.2290 1.1300 1.1239
1.1200 1.1956 1.1200 1.1710
1.1200 1.1289 1.1200 1.0937
1.1300 1.1097 1.1300 1.0878
1.1800 1.1058 1.1800 1.1106
1.2800 1.1443 1.2800 1.1464
1.3800 1.1782 1.3800 1.1640
1.4800 1.1330 1.4800 1.0758
1.5500 1.1563 1.5500 1.1374
1.6000 1.1921 1.6000 1.1865
1.6300 1.3206 1.6300 1.3049
1.6600 1.5215 1.6600 1.4964
1.6800 1.6233 1.6800 1.4971
1.6700 1.7268 1.6700 1.5745
1.6300 1.7471 1.6300 1.5848
1.5700 1.7597 1.5700 1.5879
1.5000 1.7495 1.5000 1.5953
1.4100 1.7693 1.4100 1.6333
1.3300 1.7591 1.3300 1.6198
1.2400 1.6757 1.2400 1.5150
1.1400 1.5670 1.1400 1.4448
1.0500 1.4603 1.0500 1.3919
0.9700 1.3619 0.9700 1.3219
0.9200 1.2409 0.9200 1.1860
0.8700 1.1741 0.8700 1.1764
0.8500 1.0745 0.8500 1.0715
0.8700 0.9741 0.8700 0.9447
0.9200 0.9110 0.9200 0.9779
1.0400 0.8571 1.0400 0.9722
1.1800 0.8806 1.1800 1.0237
1.3400 0.8484 1.3400 0.9593
1.4400 0.8928 1.4400 1.0318
1.5100 0.9941 1.5100 1.1594
1.5500 1.0742 1.5500 1.1710
1.5200 1.3310 1.5200 1.3970
1.4600 1.5201 1.4600 1.4446
1.4300 1.7237 1.4300 1.5745
1.4200 1.7171 1.4200 1.4914
1.4000 1.7290 1.4000 1.5186
1.3400 1.7154 1.3400 1.5579
1.2600 1.5312 1.2600 1.3048
1.1700 1.3918 1.1700 1.2540
1.1000 1.4044 1.1000 1.4126
1.0500 1.4174 1.0500 1.3866
1.0200 1.3623 1.0200 1.2697
0.9800 1.2183 0.9800 1.1417
0.9100 1.1136 0.9100 1.0957
0.9000 1.0429 0.9000 1.0291
0.9400 1.0066 0.9400 1.0182
1.0300 0.9710 1.0300 1.0386
1.1000 0.9681 1.1000 1.0606
1.1300 0.9185 1.1300 0.9804
1.1500 0.8257 1.1500 0.8464
1.1600 0.9171 1.1600 1.1264
1.1300 1.0667 1.1300 1.2466
1.0600 1.2540 1.0600 1.2774
0.9900 1.2908 0.9900 1.1897
0.9400 1.2471 0.9400 1.1176
0.9300 1.2577 0.9300 1.1969
0.9100 1.2511 0.9100 1.1878
0.9000 1.1355 0.9000 1.0175
0.8700 1.0041 0.8700 0.8990
0.8400 0.9462 0.8400 0.9180
0.8200 0.9209 0.8200 0.9638
0.8000 0.9488 0.8000 1.0597
0.7700 0.9118 0.7700 0.9596
0.7400 0.9232 0.7400 0.9934
0.7300 0.8683 0.7300 0.9337
0.7300 0.8473 0.7300 0.9017
0.7600 0.8514 0.7600 0.9505
0.7800 0.8346 0.7800 0.9090
0.8200 0.7983 0.8200 0.8494
0.8500 0.7898 0.8500 0.8690
0.8700 0.8254 0.8700 0.9445
0.8900 0.8511 0.8900 0.9375
0.9400 0.9322 0.9400 1.0187
1.0400 0.9100 1.0400 0.9582
1.2000 0.9850 1.2000 1.0221
1.3400 1.0013 1.3400 0.9983
1.4400 0.9996 1.4400 0.9350
1.4900 1.0184 1.4900 0.9803
1.5100 1.1213 1.5100 1.1146
1.5000 1.3142 1.5000 1.2903
1.4500 1.5871 1.4500 1.5254
1.3800 1.6894 1.3800 1.5021
1.3200 1.7106 1.3200 1.4781
1.2700 1.6708 1.2700 1.4813
1.2400 1.6304 1.2400 1.4659
1.2400 1.5505 1.2400 1.3965
1.2600 1.3990 1.2600 1.2498
1.3000 1.2764 1.3000 1.1921
1.3400 1.2221 1.3400 1.2180
1.3900 1.1744 1.3900 1.1790
1.4300 1.1776 1.4300 1.1864
1.5300 1.2387 1.5300 1.2676
1.6800 1.3054 1.6800 1.3032
1.8200 1.3937 1.8200 1.3644
1.9100 1.4437 1.9100 1.3812
1.9800 1.5209 1.9800 1.4490
2.0600 1.5485 2.0600 1.4511
2.0800 1.7699 2.0800 1.7223
2.0600 2.0275 2.0600 1.9471
2.0200 2.1438 2.0200 1.8972
2.0100 2.1368 2.0100 1.8488
2.0100 2.1769 2.0100 1.9779
1.9800 2.2844 1.9800 2.1231
1.9200 2.1709 1.9200 1.8714
1.8300 2.0505 1.8300 1.7949
1.7400 1.9626 1.7400 1.8471
1.6400 1.9977 1.6400 1.9308
1.5400 2.0032 1.5400 1.8957
1.4200 1.8948 1.4200 1.7221
1.2900 1.7727 1.2900 1.6645
1.1400 1.6254 1.1400 1.5717
1.0200 1.5326 1.0200 1.5186
0.9300 1.4128 0.9300 1.3929
0.9000 1.3114 0.9000 1.2979
0.8800 1.1740 0.8800 1.1529
0.8800 1.0523 0.8800 1.0326
0.8700 0.9063 0.8700 0.8859
0.8500 0.8456 0.8500 0.9672
0.8200 0.8608 0.8200 1.0180
0.7900 0.9383 0.7900 1.1363
0.7500 0.9422 0.7500 1.0710
0.7400 0.9644 0.7400 1.0729
0.7300 0.9093 0.7300 1.0148
0.7400 0.8721 0.7400 0.9261
0.8100 0.8346 0.8100 0.8902
0.9400 0.8209 0.9400 0.8838
1.0900 0.7838 1.0900 0.8307
1.2400 0.8293 1.2400 0.9460
1.2900 0.8319 1.2900 0.9199
1.2700 0.8778 1.2700 0.9500
1.1600 1.0520 1.1600 1.1938
1.0600 1.2735 1.0600 1.3519
0.9900 1.4636 0.9900 1.3542
0.9600 1.6151 0.9600 1.4572
0.9300 1.4776 0.9300 1.2265
0.9000 1.3187 0.9000 1.1148
0.8800 1.0979 0.8800 0.9147
0.8700 1.0353 0.8700 0.9270
0.8700 0.9757 0.8700 0.9648
0.8800 0.9437 0.8800 1.0028
0.8900 0.9027 0.8900 0.9717
0.9100 0.8826 0.9100 0.9765
0.9400 0.8853 0.9400 1.0253
0.9600 0.9056 0.9600 1.0094
0.9900 0.9319 0.9900 0.9971
1.0200 0.9645 1.0200 1.0183
1.0400 0.9782 1.0400 0.9989
1.0400 1.0192 1.0400 1.0313
1.0300 1.0706 1.0300 1.0669
1.0000 1.0721 1.0000 1.0123
0.9600 1.1191 0.9600 1.0752
0.9400 1.1498 0.9400 1.1053
0.9400 1.1479 0.9400 1.0719
0.9700 1.1069 0.9700 1.0321
0.9900 1.0742 0.9900 1.0253
1.0000 1.0040 1.0000 0.9586
1.0300 0.9502 1.0300 0.9106
1.0500 0.9557 1.0500 0.9977
1.0700 0.9935 1.0700 1.0485
1.0600 1.0799 1.0600 1.1184
1.0600 1.0837 1.0600 1.0483
1.0400 1.0761 1.0400 1.0186
1.0400 1.1498 1.0400 1.1429
1.0500 1.1545 1.0500 1.1003
1.0800 1.1706 1.0800 1.0979
1.1100 1.1018 1.1100 1.0299
1.1500 1.1167 1.1500 1.0836
1.1800 1.0597 1.1800 1.0195
1.1900 1.0910 1.1900 1.0672
1.1800 1.1211 1.1800 1.1131
1.1800 1.1860 1.1800 1.1544
1.1800 1.2184 1.1800 1.1675
1.1600 1.2777 1.1600 1.2238
1.1600 1.2927 1.1600 1.2213
1.1700 1.2629 1.1700 1.1674
1.2100 1.2132 1.2100 1.1369
1.2200 1.2293 1.2200 1.1976
1.2200 1.2263 1.2200 1.1828
1.1900 1.1602 1.1900 1.0811
1.1700 1.1953 1.1700 1.1831
1.1600 1.2270 1.1600 1.2174
1.1600 1.3243 1.1600 1.2915
1.1800 1.2780 1.1800 1.1858
1.2000 1.2561 1.2000 1.1759
1.1800 1.1738 1.1800 1.1222
1.1600 1.1701 1.1600 1.1448
1.1400 1.1792 1.1400 1.1702
1.1400 1.1920 1.1400 1.1570
1.1400 1.2501 1.1400 1.2306
1.1200 1.2722 1.1200 1.2282
1.1100 1.1767 1.1100 1.0782
1.1200 1.1581 1.1200 1.1266
1.1300 1.1423 1.1300 1.1398
1.1400 1.1777 1.1400 1.1575
1.1400 1.1759 1.1400 1.1396
1.1300 1.1139 1.1300 1.0520
1.0700 1.1257 1.0700 1.1176
1.0100 1.1793 1.0100 1.1890
0.9600 1.1902 0.9600 1.1420
0.9600 1.1991 0.9600 1.1457
0.9700 1.1817 0.9700 1.1368
1.0200 1.1541 1.0200 1.1053
1.0800 1.0034 1.0800 0.9210
1.1300 0.9638 1.1300 0.9295
1.0900 0.9332 1.0900 0.9728
1.0000 0.9988 1.0000 1.1034
0.9600 1.0308 0.9600 1.0777
0.9500 1.1565 0.9500 1.2006
0.9900 1.2471 0.9900 1.2326
1.0100 1.2830 1.0100 1.1908
1.0500 1.0754 1.0500 0.9178
1.0700 0.9373 1.0700 0.8273
1.0700 0.9827 1.0700 1.0477
1.0700 0.9881 1.0700 1.0500
1.0800 1.1107 1.0800 1.1332
1.0800 1.0919 1.0800 1.0616
1.0800 1.1723 1.0800 1.1513
1.0700 1.1691 1.0700 1.1271
1.0500 1.1310 1.0500 1.0429
1.0300 1.1322 1.0300 1.0953
1.0400 1.1582 1.0400 1.1329
1.0400 1.1354 1.0400 1.0718
1.0200 1.1296 1.0200 1.0808
0.9700 1.0999 0.9700 1.0640
0.9400 1.0596 0.9400 1.0182
0.9400 1.0394 0.9400 1.0214
0.9800 1.1063 0.9800 1.1204
0.9900 1.0885 0.9900 1.0484
0.9900 1.0273 0.9900 0.9611
0.9800 0.9262 0.9800 0.8942
0.9700 0.9390 0.9700 0.9883
0.9800 0.9949 0.9800 1.0790
1.0000 1.1090 1.0000 1.1551
1.0000 1.0633 1.0000 0.9876
1.0100 1.0434 1.0100 0.9863
1.0300 1.0236 1.0300 1.0139
1.0300 1.0154 1.0300 0.9884
1.0200 1.0624 1.0200 1.0520
1.0000 1.0984 1.0000 1.0733
0.9900 1.0583 0.9900 0.9890
1.0000 1.0862 1.0000 1.0600
1.0200 1.1295 1.0200 1.1187
1.0400 1.0907 1.0400 1.0168
1.0600 1.0584 1.0600 1.0026
1.0700 1.0192 1.0700 0.9960
1.0600 1.0273 1.0600 1.0159
1.0300 1.0749 1.0300 1.0752
0.9900 1.1121 0.9900 1.0834
0.9700 1.1316 0.9700 1.0837
0.9700 1.1533 0.9700 1.1104
1.0000 1.1470 1.0000 1.0938
1.0200 1.0987 1.0200 1.0323
1.0400 1.0285 1.0400 0.9773
1.0500 0.9731 1.0500 0.9452
1.0600 0.9829 1.0600 1.0069
1.0700 1.0202 1.0700 1.0570
1.0800 1.1059 1.0800 1.1321
1.0800 1.1097 1.0800 1.0617
1.0600 1.1313 1.0600 1.0809
1.0300 1.1288 1.0300 1.0894
1.0300 1.1397 1.0300 1.0925
1.0500 1.1497 1.0500 1.1056
1.0800 1.1560 1.0800 1.1062
1.0900 1.1344 1.0900 1.0775
1.0900 1.0732 1.0900 1.0141
1.0800 1.0224 1.0800 0.9909
1.0600 1.0792 1.0600 1.0999
1.0200 1.1380 1.0200 1.1333
0.9700 1.1844 0.9700 1.1346
0.9300 1.1570 0.9300 1.0872
0.9300 1.1398 0.9300 1.0879
0.9600 1.1152 0.9600 1.0798
0.9800 1.0745 0.9800 1.0296
1.0200 0.9930 1.0200 0.9483
1.0600 0.9372 1.0600 0.9060
1.1000 0.9142 1.1000 0.9525
1.1200 0.9766 1.1200 1.0894
1.1000 1.0667 1.1000 1.1408
1.0600 1.0696 1.0600 1.0336
1.0200 1.1509 1.0200 1.1408
0.9900 1.2004 0.9900 1.1676
0.9600 1.2420 0.9600 1.1643
0.9400 1.2241 0.9400 1.1356
0.9300 1.1231 0.9300 1.0207
0.9400 1.0410 0.9400 0.9874
0.9700 1.0087 0.9700 0.9928
1.0000 0.9856 1.0000 0.9804
1.0300 0.9464 1.0300 0.9445
1.0600 0.9439 1.0600 0.9890
1.1300 0.9576 1.1300 1.0259
1.1800 1.0105 1.1800 1.0708
1.2400 1.0837 1.2400 1.1180
1.2700 1.1171 1.2700 1.0777
1.2900 1.1493 1.2900 1.0957
1.2800 1.1824 1.2800 1.1343
1.2600 1.3305 1.2600 1.3061
1.2300 1.3435 1.2300 1.2392
1.2200 1.4161 1.2200 1.3079
1.2100 1.3909 1.2100 1.2863
1.1900 1.3859 1.1900 1.2742
1.1500 1.3162 1.1500 1.2182
1.0900 1.2662 1.0900 1.1878
1.0300 1.2109 1.0300 1.1634
1.0300 1.2310 1.0300 1.2144
1.0900 1.2178 1.0900 1.1864
1.2100 1.1736 1.2100 1.1183
1.3300 1.0964 1.3300 1.0598
1.4500 1.0090 1.4500 0.9805
1.5400 0.9674 1.5400 0.9588
1.6000 1.0592 1.6000 1.1832
1.6100 1.2392 1.6100 1.3317
1.5800 1.4778 1.5800 1.4521
1.5600 1.6072 1.5600 1.4912
1.5800 1.7378 1.5800 1.5902
1.6300 1.7856 1.6300 1.6156
1.6900 1.7901 1.6900 1.5907
1.7200 1.6989 1.7200 1.4968
1.7500 1.5756 1.7500 1.4055
1.7900 1.5618 1.7900 1.4942
1.8500 1.6464 1.8500 1.6172
1.9200 1.7422 1.9200 1.6612
1.9800 1.8154 1.9800 1.6962
2.0300 1.7890 2.0300 1.6363
2.0300 1.8279 2.0300 1.7216
2.0100 1.8976 2.0100 1.8142
1.9600 1.9948 1.9600 1.8713
1.9200 2.0814 1.9200 1.9304
1.8900 2.1180 1.8900 1.9345
1.8500 2.1504 1.8500 1.9743
1.8100 2.0516 1.8100 1.8388
1.7500 1.9875 1.7500 1.8236
1.6900 1.8725 1.6900 1.7470
1.6400 1.8367 1.6400 1.7509
1.6300 1.8162 1.6300 1.7606
1.6500 1.7418 1.6500 1.6441
1.6800 1.6989 1.6800 1.6420
1.6900 1.6004 1.6900 1.5500
1.6900 1.5411 1.6900 1.5104
1.6900 1.5138 1.6900 1.5186
1.6800 1.5833 1.6800 1.6025
1.6600 1.6672 1.6600 1.6539
1.6100 1.7209 1.6100 1.6475
1.5400 1.7009 1.5400 1.5947
1.4800 1.6917 1.4800 1.6070
1.4300 1.7011 1.4300 1.6369
1.4000 1.6702 1.4000 1.5717
1.3700 1.6251 1.3700 1.5269
1.3400 1.5103 1.3400 1.4168
1.3000 1.3953 1.3000 1.3346
1.2200 1.3528 1.2200 1.3619
1.1500 1.3181 1.1500 1.3236
1.0800 1.3238 1.0800 1.3243
1.0500 1.2955 1.0500 1.2841
1.0400 1.2701 1.0400 1.2538
1.0700 1.2193 1.0700 1.2064
1.1300 1.0758 1.1300 1.0209
1.1900 1.0429 1.1900 1.0498
1.2200 0.9844 1.2200 1.0030
1.2100 1.0009 1.2100 1.0842
1.1600 1.0362 1.1600 1.1237
1.0900 1.1478 1.0900 1.2172
1.0100 1.2787 1.0100 1.3012
0.9400 1.3477 0.9400 1.2765
0.9000 1.3276 0.9000 1.2130
0.8700 1.2444 0.8700 1.1385
0.8500 1.1176 0.8500 1.0374
0.8400 1.0403 0.8400 0.9659
0.8300 0.9547 0.8300 0.8988
0.8000 0.8914 0.8000 0.8896
0.7800 0.8738 0.7800 0.9990
0.7800 0.8716 0.7800 0.9806
0.8400 0.8811 0.8400 0.9765
0.9500 0.8925 0.9500 1.0082
1.0800 0.8759 1.0800 0.9662
1.2200 0.8159 1.2200 0.8571
1.3200 0.8186 1.3200 0.9141
1.3800 0.8665 1.3800 0.9892
1.3800 1.0415 1.3800 1.1661
1.3200 1.2391 1.3200 1.2997
1.2700 1.4067 1.2700 1.3127
1.2300 1.5699 1.2300 1.4439
1.2200 1.6000 1.2200 1.4156
1.2200 1.5837 1.2200 1.3853
1.2300 1.4649 1.2300 1.2833
1.2100 1.2731 1.2100 1.1105
1.1900 1.2398 1.1900 1.1922
1.1900 1.1906 1.1900 1.1807
1.1900 1.2187 1.1900 1.1989
1.1900 1.2326 1.1900 1.2156
1.1300 1.2624 1.1300 1.2360
1.0400 1.1926 1.0400 1.1327
0.9400 1.1769 0.9400 1.1477
0.8700 1.2232 0.8700 1.2384
0.8400 1.2230 0.8400 1.1800
0.8200 1.2206 0.8200 1.1655
0.8200 1.0444 0.8200 0.9574
0.8400 0.9436 0.8400 0.8718
0.8700 0.8634 0.8700 0.8523
0.9000 0.8380 0.9000 0.9180
0.8800 0.8803 0.8800 1.0170
0.8500 0.8855 0.8500 0.9753
0.8200 0.9221 0.8200 1.0253
0.8200 0.9654 0.8200 1.0909
0.8200 0.9975 0.8200 1.0613
0.8300 1.0331 0.8300 1.0276
0.8300 0.9226 0.8300 0.8454
0.8700 0.8767 0.8700 0.8540
0.9900 0.8627 0.9900 0.9024
1.1000 0.8997 1.1000 0.9748
1.2900 0.8987 1.2900 0.9405
1.4900 0.9226 1.4900 0.9679
1.7600 0.9083 1.7600 0.9482
2.0100 1.0235 2.0100 1.1004
2.2000 1.2991 2.2000 1.3973
2.3200 1.3919 2.3200 1.2696
2.3800 1.7318 2.3800 1.6430
2.3900 1.9697 2.3900 1.8350
2.3800 2.3817 2.3800 2.1723
2.3700 2.6097 2.3700 2.2952
2.3400 2.6745 2.3400 2.2218
2.3100 2.6681 2.3100 2.2723
2.2400 2.6062 2.2400 2.2514
2.1700 2.5006 2.1700 2.1674
2.1000 2.4195 2.1000 2.1592
2.0800 2.3773 2.0800 2.1856
2.1300 2.2770 2.1300 2.0744
2.2200 2.2274 2.2200 2.0865
2.3200 2.0683 2.3200 1.9262
2.3800 1.9898 2.3800 1.9098
2.4100 1.9194 2.4100 1.8931
2.4100 1.9914 2.4100 1.9926
2.3900 2.1848 2.3900 2.2025
2.3600 2.3559 2.3600 2.2608
2.3400 2.4878 2.3400 2.3167
2.3200 2.4876 2.3200 2.2605
2.3100 2.4774 2.3100 2.2666
2.2900 2.4303 2.2900 2.2402
2.2800 2.3626 2.2800 2.1641
2.2600 2.2991 2.2600 2.1350
2.2400 2.2832 2.2400 2.1657
2.2300 2.2515 2.2300 2.1286
2.2300 2.2535 2.2300 2.1442
2.2300 2.2132 2.2300 2.0977
2.2400 2.2240 2.2400 2.1298
2.2600 2.1886 2.2600 2.0820
2.2800 2.1670 2.2800 2.0536
2.2900 2.1809 2.2900 2.1040
2.2900 2.2000 2.2900 2.1054
2.2800 2.2002 2.2800 2.0790
2.2700 2.2324 2.2700 2.1291
2.2700 2.2775 2.2700 2.1748
2.2600 2.2997 2.2600 2.1596
2.2400 2.2921 2.2400 2.1363
2.2100 2.2748 2.2100 2.1308
2.1900 2.2463 2.1900 2.1091
2.1600 2.2344 2.1600 2.1104
2.1300 2.2512 2.1300 2.1433
2.1000 2.2160 2.1000 2.0742
2.0900 2.1725 2.0900 2.0356
2.0800 2.1238 2.0800 2.0190
2.0700 2.1235 2.0700 2.0445
2.0600 2.0713 2.0600 1.9626
2.0500 2.0362 2.0500 1.9347
2.0400 2.0076 2.0400 1.9378
2.0300 2.0374 2.0300 1.9817
2.0300 2.0290 2.0300 1.9398
2.0400 2.0182 2.0400 1.9138
2.0500 2.0140 2.0500 1.9327
2.0500 2.0073 2.0500 1.9176
2.0500 1.9998 2.0500 1.9038
2.0600 1.9902 2.0600 1.8950
2.0600 2.0111 2.0600 1.9285
2.0500 2.0425 2.0500 1.9546
2.0100 2.0529 2.0100 1.9372
1.9700 2.0345 1.9700 1.9076
1.9500 2.0378 1.9500 1.9347
1.9300 2.0710 1.9300 1.9814
1.9100 2.0492 1.9100 1.9153
1.9000 2.0163 1.9000 1.8825
1.8900 1.9159 1.8900 1.7886
1.8600 1.8737 1.8600 1.7955
1.8300 1.8933 1.8300 1.8607
1.8100 1.8654 1.8100 1.7754
1.8200 1.8409 1.8200 1.7497
1.8300 1.8544 1.8300 1.8081
1.8400 1.8486 1.8400 1.7776
1.8500 1.7801 1.8500 1.6705
1.8700 1.7521 1.8700 1.6888
1.8900 1.7552 1.8900 1.7206
1.9100 1.8247 1.9100 1.7846
1.9200 1.8344 1.9200 1.7428
1.9300 1.8445 1.9300 1.7403
1.9300 1.8630 1.9300 1.7850
1.9300 1.9083 1.9300 1.8253
1.9200 1.9315 1.9200 1.8205
1.9000 1.9506 1.9000 1.8284
1.8900 1.9418 1.8900 1.8170
1.8700 1.9519 1.8700 1.8388
1.8500 1.9320 1.8500 1.8129
1.8200 1.9286 1.8200 1.8156
1.7900 1.8967 1.7900 1.7859
1.7500 1.8520 1.7500 1.7401
1.6700 1.8610 1.6700 1.7928
1.6100 1.8182 1.6100 1.7250
1.5700 1.7941 1.5700 1.7033
1.5800 1.7445 1.5800 1.6715
1.5900 1.7127 1.5900 1.6474
1.6000 1.6531 1.6000 1.5893
1.5900 1.4885 1.5900 1.3927
1.5600 1.4674 1.5600 1.4786
1.5300 1.4693 1.5300 1.5058
1.5100 1.5754 1.5100 1.5822
1.5000 1.5894 1.5000 1.5357
1.4900 1.6031 1.4900 1.5259
1.4800 1.5685 1.4800 1.5034
1.4800 1.5050 1.4800 1.4260
1.4800 1.4790 1.4800 1.4365
1.4700 1.4761 1.4700 1.4462
1.4400 1.4815 1.4400 1.4366
1.4200 1.4688 1.4200 1.4133
1.4000 1.4599 1.4000 1.4113
1.4000 1.4843 1.4000 1.4526
1.3900 1.4880 1.3900 1.4346
1.3900 1.4591 1.3900 1.3829
1.3900 1.3904 1.3900 1.3187
1.3900 1.3909 1.3900 1.3677
1.3800 1.3720 1.3800 1.3418
1.3700 1.4081 1.3700 1.3757
1.3700 1.3792 1.3700 1.3257
1.3500 1.3985 1.3500 1.3547
1.3200 1.4049 1.3200 1.3704
1.2800 1.4057 1.2800 1.3465
1.2400 1.3785 1.2400 1.3154
1.2400 1.3681 1.2400 1.3202
1.2700 1.3896 1.2700 1.3587
1.3100 1.3289 1.3100 1.2547
1.3100 1.2766 1.3100 1.2171
1.2500 1.2181 1.2500 1.1956
1.1700 1.1768 1.1700 1.1602
1.1000 1.2554 1.1000 1.2845
1.0600 1.3459 1.0600 1.3473
1.0400 1.4067 1.0400 1.3424
1.0200 1.3333 1.0200 1.2224
1.0000 1.1604 1.0000 1.0521
1.0000 1.0770 1.0000 1.0318
1.0000 1.0389 1.0000 1.0326
1.0200 1.0215 1.0200 1.0402
1.0700 1.0185 1.0700 1.0607
1.1200 0.9998 1.1200 1.0285
1.1700 0.9882 1.1700 1.0295
1.2100 1.0375 1.2100 1.1069
1.2300 1.0467 1.2300 1.0498
1.2300 1.1074 1.2300 1.0967
1.2000 1.2196 1.2000 1.2204
1.1700 1.2726 1.1700 1.2053
1.1500 1.3234 1.1500 1.2362
1.1300 1.3472 1.1300 1.2653
1.1000 1.3286 1.1000 1.2254
1.0600 1.2872 1.0600 1.1918
1.0200 1.1929 1.0200 1.1064
0.9900 1.1552 0.9900 1.1169
0.9600 1.1493 0.9600 1.1418
0.9300 1.1228 0.9300 1.0897
0.8900 1.0700 0.8900 1.0342
0.8500 1.0114 0.8500 0.9981
0.8300 0.9753 0.8300 0.9841
0.8300 0.9684 0.8300 1.0047
0.8400 0.9414 0.8400 0.9692
0.8400 0.9141 0.8400 0.9520
0.8400 0.8642 0.8400 0.9122
0.8500 0.8388 0.8500 0.9064
0.8800 0.8509 0.8800 0.9797
0.9300 0.9028 0.9300 1.0125
0.9600 0.9267 0.9600 0.9996
0.9900 0.9115 0.9900 0.9437
1.0500 0.9152 1.0500 0.9549
1.1500 0.9487 1.1500 1.0008
1.2600 1.0176 1.2600 1.0499
1.3600 1.1043 1.3600 1.1014
1.4500 1.0952 1.4500 1.0134
1.5500 1.1222 1.5500 1.0579
1.6100 1.2415 1.6100 1.2262
1.6500 1.4186 1.6500 1.3726
1.6700 1.5456 1.6700 1.4232
1.7400 1.6231 1.7400 1.4621
1.8100 1.6968 1.8100 1.5466
1.8900 1.8205 1.8900 1.6843
1.9400 1.7992 1.9400 1.5857
1.9900 1.7889 1.9900 1.5895
2.0300 1.7647 2.0300 1.6233
2.0700 1.9247 2.0700 1.8458
2.1100 1.9880 2.1100 1.8359
2.1600 2.0733 2.1600 1.8787
2.2400 2.0668 2.2400 1.8801
2.3400 2.1167 2.3400 1.9524
2.4700 2.1424 2.4700 1.9852
2.6100 2.1736 2.6100 1.9941
2.7400 2.2091 2.7400 2.0450
2.7800 2.2723 2.7800 2.1165
2.7600 2.4113 2.7600 2.2750
2.7400 2.5500 2.7400 2.3740
2.7400 2.7402 2.7400 2.5419
2.7500 2.9056 2.7500 2.6693
2.7300 3.0189 2.7300 2.7207
2.6700 2.8847 2.6700 2.4826
2.5600 2.7479 2.5600 2.4333
2.4300 2.7315 2.4300 2.5935
2.2900 2.7475 2.2900 2.5828
2.1700 2.7467 2.1700 2.5314
2.0500 2.6468 2.0500 2.4175
1.9500 2.5040 1.9500 2.3192
1.8600 2.2989 1.8600 2.1576
1.7700 2.1235 1.7700 2.0460
1.6800 1.9501 1.6800 1.9168
1.5700 1.8500 1.5700 1.8622
1.4600 1.7169 1.4600 1.7275
1.3800 1.6507 1.3800 1.6926
1.3200 1.5886 1.3200 1.6491
1.2800 1.5054 1.2800 1.5294
1.2500 1.4273 1.2500 1.4625
1.2500 1.2953 1.2500 1.3074
1.2300 1.2144 1.2300 1.2345
1.2000 1.1865 1.2000 1.2778
1.1400 1.1588 1.1400 1.2237
1.0700 1.1656 1.0700 1.2034
1.0400 1.1676 1.0400 1.2024
1.0700 1.2408 1.0700 1.2808
1.1400 1.1963 1.1400 1.1662
1.2500 1.1531 1.2500 1.1121
1.3700 1.0441 1.3700 1.0250
1.4900 0.9862 1.4900 0.9546
1.5900 1.0100 1.5900 1.0960
1.6700 1.1553 1.6700 1.2678
1.7300 1.3054 1.7300 1.3044
1.7600 1.4983 1.7600 1.4513
1.7600 1.6513 1.7600 1.5553
1.7400 1.7838 1.7400 1.6336
1.7200 1.8555 1.7200 1.6721
1.7000 1.8989 1.7000 1.7005
1.6800 1.9181 1.6800 1.7248
1.6600 1.8793 1.6600 1.6755
1.6400 1.8068 1.6400 1.6206
1.6200 1.7337 1.6200 1.5950
1.6200 1.7004 1.6200 1.6078
1.6100 1.6677 1.6100 1.5836
1.5900 1.6365 1.5900 1.5554
1.5700 1.6116 1.5700 1.5496
1.5500 1.5906 1.5500 1.5367
1.5500 1.5717 1.5500 1.5193
1.5600 1.6135 1.5600 1.5841
1.5800 1.5855 1.5800 1.5139
1.6000 1.5448 1.6000 1.4602
1.6100 1.5293 1.6100 1.4906
1.6100 1.5107 1.6100 1.4660
1.6100 1.5508 1.6100 1.5165
1.5900 1.5812 1.5900 1.5332
1.5600 1.6214 1.5600 1.5521
1.4900 1.6462 1.4900 1.5694
1.3900 1.6400 1.3900 1.5440
1.3000 1.6236 1.3000 1.5314
1.2500 1.6248 1.2500 1.5507
1.2600 1.5627 1.2600 1.4641
1.2900 1.5074 1.2900 1.4250
1.3200 1.3542 1.3200 1.2729
1.3500 1.2149 1.3500 1.1353
1.3700 1.1527 1.3700 1.1607
1.3800 1.1450 1.3800 1.2184
1.3700 1.2667 1.3700 1.3304
1.3600 1.3406 1.3600 1.3294
1.3200 1.3797 1.3200 1.3224
1.2300 1.4265 1.2300 1.3843
1.0900 1.4403 1.0900 1.3730
0.9500 1.4359 0.9500 1.3482
0.8700 1.3856 0.8700 1.2952
0.8800 1.3712 0.8800 1.3110
0.9700 1.2682 0.9700 1.1918
1.0900 1.0983 1.0900 0.9807
1.2100 0.9296 1.2100 0.8263
1.2500 0.8234 1.2500 0.8057
1.2400 0.8455 1.2400 1.0077
1.1900 1.0162 1.1900 1.2391
1.1500 1.2561 1.1500 1.3989
1.1400 1.3532 1.1400 1.3978
1.1200 1.4903 1.1200 1.3893
1.1100 1.3945 1.1100 1.2089
1.0700 1.2945 1.0700 1.1452
1.0300 1.1716 1.0300 1.0934
1.0000 1.1519 1.0000 1.0977
0.9800 1.1667 0.9800 1.1660
0.9700 1.1120 0.9700 1.0561
0.9800 1.1149 0.9800 1.0898
1.0100 1.0224 1.0100 0.9976
1.0600 0.9853 1.0600 0.9755
1.1000 0.9815 1.1000 1.0252
1.1000 0.9817 1.1000 1.0068
1.0500 0.9929 1.0500 1.0186
1.0000 1.0435 1.0000 1.0935
0.9600 1.1175 0.9600 1.1415
0.9500 1.2103 0.9500 1.1816
0.9900 1.2351 0.9900 1.1608
1.0600 1.1593 1.0600 1.0493
1.1700 1.0138 1.1700 0.9251
1.3200 0.9871 1.3200 0.9599
1.4900 0.9629 1.4900 0.9602
1.6100 0.9789 1.6100 1.0169
1.6600 1.1115 1.6600 1.2026
1.6600 1.2415 1.6600 1.2600
1.7000 1.4341 1.7000 1.3873
1.7700 1.6733 1.7700 1.6043
1.8600 1.8933 1.8600 1.7453
1.9200 1.9219 1.9200 1.6579
1.9700 1.8353 1.9700 1.5565
1.9900 1.7386 1.9900 1.5465
1.9800 1.8505 1.9800 1.7762
1.9500 1.9640 1.9500 1.8480
1.9200 2.0684 1.9200 1.8745
1.9200 2.0603 1.9200 1.8454
1.9100 2.0922 1.9100 1.9218
1.9100 2.0615 1.9100 1.8938
1.9000 1.9849 1.9000 1.7908
1.9100 1.9074 1.9100 1.7649
1.9500 1.8646 1.9500 1.7694
1.9900 1.9143 1.9900 1.8595
2.0400 1.8738 2.0400 1.7586
2.0800 1.8879 2.0800 1.7917
2.1300 1.8640 2.1300 1.7878
2.1600 1.9162 2.1600 1.8476
2.1700 2.0237 2.1700 1.9694
2.1500 2.0623 2.1500 1.9241
2.1300 2.1357 2.1300 1.9991
2.1000 2.1635 2.1000 2.0218
2.0700 2.2378 2.0700 2.0926
2.0400 2.2315 2.0400 2.0518
2.0000 2.1963 2.0000 1.9997
