1.0500 1.0936 1.0500 1.0756
1.0700 1.1173 1.0700 1.0958
1.0800 1.0786 1.0800 1.0634
1.0800 1.0228 1.0800 1.0217
1.0700 1.0192 1.0700 1.0318
1.0800 1.0432 1.0800 1.0561
1.0900 1.1047 1.0900 1.1064
1.1100 1.1162 1.1100 1.1050
1.1300 1.0982 1.1300 1.0844
1.1500 1.0788 1.1500 1.0738
1.1800 1.0489 1.1800 1.0542
1.2100 1.1097 1.2100 1.1179
1.2400 1.1135 1.2400 1.1143
1.2700 1.1515 1.2700 1.1437
1.2700 1.1708 1.2700 1.1598
1.2700 1.1892 1.2700 1.1771
1.2600 1.2438 1.2600 1.2328
1.2600 1.2697 1.2600 1.2559
1.2600 1.2944 1.2600 1.2797
1.2800 1.3230 1.2800 1.3099
1.3100 1.2432 1.3100 1.2372
1.3300 1.2479 1.3300 1.2549
1.3400 1.2161 1.3400 1.2317
1.3500 1.2373 1.3500 1.2520
1.3900 1.2336 1.3900 1.2441
1.4300 1.3019 1.4300 1.3031
1.4900 1.3537 1.4900 1.3453
1.5500 1.3414 1.5500 1.3269
1.6200 1.3279 1.6200 1.3204
1.7000 1.3443 1.7000 1.3459
1.7800 1.4612 1.7800 1.4607
1.8400 1.4885 1.8400 1.4753
1.9100 1.5929 1.9100 1.5680
1.9500 1.6509 1.9500 1.6210
1.9800 1.7432 1.9800 1.7074
1.9700 1.8466 1.9700 1.7873
1.9300 1.9189 1.9300 1.8533
1.8800 1.9179 1.8800 1.8864
1.8400 2.0181 1.8400 1.9653
1.8100 1.9715 1.8100 1.9589
1.7700 1.9711 1.7700 1.9703
1.7100 1.8559 1.7100 1.8746
1.6500 1.7401 1.6500 1.7798
1.6100 1.6706 1.6100 1.7308
1.5700 1.6553 1.5700 1.7167
1.5400 1.6425 1.5400 1.6926
1.5300 1.5711 1.5300 1.6096
1.5100 1.4655 1.5100 1.5066
1.4900 1.4198 1.4900 1.4712
1.4600 1.4380 1.4600 1.4895
1.4600 1.3928 1.4600 1.4332
1.4600 1.3890 1.4600 1.4197
1.4600 1.4379 1.4600 1.4604
1.4400 1.3912 1.4400 1.4061
1.4200 1.3750 1.4200 1.3916
1.3900 1.3285 1.3900 1.3515
1.3600 1.4108 1.3600 1.4329
1.3300 1.4057 1.3300 1.4185
1.3100 1.4002 1.3100 1.4042
1.2900 1.3343 1.2900 1.3444
1.2700 1.3236 1.2700 1.3431
1.2400 1.2719 1.2400 1.2997
1.2100 1.2423 1.2100 1.2716
1.1800 1.2147 1.1800 1.2441
1.1600 1.2218 1.1600 1.2462
1.1300 1.2018 1.1300 1.2209
1.1100 1.1835 1.1100 1.1991
1.0800 1.1335 1.0800 1.1514
1.1000 1.1102 1.1000 1.1323
1.1400 1.0854 1.1400 1.1098
1.1800 1.0922 1.1800 1.1131
1.1800 1.0380 1.1800 1.0555
1.1700 1.0475 1.1700 1.0636
1.1500 0.9983 1.1500 1.0148
1.1400 1.1452 1.1400 1.1535
1.1400 1.2294 1.1400 1.2172
1.1300 1.2542 1.1300 1.2224
1.1300 1.1539 1.1300 1.1312
1.1300 1.1355 1.1300 1.1361
1.1200 1.0998 1.1200 1.1202
1.1200 1.1105 1.1200 1.1325
1.1200 1.1298 1.1200 1.1439
1.1100 1.0898 1.1100 1.0946
1.1000 1.1176 1.1000 1.1216
1.0900 1.1210 1.0900 1.1242
1.0600 1.0837 1.0600 1.0870
1.0300 1.1123 1.0300 1.1186
0.9900 1.1135 0.9900 1.1179
0.9600 1.0750 0.9600 1.0789
0.9500 1.0690 0.9500 1.0769
0.9800 1.0630 0.9800 1.0729
1.0300 0.9832 1.0300 0.9963
1.0900 0.9596 1.0900 0.9793
1.1500 0.9213 1.1500 0.9275
1.1900 0.9129 1.1900 0.9244
1.2200 0.9414 1.2200 0.9575
1.2200 1.0653 1.2200 1.0613
1.2200 1.1550 1.2200 1.1276
1.1900 1.2310 1.1900 1.1877
1.1600 1.2893 1.1600 1.2450
1.1200 1.2770 1.1200 1.2421
1.0900 1.2832 1.0900 1.2647
1.0500 1.2079 1.0500 1.2064
1.0200 1.2093 1.0200 1.2210
0.9900 1.1032 0.9900 1.1245
0.9700 1.0743 0.9700 1.1018
0.9400 1.0143 0.9400 1.0466
0.9100 1.0098 0.9100 1.0382
0.8900 0.9568 0.8900 0.9723
0.8600 0.9461 0.8600 0.9673
0.8400 0.9286 0.8400 0.9411
0.8300 0.9295 0.8300 0.9427
0.8100 0.8992 0.8100 0.8960
0.8000 0.8812 0.8000 0.8789
0.8300 0.8803 0.8300 0.8823
0.8900 0.8541 0.8900 0.8521
0.9600 0.8524 0.9600 0.8499
1.0300 0.8554 1.0300 0.8511
1.1300 0.8346 1.1300 0.8289
1.2300 0.8387 1.2300 0.8328
1.3300 0.9473 1.3300 0.9414
1.4100 1.0687 1.4100 1.0408
1.4500 1.1461 1.4500 1.0979
1.4700 1.2092 1.4700 1.1559
1.4700 1.3835 1.4700 1.3069
1.4800 1.4753 1.4800 1.3936
1.4900 1.5604 1.4900 1.4788
1.5000 1.5830 1.5000 1.5322
1.5000 1.5154 1.5000 1.4845
1.5000 1.4886 1.5000 1.4858
1.5000 1.4385 1.5000 1.4552
1.4900 1.4689 1.4900 1.4908
1.4800 1.4696 1.4800 1.4853
1.4700 1.4711 1.4700 1.4780
1.4700 1.4443 1.4700 1.4512
1.4900 1.4475 1.4900 1.4579
1.5300 1.4485 1.5300 1.4619
1.5500 1.4099 1.5500 1.4243
1.5400 1.4015 1.5400 1.4191
1.5000 1.3939 1.5000 1.4128
1.4600 1.4186 1.4600 1.4344
1.4300 1.4883 1.4300 1.4953
1.4000 1.5752 1.4000 1.5671
1.3800 1.5345 1.3800 1.5191
1.3600 1.4505 1.3600 1.4479
1.3500 1.3484 1.3500 1.3728
1.3300 1.3184 1.3300 1.3623
1.3100 1.3115 1.3100 1.3567
1.2900 1.2731 1.2900 1.3068
1.2800 1.2783 1.2800 1.3026
1.2600 1.2622 1.2600 1.2805
1.2500 1.2803 1.2500 1.2948
1.2300 1.2367 1.2300 1.2505
1.2100 1.2208 1.2100 1.2367
1.2000 1.2067 1.2000 1.2261
1.1800 1.2234 1.1800 1.2403
1.1700 1.1766 1.1700 1.1911
1.1500 1.1950 1.1500 1.2083
1.1300 1.1532 1.1300 1.1672
1.1200 1.1351 1.1200 1.1503
1.1000 1.1550 1.1000 1.1711
1.0800 1.1090 1.0800 1.1217
1.0700 1.1257 1.0700 1.1380
1.0500 1.0845 1.0500 1.0968
1.0400 1.0666 1.0400 1.0800
1.0300 1.0863 1.0300 1.1007
1.0100 1.0409 1.0100 1.0519
1.0000 1.0229 1.0000 1.0352
0.9900 1.0441 0.9900 1.0565
0.9800 0.9989 0.9800 1.0087
0.9700 1.0153 0.9700 1.0246
0.9700 1.0092 0.9700 1.0168
0.9800 0.9644 0.9800 0.9712
0.9800 0.9840 0.9800 0.9935
0.9800 0.9770 0.9800 0.9844
0.9800 0.9652 0.9800 0.9700
0.9800 0.9580 0.9800 0.9628
0.9800 0.9851 0.9800 0.9879
0.9800 1.0181 0.9800 1.0158
0.9800 0.9897 0.9800 0.9833
0.9700 0.9918 0.9700 0.9883
0.9800 0.9963 0.9800 0.9966
1.0000 0.9951 1.0000 0.9960
1.0100 0.9938 1.0100 0.9947
1.0000 0.9940 1.0000 0.9941
0.9700 0.9940 0.9700 0.9941
0.9300 0.9598 0.9300 0.9618
0.9200 1.0211 0.9200 1.0231
0.9300 1.0629 0.9300 1.0575
0.9800 1.0392 0.9800 1.0268
1.0200 0.9820 1.0200 0.9765
1.0500 0.9172 1.0500 0.9239
1.0600 0.8882 1.0600 0.8913
1.0800 0.9250 1.0800 0.9493
1.1200 0.9765 1.1200 0.9831
1.1600 1.1134 1.1600 1.0943
1.1900 1.1191 1.1900 1.0833
1.2000 1.1215 1.2000 1.0873
1.2000 1.0902 1.2000 1.0743
1.2100 1.1397 1.2100 1.1359
1.2100 1.2246 1.2100 1.2189
1.2100 1.2500 1.2100 1.2311
1.2200 1.2465 1.2200 1.2246
1.2300 1.2091 1.2300 1.1969
1.2400 1.1889 1.2400 1.1915
1.2400 1.2256 1.2400 1.2354
1.2500 1.1930 1.2500 1.2002
1.2300 1.1889 1.2300 1.1946
1.1900 1.2270 1.1900 1.2318
1.1600 1.2333 1.1600 1.2332
1.1600 1.2395 1.1600 1.2373
1.1700 1.2152 1.1700 1.2153
1.1800 1.2533 1.1800 1.2565
1.1900 1.1554 1.1900 1.1633
1.2000 1.0695 1.2000 1.0896
1.2100 1.0773 1.2100 1.1098
1.2000 1.1513 1.2000 1.1752
1.2000 1.1735 1.2000 1.1775
1.2000 1.1778 1.2000 1.1684
1.2000 1.1935 1.2000 1.1843
1.2100 1.2077 1.2100 1.2027
1.2300 1.2170 1.2300 1.2152
1.2400 1.1549 1.2400 1.1578
1.2500 1.1844 1.2500 1.1934
1.2600 1.1853 1.2600 1.1948
1.2700 1.1795 1.2700 1.1848
1.2800 1.2149 1.2800 1.2177
1.3000 1.2592 1.3000 1.2554
1.3200 1.2382 1.3200 1.2311
1.3400 1.2494 1.3400 1.2455
1.3500 1.2629 1.3500 1.2631
1.3600 1.2703 1.3600 1.2712
1.3700 1.2777 1.3700 1.2789
1.3900 1.3224 1.3900 1.3211
1.4000 1.3385 1.4000 1.3335
1.4000 1.3549 1.4000 1.3480
1.3900 1.3390 1.3900 1.3354
1.3700 1.3506 1.3700 1.3521
1.3500 1.3605 1.3500 1.3653
1.3200 1.4031 1.3200 1.4051
1.2900 1.3820 1.2900 1.3814
1.2700 1.3555 1.2700 1.3581
1.2700 1.3248 1.2700 1.3368
1.2700 1.2819 1.2700 1.3017
1.2700 1.2632 1.2700 1.2880
1.2700 1.2080 1.2700 1.2340
1.3700 1.1800 1.3700 1.2070
1.4300 1.1892 1.4300 1.2144
1.4400 1.2389 1.4400 1.2541
1.4400 1.2339 1.4400 1.2378
1.4300 1.2341 1.4300 1.2337
1.4200 1.2399 1.4200 1.2423
1.4200 1.5957 1.4200 1.5280
1.4400 1.5314 1.4400 1.4859
1.4800 1.3953 1.4800 1.3550
1.5300 1.4064 1.5300 1.4087
1.6100 1.3804 1.6100 1.4036
1.6700 1.3557 1.6700 1.3846
1.6600 1.3765 1.6600 1.3976
1.5700 1.4446 1.5700 1.4521
1.4400 1.5301 1.4400 1.5218
1.3500 1.5996 1.3500 1.5773
1.2800 1.7577 1.2800 1.7064
1.2200 1.7560 1.2200 1.7174
1.1700 1.5566 1.1700 1.5389
1.1200 1.2851 1.1200 1.3215
1.0900 1.1172 1.0900 1.1786
1.0600 1.1044 1.0600 1.2144
1.0400 1.0757 1.0400 1.1489
1.0400 1.0392 1.0400 1.0643
1.0500 1.0115 1.0500 1.0337
1.0700 0.9786 1.0700 0.9935
1.1100 0.9994 1.1100 1.0215
1.1700 0.9752 1.1700 0.9916
1.2500 0.9833 1.2500 0.9943
1.3400 1.0386 1.3400 1.0440
1.4300 1.0721 1.4300 1.0670
1.5100 1.1137 1.5100 1.1010
1.5700 1.2042 1.5700 1.1845
1.6100 1.3105 1.6100 1.2807
1.6600 1.4330 1.6600 1.3909
1.7000 1.5403 1.7000 1.4793
1.7000 1.6230 1.7000 1.5519
1.6600 1.6722 1.6600 1.6152
1.5900 1.6768 1.5900 1.6422
1.5300 1.6635 1.5300 1.6471
1.4800 1.7409 1.4800 1.7359
1.4400 1.7442 1.4400 1.7395
1.4100 1.6270 1.4100 1.6284
1.4000 1.4911 1.4000 1.5173
1.4000 1.3586 1.4000 1.4136
1.4000 1.3294 1.4000 1.3988
1.3900 1.2983 1.3900 1.3597
1.3700 1.2760 1.3700 1.3190
1.3300 1.2735 1.3300 1.3029
1.2600 1.3200 1.2600 1.3380
1.1700 1.3465 1.1700 1.3542
1.0900 1.3463 1.0900 1.3476
1.0300 1.3151 1.0300 1.3195
1.0100 1.2767 1.0100 1.2902
1.0100 1.1919 1.0100 1.2173
1.0300 1.0542 1.0300 1.0943
1.0600 0.9841 1.0600 0.9999
1.0800 0.9465 1.0800 0.9665
1.0900 0.9280 1.0900 0.9439
1.0800 0.9544 1.0800 0.9842
1.0700 1.0011 1.0700 1.0035
1.0600 1.0698 1.0600 1.0526
1.0600 1.1278 1.0600 1.1028
1.0600 1.1230 1.0600 1.0986
1.0500 1.1111 1.0500 1.0973
1.0400 1.0569 1.0400 1.0572
1.0400 1.0510 1.0400 1.0626
1.0600 1.0413 1.0600 1.0562
1.0900 1.0621 1.0900 1.0714
1.1400 1.0587 1.1400 1.0617
1.1800 1.0234 1.1800 1.0245
1.2200 1.0185 1.2200 1.0243
1.2400 1.0468 1.2400 1.0536
1.2700 1.1127 1.2700 1.1115
1.3000 1.1600 1.3000 1.1463
1.3100 1.2552 1.3100 1.2300
1.3000 1.2643 1.3000 1.2344
1.2900 1.3022 1.2900 1.2760
1.2800 1.2723 1.2800 1.2573
1.2500 1.3287 1.2500 1.3216
1.2300 1.3547 1.2300 1.3493
1.2200 1.3037 1.2200 1.2975
1.2200 1.2445 1.2200 1.2500
1.2100 1.2429 1.2100 1.2602
1.1900 1.2316 1.1900 1.2520
1.1800 1.1454 1.1800 1.1657
1.2000 1.1555 1.2000 1.1785
1.2400 1.1745 1.2400 1.1941
1.2800 1.1940 1.2800 1.2032
1.3200 1.1562 1.3200 1.1604
1.3700 1.1167 1.3700 1.1245
1.4200 1.1403 1.4200 1.1547
1.4600 1.2358 1.4600 1.2431
1.4900 1.3160 1.4900 1.3043
1.5100 1.3457 1.5100 1.3192
1.5400 1.3865 1.5400 1.3593
1.5800 1.4662 1.5800 1.4430
1.6100 1.5110 1.6100 1.4883
1.6200 1.5175 1.6200 1.4969
1.6300 1.5210 1.6300 1.5084
1.6400 1.5157 1.6400 1.5129
1.6600 1.5707 1.6600 1.5725
1.6800 1.6305 1.6800 1.6271
1.6900 1.6235 1.6900 1.6138
1.6900 1.5793 1.6900 1.5755
1.6800 1.5970 1.6800 1.6052
1.6800 1.6069 1.6800 1.6204
1.6500 1.6464 1.6500 1.6561
1.6100 1.6606 1.6100 1.6641
1.5700 1.6412 1.5700 1.6433
1.5200 1.6179 1.5200 1.6274
1.4900 1.5855 1.4900 1.6042
1.4800 1.6131 1.4800 1.6360
1.4800 1.4997 1.4800 1.5247
1.4800 1.4376 1.4800 1.4715
1.4900 1.4079 1.4900 1.4516
1.5100 1.3314 1.5100 1.3754
1.5100 1.3537 1.5100 1.3947
1.5100 1.3961 1.5100 1.4236
1.4900 1.4160 1.4900 1.4266
1.4700 1.4159 1.4700 1.4189
1.4600 1.4584 1.4600 1.4598
1.4200 1.5064 1.4200 1.5060
1.3600 1.4497 1.3600 1.4493
1.2400 1.4542 1.2400 1.4617
1.1200 1.3879 1.1200 1.4055
1.0000 1.3696 1.0000 1.3947
0.9100 1.3873 0.9100 1.4140
0.8600 1.2652 0.8600 1.2895
0.8300 1.1610 0.8300 1.1968
0.8100 0.9970 0.8100 1.0136
0.7900 0.9291 0.7900 0.9580
0.7600 0.8615 0.7600 0.8956
0.7200 0.8319 0.7200 0.8588
0.6900 0.8361 0.6900 0.8497
0.6700 0.8307 0.6700 0.8297
0.6700 0.8275 0.6700 0.8188
0.6600 0.8165 0.6600 0.8066
0.6600 0.7938 0.6600 0.7877
0.6600 0.7669 0.6600 0.7665
0.6600 0.7616 0.6600 0.7638
0.6600 0.7605 0.6600 0.7609
0.6700 0.7774 0.6700 0.7719
0.7100 0.7621 0.7100 0.7534
0.7600 0.7696 0.7600 0.7598
0.8200 0.7711 0.8200 0.7619
0.8700 0.7714 0.8700 0.7622
0.9000 0.7729 0.9000 0.7644
0.9300 0.7864 0.9300 0.7766
0.9600 0.8754 0.9600 0.8583
0.9900 0.9371 0.9900 0.9055
0.9900 1.0083 0.9900 0.9667
0.9800 1.0277 0.9800 0.9866
0.9700 1.0053 0.9700 0.9746
0.9700 1.0368 0.9700 1.0204
0.9800 1.0637 0.9800 1.0526
0.9900 1.0836 0.9900 1.0709
1.0100 1.0033 1.0100 0.9944
1.0200 0.9736 1.0200 0.9768
1.0200 0.9703 1.0200 0.9837
1.0200 0.9908 1.0200 1.0014
1.0200 1.0184 1.0200 1.0200
1.0100 1.0239 1.0100 1.0164
1.0000 1.0679 1.0000 1.0568
0.9900 1.0521 0.9900 1.0411
1.0100 1.0269 1.0100 1.0213
1.0400 1.0315 1.0400 1.0337
1.0600 1.0316 1.0600 1.0359
1.0800 0.9938 1.0800 0.9988
1.0900 0.9858 1.0900 0.9931
1.0700 0.9788 1.0700 0.9873
1.0500 1.0714 1.0500 1.0732
1.0400 1.1186 1.0400 1.1062
1.0400 1.1042 1.0400 1.0829
1.0300 1.1277 1.0300 1.1116
1.0300 1.1167 1.0300 1.1084
1.0300 1.0209 1.0300 1.0243
1.0400 1.0081 1.0400 1.0254
1.0400 1.0271 1.0400 1.0469
1.0600 1.0441 1.0600 1.0542
1.0700 1.0041 1.0700 1.0068
1.0700 1.0329 1.0700 1.0341
1.0700 1.0362 1.0700 1.0373
1.0800 1.0684 1.0800 1.0659
1.0900 1.0418 1.0900 1.0384
1.1000 1.1126 1.1000 1.1073
1.1200 1.0954 1.1200 1.0883
1.1500 1.0669 1.1500 1.0612
1.1800 1.0726 1.1800 1.0751
1.2000 1.1088 1.2000 1.1115
1.2200 1.1123 1.2200 1.1109
1.2300 1.1186 1.2300 1.1137
1.2300 1.1647 1.2300 1.1583
1.2200 1.2170 1.2200 1.2059
1.2200 1.2402 1.2200 1.2240
1.2300 1.2316 1.2300 1.2167
1.2400 1.2539 1.2400 1.2453
1.2500 1.2381 1.2500 1.2355
1.2700 1.2104 1.2700 1.2137
1.2900 1.1767 1.2900 1.1875
1.3000 1.2038 1.3000 1.2171
1.3200 1.2355 1.3200 1.2433
1.3300 1.2384 1.3300 1.2375
1.3300 1.2472 1.3300 1.2437
1.3200 1.2953 1.3200 1.2911
1.3100 1.3123 1.3100 1.3059
1.2900 1.2926 1.2900 1.2870
1.2800 1.3411 1.2800 1.3390
1.2800 1.3237 1.2800 1.3228
1.2900 1.2946 1.2900 1.2974
1.3000 1.2630 1.3000 1.2743
1.3100 1.2559 1.3100 1.2724
1.3100 1.2092 1.3100 1.2286
1.3100 1.2253 1.3100 1.2440
1.3100 1.2507 1.3100 1.2639
1.3000 1.2816 1.3000 1.2848
1.3000 1.2889 1.3000 1.2861
1.3000 1.3001 1.3000 1.2963
1.3100 1.2765 1.3100 1.2773
1.3100 1.2790 1.3100 1.2855
1.3100 1.2800 1.3100 1.2895
1.3100 1.2421 1.3100 1.2525
1.3000 1.2693 1.3000 1.2809
1.2900 1.2691 1.2900 1.2781
1.3000 1.3013 1.3000 1.3052
1.3200 1.2740 1.3200 1.2761
1.3300 1.2757 1.3300 1.2797
1.3200 1.2791 1.3200 1.2870
1.3000 1.2423 1.3000 1.2519
1.3100 1.2337 1.3100 1.2473
1.3300 1.2974 1.3300 1.3085
1.3400 1.3369 1.3400 1.3369
1.3400 1.3135 1.3400 1.3064
1.3300 1.2561 1.3300 1.2561
1.3100 1.2209 1.3100 1.2357
1.2900 1.3121 1.2900 1.3309
1.2800 1.3476 1.2800 1.3525
1.2700 1.3198 1.2700 1.3127
1.2800 1.2993 1.2800 1.2970
1.3000 1.2725 1.3000 1.2809
1.3500 1.2292 1.3500 1.2478
1.3700 1.2107 1.3700 1.2342
1.3700 1.2264 1.3700 1.2473
1.3700 1.2129 1.3700 1.2270
1.3500 1.2731 1.3500 1.2795
1.3400 1.3173 1.3400 1.3139
1.3900 1.4406 1.3900 1.4238
1.4200 1.3746 1.4200 1.3527
1.4300 1.3262 1.4300 1.3168
1.3500 1.3411 1.3500 1.3522
1.2800 1.2683 1.2800 1.2877
1.2300 1.2806 1.2300 1.3040
1.2100 1.4868 1.2100 1.4951
1.2200 1.4443 1.2200 1.4264
1.2500 1.3941 1.2500 1.3749
1.2700 1.1050 1.2700 1.1209
1.2900 1.0904 1.2900 1.1474
1.3200 1.0977 1.3200 1.1671
1.3500 1.1323 1.3500 1.1731
1.3800 1.2074 1.3800 1.2180
1.4100 1.2876 1.4100 1.2711
1.4500 1.2806 1.4500 1.2569
1.4800 1.3072 1.4800 1.2902
1.5200 1.3696 1.5200 1.3600
1.5500 1.3940 1.5500 1.3836
1.5800 1.4179 1.5800 1.4065
1.6000 1.4471 1.6000 1.4366
1.6200 1.5115 1.6200 1.5004
1.6300 1.5090 1.6300 1.4971
1.6400 1.5730 1.6400 1.5616
1.6400 1.5743 1.6400 1.5648
1.6400 1.6007 1.6400 1.5934
1.6200 1.5934 1.6200 1.5920
1.6100 1.6123 1.6100 1.6144
1.6000 1.5935 1.6000 1.6003
1.6000 1.6022 1.6000 1.6116
1.6000 1.5746 1.6000 1.5877
1.6100 1.5742 1.6100 1.5897
1.6100 1.5014 1.6100 1.5223
1.6100 1.5209 1.6100 1.5461
1.6000 1.5111 1.6000 1.5358
1.5900 1.5327 1.5900 1.5501
1.5800 1.5311 1.5800 1.5438
1.5600 1.5680 1.5600 1.5757
1.5600 1.5411 1.5600 1.5485
1.5500 1.5429 1.5500 1.5529
1.5400 1.5099 1.5400 1.5259
1.5200 1.5013 1.5200 1.5212
1.5000 1.4921 1.5000 1.5140
1.4900 1.4447 1.4900 1.4666
1.4700 1.4996 1.4700 1.5207
1.4500 1.4613 1.4500 1.4775
1.4300 1.4495 1.4300 1.4640
1.4100 1.4092 1.4100 1.4290
1.4000 1.3931 1.4000 1.4164
1.3700 1.4108 1.3700 1.4348
1.3300 1.3621 1.3300 1.3819
1.2900 1.3437 1.2900 1.3642
1.2600 1.3297 1.2600 1.3522
1.2600 1.3107 1.2600 1.3326
1.2600 1.3274 1.2600 1.3470
1.2500 1.2460 1.2500 1.2642
1.2200 1.1865 1.2200 1.2118
1.2000 1.1577 1.2000 1.1917
1.1800 1.1554 1.1800 1.1878
1.1800 1.2289 1.1800 1.2493
1.1700 1.2230 1.1700 1.2265
1.1600 1.1867 1.1600 1.1855
1.1400 1.1174 1.1400 1.1275
1.1300 1.1339 1.1300 1.1548
1.1300 1.1146 1.1300 1.1369
1.1600 1.1605 1.1600 1.1738
1.1900 1.1230 1.1900 1.1286
1.2300 1.1150 1.2300 1.1192
1.2400 1.0772 1.2400 1.0879
1.2500 1.0962 1.2500 1.1093
1.2500 1.1209 1.2500 1.1309
1.2500 1.2220 1.2500 1.2183
1.2400 1.2439 1.2400 1.2266
1.2300 1.3055 1.2300 1.2811
1.2300 1.2394 1.2300 1.2220
1.2200 1.2549 1.2200 1.2508
1.2200 1.2336 1.2200 1.2417
1.2200 1.2294 1.2200 1.2393
1.2200 1.1916 1.2200 1.2040
1.2300 1.1827 1.2300 1.1957
1.2300 1.2093 1.2300 1.2217
1.2400 1.1704 1.2400 1.1789
1.2400 1.1962 1.2400 1.2036
1.2500 1.1984 1.2500 1.2042
1.2500 1.1961 1.2500 1.1994
1.2500 1.2324 1.2500 1.2349
1.2500 1.2056 1.2500 1.2060
1.2600 1.2411 1.2600 1.2423
1.2600 1.2164 1.2600 1.2188
1.2600 1.2510 1.2600 1.2532
1.2700 1.2249 1.2700 1.2283
1.2700 1.2242 1.2700 1.2285
1.2600 1.2264 1.2600 1.2339
1.2500 1.2609 1.2500 1.2655
1.2500 1.2313 1.2500 1.2339
1.2400 1.2318 1.2400 1.2355
1.2300 1.2708 1.2300 1.2759
1.2300 1.2414 1.2300 1.2441
1.2400 1.2049 1.2400 1.2114
1.2400 1.2014 1.2400 1.2143
1.2400 1.2280 1.2400 1.2409
1.2400 1.1876 1.2400 1.1972
1.2500 1.1782 1.2500 1.1880
1.2500 1.2085 1.2500 1.2186
1.2500 1.2414 1.2500 1.2453
1.2400 1.2106 1.2400 1.2103
1.2400 1.2134 1.2400 1.2152
1.2300 1.2181 1.2300 1.2238
1.2200 1.2522 1.2200 1.2566
1.2200 1.2226 1.2200 1.2250
1.2200 1.2231 1.2200 1.2266
1.2100 1.1912 1.2100 1.1998
1.1900 1.2182 1.1900 1.2285
1.1700 1.1812 1.1700 1.1916
1.1600 1.1707 1.1600 1.1810
1.1600 1.1996 1.1600 1.2103
1.1700 1.1973 1.1700 1.2028
1.1700 1.1595 1.1700 1.1647
1.1700 1.1198 1.1700 1.1309
1.1700 1.1063 1.1700 1.1241
1.1600 1.1227 1.1600 1.1402
1.1500 1.1443 1.1500 1.1540
1.1500 1.1761 1.1500 1.1760
1.1500 1.1494 1.1500 1.1453
1.1500 1.1530 1.1500 1.1525
1.1500 1.1574 1.1500 1.1617
1.1500 1.1211 1.1500 1.1277
1.1500 1.1126 1.1500 1.1231
1.1500 1.1403 1.1500 1.1502
1.1500 1.1367 1.1500 1.1416
1.1400 1.1344 1.1400 1.1363
1.1400 1.1368 1.1400 1.1389
1.1300 1.1380 1.1300 1.1408
1.1200 1.1378 1.1200 1.1414
1.1100 1.1378 1.1100 1.1414
1.0900 1.1378 1.0900 1.1414
1.0900 1.1028 1.0900 1.1083
1.1000 1.1305 1.1000 1.1380
1.1100 1.0955 1.1100 1.1030
1.1100 1.0849 1.1100 1.0930
1.1000 1.0786 1.1000 1.0890
1.1000 1.0346 1.1000 1.0456
1.1000 1.0868 1.1000 1.0978
1.1000 1.1206 1.1000 1.1230
1.0900 1.1232 1.0900 1.1164
1.0900 1.0989 1.0900 1.0932
1.1000 1.0702 1.1000 1.0721
1.1200 1.0997 1.1200 1.1081
1.1600 1.0972 1.1600 1.1035
1.2200 1.0926 1.2200 1.0950
1.2700 1.0591 1.2700 1.0628
1.3000 1.0880 1.3000 1.0937
1.3200 1.1226 1.3200 1.1253
1.3400 1.1615 1.3400 1.1553
1.3500 1.2481 1.3500 1.2324
1.3500 1.3542 1.3500 1.3260
1.3400 1.3683 1.3400 1.3330
1.3300 1.3445 1.3300 1.3172
1.3300 1.3464 1.3300 1.3366
1.3200 1.3680 1.3200 1.3692
1.3000 1.3449 1.3000 1.3493
1.2700 1.3151 1.2700 1.3224
1.2500 1.2815 1.2500 1.2947
1.2300 1.2733 1.2300 1.2909
1.2300 1.2977 1.2300 1.3138
1.2500 1.2573 1.2500 1.2686
1.2800 1.2125 1.2800 1.2258
1.2900 1.1650 1.2900 1.1863
1.2500 1.1755 1.2500 1.2004
1.2100 1.1541 1.2100 1.1758
1.1700 1.2028 1.1700 1.2156
1.1700 1.2725 1.1700 1.2728
1.1700 1.3220 1.1700 1.3080
1.1600 1.2771 1.1600 1.2616
1.1300 1.1179 1.1300 1.1215
1.1200 1.0981 1.1200 1.1297
1.1200 1.0652 1.1200 1.1074
1.1400 1.1559 1.1400 1.1845
1.1500 1.1457 1.1500 1.1525
1.1700 1.1069 1.1700 1.1029
1.1700 1.0394 1.1700 1.0468
1.1700 1.0916 1.1700 1.1080
1.1500 1.1146 1.1500 1.1274
1.1300 1.1756 1.1300 1.1734
1.1200 1.1561 1.1200 1.1455
1.1200 1.2037 1.1200 1.1921
1.1200 1.1556 1.1200 1.1505
1.1300 1.1571 1.1300 1.1593
1.1400 1.0904 1.1400 1.1024
1.1300 1.0729 1.1300 1.0906
1.1100 1.0903 1.1100 1.1095
1.0800 1.1112 1.0800 1.1208
1.0500 1.1065 1.0500 1.1082
1.0200 1.1429 1.0200 1.1400
1.0000 1.1536 1.0000 1.1486
0.9900 1.0918 0.9900 1.0901
0.9900 1.0535 0.9900 1.0632
1.0000 1.0070 1.0000 1.0272
1.0100 0.9795 1.0100 1.0041
1.0200 0.9510 1.0200 0.9746
1.0300 0.9571 1.0300 0.9750
1.0300 0.9726 1.0300 0.9827
1.0200 0.9964 1.0200 0.9976
1.0100 1.0307 1.0100 1.0249
1.0000 1.0400 1.0000 1.0299
1.0000 1.0503 1.0000 1.0407
1.0100 1.0618 1.0100 1.0550
1.0100 1.0366 1.0100 1.0333
1.0000 1.0033 1.0000 1.0066
0.9900 0.9974 0.9900 1.0067
0.9700 0.9881 0.9700 0.9983
0.9500 1.0107 0.9500 1.0171
0.9400 1.0430 0.9400 1.0421
0.9400 1.0147 0.9400 1.0089
0.9400 0.9826 0.9400 0.9814
0.9600 0.9800 0.9600 0.9865
0.9900 0.9376 0.9900 0.9484
1.0100 0.9189 1.0100 0.9322
1.0200 0.9364 1.0200 0.9482
1.0200 0.9591 1.0200 0.9632
1.0300 0.9557 1.0300 0.9530
1.0400 1.0253 1.0400 1.0168
1.0300 1.0776 1.0300 1.0615
1.0200 1.0652 1.0200 1.0448
1.0000 1.0514 1.0000 1.0379
0.9800 1.0324 0.9800 1.0295
0.9600 1.0680 0.9600 1.0708
0.9600 1.0730 0.9600 1.0731
0.9700 1.0079 0.9700 1.0073
1.0000 1.0035 1.0000 1.0100
1.0300 0.9646 1.0300 0.9771
1.0400 0.9447 1.0400 0.9595
1.0300 0.9271 1.0300 0.9421
1.0100 0.9767 1.0100 0.9852
1.0000 1.0077 1.0000 1.0056
1.0100 1.0818 1.0100 1.0671
1.0500 1.1077 1.0500 1.0854
1.0700 1.0651 1.0700 1.0454
1.0800 1.0123 1.0800 1.0088
1.0900 0.9770 1.0900 0.9896
1.0900 0.9933 1.0900 1.0115
1.0900 1.0470 1.0900 1.0561
1.1000 1.1525 1.1000 1.1419
1.1000 1.1115 1.1000 1.0878
1.1000 1.0980 1.1000 1.0801
1.1000 1.1192 1.1000 1.1151
1.1000 1.0927 1.1000 1.0947
1.0900 1.0890 1.0900 1.0948
1.0900 1.1244 1.0900 1.1282
1.0900 1.0946 1.0900 1.0947
1.0800 1.0936 1.0800 1.0948
1.0700 1.0973 1.0700 1.1008
1.0600 1.0962 1.0600 1.0995
1.0700 1.0601 1.0700 1.0653
1.0900 1.0878 1.0900 1.0942
1.1100 1.0877 1.1100 1.0923
1.1100 1.0496 1.1100 1.0528
1.1100 1.0436 1.1100 1.0508
1.1100 1.0376 1.1100 1.0469
1.1200 1.0960 1.1200 1.1012
1.1300 1.1359 1.1300 1.1306
1.1300 1.1494 1.1300 1.1353
1.1200 1.0996 1.1200 1.0894
1.1200 1.1069 1.1200 1.1073
1.1400 1.1101 1.1400 1.1172
1.1500 1.1404 1.1500 1.1444
1.1500 1.1454 1.1500 1.1440
1.1500 1.1180 1.1500 1.1150
1.1400 1.0868 1.1400 1.0907
1.1400 1.1168 1.1400 1.1256
1.1400 1.1844 1.1400 1.1874
1.1400 1.1591 1.1400 1.1523
1.1500 1.1328 1.1500 1.1272
1.1600 1.1413 1.1600 1.1439
1.1600 1.1074 1.1600 1.1154
1.1600 1.1313 1.1600 1.1411
1.1700 1.1302 1.1700 1.1366
1.1700 1.1269 1.1700 1.1294
1.1600 1.1631 1.1600 1.1639
1.1600 1.1717 1.1600 1.1687
1.1600 1.1437 1.1600 1.1413
1.1700 1.1474 1.1700 1.1501
1.1700 1.1849 1.1700 1.1887
1.1700 1.1545 1.1700 1.1560
1.1600 1.1185 1.1600 1.1230
1.1800 1.1500 1.1800 1.1589
1.1900 1.1487 1.1900 1.1555
1.1800 1.1791 1.1800 1.1808
1.1400 1.1524 1.1400 1.1516
1.1100 1.1540 1.1100 1.1550
1.1000 1.1222 1.1000 1.1291
1.1000 1.2193 1.1000 1.2243
1.1100 1.1971 1.1100 1.1943
1.1100 1.1309 1.1100 1.1277
1.1100 1.0280 1.1100 1.0426
1.1100 1.0363 1.1100 1.0653
1.1100 1.0756 1.1100 1.1025
1.1100 1.0895 1.1100 1.0989
1.1100 1.1200 1.1100 1.1163
1.1200 1.0972 1.1200 1.0897
1.1400 1.1017 1.1400 1.0993
1.1700 1.1060 1.1700 1.1090
1.2000 1.1047 1.2000 1.1083
1.2300 1.1034 1.2300 1.1069
1.2500 1.1035 1.2500 1.1064
1.2700 1.1385 1.2700 1.1395
1.2900 1.1809 1.2900 1.1761
1.3000 1.2310 1.3000 1.2184
1.3000 1.2566 1.3000 1.2393
1.3000 1.2849 1.3000 1.2677
1.2900 1.2786 1.2900 1.2664
1.2900 1.2987 1.2900 1.2925
1.2800 1.3173 1.2800 1.3146
1.2700 1.2968 1.2700 1.2954
1.2600 1.2704 1.2600 1.2743
1.2500 1.2734 1.2500 1.2829
1.2300 1.2367 1.2300 1.2494
1.2100 1.2615 1.2100 1.2744
1.1900 1.2247 1.1900 1.2361
1.1900 1.2141 1.1900 1.2255
1.1800 1.2078 1.1800 1.2214
1.1700 1.1981 1.1700 1.2105
1.1500 1.1529 1.1500 1.1669
1.1400 1.1372 1.1400 1.1541
1.1300 1.1211 1.1300 1.1398
1.1200 1.1717 1.1200 1.1853
1.1100 1.1327 1.1100 1.1393
1.0900 1.1234 1.0900 1.1286
1.0700 1.0857 1.0700 1.0967
1.0500 1.1048 1.0500 1.1181
1.0400 1.0945 1.0400 1.1066
1.0300 1.0828 1.0300 1.0906
1.0300 1.0754 1.0300 1.0833
1.0300 1.0336 1.0300 1.0431
1.0300 1.0179 1.0300 1.0317
1.0400 1.0022 1.0400 1.0177
1.0500 1.0175 1.0500 1.0299
1.0700 1.0068 1.0700 1.0142
1.0600 1.0319 1.0600 1.0342
1.0200 1.0329 1.0200 1.0322
1.0300 1.0328 1.0300 1.0307
1.0600 1.0694 1.0600 1.0672
1.1200 1.0778 1.1200 1.0725
1.2100 1.1197 1.2100 1.1113
1.3000 1.0332 1.3000 1.0278
1.3700 0.9370 1.3700 0.9367
1.4000 1.0730 1.4000 1.0938
1.0400 1.0775 1.0400 1.0826
1.0300 1.0760 1.0300 1.0779
1.0300 1.0402 1.0300 1.0417
1.0200 1.0699 1.0200 1.0743
1.0200 1.0363 1.0200 1.0416
1.0200 1.0256 1.0200 1.0322
1.0200 1.0195 1.0200 1.0283
1.0100 1.0102 1.0100 1.0178
1.0000 1.0349 1.0000 1.0405
0.9900 0.9994 0.9900 1.0021
0.9800 1.0255 0.9800 1.0279
0.9800 1.0277 0.9800 1.0292
0.9900 1.0254 0.9900 1.0246
0.9800 0.9919 0.9800 0.9939
0.9600 0.9861 0.9600 0.9919
0.9400 0.9788 0.9400 0.9873
0.9400 0.9683 0.9400 0.9756
0.9600 0.9931 0.9600 0.9975
0.9800 1.0264 0.9800 1.0244
1.0300 0.9638 1.0300 0.9595
1.0600 0.9250 1.0600 0.9290
1.0700 0.9154 1.0700 0.9289
1.0300 0.9644 1.0300 0.9756
0.9800 1.0261 0.9800 1.0241
0.9500 1.0374 0.9500 1.0212
0.9400 1.1606 0.9400 1.1360
0.9400 1.1357 0.9400 1.1073
0.9500 1.0918 0.9500 1.0724
0.9600 0.9440 0.9600 0.9467
1.0000 0.9087 1.0000 0.9148
1.0600 0.9137 1.0600 0.9478
1.1600 0.9358 1.1600 0.9591
1.2600 0.9500 1.2600 0.9527
1.3600 0.9849 1.3600 0.9747
1.4500 0.9975 1.4500 0.9842
1.5300 1.1124 1.5300 1.0954
1.6000 1.2162 1.6000 1.1875
1.6400 1.4063 1.6400 1.3415
1.6600 1.4922 1.6600 1.4162
1.6800 1.5830 1.6800 1.4927
1.6900 1.6467 1.6900 1.5669
1.6800 1.6974 1.6800 1.6347
1.6700 1.7358 1.6700 1.7005
1.6700 1.6895 1.6700 1.6717
1.7000 1.6561 1.7000 1.6560
1.7100 1.6785 1.7100 1.6915
1.7000 1.6541 1.7000 1.6694
1.6600 1.5837 1.6600 1.6021
1.6100 1.5777 1.6100 1.6027
1.5500 1.6051 1.5500 1.6301
1.5000 1.7074 1.5000 1.7195
1.4600 1.6526 1.4600 1.6519
1.4300 1.5915 1.4300 1.5959
1.3700 1.4880 1.3700 1.5148
1.3100 1.4220 1.3100 1.4680
1.2300 1.3383 1.2300 1.3951
1.1700 1.3137 1.1700 1.3678
1.1400 1.2987 1.1400 1.3433
1.1200 1.2935 1.1200 1.3248
1.1100 1.1600 1.1100 1.1892
1.0900 1.1153 1.0900 1.1540
1.0700 1.0248 1.0700 1.0508
1.0500 1.0081 1.0500 1.0491
1.0300 1.0458 1.0300 1.0853
1.0100 1.0456 1.0100 1.0617
1.0000 1.0614 1.0000 1.0648
0.9900 1.0254 0.9900 1.0269
0.9800 1.0142 0.9800 1.0217
0.9700 1.0014 0.9700 1.0147
0.9400 0.9834 0.9400 0.9968
0.9100 0.9654 0.9100 0.9783
0.8800 0.9831 0.8800 0.9930
0.8600 0.9737 0.8600 0.9794
0.8500 0.9643 0.8500 0.9676
0.8300 0.9582 0.8300 0.9622
0.7900 0.8994 0.7900 0.8948
0.7900 0.8837 0.7900 0.8830
0.8300 0.8675 0.8300 0.8689
0.8700 0.8649 0.8700 0.8644
0.8800 0.8680 0.8800 0.8657
0.8700 0.8457 0.8700 0.8394
0.8500 0.8058 0.8500 0.8034
0.8300 0.8423 0.8300 0.8524
0.8200 0.9734 0.8200 0.9664
0.8000 0.9925 0.8000 0.9605
0.7900 0.9235 0.7900 0.8912
0.8000 0.8809 0.8000 0.8694
0.8100 0.8595 0.8100 0.8595
0.8200 0.8520 0.8200 0.8532
0.8200 0.8553 0.8200 0.8544
0.8200 0.8324 0.8200 0.8290
0.8200 0.8340 0.8200 0.8289
0.8100 0.8720 0.8100 0.8704
0.8000 0.8762 0.8000 0.8648
0.8000 0.8824 0.8000 0.8681
0.8000 0.8624 0.8000 0.8519
0.8100 0.8654 0.8100 0.8611
0.8100 0.8662 0.8100 0.8655
0.8100 0.8463 0.8100 0.8395
0.8100 0.8409 0.8100 0.8354
0.8100 0.8496 0.8100 0.8518
0.8000 0.8493 0.8000 0.8441
0.8000 0.8775 0.8000 0.8704
0.8000 0.8536 0.8000 0.8447
0.8100 0.8543 0.8100 0.8481
0.8300 0.8573 0.8300 0.8549
0.8400 0.8564 0.8400 0.8538
0.8400 0.8408 0.8400 0.8335
0.8400 0.8492 0.8400 0.8485
0.8400 0.8494 0.8400 0.8470
0.8400 0.8786 0.8400 0.8723
0.8400 0.9201 0.8400 0.9084
0.8400 0.9017 0.8400 0.8863
0.8300 0.8779 0.8300 0.8680
0.8200 0.8833 0.8200 0.8811
0.8200 0.8834 0.8200 0.8839
0.8300 0.8801 0.8300 0.8796
0.8400 0.8792 0.8400 0.8772
0.8600 0.8794 0.8600 0.8766
0.8900 0.8566 0.8900 0.8489
0.9100 0.8513 0.9100 0.8452
0.9200 0.8655 0.9200 0.8682
0.9200 0.8959 0.9200 0.8920
0.9100 0.9007 0.9100 0.8903
0.9100 0.9434 0.9100 0.9295
0.9100 0.9958 0.9100 0.9783
0.9100 0.9849 0.9100 0.9653
0.9200 0.9690 0.9200 0.9552
0.9200 0.9490 0.9200 0.9449
0.9300 0.9165 0.9300 0.9208
0.9300 0.9410 0.9300 0.9484
0.9300 0.9381 0.9300 0.9412
0.9400 0.9339 0.9400 0.9324
0.9500 0.9690 0.9500 0.9651
0.9600 0.9434 0.9600 0.9376
0.9700 0.9772 0.9700 0.9721
0.9800 0.9536 0.9800 0.9497
0.9900 0.9525 0.9900 0.9502
0.9900 0.9886 0.9900 0.9875
0.9700 0.9949 0.9700 0.9892
0.9300 1.0007 0.9300 0.9930
0.8800 1.0113 0.8800 1.0040
0.8400 1.0208 0.8400 1.0145
0.8300 1.0289 0.8300 1.0236
0.8500 1.0029 0.8500 0.9996
0.8800 0.9360 0.8800 0.9403
0.9100 0.8874 0.9100 0.8874
0.9100 0.8514 0.9100 0.8580
0.9200 0.8385 0.9200 0.8465
0.9600 0.8586 0.9600 0.8645
1.0000 0.9297 1.0000 0.9261
1.0300 0.9751 1.0300 0.9506
1.0200 1.0022 1.0200 0.9710
1.0000 0.9325 1.0000 0.9114
0.9700 0.9750 0.9700 0.9692
0.9500 1.0895 0.9500 1.0839
0.9400 1.1122 0.9400 1.0910
0.9600 1.1057 0.9600 1.0794
1.0000 1.0019 1.0000 0.9891
1.0400 0.9695 1.0400 0.9794
1.0500 0.9226 1.0500 0.9474
1.0100 0.9238 1.0100 0.9479
0.9600 0.9348 0.9600 0.9501
0.9200 1.0242 0.9200 1.0229
0.9000 1.1072 0.9000 1.0878
0.9200 1.1382 0.9200 1.1061
0.9600 1.0718 0.9600 1.0464
1.0200 0.9294 1.0200 0.9214
1.0600 0.8974 1.0600 0.9035
1.0900 0.8868 1.0900 0.9005
1.1000 0.8924 1.1000 0.9074
1.1100 0.9873 1.1100 0.9915
1.1200 1.0687 1.1200 1.0457
1.1200 1.1705 1.1200 1.1298
1.1100 1.1562 1.1100 1.1144
1.1200 1.1636 1.1200 1.1348
1.1500 1.1292 1.1500 1.1197
1.1800 1.1396 1.1800 1.1415
1.2000 1.1459 1.2000 1.1513
1.2200 1.1143 1.2200 1.1175
1.2400 1.0788 1.2400 1.0855
1.2600 1.1430 1.2600 1.1505
1.2900 1.2185 1.2900 1.2155
1.3200 1.2359 1.3200 1.2192
1.3300 1.2273 1.3300 1.2091
1.3400 1.2531 1.3400 1.2422
1.3200 1.2738 1.3200 1.2686
1.3100 1.2887 1.3100 1.2843
1.2900 1.3410 1.2900 1.3343
1.2800 1.3661 1.2800 1.3551
1.2700 1.3194 1.2700 1.3105
1.2500 1.3338 1.2500 1.3345
1.2300 1.2392 1.2300 1.2510
1.2200 1.2571 1.2200 1.2777
1.2100 1.2125 1.2100 1.2359
1.1900 1.2241 1.1900 1.2426
1.1800 1.2139 1.1800 1.2290
1.1600 1.1682 1.1600 1.1801
1.1500 1.1533 1.1500 1.1699
1.1400 1.1736 1.1400 1.1902
1.1200 1.1611 1.1200 1.1731
1.1000 1.1151 1.1000 1.1258
1.0900 1.1368 1.0900 1.1495
1.0900 1.0942 1.0900 1.1074
1.0800 1.1097 1.0800 1.1223
1.0700 1.1021 1.0700 1.1128
1.0600 1.0567 1.0600 1.0659
1.0500 1.0421 1.0500 1.0558
1.0400 1.0622 1.0400 1.0758
1.0300 1.0847 1.0300 1.0921
1.0200 1.0464 1.0200 1.0486
1.0100 1.0405 1.0100 1.0446
1.0100 1.0366 1.0100 1.0444
1.0000 1.0270 1.0000 1.0350
0.9900 1.0172 0.9900 1.0251
0.9700 1.0090 0.9700 1.0159
0.9600 1.0007 0.9600 1.0073
0.9600 0.9923 0.9600 0.9987
0.9600 1.0183 0.9600 1.0227
0.9700 0.9828 0.9700 0.9850
0.9700 0.9745 0.9700 0.9783
0.9700 0.9356 0.9700 0.9441
0.9800 0.9531 0.9800 0.9632
0.9800 0.9776 0.9800 0.9838
0.9700 0.9734 0.9700 0.9718
0.9700 1.0074 0.9700 1.0020
0.9600 0.9837 0.9600 0.9774
0.9700 0.9846 0.9700 0.9816
0.9700 1.0221 0.9700 1.0211
0.9600 0.9939 0.9600 0.9908
0.9600 0.9584 0.9600 0.9590
0.9700 0.9890 0.9700 0.9938
1.0000 0.9539 1.0000 0.9585
1.0300 1.0104 1.0300 1.0120
1.0700 0.9846 1.0700 0.9819
1.0800 0.9484 1.0800 0.9463
1.1000 0.9796 1.1000 0.9834
1.1100 1.0141 1.1100 1.0141
1.1300 1.0856 1.1300 1.0757
1.1300 1.1085 1.1300 1.0885
1.1400 1.1699 1.1400 1.1452
1.1400 1.1026 1.1400 1.0839
1.1400 1.1512 1.1400 1.1430
1.1300 1.1376 1.1300 1.1367
1.1200 1.1760 1.1200 1.1730
1.1100 1.1214 1.1100 1.1201
1.1100 1.1575 1.1100 1.1578
1.1100 1.1331 1.1100 1.1367
1.1000 1.1301 1.1000 1.1336
1.1000 1.0961 1.1000 1.1039
1.1000 1.0883 1.1000 1.0981
1.1000 1.0796 1.1000 1.0915
1.0900 1.1038 1.0900 1.1119
1.0800 1.1014 1.0800 1.1046
1.0800 1.0656 1.0800 1.0677
1.0700 1.0954 1.0700 1.1005
1.0600 1.0964 1.0600 1.1004
1.0600 1.0928 1.0600 1.0944
1.0600 1.0591 1.0600 1.0628
1.0600 1.0533 1.0600 1.0608
1.0500 1.0805 1.0500 1.0889
1.0400 1.0423 1.0400 1.0476
1.0300 1.0329 1.0300 1.0390
1.0200 1.0626 1.0200 1.0690
1.0200 1.0603 1.0200 1.0625
1.0200 1.0577 1.0200 1.0578
1.0200 1.0256 1.0200 1.0277
1.0300 1.0196 1.0300 1.0262
1.0300 1.0122 1.0300 1.0216
1.0200 1.0016 1.0200 1.0098
1.0200 1.0265 1.0200 1.0318
1.0200 1.0255 1.0200 1.0261
1.0100 1.0243 1.0100 1.0227
1.0100 1.0610 1.0100 1.0585
1.0000 1.0347 1.0000 1.0311
0.9900 1.0002 0.9900 1.0010
0.9800 1.0308 0.9800 1.0367
0.9800 1.0297 0.9800 1.0336
0.9800 0.9907 0.9800 0.9932
0.9700 1.0191 0.9700 1.0230
0.9700 0.9861 0.9700 0.9901
0.9700 0.9755 0.9700 0.9808
0.9700 0.9694 0.9700 0.9769
0.9800 0.9944 0.9800 0.9989
0.9800 0.9919 0.9800 0.9924
0.9800 0.9567 0.9800 0.9562
0.9700 0.9859 0.9700 0.9882
0.9600 0.9871 0.9600 0.9883
0.9600 0.9835 0.9600 0.9825
0.9500 1.0188 0.9500 1.0161
0.9500 0.9930 0.9500 0.9883
0.9700 0.9928 0.9700 0.9907
0.9900 0.9620 0.9900 0.9649
1.0000 0.9539 1.0000 0.9603
0.9800 0.9795 0.9800 0.9861
0.9600 0.9424 0.9600 0.9451
0.9400 0.9670 0.9400 0.9687
0.9400 1.0379 0.9400 1.0343
0.9600 1.0501 0.9600 1.0367
1.0000 1.0306 1.0000 1.0160
1.0500 0.9431 1.0500 0.9402
1.0800 0.9337 1.0800 0.9467
1.1100 0.9182 1.1100 0.9377
1.1400 0.9618 1.1400 0.9737
1.1600 1.0250 1.1600 1.0222
1.1800 1.1070 1.1800 1.0863
1.2100 1.1753 1.2100 1.1430
1.2500 1.1499 1.2500 1.1176
1.2800 1.1833 1.2800 1.1625
1.3000 1.2160 1.3000 1.2042
1.3100 1.2030 1.3100 1.1938
1.3300 1.2194 1.3300 1.2139
1.3400 1.2741 1.3400 1.2677
1.3300 1.3325 1.3300 1.3196
1.3200 1.3278 1.3200 1.3104
1.3100 1.3210 1.3100 1.3083
1.3200 1.3092 1.3200 1.3069
1.3300 1.3554 1.3300 1.3583
1.3500 1.3331 1.3500 1.3354
1.3600 1.2675 1.3600 1.2731
1.3500 1.2645 1.3500 1.2800
1.3300 1.2571 1.3300 1.2758
1.3100 1.3135 1.3100 1.3263
1.3000 1.3172 1.3000 1.3196
1.3200 1.3600 1.3200 1.3546
1.3200 1.3448 1.3200 1.3396
1.3000 1.2847 1.3000 1.2869
1.2500 1.2468 1.2500 1.2637
1.2400 1.2319 1.2400 1.2568
1.2700 1.2448 1.2700 1.2678
1.3200 1.3371 1.3200 1.3468
1.2800 1.2768 1.2800 1.2737
1.2400 1.2078 1.2400 1.2102
1.2200 1.0990 1.2200 1.1228
1.1800 1.2006 1.1800 1.2340
1.1400 1.3245 1.1400 1.3394
1.0800 1.4044 1.0800 1.3841
1.0100 1.1238 1.0100 1.1049
0.9400 1.1170 0.9400 1.1343
0.8900 1.1706 0.8900 1.2117
0.8700 1.0613 0.8700 1.0932
0.9000 1.0172 0.9000 1.0465
0.9900 0.9535 0.9900 0.9579
1.1100 0.9042 1.1100 0.9138
1.2200 0.8666 1.2200 0.8802
1.3200 0.8543 1.3200 0.8650
1.4000 0.8690 1.4000 0.8715
1.4600 0.9913 1.4600 0.9857
1.5200 1.2224 1.5200 1.1806
1.5500 1.3841 1.5500 1.2967
1.5800 1.4675 1.5800 1.3692
1.6000 1.5421 1.6000 1.4466
1.6500 1.5797 1.6500 1.5135
1.7000 1.5838 1.7000 1.5531
1.7600 1.6410 1.7600 1.6246
1.8000 1.5823 1.8000 1.5735
1.8300 1.6084 1.8300 1.6083
1.8300 1.6008 1.8300 1.6070
1.8300 1.7245 1.8300 1.7245
1.8100 1.7623 1.8100 1.7505
1.7900 1.8396 1.7900 1.8163
1.7700 1.8241 1.7700 1.8042
1.7900 1.8300 1.7900 1.8206
1.8500 1.7527 1.8500 1.7622
1.8700 1.7560 1.8700 1.7792
1.8700 1.6807 1.8700 1.7131
1.8400 1.6581 1.8400 1.6931
1.8700 1.6385 1.8700 1.6748
1.8900 1.7626 1.8900 1.7862
1.9100 1.9200 1.9100 1.9174
1.9000 1.8148 1.9000 1.7935
1.8900 1.7724 1.8900 1.7673
1.9000 1.6851 1.9000 1.7109
1.8900 1.8797 1.8900 1.9125
1.8900 1.8521 1.8900 1.8671
1.8600 1.8572 1.8600 1.8550
1.8300 1.7772 1.8300 1.7862
1.7800 1.7791 1.7800 1.8017
1.7300 1.8442 1.7300 1.8735
1.6800 1.7688 1.6800 1.7900
1.6100 1.7947 1.6100 1.8152
1.5500 1.6902 1.5500 1.7168
1.4900 1.6650 1.4900 1.7008
1.4600 1.5677 1.4600 1.6147
1.4200 1.5202 1.4200 1.5708
1.3900 1.4731 1.3900 1.5259
1.3900 1.3523 1.3900 1.4034
1.4000 1.3265 1.4000 1.3810
1.4200 1.2738 1.4200 1.3259
1.4200 1.3215 1.4200 1.3625
1.3900 1.2552 1.3900 1.2843
1.3500 1.2556 1.3500 1.2784
1.3100 1.3428 1.3100 1.3611
1.2900 1.3746 1.2900 1.3774
1.2900 1.4154 1.2900 1.4079
1.3000 1.3666 1.3000 1.3599
1.2900 1.2672 1.2900 1.2762
1.2600 1.2157 1.2600 1.2469
1.2100 1.1816 1.2100 1.2224
1.1800 1.2084 1.1800 1.2433
1.1100 1.2536 1.1100 1.2713
1.0200 1.2837 1.0200 1.2836
0.9100 1.2223 0.9100 1.2187
0.8600 1.1520 0.8600 1.1614
0.8400 1.0660 0.8400 1.0951
0.8400 1.0935 0.8400 1.1308
0.8400 0.9660 0.8400 0.9737
0.8100 0.8944 0.8100 0.9077
0.7900 0.8153 0.7900 0.8378
0.7200 0.8379 0.7200 0.8571
0.6400 0.8540 0.6400 0.8599
0.5200 0.8658 0.5200 0.8552
0.4100 0.8637 0.4100 0.8471
0.7900 0.8571 0.7900 0.8540
0.7800 0.8643 0.7800 0.8591
0.7700 0.8479 0.7700 0.8373
0.7500 0.8424 0.7500 0.8337
0.7200 0.8390 0.7200 0.8328
0.6900 0.8487 0.6900 0.8483
0.6800 0.8347 0.6800 0.8274
0.7100 0.8282 0.7100 0.8212
0.7600 0.8233 0.7600 0.8176
0.7900 0.8034 0.7900 0.7992
0.8100 0.7792 0.8100 0.7780
0.8200 0.7629 0.8200 0.7640
0.8200 0.7752 0.8200 0.7744
0.8200 0.8478 0.8200 0.8411
0.8300 0.9322 0.8300 0.9017
0.8600 0.9020 0.8600 0.8616
0.8700 0.9016 0.8700 0.8725
0.8800 0.8960 0.8800 0.8834
0.8900 0.8705 0.8900 0.8684
0.8600 0.8683 0.8600 0.8711
0.8000 0.9003 0.8000 0.9001
0.6800 0.9720 0.6800 0.9619
0.5400 0.9245 0.5400 0.9073
1.0600 1.0500 1.0600 1.0378
1.0600 1.0656 1.0600 1.0609
1.0800 1.0408 1.0800 1.0408
1.0900 1.0384 1.0900 1.0422
1.0900 1.0733 1.0900 1.0759
1.1100 1.0785 1.1100 1.0756
1.1200 1.0846 1.1200 1.0789
1.1400 1.0607 1.1400 1.0573
1.1600 1.1328 1.1600 1.1304
1.1700 1.1134 1.1700 1.1082
1.1900 1.0836 1.1900 1.0792
1.2200 1.1594 1.2200 1.1587
1.2500 1.1403 1.2500 1.1357
1.2800 1.1792 1.2800 1.1723
1.3200 1.1998 1.3200 1.1919
1.3700 1.1807 1.3700 1.1727
1.4100 1.2269 1.4100 1.2230
1.4500 1.2811 1.4500 1.2739
1.4900 1.3022 1.4900 1.2889
1.5200 1.3284 1.5200 1.3136
1.5300 1.3946 1.5300 1.3795
1.5400 1.4658 1.5400 1.4469
1.5300 1.4708 1.5300 1.4490
1.5400 1.5093 1.5400 1.4912
1.5300 1.5501 1.5300 1.5369
1.5200 1.5481 1.5200 1.5381
1.5000 1.5026 1.5000 1.5012
1.4800 1.5166 1.4800 1.5253
1.4500 1.4529 1.4500 1.4693
1.4300 1.5139 1.4300 1.5318
1.4200 1.4471 1.4200 1.4629
1.3900 1.4349 1.3900 1.4507
1.3600 1.3946 1.3600 1.4172
1.3300 1.3763 1.3300 1.4007
1.3200 1.3211 1.3200 1.3492
1.3000 1.3298 1.3000 1.3570
1.2700 1.3462 1.2700 1.3685
1.2400 1.2612 1.2400 1.2788
1.2200 1.2381 1.2200 1.2613
1.2000 1.2177 1.2000 1.2458
1.1700 1.2585 1.1700 1.2817
1.1400 1.2089 1.1400 1.2248
1.1300 1.1560 1.1300 1.1713
1.1300 1.1373 1.1300 1.1602
1.1200 1.1474 1.1200 1.1707
1.0900 1.1250 1.0900 1.1435
1.0600 1.0709 1.0600 1.0871
1.0300 1.0492 1.0300 1.0689
1.0200 1.0953 1.0200 1.1136
1.0200 1.1167 1.0200 1.1247
1.0100 1.0771 1.0100 1.0777
1.0000 1.0043 1.0000 1.0114
1.0300 0.9875 1.0300 1.0065
1.0700 0.9631 1.0700 0.9872
1.1000 1.0006 1.1000 1.0185
1.0900 1.0223 1.0900 1.0278
1.0500 0.9848 1.0500 0.9823
1.0300 0.9809 1.0300 0.9819
1.0100 1.1162 1.0100 1.1143
1.0100 1.1709 1.0100 1.1529
1.0100 1.1620 1.0100 1.1338
1.0000 1.0565 1.0000 1.0417
0.9900 0.9592 0.9900 0.9717
0.9700 1.0006 0.9700 1.0323
0.9600 0.9745 0.9600 1.0005
0.9500 1.0132 0.9500 1.0240
0.9500 1.0127 0.9500 1.0120
0.9600 0.9788 0.9600 0.9749
0.9700 0.9758 0.9700 0.9790
0.9800 0.9369 0.9800 0.9454
0.9900 0.9529 0.9900 0.9637
0.9900 0.9436 0.9900 0.9516
0.9900 0.9662 0.9900 0.9683
0.9800 1.0003 0.9800 0.9968
0.9600 1.0076 0.9600 0.9982
0.9500 1.0166 0.9500 1.0070
0.9300 1.0282 0.9300 1.0206
0.9100 1.0031 0.9100 0.9990
0.8900 1.0042 0.8900 1.0048
0.8900 0.9712 0.8900 0.9758
0.9100 0.9280 0.9100 0.9372
0.9300 0.9466 0.9300 0.9589
0.9200 0.9048 0.9200 0.9130
0.9100 0.8931 0.9100 0.8931
0.8900 0.8815 0.8900 0.8803
0.8800 0.9193 0.8800 0.9254
0.8800 0.9839 0.8800 0.9785
0.8900 0.9961 0.8900 0.9782
0.8900 0.9120 0.8900 0.8978
0.9000 0.9139 0.9000 0.9147
0.9400 0.8824 0.9400 0.8894
1.0000 0.8893 1.0000 0.9013
1.0700 0.9115 1.0700 0.9175
1.1200 0.9416 1.1200 0.9365
1.1600 0.9147 1.1600 0.9058
1.1600 0.9517 1.1600 0.9437
1.1600 1.0658 1.1600 1.0532
1.1600 1.1637 1.1600 1.1344
1.1600 1.2446 1.1600 1.2009
1.1700 1.2370 1.1700 1.1931
1.1900 1.2538 1.1900 1.2238
1.2100 1.1553 1.2100 1.1468
1.2400 1.1593 1.2400 1.1695
1.2700 1.1597 1.2700 1.1768
1.2800 1.1499 1.2800 1.1607
1.2900 1.1808 1.2900 1.1858
1.2800 1.2242 1.2800 1.2204
1.2600 1.2389 1.2600 1.2292
1.2500 1.2930 1.2500 1.2806
1.2300 1.3213 1.2300 1.3070
1.2100 1.2756 1.2100 1.2651
1.2000 1.2897 1.2000 1.2894
1.2200 1.2310 1.2200 1.2399
1.2400 1.1852 1.2400 1.2028
1.2700 1.2046 1.2700 1.2269
1.3200 1.1561 1.3200 1.1747
1.3700 1.1345 1.3700 1.1520
1.4300 1.1550 1.4300 1.1711
1.4700 1.2500 1.4700 1.2552
1.5000 1.2609 1.5000 1.2519
1.5500 1.3129 1.5500 1.2959
1.5900 1.4180 1.5900 1.3974
1.6400 1.4613 1.6400 1.4341
1.7000 1.5417 1.7000 1.5121
1.7500 1.5262 1.7500 1.5004
1.8000 1.5300 1.8000 1.5153
1.8600 1.6368 1.8600 1.6302
1.9100 1.6394 1.9100 1.6281
1.9400 1.7070 1.9400 1.6922
1.9500 1.7931 1.9500 1.7750
1.9300 1.8076 1.9300 1.7858
1.8900 1.8548 1.8900 1.8377
1.8300 1.9429 1.8300 1.9179
1.7800 1.9571 1.7800 1.9417
1.7200 1.9279 1.7200 1.9195
1.6400 1.8891 1.6400 1.8964
1.5500 1.7925 1.5500 1.8189
1.4700 1.7027 1.4700 1.7479
1.4500 1.5931 1.4500 1.6524
1.4400 1.5708 1.4400 1.6339
1.4100 1.4815 1.4100 1.5401
1.3700 1.3502 1.3700 1.4073
1.3000 1.2483 1.3000 1.3139
1.2500 1.2062 1.2500 1.2749
1.2200 1.3409 1.2200 1.3933
1.2100 1.3457 1.2100 1.3651
1.2000 1.2594 1.2000 1.2631
1.1600 1.2156 1.1600 1.2321
1.1300 1.0887 1.1300 1.1244
1.1100 1.0983 1.1100 1.1469
1.0900 1.1201 1.0900 1.1609
1.0500 1.1520 1.0500 1.1706
1.0100 1.1401 1.0100 1.1446
1.0000 1.0323 1.0000 1.0386
0.9900 1.0437 0.9900 1.0644
0.9900 1.0566 0.9900 1.0805
0.9600 1.0301 0.9600 1.0460
0.9200 0.9547 0.9200 0.9580
0.8500 0.9301 0.8500 0.9377
0.7700 0.9876 0.7700 1.0091
0.7000 0.9715 0.7000 0.9797
0.6500 0.9918 0.6500 0.9899
0.6500 0.9088 0.6500 0.9004
0.6800 0.8776 0.6800 0.8760
0.7200 0.8158 0.7200 0.8244
0.7600 0.7639 0.7600 0.7793
0.7800 0.7363 0.7800 0.7540
0.7700 0.7241 0.7700 0.7362
0.7600 0.7658 0.7600 0.7654
0.7400 0.8128 0.7400 0.7932
0.7300 0.8665 0.7300 0.8261
0.7100 0.9048 0.7100 0.8622
0.7100 0.8793 0.7100 0.8472
0.7200 0.8222 0.7200 0.8103
0.7300 0.8205 0.7300 0.8169
0.7400 0.8024 0.7400 0.8027
0.7400 0.8054 0.7400 0.8044
