1.0600 1.2214 1.0600 1.2616
1.0500 1.1101 1.0500 1.1842
1.0600 1.0045 1.0600 1.0978
1.0500 1.0914 1.0500 1.1351
1.0500 0.9426 1.0500 1.0373
1.0100 0.9872 1.0100 1.0561
1.0300 1.1373 1.0300 1.1428
1.0500 1.0205 1.0500 1.0937
1.1400 1.0823 1.1400 1.1291
1.1500 1.0356 1.1500 1.0913
1.0800 1.0611 1.0800 1.1159
1.0400 0.9234 1.0400 1.0251
1.0400 1.0942 1.0400 1.1195
1.0800 1.1015 1.0800 1.1395
1.0800 1.3507 1.0800 1.3218
1.0300 1.1521 1.0300 1.2209
0.9800 0.9387 0.9800 1.0516
0.9200 0.9789 0.9200 1.0441
0.9000 1.0684 0.9000 1.1048
0.8800 1.1683 0.8800 1.1996
0.8500 1.0612 0.8500 1.1337
0.7600 0.9151 0.7600 1.0182
0.7600 0.8898 0.7600 0.9741
0.7500 0.8503 0.7500 0.9536
0.6400 0.8789 0.6400 0.9883
0.6800 0.8656 0.6800 0.9789
0.6500 0.8276 0.6500 0.9501
0.6300 0.7430 0.6300 0.8616
0.6500 0.8512 0.6500 0.9372
0.6500 0.8349 0.6500 0.9458
0.7000 0.7001 0.7000 0.8274
0.7200 0.8684 0.7200 0.9330
0.7600 0.7653 0.7600 0.8929
0.7700 0.7422 0.7700 0.8856
0.8000 0.8146 0.8000 0.9084
0.8100 0.7961 0.8100 0.9091
0.8200 0.8752 0.8200 0.9660
0.7600 0.8369 0.7600 0.9429
0.8200 0.8948 0.8200 0.9716
0.8300 0.8342 0.8300 0.9469
0.8800 0.9130 0.8800 0.9783
0.9200 0.8694 0.9200 0.9673
0.9400 0.8804 0.9400 0.9704
1.0000 0.7694 1.0000 0.8840
1.0200 1.0039 1.0200 1.0149
1.0200 0.8820 1.0200 0.9917
1.0800 1.0152 1.0800 1.0658
1.1900 1.0299 1.1900 1.0719
1.3200 1.0119 1.3200 1.0746
1.3800 1.1596 1.3800 1.1783
1.3900 1.0803 1.3900 1.1423
1.3900 1.0314 1.3900 1.1146
1.4000 1.2410 1.4000 1.2356
1.4100 1.4570 1.4100 1.4104
1.4400 1.6053 1.4400 1.5624
1.4300 1.4803 1.4300 1.5105
1.4100 1.3921 1.4100 1.4443
1.3600 1.3930 1.3600 1.4285
1.3100 1.4219 1.3100 1.4513
1.3400 1.4098 1.3400 1.4492
1.2400 1.4843 1.2400 1.4890
1.2200 1.3680 1.2200 1.4162
1.1700 1.3346 1.1700 1.3815
1.1700 1.2214 1.1700 1.2900
1.1600 1.1789 1.1600 1.2446
1.1600 1.4071 1.1600 1.3792
1.1500 1.0040 1.1500 1.1165
1.2100 1.1660 1.2100 1.1957
1.1900 1.0515 1.1900 1.1045
1.1000 1.1634 1.1000 1.1944
1.0000 1.1163 1.0000 1.1655
0.9800 1.1511 0.9800 1.1838
0.8900 1.1174 0.8900 1.1668
0.8200 1.3549 0.8200 1.3227
0.7100 1.1197 0.7100 1.2041
0.6800 0.9254 0.6800 1.0344
0.6900 0.8530 0.6900 0.9482
0.6800 0.9680 0.6800 1.0205
0.6800 0.8308 0.6800 0.9505
0.6600 0.7770 0.6600 0.9018
0.6300 0.7273 0.6300 0.8412
0.6900 0.7884 0.6900 0.8949
0.6600 0.8475 0.6600 0.9442
0.6000 0.7930 0.6000 0.9166
0.5100 0.7914 0.5100 0.9026
0.5000 0.7607 0.5000 0.8790
0.5700 0.7410 0.5700 0.8676
0.6900 0.9025 0.6900 0.9722
0.8000 0.7516 0.8000 0.8917
0.9600 0.6994 0.9600 0.8225
1.0400 0.6754 1.0400 0.7820
1.1200 0.7421 1.1200 0.8514
1.1400 0.8819 1.1400 0.9629
1.1500 0.9900 1.1500 1.0429
1.1500 1.0717 1.1500 1.0924
1.1800 1.3569 1.1800 1.3011
1.2000 1.2410 1.2000 1.2755
1.2000 1.3256 1.2000 1.3476
1.1500 1.2023 1.1500 1.2703
1.1500 1.1921 1.1500 1.2610
1.1800 1.1603 1.1800 1.2297
1.2200 1.2582 1.2200 1.2855
1.2600 1.2366 1.2600 1.2809
1.2500 1.1867 1.2500 1.2457
1.2000 1.0267 1.2000 1.1257
1.2000 1.1641 1.2000 1.1902
1.2000 1.2527 1.2000 1.2611
1.2100 1.2946 1.2100 1.3154
1.2100 1.3314 1.2100 1.3447
1.2000 1.2085 1.2000 1.2675
1.1800 1.0776 1.1800 1.1711
1.1500 1.2144 1.1500 1.2350
1.1200 1.1957 1.1200 1.2376
1.0800 1.2141 1.0800 1.2584
1.0600 1.1936 1.0600 1.2343
1.0400 1.1687 1.0400 1.2151
1.0300 1.1279 1.0300 1.1870
1.0200 1.0779 1.0200 1.1465
1.0100 1.0500 1.0100 1.1184
1.0000 0.9874 1.0000 1.0675
0.9900 1.0177 0.9900 1.0756
0.9700 0.9957 0.9700 1.0591
0.9600 1.0094 0.9600 1.0675
0.9200 1.0009 0.9200 1.0603
0.9100 0.9946 0.9100 1.0563
0.9200 0.9864 0.9200 1.0508
0.9300 0.9787 0.9300 1.0446
0.9500 0.9364 0.9500 1.0158
0.9500 0.9530 0.9500 1.0203
0.9800 0.8446 0.9800 0.9649
0.9800 0.9096 0.9800 0.9868
1.0000 0.9624 1.0000 1.0144
1.0200 0.9656 1.0200 1.0300
1.0400 1.0078 1.0400 1.0595
1.0700 0.9664 1.0700 1.0348
1.1000 1.0693 1.1000 1.1052
1.1200 0.9934 1.1200 1.0671
1.1500 1.0619 1.1500 1.1117
1.1700 1.0791 1.1700 1.1249
1.1800 1.0964 1.1800 1.1461
1.2100 1.1462 1.2100 1.1830
1.2300 1.1753 1.2300 1.2089
1.2500 1.1674 1.2500 1.2140
1.2800 1.2229 1.2800 1.2512
1.3200 1.2158 1.3200 1.2547
1.3500 1.1992 1.3500 1.2489
1.3800 1.2799 1.3800 1.2980
1.4300 1.2689 1.4300 1.3020
1.4500 1.2847 1.4500 1.3188
1.4700 1.3411 1.4700 1.3545
1.5000 1.4021 1.5000 1.4061
1.5500 1.3985 1.5500 1.4198
1.6100 1.4301 1.6100 1.4436
1.6800 1.5325 1.6800 1.5164
1.7500 1.4652 1.7500 1.4937
1.8200 1.4885 1.8200 1.5081
1.8600 1.5504 1.8600 1.5441
1.9000 1.6430 1.9000 1.6213
1.9500 1.7141 1.9500 1.6897
2.0000 1.8045 2.0000 1.7664
2.0500 1.8707 2.0500 1.8325
2.0800 1.9388 2.0800 1.9003
2.1200 1.8943 2.1200 1.8926
2.1700 1.9441 2.1700 1.9271
2.2100 2.0243 2.2100 1.9851
2.2400 2.0586 2.2400 2.0293
2.2400 2.1004 2.2400 2.0695
2.2000 2.0743 2.2000 2.0603
2.1500 2.1513 2.1500 2.1117
2.1000 2.2266 2.1000 2.1729
2.0800 2.2211 2.0800 2.1933
2.0100 2.2233 2.0100 2.2005
2.0900 2.1459 2.0900 2.1481
2.1500 2.0045 2.1500 2.0444
2.0900 1.9506 2.0900 1.9740
1.9900 1.9072 1.9900 1.9184
1.9600 1.9634 1.9600 1.9390
1.9700 1.7342 1.9700 1.7886
1.9800 2.2653 1.9800 2.0945
1.9800 2.2114 1.9800 2.1278
1.9800 1.7742 1.9800 1.8985
2.0000 1.6649 2.0000 1.7330
1.9900 1.8900 1.9900 1.8180
1.8100 1.9441 1.8100 1.9036
1.5800 1.9013 1.5800 1.9000
1.7700 1.8880 1.7700 1.8702
1.7400 1.9126 1.7400 1.8790
1.8300 1.9914 1.8300 1.9441
2.0000 1.8819 2.0000 1.8940
2.0600 1.3681 2.0600 1.5225
1.9900 1.1554 1.9900 1.2758
1.9000 2.3690 1.9000 1.9626
1.8700 1.5132 1.8700 1.6283
1.8700 1.9305 1.8700 1.8841
1.9500 2.4209 1.9500 2.1426
1.9700 2.0873 1.9700 2.0995
1.9800 1.6822 1.9800 1.8450
1.9700 1.6572 1.9700 1.7129
1.9600 1.8028 1.9600 1.7765
1.9500 1.8122 1.9500 1.8123
1.9400 2.0806 1.9400 1.9844
1.9200 1.9094 1.9200 1.9024
1.8900 1.9170 1.8900 1.9077
1.8700 1.8880 1.8700 1.8753
1.7900 1.8788 1.7900 1.8779
1.7000 1.8604 1.7000 1.8653
1.7300 1.8472 1.7300 1.8459
1.7300 1.7987 1.7300 1.8074
1.7300 1.7478 1.7300 1.7615
1.7100 1.7634 1.7100 1.7573
1.6200 1.5169 1.6200 1.5933
1.5000 1.4258 1.5000 1.4917
1.3300 1.7993 1.3300 1.6926
1.1000 1.6578 1.1000 1.6589
0.8400 1.6440 0.8400 1.6612
0.7300 1.6063 0.7300 1.6051
0.6600 1.3470 0.6600 1.4369
0.6000 1.2252 0.6000 1.3168
0.5400 1.0196 0.5400 1.1186
0.5000 0.8467 0.5000 0.9783
0.5000 0.7495 0.5000 0.8781
0.5500 0.7929 0.5500 0.8922
0.6100 0.7659 0.6100 0.8899
0.6700 0.7126 0.6700 0.8551
0.7200 0.6702 0.7200 0.8004
0.7500 0.6905 0.7500 0.8069
0.7300 0.7445 0.7300 0.8550
0.7300 0.8332 0.7300 0.9210
0.7900 0.8580 0.7900 0.9464
0.8100 0.8673 0.8100 0.9548
0.7900 0.8839 0.7900 0.9572
0.7700 0.8707 0.7700 0.9532
0.7500 0.7770 0.7500 0.9044
0.7300 0.8084 0.7300 0.9244
0.7200 0.9727 0.7200 1.0138
0.6900 0.8827 0.6900 0.9910
0.6900 0.7861 0.6900 0.9250
0.6600 0.7946 0.6600 0.9106
0.6600 0.8046 0.6600 0.9230
0.6800 0.7972 0.6800 0.9228
0.6800 0.8027 0.6800 0.9227
0.6600 0.7600 0.6600 0.8923
0.7800 0.8064 0.7800 0.9163
0.9500 0.7516 0.9500 0.8828
1.1300 0.7925 1.1300 0.9065
1.2200 0.8336 1.2200 0.9334
1.2100 0.7966 1.2100 0.9179
1.1200 0.7481 1.1200 0.8824
1.0500 1.1016 1.0500 1.0669
1.0200 1.3628 1.0200 1.3033
1.0100 1.5392 1.0100 1.4907
0.9900 1.4078 0.9900 1.4333
0.9800 1.1897 0.9800 1.2853
0.9600 1.0335 0.9600 1.1277
0.9600 1.0083 0.9600 1.0781
0.9600 0.9908 0.9600 1.0542
0.9600 0.9819 0.9600 1.0575
0.9500 0.9350 0.9500 1.0137
0.9300 0.9640 0.9300 1.0168
0.9300 0.9278 0.9300 0.9966
0.9500 0.9763 0.9500 1.0323
0.9600 0.9729 0.9600 1.0353
0.9900 0.9728 0.9900 1.0389
1.0000 0.9414 1.0000 1.0166
1.0200 0.9041 1.0200 0.9871
1.0400 0.9524 1.0400 1.0140
1.0600 1.0139 1.0600 1.0603
0.9900 0.9931 0.9900 1.0592
1.0200 1.0716 1.0200 1.1100
1.0300 1.0353 1.0300 1.0938
1.1000 1.0802 1.1000 1.1284
1.1200 1.0981 1.1200 1.1439
1.0500 1.1155 1.0500 1.1632
1.2100 0.8722 1.2100 0.9788
1.2400 1.1191 1.2400 1.1277
1.2800 1.0645 1.2800 1.1129
1.3900 1.2617 1.3900 1.2659
1.3800 1.1515 1.3800 1.2039
1.3800 0.9115 1.3800 1.0252
1.4000 1.6315 1.4000 1.4758
1.4400 1.2843 1.4400 1.3417
1.4900 1.3374 1.4900 1.3957
1.5600 1.6595 1.5600 1.5605
1.6400 1.3255 1.6400 1.4098
1.6800 1.3538 1.6800 1.4198
1.7200 1.4532 1.7200 1.4409
1.7900 1.5191 1.7900 1.5188
1.8200 1.5693 1.8200 1.5701
1.8500 1.6937 1.8500 1.6527
1.9300 1.7942 1.9300 1.7466
2.0100 1.7197 2.0100 1.7292
2.0800 1.7739 2.0800 1.7645
2.1500 1.9330 2.1500 1.8732
2.1900 1.8277 2.1900 1.8429
2.1700 1.8616 2.1700 1.8619
2.0700 2.0953 2.0700 2.0040
1.8800 2.1419 1.8800 2.0849
1.7300 2.1636 1.7300 2.1336
1.6000 2.2499 1.6000 2.1926
1.5300 2.2055 1.5300 2.1870
1.4400 2.0189 1.4400 2.0732
1.3800 1.7451 1.3800 1.8546
1.3500 1.4705 1.3500 1.5950
1.3100 1.4099 1.3100 1.4770
1.2300 1.2856 1.2300 1.3482
1.1600 1.3068 1.1600 1.3262
1.0800 1.1564 1.0800 1.2102
1.0700 1.1946 1.0700 1.2099
1.0300 1.2517 1.0300 1.2442
1.0000 1.1809 1.0000 1.2191
0.9600 1.0098 0.9600 1.1036
0.9100 0.9919 0.9100 1.0574
0.8300 0.9088 0.8300 0.9951
0.7900 1.0492 0.7900 1.0769
0.7400 0.9252 0.7400 1.0179
0.7800 0.9281 0.7800 1.0010
0.8200 0.8772 0.8200 0.9721
0.9000 0.8293 0.9000 0.9520
1.0200 0.7880 1.0200 0.9026
1.1200 0.8036 1.1200 0.9191
1.2100 0.7818 1.2100 0.9018
1.2800 0.9221 1.2800 0.9945
1.3300 0.9270 1.3300 1.0085
1.3500 1.0996 1.3500 1.1097
1.3300 1.3098 1.3300 1.2723
1.2700 1.3562 1.2700 1.3494
1.1700 1.4171 1.1700 1.4191
1.0700 1.4446 1.0700 1.4498
0.9800 1.4441 0.9800 1.4681
0.9100 1.3856 0.9100 1.4360
0.8700 1.2697 0.8700 1.3490
0.9500 1.1425 0.9500 1.2266
1.0000 1.0027 1.0000 1.0954
1.0000 0.9097 1.0000 1.0023
1.0300 0.8656 1.0300 0.9758
1.0600 0.8375 1.0600 0.9511
1.1000 0.8465 1.1000 0.9580
1.0500 1.1434 1.0500 1.1014
0.9500 1.1038 0.9500 1.1287
0.8300 0.9931 0.8300 1.0748
0.7300 1.1209 0.7300 1.1354
0.7200 1.1534 0.7200 1.1796
0.6000 1.1965 0.6000 1.2380
0.4900 0.9437 0.4900 1.0598
0.4800 0.8149 0.4800 0.9265
0.4400 0.7959 0.4400 0.9016
0.5100 0.7940 0.5100 0.8959
0.5500 0.8414 0.5500 0.9443
0.6000 0.6914 0.6000 0.8186
0.6600 0.6366 0.6600 0.7586
0.7500 0.7360 0.7500 0.8305
0.8100 0.6947 0.8100 0.8247
0.8500 0.8396 0.8500 0.9243
0.8700 0.8074 0.8700 0.9035
0.9000 0.8270 0.9000 0.9226
0.9500 0.8589 0.9500 0.9434
0.9900 1.0101 0.9900 1.0357
0.9700 0.9841 0.9700 1.0523
1.0200 0.9794 1.0200 1.0517
1.0700 0.9565 1.0700 1.0327
1.1200 1.0086 1.1200 1.0690
1.2000 1.0923 1.2000 1.1340
1.2700 1.0971 1.2700 1.1504
1.3400 0.9361 1.3400 1.0452
1.4500 1.1643 1.4500 1.1716
1.5500 1.2005 1.5500 1.2198
1.6100 1.2320 1.6100 1.2701
1.7000 1.3845 1.7000 1.3691
1.7600 1.4283 1.7600 1.4219
1.8800 1.4897 1.8800 1.4900
1.9500 1.7029 1.9500 1.6426
1.9700 1.7601 1.9700 1.7240
1.9800 1.7037 1.9800 1.7196
2.0100 1.8927 2.0100 1.8379
2.0700 1.8634 2.0700 1.8497
2.1900 2.1391 2.1900 2.0524
2.2900 2.0470 2.2900 2.0318
2.2900 1.9298 2.2900 1.9695
2.2900 1.9527 2.2900 1.9518
2.4600 2.0458 2.4600 2.0079
2.3700 2.1600 2.3700 2.1072
2.3100 2.4275 2.3100 2.3040
2.3400 2.4336 2.3400 2.3641
2.3800 2.1418 2.3800 2.2063
2.4100 2.2188 2.4100 2.2048
2.4500 2.9247 2.4500 2.6492
2.5100 1.9511 2.5100 2.1440
2.5300 2.0410 2.5300 2.1128
2.5100 2.4504 2.5100 2.2571
2.4900 2.3837 2.4900 2.3386
2.4700 2.3354 2.4700 2.3372
2.4500 2.4526 2.4500 2.3667
2.4300 2.5777 2.4300 2.4765
2.3800 2.4508 2.3800 2.4426
2.3100 2.3289 2.3100 2.3547
2.2300 2.3523 2.2300 2.3291
2.1300 2.3300 2.1300 2.3082
2.0500 2.2924 2.0500 2.2826
1.9800 2.2724 1.9800 2.2518
1.9300 2.1363 1.9300 2.1514
1.8900 2.0281 1.8900 2.0527
1.8400 1.9419 1.8400 1.9593
1.7900 1.7901 1.7900 1.8333
1.7300 1.7778 1.7300 1.7855
1.6800 1.7329 1.6800 1.7326
1.6300 1.7303 1.6300 1.7203
1.6000 1.7162 1.6000 1.7025
1.5900 1.6405 1.5900 1.6498
1.5800 1.6028 1.5800 1.6127
1.5700 1.5257 1.5700 1.5501
1.5500 1.5085 1.5500 1.5256
1.5500 1.4587 1.5500 1.4828
1.5600 1.4821 1.5600 1.4880
1.5500 1.5215 1.5500 1.5122
1.5500 1.5050 1.5500 1.5103
1.5500 1.4978 1.5500 1.5069
1.5400 1.4595 1.5400 1.4792
1.5300 1.5174 1.5300 1.5143
1.5200 1.5473 1.5200 1.5423
1.5300 1.4769 1.5300 1.5070
1.5400 1.5123 1.5400 1.5197
1.4700 1.5163 1.4700 1.5212
1.5200 1.4749 1.5200 1.5022
1.5800 1.4684 1.5800 1.4904
1.5900 1.4624 1.5900 1.4799
1.6400 1.5222 1.6400 1.5196
1.6800 1.5241 1.6800 1.5294
1.7100 1.2474 1.7100 1.3512
1.7300 1.6398 1.7300 1.5638
1.7500 1.6973 1.7500 1.6415
1.7800 1.5359 1.7800 1.5900
1.8000 1.7231 1.8000 1.6789
1.8300 1.7455 1.8300 1.7089
1.8500 1.7277 1.8500 1.7373
1.8800 1.7273 1.8800 1.7305
1.9000 1.7551 1.9000 1.7457
1.9200 1.8069 1.9200 1.7890
1.9100 1.7906 1.9100 1.7885
1.9200 1.8483 1.9200 1.8274
1.9300 1.8395 1.9300 1.8283
1.9000 1.8964 1.9000 1.8717
1.9100 1.8854 1.9100 1.8733
1.8800 1.9053 1.8800 1.8909
1.8600 1.8136 1.8600 1.8329
1.8300 1.8911 1.8300 1.8697
1.7900 1.8956 1.7900 1.8766
1.7600 1.7429 1.7600 1.7863
1.7600 1.8851 1.7600 1.8492
1.7500 1.7370 1.7500 1.7590
1.7100 1.7449 1.7100 1.7580
1.6000 1.6983 1.6000 1.7069
1.6700 1.6310 1.6700 1.6567
1.7300 1.6332 1.7300 1.6422
1.7700 1.7145 1.7700 1.6856
1.8000 1.6605 1.8000 1.6659
1.8100 1.5429 1.8100 1.5849
1.8300 1.2938 1.8300 1.3899
1.8700 1.8583 1.8700 1.7106
1.9100 1.8222 1.9100 1.7643
1.9500 1.7634 1.9500 1.7801
1.9800 1.8099 1.9800 1.7780
1.9700 1.7900 1.9700 1.7742
2.0200 1.8317 2.0200 1.8233
2.0400 1.9205 2.0400 1.8837
2.0900 1.9426 2.0900 1.9174
2.1100 1.9776 2.1100 1.9508
2.1200 1.9843 2.1200 1.9614
2.1300 1.8661 2.1300 1.8920
2.1400 2.1045 2.1400 2.0293
2.1500 2.0135 2.1500 2.0001
2.1600 2.1375 2.1600 2.0932
2.1900 2.0743 2.1900 2.0564
2.2100 2.0612 2.2100 2.0532
2.2000 2.0847 2.2000 2.0611
2.1600 2.0911 2.1600 2.0685
2.1700 2.0930 2.1700 2.0752
2.1500 2.1028 2.1500 2.0782
2.1400 2.1906 2.1400 2.1366
2.1200 2.1695 2.1200 2.1402
2.0700 2.0719 2.0700 2.0830
2.0800 1.9695 2.0800 1.9947
2.0800 2.1467 2.0800 2.0814
2.0900 2.0088 2.0900 2.0152
1.9800 2.0222 1.9800 2.0171
1.7800 1.9895 1.7800 1.9737
1.6100 1.8554 1.6100 1.8846
1.4100 2.0539 1.4100 1.9878
1.2600 2.0013 1.2600 1.9723
1.1900 2.0226 1.1900 2.0019
1.2100 1.5909 1.2100 1.7089
1.2900 1.3346 1.2900 1.4624
1.3600 1.2733 1.3600 1.3388
1.3400 1.0380 1.3400 1.1300
1.2200 0.9402 1.2200 1.0717
1.1200 0.9987 1.1200 1.0636
0.9500 1.2246 0.9500 1.1731
0.8400 1.4334 0.8400 1.3593
0.8000 1.4755 0.8000 1.4347
0.8000 1.2474 0.8000 1.3130
0.7600 0.9960 0.7600 1.1036
0.7500 0.9830 0.7500 1.0532
0.7400 0.8490 0.7400 0.9617
0.7800 0.8232 0.7800 0.9348
0.7800 0.8426 0.7800 0.9439
0.8000 0.8895 0.8000 0.9824
0.7900 0.7746 0.7900 0.9091
0.7800 0.8161 0.7800 0.9125
0.8000 0.8192 0.8000 0.9211
0.8000 0.9100 0.8000 0.9903
0.8100 0.8325 0.8100 0.9518
0.8100 0.8810 0.8100 0.9655
0.8200 0.8197 0.8200 0.9365
0.8600 0.8196 0.8600 0.9377
0.8500 0.8829 0.8500 0.9743
0.8400 0.8475 0.8400 0.9621
0.8700 0.8635 0.8700 0.9670
0.9500 0.8467 0.9500 0.9553
0.9300 0.8785 0.9300 0.9713
0.8900 0.9810 0.8900 1.0262
0.9700 0.8519 0.9700 0.9664
1.0200 0.8490 1.0200 0.9520
1.0400 0.9752 1.0400 1.0139
1.0700 1.1583 1.0700 1.1612
1.0800 0.8870 1.0800 1.0142
1.0700 0.8268 1.0700 0.9387
1.0700 1.2009 1.0700 1.1592
1.0600 1.1447 1.0600 1.1868
1.0500 1.0751 1.0500 1.1609
1.0000 1.1518 1.0000 1.1763
0.9900 1.1217 0.9900 1.1697
1.0700 1.0535 1.0700 1.1384
1.1100 1.0814 1.1100 1.1384
1.0400 1.0460 1.0400 1.1129
1.0300 1.0323 1.0300 1.1022
1.0700 0.8968 1.0700 0.9988
1.0700 0.9858 1.0700 1.0397
1.0100 1.2717 1.0100 1.2343
0.9600 1.1862 0.9600 1.2292
1.0000 0.8835 1.0000 1.0161
0.9000 1.0391 0.9000 1.0708
0.8600 1.1942 0.8600 1.1878
0.9400 1.0575 0.9400 1.1496
0.9400 0.8769 0.9400 0.9955
0.9100 0.8737 0.9100 0.9517
0.8800 1.1236 0.8800 1.1183
0.8900 0.8092 0.8900 0.9362
0.9300 0.8044 0.9300 0.9283
0.9500 1.1600 0.9500 1.1040
0.9400 0.9392 0.9400 1.0369
0.9300 0.8415 0.9300 0.9625
0.9100 0.8492 0.9100 0.9323
0.8800 0.9531 0.8800 1.0050
0.8200 1.0357 0.8200 1.0819
0.7400 1.0015 0.7400 1.0679
0.6700 0.9308 0.6700 1.0154
0.6100 0.9354 0.6100 1.0054
0.6000 0.8930 0.6000 0.9798
0.6300 0.8371 0.6300 0.9628
0.6900 0.7965 0.6900 0.9108
0.7600 0.7633 0.7600 0.8739
0.8300 0.7537 0.8300 0.8596
0.8300 0.7408 0.8300 0.8477
0.8500 0.7733 0.8500 0.8887
0.8900 0.8407 0.8900 0.9333
0.9100 0.8976 0.9100 0.9753
0.9300 0.9510 0.9300 0.9983
0.9700 1.0236 0.9700 1.0579
1.0100 0.8665 1.0100 0.9715
1.0200 0.9418 1.0200 1.0094
1.0300 1.0224 1.0300 1.0663
1.0300 0.9798 1.0300 1.0615
1.0500 0.9944 1.0500 1.0655
1.0600 1.0867 1.0600 1.1182
1.0700 1.1184 1.0700 1.1587
1.0600 1.0509 1.0600 1.1255
1.0500 1.0685 1.0500 1.1259
1.0000 1.0473 1.0000 1.1103
0.9400 1.1101 0.9400 1.1549
0.9100 1.0878 0.9100 1.1458
0.9100 1.0977 0.9100 1.1515
0.9000 1.0422 0.9000 1.1119
0.9000 1.0379 0.9000 1.1024
0.9100 0.9052 0.9100 1.0034
0.9800 0.8446 0.9800 0.9520
1.0500 0.8660 1.0500 0.9738
1.1300 0.9272 1.1300 1.0106
1.2100 0.8843 1.2100 0.9926
1.2900 0.9146 1.2900 0.9878
1.3500 0.9544 1.3500 1.0054
1.3500 1.1613 1.3500 1.1576
1.3500 1.2148 1.3500 1.2277
1.3900 1.3137 1.3900 1.3158
1.4100 1.3951 1.4100 1.3857
1.4400 1.4747 1.4400 1.4638
1.4400 1.4774 1.4400 1.4908
1.4300 1.3287 1.4300 1.4004
1.3700 1.3451 1.3700 1.3898
1.3700 1.4873 1.3700 1.4748
1.3600 1.4280 1.3600 1.4629
1.3200 1.4777 1.3200 1.4929
1.2800 1.4090 1.2800 1.4407
1.2500 1.3815 1.2500 1.4202
1.2200 1.2008 1.2200 1.2917
1.1800 1.3662 1.1800 1.3700
1.1500 1.3131 1.1500 1.3449
1.1400 1.1879 1.1400 1.2675
1.1400 1.1668 1.1400 1.2204
1.1600 1.1740 1.1600 1.2104
1.2000 1.1347 1.2000 1.1921
1.2200 1.0701 1.2200 1.1404
1.2100 1.0733 1.2100 1.1259
1.1700 1.1135 1.1700 1.1490
1.1200 1.1317 1.1200 1.1697
1.1100 1.1974 1.1100 1.2185
1.0800 1.2848 1.0800 1.2864
1.0800 1.2511 1.0800 1.2844
1.1400 1.1737 1.1400 1.2360
1.1700 1.0758 1.1700 1.1569
1.1800 1.0155 1.1800 1.0978
1.2100 1.0960 1.2100 1.1394
1.2100 1.0043 1.2100 1.0843
1.2200 1.0765 1.2200 1.1215
1.2400 1.2823 1.2400 1.2556
1.2700 1.2236 1.2700 1.2564
1.2900 1.1871 1.2900 1.2403
1.3200 1.2848 1.3200 1.2900
1.3800 1.2066 1.3800 1.2593
1.4400 1.2365 1.4400 1.2812
1.4800 1.2822 1.4800 1.3035
1.5000 1.3298 1.5000 1.3464
1.4700 1.3170 1.4700 1.3486
1.4900 1.3762 1.4900 1.3865
1.5600 1.5102 1.5600 1.4848
1.6000 1.5557 1.6000 1.5440
1.6000 1.5373 1.6000 1.5512
1.5000 1.5162 1.5000 1.5362
1.3400 1.3678 1.3400 1.4362
1.2200 1.5295 1.2200 1.5214
1.1400 1.7126 1.1400 1.6545
1.0500 1.6347 1.0500 1.6489
1.0700 1.5372 1.0700 1.5803
1.1300 1.2468 1.1300 1.3477
1.2000 1.0696 1.2000 1.1756
1.2300 1.0269 1.2300 1.0953
1.2300 0.9728 1.2300 1.0610
1.2200 0.8716 1.2200 0.9985
1.2200 1.1065 1.2200 1.0862
1.2200 1.2560 1.2200 1.2141
1.2000 1.3348 1.2000 1.3215
1.1900 1.2731 1.1900 1.2996
1.2100 1.2255 1.2100 1.2679
1.2300 1.2022 1.2300 1.2536
1.2300 1.2236 1.2300 1.2676
1.2700 1.2111 1.2700 1.2617
1.3000 1.1387 1.3000 1.2079
1.3400 1.1611 1.3400 1.2060
1.3700 1.2552 1.3700 1.2656
1.4000 1.2623 1.4000 1.2893
1.4200 1.2096 1.4200 1.2611
1.4600 1.3596 1.4600 1.3496
1.5100 1.3567 1.5100 1.3696
1.5600 1.4135 1.5600 1.4245
1.6000 1.4188 1.6000 1.4324
1.6600 1.4516 1.6600 1.4615
1.6800 1.4438 1.6800 1.4651
1.7000 1.5355 1.7000 1.5277
1.7100 1.6021 1.7100 1.5866
1.7200 1.6416 1.7200 1.6319
1.7100 1.6537 1.7100 1.6511
1.7100 1.7721 1.7100 1.7349
1.7100 1.6759 1.7100 1.6959
1.7000 1.7028 1.7000 1.7110
1.7100 1.6939 1.7100 1.6982
1.6900 1.6995 1.6900 1.7061
1.6900 1.6314 1.6900 1.6604
1.6800 1.6655 1.6800 1.6677
1.6700 1.6636 1.6700 1.6646
1.6700 1.6210 1.6700 1.6396
1.7000 1.6892 1.7000 1.6749
1.7100 1.5845 1.7100 1.6118
1.7200 1.6444 1.7200 1.6421
1.6900 1.6085 1.6900 1.6159
1.6500 1.5954 1.6500 1.6095
1.6800 1.6248 1.6800 1.6217
1.7100 1.7326 1.7100 1.6951
1.7500 1.6728 1.7500 1.6789
1.7500 1.6880 1.7500 1.6878
1.7600 1.5618 1.7600 1.6003
1.7700 1.5100 1.7700 1.5507
1.7700 1.7346 1.7700 1.6784
1.7600 1.7299 1.7600 1.7087
1.7600 1.7785 1.7600 1.7607
1.7500 1.6822 1.7500 1.6957
1.7400 1.7403 1.7400 1.7271
1.6900 1.7512 1.6900 1.7411
1.6000 1.7126 1.6000 1.7266
1.5800 1.6773 1.5800 1.6955
1.5600 1.7132 1.5600 1.7052
1.5600 1.6709 1.5600 1.6817
1.5500 1.6603 1.5500 1.6708
1.5400 1.5079 1.5400 1.5617
1.5300 1.3338 1.5300 1.4199
1.5200 1.5182 1.5200 1.4965
1.5200 1.4715 1.5200 1.4813
1.5200 1.5037 1.5200 1.5131
1.5100 1.4754 1.5100 1.4835
1.5000 1.4766 1.5000 1.4839
1.5000 1.4698 1.5000 1.4835
1.5000 1.4606 1.5000 1.4782
1.5200 1.4851 1.5200 1.4941
1.5300 1.4825 1.5300 1.4945
1.5400 1.4457 1.5400 1.4722
1.5500 1.4418 1.5500 1.4626
1.5500 1.4705 1.5500 1.4782
1.5700 1.4648 1.5700 1.4806
1.5700 1.5343 1.5700 1.5276
1.5700 1.5134 1.5700 1.5230
1.5500 1.5247 1.5500 1.5344
1.5300 1.5390 1.5300 1.5435
1.6000 1.5122 1.6000 1.5314
1.6100 1.5854 1.6100 1.5782
1.6200 1.5269 1.6200 1.5480
1.6100 1.5287 1.6100 1.5473
1.6000 1.4626 1.6000 1.4961
1.6100 1.4487 1.6100 1.4777
1.6100 1.7555 1.6100 1.6720
1.5800 1.5690 1.5800 1.5979
1.5800 1.5851 1.5800 1.6061
1.5900 1.5507 1.5900 1.5600
1.5900 1.5440 1.5900 1.5619
1.5900 1.5990 1.5900 1.5990
1.5500 1.5634 1.5500 1.5783
1.5500 1.4539 1.5500 1.5045
1.6300 1.5511 1.6300 1.5430
1.6500 1.5809 1.6500 1.5704
1.6300 1.5381 1.6300 1.5600
1.6600 1.5444 1.6600 1.5546
1.6200 1.4087 1.6200 1.4603
1.5300 1.5258 1.5300 1.5203
1.5300 1.8079 1.5300 1.7126
1.5400 1.6221 1.5400 1.6508
1.5800 1.5109 1.5800 1.5685
1.7800 1.7205 1.7800 1.6632
1.8000 1.4738 1.8000 1.5393
1.7900 1.2867 1.7900 1.3905
1.7800 1.5306 1.7800 1.4886
1.7700 1.5343 1.7700 1.5201
1.7800 1.6174 1.7800 1.6060
1.7000 2.2575 1.7000 2.0245
1.6000 1.7250 1.6000 1.7924
1.6000 1.6798 1.6000 1.7463
1.6000 1.7522 1.6000 1.7250
1.5300 1.7169 1.5300 1.7364
1.5200 1.7474 1.5200 1.7629
1.5700 1.4241 1.5700 1.5287
1.7600 1.3219 1.7600 1.4089
1.7600 1.6041 1.7600 1.5384
1.7000 1.5517 1.7000 1.5500
1.7100 1.2753 1.7100 1.3839
1.7300 1.4722 1.7300 1.4455
1.7200 1.6813 1.7200 1.5951
1.7000 2.2002 1.7000 2.0075
1.6600 1.6209 1.6600 1.7248
1.6800 1.4747 1.6800 1.5764
1.6800 1.7628 1.6800 1.6851
1.6700 1.7562 1.6700 1.7436
1.6600 1.6085 1.6600 1.6794
1.6600 1.5924 1.6600 1.6125
1.6400 1.5214 1.6400 1.5473
1.5900 1.7028 1.5900 1.6625
1.6000 1.6230 1.6000 1.6327
1.6200 1.5813 1.6200 1.6074
1.6500 1.5911 1.6500 1.5926
1.6400 1.6222 1.6400 1.6141
1.6000 1.5384 1.6000 1.5710
1.5800 1.4173 1.5800 1.4767
1.5800 1.6036 1.5800 1.5693
1.5800 1.6292 1.5800 1.6076
1.5600 1.6637 1.5600 1.6548
1.5300 1.5530 1.5300 1.5819
1.4800 1.4579 1.4800 1.5047
1.4600 1.5089 1.4600 1.5181
1.4700 1.5508 1.4700 1.5489
1.4600 1.5300 1.4600 1.5475
1.4600 1.4591 1.4600 1.4933
1.5000 1.4195 1.5000 1.4504
1.6700 1.3274 1.6700 1.3799
1.8600 1.3897 1.8600 1.4055
1.7900 1.4668 1.7900 1.4574
1.7400 1.3886 1.7400 1.4228
1.6800 1.4227 1.6800 1.4354
1.6100 1.5755 1.6100 1.5327
1.5700 2.0744 1.5700 1.8972
1.5300 2.2610 1.5300 2.1210
1.4600 1.4663 1.4600 1.6690
1.3600 1.5923 1.3600 1.6388
1.2800 1.5608 1.2800 1.5775
1.2000 1.4361 1.2000 1.5200
1.1100 1.4236 1.1100 1.4699
1.0700 1.3908 1.0700 1.4099
0.9600 1.2406 0.9600 1.3109
0.9400 1.0970 0.9400 1.1816
0.8800 1.0809 0.8800 1.1364
0.8600 1.0010 0.8600 1.0731
0.9200 0.9006 0.9200 1.0047
0.9700 0.9728 0.9700 1.0256
1.0000 0.8107 1.0000 0.9342
1.0400 0.9062 1.0400 0.9895
1.1100 0.8160 1.1100 0.9407
1.1500 0.8588 1.1500 0.9661
1.1800 1.0717 1.1800 1.0612
1.2000 1.0901 1.2000 1.1152
1.2000 1.0668 1.2000 1.1240
1.1900 1.1484 1.1900 1.1674
1.1700 1.2916 1.1700 1.2829
1.1600 1.2396 1.1600 1.2849
1.2100 1.2458 1.2100 1.2895
1.1200 1.2495 1.1200 1.2852
0.9900 1.1999 0.9900 1.2585
0.9200 1.1640 0.9200 1.2292
0.8200 1.1224 0.8200 1.1887
0.7200 1.1365 0.7200 1.1887
0.5900 1.3277 0.5900 1.3130
0.6000 0.9293 0.6000 1.0458
0.6200 0.7964 0.6200 0.9238
0.5900 0.8523 0.5900 0.9448
0.5700 0.8263 0.5700 0.9327
0.5700 0.7536 0.5700 0.8763
0.6100 0.6791 0.6100 0.7978
0.7200 0.8250 0.7200 0.9016
0.9700 0.8378 0.9700 0.9361
1.0600 0.7147 1.0600 0.8628
1.3400 0.7118 1.3400 0.8338
1.6500 0.7647 1.6500 0.8678
1.7700 0.8374 1.7700 0.9355
1.7800 1.0069 1.7800 1.0339
1.7800 1.5731 1.7800 1.4341
1.8000 1.2518 1.8000 1.3120
1.7400 2.0247 1.7400 1.8213
1.5300 2.4070 1.5300 2.1653
1.4400 1.9456 1.4400 2.0256
1.2700 1.7231 1.2700 1.8391
0.9400 1.8037 0.9400 1.8077
1.0300 1.8494 1.0300 1.8651
0.9100 1.5511 0.9100 1.6627
0.7300 1.1305 0.7300 1.2904
0.6500 1.2481 0.6500 1.2786
0.6000 0.9667 0.6000 1.0818
0.6000 0.7268 0.6000 0.8910
0.6900 1.2867 0.6900 1.1272
0.8600 0.8309 0.8600 0.9534
1.0400 0.6437 1.0400 0.8107
1.0800 0.6901 1.0800 0.7835
1.1400 0.7697 1.1400 0.8690
1.0700 0.7857 1.0700 0.9187
1.0100 0.9550 1.0100 0.9991
0.9700 1.2699 0.9700 1.1959
0.9700 1.4575 0.9700 1.3965
0.9700 1.1629 0.9700 1.2472
0.9700 1.3076 0.9700 1.3192
0.9600 1.0075 0.9600 1.0998
0.9400 0.9771 0.9400 1.0622
0.9400 0.9349 0.9400 1.0030
0.9400 0.9859 0.9400 1.0465
0.9100 0.9646 0.9100 1.0385
0.9600 0.9748 0.9600 1.0326
1.0200 0.9501 1.0200 1.0156
1.1700 0.9138 1.1700 0.9927
1.4400 0.9613 1.4400 1.0218
1.6300 0.9570 1.6300 1.0240
1.7300 0.8563 1.7300 0.9699
1.8000 1.0987 1.8000 1.1043
1.9000 1.1691 1.9000 1.1791
1.9600 1.5217 1.9600 1.4476
2.0100 2.0818 2.0100 1.8700
2.0300 2.0187 2.0300 1.9489
2.0300 1.8875 2.0300 1.9099
2.0300 1.9467 2.0300 1.9249
2.0400 2.1453 2.0400 2.0783
2.0500 2.0431 2.0500 2.0667
2.0400 2.0586 2.0400 2.0680
2.0400 2.0115 2.0400 2.0166
2.0100 1.9620 2.0100 1.9791
1.9500 1.9685 1.9500 1.9690
1.9000 2.0026 1.9000 1.9828
1.8400 1.9988 1.8400 1.9849
1.7200 1.9291 1.7200 1.9373
1.6500 1.9712 1.6500 1.9490
1.5900 1.8566 1.5900 1.8745
1.5100 1.7208 1.5100 1.7717
1.3800 1.7224 1.3800 1.7332
1.3400 1.6328 1.3400 1.6602
1.3000 1.3743 1.3000 1.4744
1.2200 1.4460 1.2200 1.4574
1.1700 1.4074 1.1700 1.4184
1.0800 1.2558 1.0800 1.3266
1.0200 1.0541 1.0200 1.1519
0.9200 1.2420 0.9200 1.2255
0.8900 1.1793 0.8900 1.2077
0.8500 0.9881 0.8500 1.0943
0.8400 1.0402 0.8400 1.0831
0.7800 0.8826 0.7800 0.9801
0.7400 0.8839 0.7400 0.9894
0.7100 0.8111 0.7100 0.9290
0.7000 0.8714 0.7000 0.9686
0.6900 0.8338 0.6900 0.9508
0.7000 0.8651 0.7000 0.9682
0.7500 0.7579 0.7500 0.8924
0.7900 0.7713 0.7900 0.8923
0.8200 0.7806 0.8200 0.8997
0.8700 0.8070 0.8700 0.9216
0.9500 0.7917 0.9500 0.9128
1.0500 0.8254 1.0500 0.9282
1.2200 0.9069 1.2200 0.9831
1.3100 0.9128 1.3100 0.9901
1.2800 0.9195 1.2800 0.9911
1.2300 1.0194 1.2300 1.0569
1.1900 1.1637 1.1900 1.1726
1.2000 1.2945 1.2000 1.2920
1.1900 1.6250 1.1900 1.5389
1.1400 1.4953 1.1400 1.5110
1.1500 1.1821 1.1500 1.3130
1.1600 1.1516 1.1600 1.2232
1.1600 1.1460 1.1600 1.2001
1.1700 1.2257 1.1700 1.2679
1.1800 1.1407 1.1800 1.2110
1.1800 1.0039 1.1800 1.0999
1.1500 1.1816 1.1500 1.1855
1.1600 1.1822 1.1600 1.2074
1.1300 1.1430 1.1300 1.2032
1.1200 1.1857 1.1200 1.2165
1.1200 1.2021 1.1200 1.2304
1.1600 1.1722 1.1600 1.2238
1.0800 1.0732 1.0800 1.1528
1.0700 1.1899 1.0700 1.2128
1.0900 1.0544 1.0900 1.1340
1.0600 1.0947 1.0600 1.1515
1.0900 1.1211 1.0900 1.1583
1.1500 1.2533 1.1500 1.2562
1.1500 0.9093 1.1500 1.0259
1.1500 1.0635 1.1500 1.1016
1.0800 1.1542 1.0800 1.1602
1.0500 0.9805 1.0500 1.0858
1.0900 1.1582 1.0900 1.1775
1.1200 1.2975 1.1200 1.2720
1.1600 1.1317 1.1600 1.2104
1.1900 1.1450 1.1900 1.2002
1.2300 0.9512 1.2300 1.0396
1.1900 1.0017 1.1900 1.0709
1.2500 1.1967 1.2500 1.1940
1.2800 1.1754 1.2800 1.2145
1.2700 1.2345 1.2700 1.2591
1.2200 1.2548 1.2200 1.2691
1.1100 1.3229 1.1100 1.3319
1.0500 1.0820 1.0500 1.1891
1.0500 1.4053 1.0500 1.3730
1.0100 1.3391 1.0100 1.3587
1.0200 1.2157 1.0200 1.2992
1.0700 1.0896 1.0700 1.1791
1.2000 0.9324 1.2000 1.0257
1.3600 0.9514 1.3600 1.0182
1.3300 1.0590 1.3300 1.0857
1.2900 0.9008 1.2900 1.0180
1.3700 1.0398 1.3700 1.0717
1.4500 1.1944 1.4500 1.1755
1.5700 1.5043 1.5700 1.4286
1.6500 1.7135 1.6500 1.6270
1.7200 1.1988 1.7200 1.3383
1.7400 1.1967 1.7400 1.2781
1.7700 1.6140 1.7700 1.5152
1.7800 1.6183 1.7800 1.6100
1.7700 1.8000 1.7700 1.7608
1.7600 1.7864 1.7600 1.7532
1.7500 1.8457 1.7500 1.8170
1.7100 1.7395 1.7100 1.7664
1.6700 1.8098 1.6700 1.8061
1.6200 1.7586 1.6200 1.7763
1.5900 1.6879 1.5900 1.7261
1.5600 1.6869 1.5600 1.7024
1.5500 1.6788 1.5500 1.6857
1.5600 1.5516 1.5600 1.6012
1.5800 1.5247 1.5800 1.5566
1.6000 1.4565 1.6000 1.4920
1.6200 1.4789 1.6200 1.4944
1.6000 1.4427 1.6000 1.4653
1.5900 1.4839 1.5900 1.4862
1.5800 1.5440 1.5800 1.5276
1.5900 1.5835 1.5900 1.5682
1.6000 1.6001 1.6000 1.5928
1.6000 1.6242 1.6000 1.6156
1.6200 1.5013 1.6200 1.5434
1.6300 1.5324 1.6300 1.5486
1.6300 1.5243 1.6300 1.5373
1.6200 1.5768 1.6200 1.5763
1.5900 1.5774 1.5900 1.5811
1.5400 1.5511 1.5400 1.5653
1.5100 1.6312 1.5100 1.6138
1.4700 1.6100 1.4700 1.6120
1.4100 1.5805 1.4100 1.5998
1.3900 1.5524 1.3900 1.5722
1.3800 1.4758 1.3800 1.5150
1.3900 1.3800 1.3900 1.4382
1.4400 1.4113 1.4400 1.4340
1.4800 1.3388 1.4800 1.3817
1.5100 1.2269 1.5100 1.2975
1.4800 1.3223 1.4800 1.3310
1.4900 1.3308 1.4900 1.3422
1.5000 1.3798 1.5000 1.3880
1.5100 1.5311 1.5100 1.4918
1.5400 1.5363 1.5400 1.5244
1.5400 1.5397 1.5400 1.5455
1.5300 1.3679 1.5300 1.4325
1.5300 1.5030 1.5300 1.4999
1.4900 1.5015 1.4900 1.5091
1.4800 1.4926 1.4800 1.5179
1.5200 1.5762 1.5200 1.5636
1.5400 1.4971 1.5400 1.5206
1.5300 1.4666 1.5300 1.4999
1.5300 1.5041 1.5300 1.5103
1.5200 1.3548 1.5200 1.4184
1.4800 1.4294 1.4800 1.4474
1.4900 1.5973 1.4900 1.5515
1.5300 1.5364 1.5300 1.5487
1.5600 1.4500 1.5600 1.4936
1.5800 1.5041 1.5800 1.5038
1.6000 1.4682 1.6000 1.4892
1.6300 1.3431 1.6300 1.4114
1.6700 1.4943 1.6700 1.4822
1.6900 1.5999 1.6900 1.5633
1.6700 1.5779 1.6700 1.5832
1.6700 1.5775 1.6700 1.5828
1.6700 1.6139 1.6700 1.6033
1.6700 1.6689 1.6700 1.6541
1.6600 1.7252 1.6600 1.7070
1.6700 1.6835 1.6700 1.6929
1.6700 1.5643 1.6700 1.6114
1.6600 1.6390 1.6600 1.6363
1.6600 1.6331 1.6600 1.6360
1.6500 1.6180 1.6500 1.6345
1.6500 1.5830 1.6500 1.6017
1.6400 1.6544 1.6400 1.6385
1.6400 1.6204 1.6400 1.6270
1.6300 1.5824 1.6300 1.6037
1.6400 1.6182 1.6400 1.6155
1.6300 1.5797 1.6300 1.5935
1.6100 1.6047 1.6100 1.6091
1.5900 1.5679 1.5900 1.5826
1.5600 1.5964 1.5600 1.5981
1.5500 1.5587 1.5500 1.5741
1.5600 1.6236 1.5600 1.6135
1.5800 1.5553 1.5800 1.5756
1.5400 1.5134 1.5400 1.5430
1.5200 1.5040 1.5200 1.5221
1.5000 1.4486 1.5000 1.4815
1.4400 1.4907 1.4400 1.5006
1.4400 1.5482 1.4400 1.5371
1.4300 1.5831 1.4300 1.5737
1.3600 1.3842 1.3600 1.4515
1.2500 1.4439 1.2500 1.4604
1.1200 1.4293 1.1200 1.4446
1.0100 1.2541 1.0100 1.3388
0.9500 1.4202 0.9500 1.4142
1.0100 1.3763 1.0100 1.3909
1.2000 1.1458 1.2000 1.2514
1.3500 1.0101 1.3500 1.1042
1.2700 0.8967 1.2700 0.9933
1.2600 0.8729 1.2600 0.9828
1.2200 0.8670 1.2200 0.9805
1.1100 1.1458 1.1100 1.1119
0.9900 1.6312 0.9900 1.4808
0.9400 1.6490 0.9400 1.5877
0.9000 1.0316 0.9000 1.2049
0.8500 1.2722 0.8500 1.2830
0.8300 1.1791 0.8300 1.2232
0.8300 0.9630 0.8300 1.0827
0.8100 0.8352 0.8100 0.9588
0.8100 0.8813 0.8100 0.9721
0.8400 0.8675 0.8400 0.9856
0.8500 0.8042 0.8500 0.9403
0.8400 0.8433 0.8400 0.9423
0.8500 0.8798 0.8500 0.9685
0.8700 0.8250 0.8700 0.9458
0.9200 0.8515 0.9200 0.9543
0.9900 0.9395 0.9900 0.9966
1.0500 0.8967 1.0500 0.9871
1.0700 0.8432 1.0700 0.9546
1.1400 0.9084 1.1400 0.9744
1.1900 0.9473 1.1900 1.0067
1.2400 1.0557 1.2400 1.0931
1.2900 1.1643 1.2900 1.1789
1.3200 1.1954 1.3200 1.2214
1.3300 1.1213 1.3300 1.1844
1.3500 1.3221 1.3500 1.3107
1.3600 1.3095 1.3600 1.3317
1.3600 1.3477 1.3600 1.3763
1.3400 1.3989 1.3400 1.4081
1.3100 1.3791 1.3100 1.4069
1.2600 1.3372 1.2600 1.3846
1.1800 1.3887 1.1800 1.4081
1.1300 1.3671 1.1300 1.3999
1.1100 1.3367 1.1100 1.3809
1.1400 1.2710 1.1400 1.3262
1.0600 1.2240 1.0600 1.2810
0.9700 1.1282 0.9700 1.2052
1.0100 1.0068 1.0100 1.0931
0.9500 1.0152 0.9500 1.0785
0.8800 1.0623 0.8800 1.1022
0.8200 1.1993 0.8200 1.2041
0.7600 0.8665 0.7600 0.9891
0.7600 0.8059 0.7600 0.9214
0.7200 1.1402 0.7200 1.1019
0.7500 0.8587 0.7500 0.9870
0.7900 0.7835 0.7900 0.9171
0.8100 0.7817 0.8100 0.8941
0.8000 0.7952 0.8000 0.9010
0.8600 0.8505 0.8600 0.9555
0.9400 0.7663 0.9400 0.9010
0.9600 0.8801 0.9600 0.9626
1.0000 0.9121 1.0000 0.9897
1.0100 0.8837 1.0100 0.9783
1.0200 0.8102 1.0200 0.9330
1.0000 1.0411 1.0000 1.0524
0.8900 1.1485 0.8900 1.1612
0.9000 1.0122 0.9000 1.1034
0.8700 1.1111 0.8700 1.1482
0.8800 1.0583 0.8800 1.1161
0.8700 1.0621 0.8700 1.1315
0.8400 0.9671 0.8400 1.0612
0.8300 0.7953 0.8300 0.9145
0.8000 0.9627 0.8000 0.9988
0.7900 0.8580 0.7900 0.9779
0.8100 0.9132 0.8100 1.0061
0.7900 0.8601 0.7900 0.9659
0.7100 0.8191 0.7100 0.9386
0.6500 0.8454 0.6500 0.9533
0.6600 0.8094 0.6600 0.9330
0.7000 0.8321 0.7000 0.9468
0.7400 0.8909 0.7400 0.9807
0.7800 0.8114 0.7800 0.9391
0.8000 0.7305 0.8000 0.8491
0.7200 0.7391 0.7200 0.8419
0.7100 0.8342 0.7100 0.9276
0.6700 0.8851 0.6700 0.9801
0.5900 0.8763 0.5900 0.9748
0.5100 0.9040 0.5100 0.9704
0.5800 0.8867 0.5800 0.9608
0.4800 0.7401 0.4800 0.8559
0.4700 0.7940 0.4700 0.9039
0.4800 0.7839 0.4800 0.8882
0.5000 0.7218 0.5000 0.8378
0.5500 0.6809 0.5500 0.7924
0.6100 0.8971 0.6100 0.9483
0.6700 0.6675 0.6700 0.7925
0.6200 0.6866 0.6200 0.8171
0.6600 0.7462 0.6600 0.8456
0.5900 0.7701 0.5900 0.8893
0.7300 0.8063 0.7300 0.9124
0.8100 0.8541 0.8100 0.9362
0.8100 0.8668 0.8100 0.9582
0.7900 0.7087 0.7900 0.8366
0.8200 0.8376 0.8200 0.9237
0.8600 0.7338 0.8600 0.8399
0.8500 1.1018 0.8500 1.0712
0.8100 1.0108 0.8100 1.0564
0.7600 0.8380 0.7600 0.9685
0.6900 0.7882 0.6900 0.8940
0.6300 0.9556 0.6300 0.9881
0.6000 0.9820 0.6000 1.0514
0.6200 0.8449 0.6200 0.9702
0.6400 0.7779 0.6400 0.9082
0.6400 0.7828 0.6400 0.8890
0.6200 0.7691 0.6200 0.8743
0.6100 0.7499 0.6100 0.8566
0.5800 0.7467 0.5800 0.8687
0.5800 0.8238 0.5800 0.9225
0.5500 0.8180 0.5500 0.9254
0.5100 0.7730 0.5100 0.8938
0.5200 0.7334 0.5200 0.8618
0.5600 0.7541 0.5600 0.8746
0.5600 0.7367 0.5600 0.8568
0.7100 0.7600 0.7100 0.8821
0.8400 0.7181 0.8400 0.8464
0.9100 0.6960 0.9100 0.8195
0.8600 0.7542 0.8600 0.8654
0.9100 0.8209 0.9100 0.9183
0.9600 0.7413 0.9600 0.8784
1.0200 1.0984 1.0200 1.0608
1.0300 1.1678 1.0300 1.1630
1.0200 1.0888 1.0200 1.1593
0.9800 0.8110 0.9800 0.9330
0.9500 1.0938 0.9500 1.0994
0.9100 1.1100 0.9100 1.1521
0.8700 1.1625 0.8700 1.2174
0.8400 1.0511 0.8400 1.1308
0.7900 1.0186 0.7900 1.0898
0.7600 0.9249 0.7600 1.0153
0.7400 0.9108 0.7400 0.9984
0.7200 0.8515 0.7200 0.9696
0.6700 0.8268 0.6700 0.9523
0.6300 0.8296 0.6300 0.9472
0.6100 0.7868 0.6100 0.9121
0.6100 0.7960 0.6100 0.9163
0.6900 0.8068 0.6900 0.9211
0.7800 0.7935 0.7800 0.9155
0.9000 0.7373 0.9000 0.8650
1.0500 0.7338 1.0500 0.8564
1.1900 0.7537 1.1900 0.8753
1.2800 0.7818 1.2800 0.8990
1.3400 0.9324 1.3400 0.9946
1.3700 1.0131 1.3700 1.0375
1.4200 1.1971 1.4200 1.1908
1.3300 1.4146 1.3300 1.3641
1.2100 1.5230 1.2100 1.4864
1.0400 1.4807 1.0400 1.4985
0.9000 1.4781 0.9000 1.5013
0.6900 1.4404 0.6900 1.4799
0.5500 1.5375 0.5500 1.5454
0.5000 1.1528 0.5000 1.2698
0.5500 1.0189 0.5500 1.1233
0.6000 0.8594 0.6000 0.9708
0.5400 0.8471 0.5400 0.9536
0.5200 0.7228 0.5200 0.8503
0.5300 0.6875 0.5300 0.8027
0.4700 0.7129 0.4700 0.8275
0.5400 0.8718 0.5400 0.9433
0.6500 0.8521 0.6500 0.9419
0.8200 0.6343 0.8200 0.7935
0.9300 0.6901 0.9300 0.8065
1.0500 0.7674 1.0500 0.8707
0.9300 0.6981 0.9300 0.8110
1.0200 0.8436 1.0200 0.9230
1.0600 0.9661 1.0600 1.0120
1.0300 1.2371 1.0300 1.2111
1.0700 1.1924 1.0700 1.2180
1.1300 1.3545 1.1300 1.3356
1.1500 0.8101 1.1500 0.9490
1.2000 1.2987 1.2000 1.2536
1.2200 1.1772 1.2200 1.2148
1.2400 0.9697 1.2400 1.1059
1.2600 1.1713 1.2600 1.1828
1.2900 1.2941 1.2900 1.2701
1.3400 1.1792 1.3400 1.2551
1.3900 1.3119 1.3900 1.3196
1.4300 1.2654 1.4300 1.2955
1.4100 1.2806 1.4100 1.3213
1.4200 1.3004 1.4200 1.3298
1.4400 1.3532 1.4400 1.3692
1.4600 1.4433 1.4600 1.4406
1.4600 1.4849 1.4600 1.4836
1.4700 1.4958 1.4700 1.5050
1.4300 1.3288 1.4300 1.3990
1.4400 1.4353 1.4400 1.4463
1.4600 1.4745 1.4600 1.4768
1.4900 1.4732 1.4900 1.4956
1.4600 1.4197 1.4600 1.4563
1.4600 1.4692 1.4600 1.4750
1.4700 1.3003 1.4700 1.3704
1.4800 1.4490 1.4800 1.4480
1.5000 1.4842 1.5000 1.4778
1.5500 1.5218 1.5500 1.5243
1.5400 1.3371 1.5400 1.4056
1.5400 1.4422 1.5400 1.4458
1.5500 1.4762 1.5500 1.4739
1.5800 1.4670 1.5800 1.4888
1.6100 1.5103 1.6100 1.5141
1.6100 1.6421 1.6100 1.6023
1.6400 1.4618 1.6400 1.5133
1.6100 1.5055 1.6100 1.5251
1.6200 1.5530 1.6200 1.5452
1.6400 1.6195 1.6400 1.6085
1.6500 1.6339 1.6500 1.6320
1.6300 1.5566 1.6300 1.5832
1.6700 1.6808 1.6700 1.6546
1.7800 1.4860 1.7800 1.5417
1.6400 1.6118 1.6400 1.6082
1.6300 1.6556 1.6300 1.6346
1.6300 1.6194 1.6300 1.6336
1.6600 1.5234 1.6600 1.5648
1.7000 1.7451 1.7000 1.6865
1.7200 2.0233 1.7200 1.9037
1.7300 1.2654 1.7300 1.4336
1.7300 1.5989 1.7300 1.5717
1.7200 1.6407 1.7200 1.5821
1.6900 1.6720 1.6900 1.6821
1.6500 1.7265 1.6500 1.7077
1.6100 1.7108 1.6100 1.6914
1.5800 1.7006 1.5800 1.7023
1.5400 1.6848 1.5400 1.6897
1.5000 1.6477 1.5000 1.6674
1.4700 1.5652 1.4700 1.6050
1.4300 1.5071 1.4300 1.5464
1.4000 1.4733 1.4000 1.5047
1.3800 1.4684 1.3800 1.4892
1.3500 1.3976 1.3500 1.4364
1.3200 1.3631 1.3200 1.3985
1.2900 1.3658 1.2900 1.3864
1.2600 1.2989 1.2600 1.3410
1.2100 1.2980 1.2100 1.3305
1.1700 1.3065 1.1700 1.3283
1.1500 1.2488 1.1500 1.2932
1.1100 1.2239 1.1100 1.2682
1.0900 1.2010 1.0900 1.2430
1.0600 1.1725 1.0600 1.2212
1.0400 1.0754 1.0400 1.1508
1.0300 1.0693 1.0300 1.1285
1.0100 1.0998 1.0100 1.1403
0.9900 1.0062 0.9900 1.0840
0.9700 1.0401 0.9700 1.0934
0.9600 0.9912 0.9600 1.0557
0.9500 0.9974 0.9500 1.0596
0.9400 1.0113 0.9400 1.0658
0.9300 0.9689 0.9300 1.0401
0.9200 0.9521 0.9200 1.0249
0.9000 0.9377 0.9000 1.0084
0.8700 0.9519 0.8700 1.0175
0.8600 0.9399 0.8600 1.0111
0.8600 0.9314 0.8600 1.0039
0.8600 0.9240 0.8600 0.9963
0.8600 0.9164 0.8600 0.9905
0.8700 0.8745 0.8700 0.9744
0.8900 0.8315 0.8900 0.9535
0.8900 0.8651 0.8900 0.9695
0.9000 0.8846 0.9000 0.9836
0.9200 0.8810 0.9200 0.9815
0.9300 0.8832 0.9300 0.9752
0.9300 0.9199 0.9300 0.9875
0.9500 0.9605 0.9500 1.0179
0.9500 0.9115 0.9500 0.9942
0.9700 0.9481 0.9700 1.0138
1.0000 0.9911 1.0000 1.0439
1.0300 0.9727 1.0300 1.0435
1.0700 0.9487 1.0700 1.0268
1.1100 1.0194 1.1100 1.0669
1.1500 0.9680 1.1500 1.0433
1.1800 1.0334 1.1800 1.0861
1.2000 1.0841 1.2000 1.1223
1.2400 1.1090 1.2400 1.1529
1.2900 1.1691 1.2900 1.1997
1.3300 1.2085 1.3300 1.2348
1.3700 1.2447 1.3700 1.2722
1.4000 1.2481 1.4000 1.2832
1.4300 1.2444 1.4300 1.2848
1.4600 1.3336 1.4600 1.3450
1.4800 1.3994 1.4800 1.4029
1.4900 1.4036 1.4900 1.4238
1.5000 1.4449 1.5000 1.4545
1.5100 1.4520 1.5100 1.4658
1.4700 1.4805 1.4700 1.4932
1.4500 1.5075 1.4500 1.5167
1.4400 1.4979 1.4400 1.5171
1.4500 1.4824 1.4500 1.5072
1.4400 1.4960 1.4400 1.5116
1.4300 1.5041 1.4300 1.5184
1.4300 1.3321 1.4300 1.4071
1.4200 1.3805 1.4200 1.4098
1.4100 1.3970 1.4100 1.4114
1.3900 1.4431 1.3900 1.4525
1.3900 1.3735 1.3900 1.4105
1.3800 1.3749 1.3800 1.3997
1.3800 1.4074 1.3800 1.4168
1.3700 1.3668 1.3700 1.3989
1.3600 1.3564 1.3600 1.3893
1.3400 1.3160 1.3400 1.3543
1.3700 1.3698 1.3700 1.3840
1.3300 1.3285 1.3300 1.3620
1.1400 1.3538 1.1400 1.3767
1.0400 1.3199 1.0400 1.3525
1.1900 1.3133 1.1900 1.3460
1.2000 1.2701 1.2000 1.3141
1.2500 1.4292 1.2500 1.4123
1.3200 1.1983 1.3200 1.2811
1.2300 0.8271 1.2300 0.9734
1.2300 0.8885 1.2300 0.9701
1.2800 1.5921 1.2800 1.4038
1.3000 1.1486 1.3000 1.2529
1.3200 1.3158 1.3200 1.3333
1.2500 1.4919 1.2500 1.4111
1.1000 1.0508 1.1000 1.1634
1.1100 1.2390 1.1100 1.2731
0.9600 1.4183 0.9600 1.3723
0.9400 1.3107 0.9400 1.3691
0.8400 1.3305 0.8400 1.3652
0.8300 1.0680 0.8300 1.1692
0.8400 0.8760 0.8400 0.9913
1.0100 1.1726 1.0100 1.1480
0.9900 0.8395 0.9900 0.9638
0.8700 0.8983 0.8700 0.9935
0.9700 0.7767 0.9700 0.8912
1.0000 0.8766 1.0000 0.9682
1.0600 0.8988 1.0600 0.9875
1.1900 1.4215 1.1900 1.3084
1.2900 0.9176 1.2900 1.0543
1.2800 0.7114 1.2800 0.8474
1.1600 1.2738 1.1600 1.1710
1.0400 1.0876 1.0400 1.1465
0.9600 1.1770 0.9600 1.2427
1.0000 1.4981 1.0000 1.4115
1.1100 1.5181 1.1100 1.4896
1.0900 1.2186 1.0900 1.3359
0.8800 0.9782 0.8800 1.0922
0.9200 0.9167 0.9200 0.9971
0.9000 0.9134 0.9000 1.0063
0.8000 1.0971 0.8000 1.1075
0.8000 1.3431 0.8000 1.2936
0.7400 1.0021 0.7400 1.1087
0.6000 0.6677 0.6000 0.8160
0.6300 0.7532 0.6300 0.8688
0.7500 0.6570 0.7500 0.7965
0.7800 0.6417 0.7800 0.7645
0.8800 0.6904 0.8800 0.8125
0.9100 0.7475 0.9100 0.8673
1.0300 0.9214 1.0300 0.9816
1.2700 0.8973 1.2700 0.9783
1.3200 1.0697 1.3200 1.0855
1.3100 0.8954 1.3100 0.9890
1.2300 1.1643 1.2300 1.1672
1.1500 1.0126 1.1500 1.0955
1.0400 1.3404 1.0400 1.3189
0.9900 1.8555 0.9900 1.6910
0.9400 1.3829 0.9400 1.4814
0.9100 1.2584 0.9100 1.3669
0.8700 1.1232 0.8700 1.1954
0.8200 1.0796 0.8200 1.1528
0.7800 0.9073 0.7800 1.0211
0.7300 0.8909 0.7300 1.0003
0.7100 0.8610 0.7100 0.9812
0.7000 0.8675 0.7000 0.9783
0.6800 0.8268 0.6800 0.9442
0.6500 0.7911 0.6500 0.9159
0.6700 0.7909 0.6700 0.9123
0.7600 0.7698 0.7600 0.8912
0.8200 0.7944 0.8200 0.9110
0.8500 0.8046 0.8500 0.9177
0.8600 0.7730 0.8600 0.8993
0.8400 0.7402 0.8400 0.8723
0.8000 0.8331 0.8000 0.9256
0.7600 1.0019 0.7600 1.0323
0.7900 0.9778 0.7900 1.0376
0.7700 0.9435 0.7700 1.0201
0.7900 0.9236 0.7900 0.9952
0.8200 0.8436 0.8200 0.9459
0.7900 0.8126 0.7900 0.9213
0.8900 0.8006 0.8900 0.9096
0.8100 0.9069 0.8100 0.9894
0.8900 0.8083 0.8900 0.9412
0.8300 0.8677 0.8300 0.9657
0.8300 0.9205 0.8300 0.9851
0.8100 0.7882 0.8100 0.9265
0.7700 1.1541 0.7700 1.1297
0.7700 0.7728 0.7700 0.8940
0.6900 1.1126 0.6900 1.1091
0.6100 0.7980 0.6100 0.9144
0.5300 0.8712 0.5300 0.9668
0.5400 0.8195 0.5400 0.9383
0.5700 0.7943 0.5700 0.9179
0.6600 0.8352 0.6600 0.9453
0.8000 0.7402 0.8000 0.8533
0.8100 0.7143 0.8100 0.8271
0.9400 0.7018 0.9400 0.8062
0.9100 0.7878 0.9100 0.8899
0.9000 0.8162 0.9000 0.9228
0.8700 0.9282 0.8700 0.9917
0.8300 1.1476 0.8300 1.1216
0.7700 0.8635 0.7700 0.9786
0.7400 1.2827 0.7400 1.2414
0.7100 0.8888 0.7100 1.0052
0.6600 0.9230 0.6600 1.0273
0.6200 0.8602 0.6200 0.9468
0.6100 0.8388 0.6100 0.9453
0.6400 0.7920 0.6400 0.9045
0.7000 0.7934 0.7000 0.9109
0.7600 0.7808 0.7600 0.9073
0.8600 0.7410 0.8600 0.8679
0.8900 0.7281 0.8900 0.8545
0.8300 0.7707 0.8300 0.8833
0.8000 0.8404 0.8000 0.9361
0.8000 0.8994 0.8000 0.9801
0.7700 0.9295 0.7700 0.9918
0.7200 1.1214 0.7200 1.1234
0.6500 0.9854 0.6500 1.0638
0.6500 0.7802 0.6500 0.8931
0.6500 0.8104 0.6500 0.9109
0.6700 0.8698 0.6700 0.9710
0.7100 0.8144 0.7100 0.9408
0.7600 0.7536 0.7600 0.8810
0.8300 0.7269 0.8300 0.8352
0.8900 0.8072 0.8900 0.9080
0.9400 0.8027 0.9400 0.9199
0.9900 0.8255 0.9900 0.9336
0.8400 0.8669 0.8400 0.9534
0.9400 0.9148 0.9400 0.9829
1.0500 1.0229 1.0500 1.0581
1.1700 1.0558 1.1700 1.0985
1.2300 1.0807 1.2300 1.1291
1.3000 1.1301 1.3000 1.1685
1.3500 0.7481 1.3500 0.8776
1.4000 1.2314 1.4000 1.1668
1.4700 1.3250 1.4700 1.2846
1.5600 1.4205 1.5600 1.4318
1.6400 1.3357 1.6400 1.3650
1.6800 1.4764 1.6800 1.4471
1.6800 1.4664 1.6800 1.4821
1.6900 1.5062 1.6900 1.5244
1.7000 1.6200 1.7000 1.6032
1.7300 1.7514 1.7300 1.7084
1.7400 1.7875 1.7400 1.7654
1.7400 1.7213 1.7400 1.7375
1.7500 1.6338 1.7500 1.6732
1.7600 1.6890 1.7600 1.6926
1.7400 1.6886 1.7400 1.6967
1.7400 1.7564 1.7400 1.7452
1.7200 1.7032 1.7200 1.7137
1.7100 1.6830 1.7100 1.6947
1.7200 1.7311 1.7200 1.7172
1.7400 1.7351 1.7400 1.7285
1.7400 1.6266 1.7400 1.6641
1.7100 1.6954 1.7100 1.6873
1.6900 1.6201 1.6900 1.6382
1.6700 1.6349 1.6700 1.6449
1.6100 1.7003 1.6100 1.6790
1.5500 1.7362 1.5500 1.7150
1.4900 1.6739 1.4900 1.6871
1.4600 1.5767 1.4600 1.6134
1.4500 1.6035 1.4500 1.6101
1.4300 1.5806 1.4300 1.5937
1.3800 1.4059 1.3800 1.4787
1.3500 1.3650 1.3500 1.4147
1.3300 1.3170 1.3300 1.3567
1.3000 1.3588 1.3000 1.3765
1.2800 1.3890 1.2800 1.3962
1.2600 1.3380 1.2600 1.3673
1.2600 1.2223 1.2600 1.2836
1.2600 1.2631 1.2600 1.2883
1.2700 1.2664 1.2700 1.2924
1.2800 1.2013 1.2800 1.2572
1.2800 1.2115 1.2800 1.2497
1.2600 1.1973 1.2600 1.2339
1.2500 1.2457 1.2500 1.2687
1.2300 1.2414 1.2300 1.2719
1.1900 1.2763 1.1900 1.2984
1.1700 1.2865 1.1700 1.3100
1.1600 1.2626 1.1600 1.3001
1.1400 1.1971 1.1400 1.2551
1.1200 1.2198 1.1200 1.2585
1.1000 1.1729 1.1000 1.2272
1.0900 1.0835 1.0900 1.1631
