1.6100 1.5041 1.6100 1.5517
1.6600 1.5952 1.6600 1.6161
1.7000 1.5702 1.7000 1.5311
1.7300 1.5809 1.7300 1.5708
1.7600 1.6167 1.7600 1.6469
1.7500 1.7048 1.7500 1.7494
1.6900 1.7155 1.6900 1.7061
1.5900 1.7791 1.5900 1.7825
1.5000 1.7997 1.5000 1.7987
1.4400 1.8084 1.4400 1.7886
1.4100 1.8389 1.4100 1.8404
1.4300 1.7427 1.4300 1.6742
1.4500 1.5736 1.4500 1.4501
1.4600 1.3975 1.4600 1.3278
1.3900 1.3252 1.3900 1.2803
1.2700 1.3043 1.2700 1.2546
1.1200 1.3214 1.1200 1.2420
0.9900 1.4394 0.9900 1.3992
0.9000 1.4656 0.9000 1.3883
0.8600 1.4656 0.8600 1.3743
0.8400 1.2474 0.8400 1.1266
0.8200 1.1024 0.8200 1.0119
0.7800 0.9562 0.7800 0.8835
0.7500 0.8540 0.7500 0.7768
0.7500 0.8423 0.7500 0.7151
0.7400 0.8879 0.7400 0.7534
0.7900 0.9244 0.7900 0.7729
0.8800 0.8972 0.8800 0.7450
0.9900 0.8099 0.9900 0.6922
1.0700 0.8046 1.0700 0.7219
1.1300 0.8741 1.1300 0.8326
1.1700 0.8498 1.1700 0.7461
1.2000 1.0139 1.2000 1.0038
1.2300 1.1694 1.2300 1.2071
1.2600 1.2865 1.2600 1.3013
1.2800 1.2989 1.2800 1.2682
1.2900 1.3182 1.2900 1.3175
1.2900 1.3244 1.2900 1.3553
1.2800 1.3329 1.2800 1.3612
1.2500 1.3541 1.2500 1.3797
1.2200 1.3734 1.2200 1.3838
1.2000 1.3641 1.2000 1.3451
1.1800 1.3480 1.1800 1.3201
1.1800 1.3256 1.1800 1.2968
1.1800 1.2932 1.1800 1.2549
1.1800 1.2195 1.1800 1.1529
1.1800 1.1867 1.1800 1.1342
1.1800 1.1857 1.1800 1.1499
1.1700 1.1629 1.1700 1.0983
1.1700 1.2007 1.1700 1.1581
1.1800 1.2025 1.1800 1.1498
1.1900 1.2044 1.1900 1.1428
1.1900 1.2082 1.1900 1.1629
1.1900 1.2119 1.1900 1.1716
1.1800 1.1835 1.1800 1.1267
1.1500 1.2037 1.1500 1.1724
1.1300 1.2347 1.1300 1.2158
1.1300 1.2430 1.1300 1.2011
1.1500 1.2214 1.1500 1.1633
1.1900 1.2230 1.1900 1.1852
1.2300 1.1958 1.2300 1.1498
1.2400 1.1253 1.2400 1.0478
1.2300 1.1251 1.2300 1.0853
1.2100 1.1661 1.2100 1.1520
1.2100 1.2231 1.2100 1.1984
1.2000 1.2994 1.2000 1.2808
1.1800 1.3398 1.1800 1.3107
1.1600 1.2926 1.1600 1.2247
1.1300 1.2471 1.1300 1.1964
1.1300 1.2122 1.1300 1.1861
1.1300 1.2508 1.1300 1.2527
1.1000 1.2138 1.1000 1.1622
1.0900 1.1662 1.0900 1.0835
1.0700 1.1472 1.0700 1.0938
1.0700 1.1010 1.0700 1.0336
1.0600 1.1617 1.0600 1.1406
1.0500 1.1621 1.0500 1.1165
1.0400 1.0703 1.0400 0.9516
1.0300 1.1030 1.0300 1.0654
1.0200 1.0716 1.0200 1.0238
1.0100 1.1109 1.0100 1.0684
1.0000 1.0806 1.0000 1.0179
0.9700 1.0709 0.9700 1.0033
0.9200 1.0646 0.9200 1.0156
0.8800 1.0576 0.8800 1.0058
0.8500 1.0488 0.8500 0.9941
0.8300 1.0395 0.8300 0.9847
0.8200 1.0310 0.8200 0.9760
0.8100 0.9636 0.8100 0.8780
0.8000 0.8899 0.8000 0.8127
0.8000 0.8706 0.8000 0.8169
0.8600 0.8652 0.8600 0.8008
0.9600 0.8808 0.9600 0.7851
1.0600 0.8984 1.0600 0.8099
1.1200 0.8894 1.1200 0.7985
1.1200 0.8777 1.1200 0.7917
1.0900 0.8984 1.0900 0.8376
1.0500 1.0788 1.0500 1.1077
1.0000 1.2429 1.0000 1.2846
0.9500 1.3265 0.9500 1.3171
0.9100 1.3011 0.9100 1.2527
0.8500 1.1870 0.8500 1.1265
0.8000 1.1048 0.8000 1.0860
0.7600 1.0502 0.7600 1.0427
0.7600 0.9790 0.7600 0.9338
0.7900 0.9162 0.7900 0.8489
0.8300 0.8824 0.8300 0.8136
0.8600 0.8238 0.8600 0.7109
0.8700 0.8092 0.8700 0.7049
0.8600 0.8076 0.8600 0.7121
0.8300 0.8910 0.8300 0.8264
0.8000 0.9839 0.8000 0.9328
0.7800 1.0253 0.7800 0.9602
0.7800 1.0048 0.7800 0.9375
0.7900 0.9737 0.7900 0.9172
0.8200 0.9295 0.8200 0.8808
0.8500 0.8695 0.8500 0.8224
0.8900 0.8417 0.8900 0.7970
0.9100 0.8353 0.9100 0.7913
0.9400 0.8908 0.9400 0.8304
0.9900 0.9239 0.9900 0.8546
1.0300 0.9855 1.0300 0.9404
1.0400 0.9995 1.0400 0.9574
1.0200 1.0521 1.0200 1.0331
1.0100 1.0332 1.0100 0.9931
1.0100 1.0799 1.0100 1.0727
1.0100 1.1675 1.0100 1.2020
1.0100 1.1833 1.0100 1.1686
0.9900 1.1262 0.9900 1.0641
0.9900 1.0455 0.9900 0.9863
1.0000 1.0578 1.0000 1.0555
1.0100 1.0764 1.0100 1.0715
1.0100 1.0680 1.0100 1.0174
0.9900 1.0615 0.9900 1.0052
0.9400 1.0032 0.9400 0.9258
0.8700 1.0452 0.8700 1.0193
0.8000 1.0780 0.8000 1.0612
0.7400 1.0855 0.7400 1.0337
0.7000 1.0631 0.7000 1.0002
0.6900 1.0062 0.6900 0.9336
0.7000 0.9150 0.7000 0.8453
0.7500 0.8409 0.7500 0.7691
0.7900 0.7827 0.7900 0.7148
0.8200 0.7860 0.8200 0.6757
0.8400 0.8002 0.8400 0.6840
0.8400 0.8434 0.8400 0.7425
0.8600 0.8849 0.8600 0.7975
0.8900 1.0007 0.8900 0.9655
0.9400 0.9940 0.9400 0.9315
0.9900 0.9737 0.9900 0.9164
1.0300 0.9750 1.0300 0.9496
1.0700 0.9393 1.0700 0.9029
1.1100 0.9942 1.1100 1.0010
1.1500 1.0398 1.1500 1.0467
1.1900 1.1202 1.1900 1.1221
1.2300 1.1625 1.2300 1.1515
1.2800 1.1784 1.2800 1.1541
1.3100 1.2168 1.3100 1.2196
1.3400 1.2562 1.3400 1.2711
1.3700 1.2919 1.3700 1.2999
1.4000 1.3259 1.4000 1.3317
1.4300 1.3611 1.4300 1.3675
1.4500 1.4275 1.4500 1.4505
1.4700 1.4136 1.4700 1.3948
1.4800 1.4395 1.4800 1.4341
1.4800 1.4693 1.4800 1.4839
1.4900 1.4957 1.4900 1.4958
1.5000 1.5206 1.5000 1.5155
1.5100 1.5164 1.5100 1.4950
1.5100 1.5346 1.5100 1.5228
1.5100 1.5229 1.5100 1.5000
1.5100 1.4992 1.5100 1.4608
1.5000 1.5277 1.5000 1.5195
1.4800 1.5349 1.4800 1.5139
1.4600 1.5402 1.4600 1.5022
1.4400 1.5181 1.4400 1.4701
1.4100 1.5187 1.4100 1.4833
1.3900 1.5196 1.3900 1.4898
1.3600 1.4869 1.3600 1.4314
1.3100 1.4444 1.3100 1.3802
1.2700 1.4246 1.2700 1.3769
1.2300 1.4041 1.2300 1.3536
1.2200 1.3511 1.2200 1.2730
1.2200 1.3507 1.2200 1.2975
1.2400 1.3016 1.2400 1.2281
1.2800 1.2108 1.2800 1.1028
1.3100 1.1944 1.3100 1.1314
1.3300 1.1585 1.3300 1.0907
1.3400 1.2090 1.3400 1.1645
1.3600 1.2300 1.3600 1.1771
1.3900 1.2915 1.3900 1.2475
1.4000 1.3770 1.4000 1.3660
1.3900 1.3916 1.3900 1.3496
1.3800 1.3950 1.3800 1.3533
1.3700 1.3903 1.3700 1.3691
1.3700 1.4331 1.3700 1.4400
1.3800 1.4808 1.3800 1.4889
1.4000 1.4437 1.4000 1.3922
1.4200 1.3897 1.4200 1.3253
1.4400 1.3824 1.4400 1.3607
1.4400 1.3726 1.4400 1.3471
1.4400 1.3872 1.4400 1.3561
1.4300 1.4129 1.4300 1.3845
1.4200 1.4514 1.4200 1.4246
1.4200 1.4722 1.4200 1.4382
1.4200 1.4942 1.4200 1.4653
1.4300 1.4562 1.4300 1.4046
1.4300 1.4579 1.4300 1.4281
1.4200 1.4284 1.4200 1.3934
1.4100 1.4148 1.4100 1.3723
1.4000 1.4324 1.4000 1.4078
1.4100 1.4295 1.4100 1.3869
1.4100 1.4580 1.4100 1.4240
1.4000 1.4383 1.4000 1.3867
1.3900 1.4090 1.3900 1.3471
1.3800 1.4020 1.3800 1.3643
1.3700 1.3929 1.3700 1.3546
1.3600 1.4418 1.3600 1.4255
1.3600 1.4189 1.3600 1.3643
1.3600 1.3868 1.3600 1.3140
1.3700 1.3807 1.3700 1.3411
1.3700 1.3736 1.3700 1.3357
1.3700 1.3623 1.3700 1.3129
1.3600 1.3504 1.3600 1.2990
1.3500 1.3709 1.3500 1.3363
1.3500 1.3716 1.3500 1.3272
1.3600 1.4019 1.3600 1.3683
1.3800 1.3831 1.3800 1.3317
1.3900 1.3843 1.3900 1.3392
1.3900 1.3565 1.3900 1.3091
1.3700 1.3468 1.3700 1.3029
1.3600 1.3671 1.3600 1.3429
1.3500 1.3956 1.3500 1.3698
1.3400 1.4339 1.3400 1.4068
1.3300 1.4233 1.3300 1.3728
1.3200 1.4049 1.3200 1.3528
1.3000 1.3480 1.3000 1.2891
1.2700 1.3599 1.2700 1.3365
1.2400 1.3487 1.2400 1.3157
1.2100 1.3331 1.2100 1.2751
1.1700 1.3211 1.1700 1.2674
1.1100 1.3123 1.1100 1.2614
1.0400 1.2736 1.0400 1.2060
0.9800 1.2245 0.9800 1.1500
0.9500 1.1967 0.9500 1.1375
0.9300 1.1682 0.9300 1.1058
0.9000 1.1078 0.9000 1.0180
0.8700 1.0130 0.8700 0.9276
0.8500 0.9481 0.8500 0.8671
0.8400 0.9106 0.8400 0.8421
0.8400 0.9392 0.8400 0.8683
0.8500 0.9552 0.8500 0.8527
0.8500 0.9064 0.8500 0.7759
0.8400 0.8787 0.8400 0.7790
0.8400 0.8878 0.8400 0.8170
0.8400 0.9065 0.8400 0.8349
0.8300 0.9299 0.8300 0.8571
0.8200 0.9576 0.8200 0.8965
0.8100 0.9299 0.8100 0.8601
0.8000 0.9003 0.8000 0.8306
0.7900 0.9227 0.7900 0.8918
0.8000 0.9259 0.8000 0.8879
0.8100 0.8952 0.8100 0.8268
0.8200 0.8839 0.8200 0.8277
0.8300 0.8768 0.8300 0.8285
0.8300 0.8717 0.8300 0.8133
0.8300 0.8663 0.8300 0.8006
0.8200 0.9205 0.8200 0.8794
0.8100 0.9295 0.8100 0.8750
0.7900 0.9310 0.7900 0.8726
0.7600 0.9370 0.7600 0.8962
0.7400 0.9196 0.7400 0.8695
0.7100 0.9193 0.7100 0.8777
0.6900 0.8905 0.6900 0.8390
0.7300 0.8800 0.7300 0.8294
0.7900 0.8414 0.7900 0.7780
0.8700 0.8036 0.8700 0.7316
0.9200 0.8114 0.9200 0.7422
0.9700 0.7855 0.9700 0.6894
1.0200 0.7921 1.0200 0.6938
1.0900 0.9558 1.0900 0.9576
1.1900 1.0484 1.1900 1.0258
1.2600 1.1320 1.2600 1.1064
1.3000 1.1032 1.3000 1.0566
1.3200 1.1518 1.3200 1.1511
1.3300 1.2039 1.3300 1.2422
1.3200 1.3084 1.3200 1.3635
1.2700 1.4578 1.2700 1.5361
1.1900 1.4586 1.1900 1.4512
1.1600 1.4316 1.1600 1.4018
1.1600 1.4150 1.1600 1.4285
1.1600 1.4055 1.1600 1.4223
1.1400 1.3463 1.1400 1.3181
1.1000 1.2037 1.1000 1.1238
1.0700 1.0830 1.0700 1.0134
1.0500 1.1272 1.0500 1.1357
1.0500 1.1843 1.0500 1.1720
1.0800 1.1736 1.0800 1.0713
1.1400 1.1123 1.1400 0.9954
1.2200 1.0446 1.2200 0.9575
1.2900 1.0472 1.2900 1.0057
1.3200 1.0516 1.3200 1.0108
1.3000 1.0886 1.3000 1.0436
1.2300 1.1760 1.2300 1.1584
1.1300 1.2962 1.1300 1.2996
1.0300 1.4167 1.0300 1.4273
0.9800 1.4680 0.9800 1.4565
1.0000 1.4211 1.0000 1.3740
1.0200 1.3060 1.0200 1.2451
1.0200 1.1545 1.0200 1.1121
1.0100 1.0367 1.0100 0.9845
1.0200 0.9368 1.0200 0.8768
1.0600 0.9223 1.0600 0.8731
1.0800 1.1090 1.0800 1.0823
1.1000 1.1227 1.1000 1.0066
1.1400 1.0514 1.1400 0.9169
1.2200 1.0301 1.2200 0.9624
1.2900 1.0959 1.2900 1.0982
1.3200 1.1985 1.3200 1.2209
1.3100 1.1726 1.3100 1.1129
1.3000 1.1864 1.3000 1.1409
1.3100 1.2701 1.3100 1.2971
1.3400 1.4314 1.3400 1.4973
1.3500 1.4753 1.3500 1.4722
1.3400 1.4180 1.3400 1.3520
1.3200 1.3318 1.3200 1.2825
1.3400 1.3285 1.3400 1.3426
1.3700 1.3755 1.3700 1.4085
1.3900 1.4319 1.3900 1.4350
1.3900 1.3889 1.3900 1.3195
1.3600 1.3358 1.3600 1.2591
1.3300 1.3025 1.3300 1.2622
1.3100 1.4072 1.3100 1.4412
1.2700 1.4532 1.2700 1.4484
1.2000 1.4432 1.2000 1.3762
1.1200 1.4034 1.1200 1.3395
1.0700 1.3195 1.0700 1.2497
1.0800 1.2937 1.0800 1.2578
1.1100 1.2923 1.1100 1.2701
1.1000 1.2041 1.1000 1.1089
1.0800 1.0747 1.0800 0.9783
1.1000 1.0023 1.1000 0.9261
1.1600 0.9930 1.1600 0.9460
1.2100 1.1269 1.2100 1.1189
1.2300 1.1987 1.2300 1.1355
1.2400 1.0980 1.2400 0.9476
1.2300 1.0682 1.2300 0.9825
1.2200 1.1850 1.2200 1.2257
1.2100 1.3291 1.2100 1.3764
1.2000 1.3488 1.2000 1.3033
1.2100 1.3023 1.2100 1.2245
1.2300 1.3002 1.2300 1.2830
1.2500 1.2578 1.2500 1.2366
1.2600 1.2442 1.2600 1.2197
1.2700 1.2276 1.2700 1.1987
1.2600 1.2113 1.2600 1.1637
1.2500 1.2580 1.2500 1.2380
1.2300 1.2972 1.2300 1.2751
1.2300 1.3158 1.2300 1.2731
1.2200 1.3066 1.2200 1.2585
1.1900 1.3201 1.1900 1.2949
1.1400 1.2724 1.1400 1.2224
1.1000 1.2610 1.1000 1.2215
1.0800 1.2201 1.0800 1.1732
1.0800 1.2577 1.0800 1.2362
1.0700 1.2255 1.0700 1.1695
1.0600 1.1522 1.0600 1.0536
1.0400 1.0650 1.0400 0.9885
1.0100 1.0505 1.0100 1.0004
0.9900 1.0731 0.9900 1.0369
0.9800 1.1102 0.9800 1.0608
0.9700 1.0790 0.9700 0.9875
0.9600 1.0723 0.9600 0.9973
0.9600 1.0412 0.9600 0.9766
0.9700 0.9972 0.9700 0.9226
0.9800 0.9997 0.9800 0.9521
0.9900 1.0115 0.9900 0.9681
1.0100 1.0014 1.0100 0.9332
1.0300 0.9917 1.0300 0.9229
1.0300 1.0149 1.0300 0.9719
1.0100 1.0481 1.0100 1.0149
0.9900 1.0587 0.9900 1.0114
0.9700 1.0682 0.9700 1.0232
0.9200 1.1089 0.9200 1.0901
0.8500 1.1298 0.8500 1.1053
0.7800 1.0886 0.7800 1.0273
0.7100 1.0284 0.7100 0.9609
0.6700 1.0108 0.6700 0.9745
0.6300 0.9922 0.6300 0.9511
0.6100 0.8927 0.6100 0.8096
0.6000 0.8135 0.6000 0.7237
0.5800 0.7771 0.5800 0.6880
0.5500 0.7686 0.5500 0.6553
0.5300 0.7940 0.5300 0.6800
0.5500 0.7837 0.5500 0.6579
0.5700 0.7921 0.5700 0.6721
0.6000 0.8029 0.6000 0.7007
0.6500 0.7655 0.6500 0.6521
0.6900 0.7453 0.6900 0.6394
0.7200 0.7502 0.7200 0.6556
0.7500 0.8250 0.7500 0.7711
0.7900 0.8362 0.7900 0.7487
0.8500 0.8515 0.8500 0.7788
0.9000 0.9172 0.9000 0.8988
0.9400 0.9145 0.9400 0.8773
0.9900 0.9048 0.9900 0.8697
1.0300 0.9283 1.0300 0.9220
1.0700 0.9839 1.0700 0.9984
1.0800 1.0743 1.0800 1.1027
1.0500 1.0957 1.0500 1.0853
1.0300 1.1065 1.0300 1.0854
1.0200 1.1714 1.0200 1.1976
1.0600 1.1898 1.0600 1.1971
1.1000 1.2219 1.1000 1.2230
1.1500 1.1671 1.1500 1.1317
1.2100 1.0543 1.2100 0.9838
1.2500 1.0530 1.2500 1.0419
1.2800 1.0623 1.2800 1.0563
1.3100 1.1924 1.3100 1.2118
1.3400 1.2245 1.3400 1.1921
1.3100 1.2885 1.3100 1.2550
1.2600 1.3724 1.2600 1.3884
1.2200 1.3769 1.2200 1.3593
1.2200 1.3864 1.2200 1.3735
1.1900 1.4170 1.1900 1.4362
1.1200 1.4444 1.1200 1.4554
1.0800 1.2857 1.0800 1.1843
1.0700 1.1904 1.0700 1.1237
1.1000 1.1737 1.1000 1.1656
1.1300 1.2494 1.1300 1.2567
1.1400 1.1478 1.1400 1.0315
1.1400 1.0014 1.1400 0.8830
1.1700 1.0225 1.1700 0.9897
1.2100 1.0841 1.2100 1.0776
1.2700 1.1902 1.2700 1.1632
1.2900 1.2150 1.2900 1.1500
1.3100 1.1878 1.3100 1.1005
1.3400 1.1781 1.3400 1.1325
1.3800 1.2766 1.3800 1.3101
1.4200 1.3365 1.4200 1.3481
1.4700 1.4279 1.4700 1.4327
1.5100 1.3641 1.5100 1.3015
1.5400 1.3851 1.5400 1.3651
1.5700 1.4420 1.5700 1.4804
1.5900 1.4987 1.5900 1.5152
1.6000 1.5303 1.6000 1.5210
1.6000 1.5963 1.6000 1.6069
1.6000 1.6167 1.6000 1.6114
1.6000 1.6258 1.6000 1.6092
1.6000 1.6566 1.6000 1.6640
1.6000 1.6545 1.6000 1.6437
1.5900 1.6392 1.5900 1.6097
1.5800 1.6149 1.5800 1.5824
1.5800 1.6118 1.5800 1.5868
1.5700 1.6079 1.5700 1.5776
1.5600 1.6030 1.5600 1.5620
1.5400 1.6002 1.5400 1.5575
1.5100 1.5684 1.5100 1.5093
1.4900 1.5586 1.4900 1.5099
1.4800 1.5801 1.4800 1.5544
1.4700 1.5476 1.4700 1.4859
1.4700 1.5358 1.4700 1.4764
1.4600 1.4969 1.4600 1.4362
1.4400 1.4468 1.4400 1.3730
1.4300 1.4481 1.4300 1.4049
1.4300 1.4579 1.4300 1.4189
1.4300 1.4451 1.4300 1.3794
1.4200 1.4657 1.4200 1.4180
1.4200 1.4386 1.4200 1.3756
1.4100 1.4009 1.4100 1.3272
1.4100 1.4153 1.4100 1.3827
1.4100 1.4373 1.4100 1.4107
1.4200 1.4349 1.4200 1.3812
1.4200 1.4033 1.4200 1.3340
1.4200 1.4270 1.4200 1.3957
1.4100 1.3999 1.4100 1.3498
1.4100 1.4195 1.4100 1.3811
1.4200 1.4202 1.4200 1.3841
1.4200 1.4499 1.4200 1.4185
1.4300 1.4299 1.4300 1.3780
1.4100 1.4303 1.4100 1.3851
1.3900 1.4025 1.3900 1.3549
1.3600 1.4233 1.3600 1.3959
1.3500 1.4535 1.3500 1.4360
1.3500 1.4300 1.3500 1.3717
1.3500 1.4598 1.3500 1.4286
1.3600 1.3810 1.3600 1.3071
1.3600 1.3616 1.3600 1.3050
1.3500 1.3136 1.3500 1.2641
1.3400 1.3420 1.3400 1.3119
1.3300 1.3598 1.3300 1.3252
1.3300 1.3561 1.3300 1.2925
1.3300 1.3881 1.3300 1.3501
1.3400 1.3723 1.3400 1.3215
1.3400 1.3447 1.3400 1.2831
1.3400 1.3375 1.3400 1.2999
1.3500 1.3286 1.3500 1.2905
1.3600 1.3471 1.3600 1.3142
1.3500 1.3450 1.3500 1.3004
1.3400 1.3745 1.3400 1.3408
1.3200 1.3557 1.3200 1.3043
1.3000 1.3568 1.3000 1.3118
1.2800 1.3898 1.2800 1.3754
1.2600 1.3998 1.2600 1.3695
1.2500 1.3470 1.2500 1.2751
1.2500 1.3374 1.2500 1.2940
1.2700 1.3000 1.2700 1.2539
1.2900 1.2784 1.2900 1.2246
1.3000 1.2565 1.3000 1.2037
1.2800 1.2351 1.2800 1.1741
1.2500 1.2454 1.2500 1.1984
1.2400 1.2667 1.2400 1.2265
1.2400 1.3279 1.2400 1.3052
1.2400 1.3491 1.2400 1.3102
1.2400 1.3403 1.2400 1.2843
1.2400 1.2638 1.2400 1.1872
1.2400 1.2179 1.2400 1.1643
1.2300 1.2507 1.2300 1.2474
1.2300 1.2668 1.2300 1.2386
1.2300 1.2594 1.2300 1.1949
1.2200 1.2582 1.2200 1.2029
1.2100 1.2628 1.2100 1.2209
1.1900 1.2663 1.1900 1.2265
1.1800 1.2370 1.1800 1.1806
1.1600 1.2573 1.1600 1.2267
1.1300 1.2582 1.1300 1.2238
1.1000 1.2264 1.1000 1.1617
1.1100 1.2163 1.1100 1.1669
1.1200 1.1785 1.1200 1.1210
1.1300 1.1891 1.1300 1.1486
1.1000 1.1493 1.1000 1.0862
1.0500 1.0984 1.0500 1.0145
0.9900 1.0708 0.9900 1.0072
0.9000 1.1636 0.9000 1.1638
0.8000 1.1742 0.8000 1.1272
0.7200 1.1802 0.7200 1.1084
0.6800 1.0744 0.6800 0.9707
0.6600 0.9957 0.6600 0.9316
0.6500 0.9432 0.6500 0.8915
0.6200 0.8353 0.6200 0.7450
0.6000 0.7640 0.6000 0.6597
0.5900 0.7759 0.5900 0.6624
0.5900 0.8096 0.5900 0.6927
0.6100 0.8310 0.6100 0.7004
0.6300 0.8344 0.6300 0.7054
0.6400 0.7700 0.6400 0.6524
0.6800 0.7663 0.6800 0.6695
0.6800 0.7785 0.6800 0.6960
0.7600 0.7987 0.7600 0.7072
0.8100 0.8435 0.8100 0.7765
0.9200 0.8464 0.9200 0.7783
0.9800 0.8203 0.9800 0.7383
1.0000 0.9058 1.0000 0.8943
1.0200 0.8174 1.0200 0.7469
1.0600 1.0412 1.0600 1.0911
1.1300 1.0228 1.1300 1.0177
1.2000 1.2312 1.2000 1.2797
1.2700 1.1884 1.2700 1.1724
1.3200 1.1229 1.3200 1.0559
1.3400 1.1420 1.3400 1.1742
1.3400 1.2230 1.3400 1.2898
1.3000 1.3407 1.3000 1.3944
1.2700 1.3950 1.2700 1.4006
1.2600 1.4567 1.2600 1.4613
1.2700 1.4679 1.2700 1.4697
1.2900 1.4290 1.2900 1.4086
1.3000 1.3882 1.3000 1.3751
1.3200 1.2632 1.3200 1.2043
1.3300 1.2460 1.3300 1.2233
1.3200 1.2697 1.3200 1.2689
1.2900 1.3098 1.2900 1.2786
1.2500 1.3430 1.2500 1.2972
1.2200 1.3333 1.2200 1.2703
1.2200 1.3797 1.2200 1.3584
1.2400 1.3755 1.2400 1.3469
1.2500 1.3250 1.2500 1.2608
1.2700 1.2546 1.2700 1.1886
1.3000 1.1952 1.3000 1.1377
1.3400 1.1843 1.3400 1.1442
1.3700 1.2409 1.3700 1.2240
1.3700 1.2968 1.3700 1.2657
1.3500 1.2842 1.3500 1.2073
1.3400 1.3282 1.3400 1.2933
1.3400 1.3870 1.3400 1.3887
1.3600 1.4497 1.3600 1.4487
1.3600 1.4579 1.3600 1.4307
1.3400 1.3963 1.3400 1.3344
1.2900 1.3383 1.2900 1.2892
1.2400 1.3505 1.2400 1.3485
1.1800 1.3662 1.1800 1.3540
1.1100 1.4176 1.1100 1.3990
1.0400 1.3718 1.0400 1.2995
0.9900 1.3114 0.9900 1.2255
0.9400 1.2071 0.9400 1.1265
0.9000 1.1609 0.9000 1.1040
0.8500 1.0821 0.8500 1.0205
0.7800 1.0028 0.7800 0.9155
0.7200 0.9392 0.7200 0.8535
0.6700 0.9219 0.6700 0.8447
0.6400 0.8936 0.6400 0.7861
0.6400 0.8846 0.6400 0.7744
0.6400 0.8390 0.6400 0.7282
0.6500 0.7779 0.6500 0.6596
0.6600 0.7774 0.6600 0.6710
0.6600 0.7795 0.6600 0.6684
0.6600 0.7910 0.6600 0.6742
0.6400 0.8426 0.6400 0.7495
0.6100 0.8335 0.6100 0.7236
0.5800 0.8398 0.5800 0.7522
0.5700 0.8378 0.5700 0.7694
0.5700 0.8085 0.5700 0.7271
0.5700 0.8032 0.5700 0.7371
0.5700 0.7620 0.5700 0.6759
0.5700 0.7496 0.5700 0.6584
0.5800 0.7497 0.5800 0.6576
0.6100 0.7714 0.6100 0.6879
0.6300 0.7981 0.6300 0.7073
0.6500 0.7946 0.6500 0.6915
0.6600 0.7860 0.6600 0.6922
0.6900 0.7789 0.6900 0.6933
0.7100 0.7995 0.7100 0.7269
0.7400 0.8507 0.7400 0.8150
0.7600 0.8404 0.7600 0.7714
0.7700 0.8429 0.7700 0.7806
0.7600 0.8217 0.7600 0.7740
0.7500 0.8849 0.7500 0.8758
0.7600 0.8794 0.7600 0.8479
0.8000 0.9174 0.8000 0.8940
0.8500 0.9119 0.8500 0.8834
0.9100 0.8995 0.9100 0.8579
0.9700 0.8487 0.9700 0.7946
1.0300 0.8376 1.0300 0.8006
1.1000 0.8874 1.1000 0.8790
1.1700 0.9915 1.1700 0.9855
1.2300 1.0480 1.2300 1.0230
1.2900 1.1120 1.2900 1.0989
1.3400 1.1687 1.3400 1.1694
1.3800 1.2266 1.3800 1.2389
1.4300 1.3126 1.4300 1.3523
1.4700 1.3781 1.4700 1.4132
1.5000 1.4117 1.5000 1.4260
1.5300 1.4669 1.5300 1.4990
1.5800 1.4943 1.5800 1.5190
1.6500 1.5092 1.6500 1.5188
1.7200 1.5749 1.7200 1.6139
1.7600 1.5897 1.7600 1.5996
1.8000 1.5924 1.8000 1.5781
1.8200 1.6196 1.8200 1.6273
1.8700 1.7089 1.8700 1.7493
1.8900 1.8157 1.8900 1.8573
1.9100 1.8801 1.9100 1.8857
1.8800 1.8571 1.8800 1.8154
1.8700 1.9029 1.8700 1.9130
1.8900 1.8856 1.8900 1.8812
1.9500 1.9928 1.9500 2.0308
1.9800 1.9428 1.9800 1.9013
1.9400 1.9537 1.9400 1.9073
1.9200 1.8205 1.9200 1.7291
1.9400 1.8500 1.9400 1.8263
1.9200 1.9314 1.9200 1.9611
1.8200 2.0619 1.8200 2.0710
1.6800 2.0214 1.6800 1.9242
1.5700 1.8371 1.5700 1.6595
1.4900 1.8773 1.4900 1.8710
1.4300 1.9870 1.4300 2.0492
1.3400 1.8628 1.3400 1.7275
1.2800 1.5810 1.2800 1.3956
1.2600 1.4105 1.2600 1.3155
1.2900 1.3557 1.2900 1.3206
1.3000 1.2937 1.3000 1.2166
1.2800 1.2556 1.2800 1.1138
1.2200 1.1069 1.2200 0.9560
1.1500 1.1195 1.1500 1.0177
1.0400 1.2021 1.0400 1.1731
0.9400 1.3408 0.9400 1.3151
0.8500 1.3126 0.8500 1.2015
0.8000 1.2390 0.8000 1.1105
0.7800 1.1164 0.7800 1.0434
0.7700 1.0598 0.7700 1.0109
0.7600 0.9245 0.7600 0.8335
0.7700 0.8404 0.7700 0.7513
0.7900 0.8077 0.7900 0.6907
0.7900 0.8340 0.7900 0.7121
0.8000 0.8762 0.8000 0.7606
0.8300 0.8893 0.8300 0.7581
0.8500 0.8692 0.8500 0.7507
0.8800 0.9107 0.8800 0.8513
0.8800 0.9433 0.8800 0.8964
0.9000 0.8905 0.9000 0.8059
0.8900 0.9112 0.8900 0.8726
0.8700 0.9824 0.8700 0.9895
0.8500 0.9829 0.8500 0.9432
0.8000 1.0243 0.8000 0.9988
0.7400 0.9656 0.7400 0.9085
0.6800 1.0223 0.6800 1.0142
0.6400 0.9554 0.6400 0.9056
0.6300 0.9120 0.6300 0.8420
0.6200 0.8914 0.6200 0.8519
0.6200 0.8114 0.6200 0.7360
0.6400 0.7659 0.6400 0.6758
0.6700 0.7611 0.6700 0.6610
0.7000 0.7765 0.7000 0.6678
0.7200 0.8180 0.7200 0.7225
0.7300 0.8127 0.7300 0.6922
0.7200 0.8179 0.7200 0.7142
0.7100 0.8538 0.7100 0.8020
0.7100 0.8925 0.7100 0.8436
0.7300 0.9037 0.7300 0.8459
0.7600 0.8840 0.7600 0.8326
0.7800 0.8664 0.7800 0.8277
0.7800 0.8183 0.7800 0.7666
0.7600 0.8068 0.7600 0.7695
0.7100 0.8332 0.7100 0.8034
0.6700 0.8998 0.6700 0.8644
0.6500 0.9445 0.6500 0.8983
0.6400 0.9283 0.6400 0.8664
0.6600 0.8806 0.6600 0.8150
0.7000 0.8243 0.7000 0.7704
0.7600 0.7641 0.7600 0.6934
0.8200 0.7624 0.8200 0.6869
0.8700 0.7880 0.8700 0.7017
0.9100 0.8075 0.9100 0.7025
0.9400 0.8725 0.9400 0.8079
0.9800 0.9416 0.9800 0.8995
1.0200 1.0162 1.0200 0.9900
1.0600 1.0426 1.0600 1.0248
1.1100 1.0668 1.1100 1.0477
1.1700 1.0837 1.1700 1.0783
1.2300 1.0915 1.2300 1.0917
1.2800 1.1456 1.2800 1.1693
1.3100 1.1790 1.3100 1.1905
1.3100 1.2101 1.3100 1.2064
1.3200 1.2732 1.3200 1.2908
1.3400 1.3492 1.3400 1.3774
1.3500 1.4043 1.3500 1.4185
1.3600 1.4297 1.3600 1.4304
1.3500 1.4177 1.3500 1.4062
1.3600 1.3562 1.3600 1.3230
1.3700 1.3844 1.3700 1.3996
1.3800 1.4201 1.3800 1.4401
1.3900 1.3991 1.3900 1.3570
1.3900 1.4019 1.3900 1.3654
1.3900 1.3515 1.3900 1.2995
1.3900 1.4029 1.3900 1.3970
1.3900 1.4125 1.3900 1.3960
1.3900 1.4171 1.3900 1.3721
1.4000 1.4261 1.4000 1.3935
1.4000 1.4070 1.4000 1.3630
1.4000 1.4080 1.4000 1.3733
1.4000 1.4081 1.4000 1.3793
1.4000 1.4063 1.4000 1.3688
1.4000 1.4044 1.4000 1.3646
1.4000 1.4341 1.4000 1.4111
1.3800 1.4134 1.3800 1.3640
1.3600 1.4127 1.3600 1.3673
1.3300 1.4146 1.3300 1.3837
1.3200 1.4147 1.3200 1.3774
1.3000 1.4136 1.3000 1.3737
1.2900 1.4128 1.2900 1.3732
1.2700 1.3517 1.2700 1.2790
1.2600 1.3321 1.2600 1.2792
1.2500 1.2835 1.2500 1.2256
1.2600 1.3127 1.2600 1.2802
1.2700 1.2709 1.2700 1.2035
1.2900 1.2789 1.2900 1.2181
1.3000 1.2419 1.3000 1.1754
1.3000 1.2547 1.3000 1.2048
1.2800 1.2480 1.2800 1.1997
1.2600 1.2988 1.2600 1.2717
1.2500 1.3100 1.2500 1.2696
1.2300 1.3501 1.2300 1.3174
1.2200 1.3428 1.2200 1.3008
1.2100 1.3245 1.2100 1.2748
1.2100 1.2667 1.2100 1.2076
1.2000 1.2474 1.2000 1.2072
1.2000 1.2570 1.2000 1.2334
1.1900 1.2126 1.1900 1.1438
1.1900 1.2194 1.1900 1.1661
1.1800 1.2113 1.1800 1.1629
1.1500 1.2328 1.1500 1.1889
1.1300 1.2041 1.1300 1.1402
1.1100 1.2254 1.1100 1.1840
1.0900 1.1987 1.0900 1.1454
1.0800 1.2192 1.0800 1.1800
1.0700 1.1906 1.0700 1.1371
1.0600 1.1203 1.0600 1.0324
1.0500 1.1224 1.0500 1.0802
1.0400 1.1055 1.0400 1.0593
1.0300 1.0841 1.0300 1.0131
1.0200 1.0934 1.0200 1.0413
1.0100 1.0862 1.0100 1.0275
1.0000 1.0784 1.0000 1.0139
0.9900 1.0711 0.9900 1.0144
0.9800 1.0644 0.9800 1.0101
0.9700 1.0566 0.9700 1.0021
0.9400 1.0480 0.9400 0.9934
0.9100 1.0395 0.9100 0.9847
0.8900 1.0310 0.8900 0.9760
0.8700 1.0225 0.8700 0.9673
0.8500 1.0141 0.8500 0.9587
0.8400 1.0056 0.8400 0.9501
0.8200 0.9385 0.8200 0.8550
0.8100 0.9108 0.8100 0.8424
0.8000 0.9150 0.8000 0.8706
0.7900 0.8997 0.7900 0.8296
0.7900 0.8865 0.7900 0.7988
0.7800 0.9032 0.7800 0.8334
0.7700 0.8672 0.7700 0.7789
0.7600 0.8809 0.7600 0.8089
0.7500 0.8765 0.7500 0.8076
0.7400 0.8691 0.7400 0.7910
0.7300 0.8914 0.7300 0.8309
0.7200 0.8624 0.7200 0.7847
0.7300 0.8521 0.7300 0.7785
0.7300 0.8462 0.7300 0.7833
0.7300 0.8414 0.7300 0.7724
0.7200 0.8358 0.7200 0.7607
0.7000 0.8301 0.7000 0.7520
0.6700 0.8241 0.6700 0.7447
0.6100 0.8775 0.6100 0.8291
0.5700 0.8570 0.5700 0.7768
0.5500 0.8508 0.5500 0.7715
0.5400 0.8190 0.5400 0.7479
0.5400 0.7834 0.5400 0.7115
0.5300 0.7668 0.5300 0.6790
0.5300 0.7318 0.5300 0.6275
0.5400 0.7468 0.5400 0.6508
0.6300 0.7707 0.6300 0.6717
0.6700 0.7816 0.6700 0.6681
0.7100 0.7970 0.7100 0.6932
0.7600 0.7620 0.7600 0.6527
0.7800 0.7705 0.7800 0.6833
0.8000 0.7922 0.8000 0.7202
0.8700 1.0044 0.8700 1.0501
1.0100 0.9224 1.0100 0.8372
1.1400 0.9143 1.1400 0.8516
1.2000 0.9758 1.2000 1.0089
1.2500 0.9434 1.2500 0.9186
1.3200 0.9511 1.3200 0.9315
1.3900 1.1087 1.3900 1.1872
1.4300 1.3772 1.4300 1.5069
1.4500 1.4726 1.4500 1.4945
1.4700 1.3793 1.4700 1.2942
1.5000 1.4139 1.5000 1.4502
1.5400 1.5370 1.5400 1.6693
1.5400 1.5982 1.5400 1.6585
1.5100 1.5576 1.5100 1.5300
1.4400 1.5289 1.4400 1.5124
1.3800 1.5506 1.3800 1.5765
1.3500 1.5967 1.3500 1.6242
1.3200 1.6468 1.3200 1.6561
1.3100 1.5556 1.3100 1.4774
1.3200 1.4617 1.3200 1.3771
1.3600 1.3139 1.3600 1.2495
1.4100 1.2726 1.4100 1.2279
1.4600 1.2970 1.4600 1.2794
1.5200 1.2548 1.5200 1.1616
1.5500 1.2802 1.5500 1.2038
1.5500 1.3375 1.5500 1.3038
1.5000 1.4459 1.5000 1.4373
1.4800 1.5208 1.4800 1.5044
1.5000 1.5744 1.5000 1.5522
1.5400 1.6621 1.5400 1.6803
1.5700 1.6363 1.5700 1.6088
1.5900 1.5754 1.5900 1.5226
1.6000 1.4240 1.6000 1.3439
1.6000 1.4635 1.6000 1.4782
1.5900 1.5586 1.5900 1.6055
1.5700 1.6224 1.5700 1.5952
1.5300 1.6233 1.5300 1.5518
1.4500 1.6294 1.4500 1.5827
1.3700 1.6315 1.3700 1.6091
1.2900 1.6151 1.2900 1.5856
1.2400 1.5817 1.2400 1.5395
1.1800 1.5363 1.1800 1.4828
1.1400 1.4506 1.1400 1.3692
1.0900 1.2844 1.0900 1.1923
1.0500 1.2110 1.0500 1.1459
1.0100 1.1376 1.0100 1.0704
0.9600 1.1302 0.9600 1.0536
0.9100 1.0485 0.9100 0.9375
0.8600 1.0523 0.8600 0.9473
0.8100 0.9946 0.8100 0.8960
0.7600 0.9849 0.7600 0.8890
0.7100 0.9555 0.7100 0.8682
0.6700 0.8985 0.6700 0.8084
0.6500 0.8680 0.6500 0.7797
0.6500 0.8432 0.6500 0.7485
0.6700 0.8166 0.6700 0.7108
0.7000 0.7958 0.7000 0.6836
0.7100 0.7834 0.7100 0.6691
0.7300 0.7833 0.7300 0.6724
0.7600 0.7988 0.7600 0.6965
0.8200 0.8365 0.8200 0.7428
0.8700 0.8813 0.8700 0.8104
0.9300 0.9158 0.9300 0.8543
0.9900 0.8647 0.9900 0.7759
1.0500 0.8873 1.0500 0.8509
1.1000 0.9309 1.1000 0.9327
1.1500 1.0440 1.1500 1.0683
1.1800 1.0669 1.1800 1.0489
1.1900 1.1358 1.1900 1.1347
1.2100 1.1923 1.2100 1.2135
1.2400 1.2484 1.2400 1.2670
1.2900 1.2726 1.2900 1.2813
1.3400 1.3170 1.3400 1.3382
1.3700 1.3032 1.3700 1.2990
1.3900 1.2676 1.3900 1.2420
1.4200 1.3037 1.4200 1.3219
1.4300 1.3495 1.4300 1.3701
1.4600 1.4310 1.4600 1.4478
1.5100 1.4741 1.5100 1.4700
1.6000 1.4608 1.6000 1.4233
1.6800 1.4628 1.6800 1.4472
1.7200 1.5163 1.7200 1.5434
1.7400 1.4822 1.7400 1.4543
1.7600 1.5458 1.7600 1.5515
1.7800 1.6348 1.7800 1.6724
1.8300 1.8026 1.8300 1.8601
1.8900 1.8593 1.8900 1.8589
1.9300 1.8169 1.9300 1.7553
1.9500 1.8063 1.9500 1.7959
1.9500 1.8333 1.9500 1.8657
1.9400 1.8457 1.9400 1.8487
1.9500 1.9452 1.9500 1.9719
1.9400 2.0179 1.9400 2.0261
1.9400 2.0114 1.9400 1.9545
1.9200 1.9939 1.9200 1.9428
1.8900 1.9590 1.8900 1.9206
1.8500 1.9273 1.8500 1.8866
1.8100 1.9722 1.8100 1.9658
1.7800 1.9093 1.7800 1.8317
1.7700 1.9222 1.7700 1.8595
1.7700 1.8612 1.7700 1.7838
1.7700 1.8085 1.7700 1.7160
1.7800 1.7485 1.7800 1.6676
1.7700 1.7055 1.7700 1.6277
1.7500 1.6931 1.7500 1.6266
1.7300 1.7211 1.7300 1.6696
1.6800 1.7406 1.6800 1.6784
1.6200 1.7423 1.6200 1.6675
1.6000 1.7799 1.6000 1.7364
1.6200 1.7347 1.6200 1.6587
1.6200 1.6971 1.6200 1.6202
1.5700 1.6810 1.5700 1.6360
1.4700 1.5663 1.4700 1.4606
1.3700 1.4816 1.3700 1.3782
1.2400 1.5449 1.2400 1.5379
1.1600 1.6443 1.1600 1.6432
1.1000 1.5949 1.1000 1.4799
1.0600 1.4432 1.0600 1.2760
1.0300 1.2718 1.0300 1.1838
1.0200 1.2029 1.0200 1.1538
0.9800 1.0514 0.9800 0.9531
0.9200 1.0138 0.9200 0.9360
0.8600 0.9874 0.8600 0.8885
0.7900 1.0054 0.7900 0.8591
0.7400 1.0040 0.7400 0.8849
0.7300 1.0375 0.7300 0.9593
0.7800 0.9320 0.7800 0.8206
0.8300 0.8630 0.8300 0.7660
0.8400 0.8271 0.8400 0.7607
0.8200 0.7817 0.8200 0.6826
0.7900 0.7961 0.7900 0.6847
0.7700 0.8547 0.7700 0.7836
0.7500 1.0311 0.7500 1.0073
0.7300 1.0583 0.7300 0.9841
0.7300 0.9452 0.7300 0.8188
0.7500 0.8670 0.7500 0.7964
0.7600 0.8440 0.7600 0.8135
0.7800 0.8364 0.7800 0.8135
0.8100 0.8196 0.8100 0.7547
0.8800 0.8114 0.8800 0.7109
0.9600 0.8589 0.9600 0.7960
1.0400 0.9210 1.0400 0.8758
1.1100 0.9014 1.1100 0.8158
1.1600 0.9267 1.1600 0.8728
1.2000 0.9667 1.2000 0.9558
1.2000 1.1105 1.2000 1.1478
1.2000 1.2038 1.2000 1.2242
1.2000 1.2739 1.2000 1.2745
1.1900 1.3192 1.1900 1.3314
1.1300 1.3294 1.1300 1.3388
1.0400 1.3477 1.0400 1.3689
0.9500 1.2639 0.9500 1.2340
0.8700 1.2567 0.8700 1.2514
0.8400 1.2519 0.8400 1.2561
0.8000 1.2126 0.8000 1.1654
0.7700 1.0475 0.7700 0.9589
0.7200 0.9447 0.7200 0.8606
0.6900 0.8741 0.6900 0.8136
0.6700 0.8170 0.6700 0.7337
1.4000 1.0543 1.4000 0.9837
1.5100 1.0592 1.5100 0.9824
1.5500 1.0065 1.5500 0.9240
1.5400 1.1112 1.5400 1.1172
1.5400 1.3130 1.5400 1.3902
1.5500 1.5656 1.5500 1.6491
1.5500 1.7574 1.5500 1.8115
1.4600 1.7674 1.4600 1.7427
1.3200 1.6781 1.3200 1.6370
1.1800 1.5827 1.1800 1.5894
1.1200 1.6046 1.1200 1.6801
1.1500 1.6161 1.1500 1.6527
1.1800 1.5678 1.1800 1.5122
1.2000 1.2769 1.2000 1.1504
1.1800 1.1171 1.1800 1.0126
1.1400 1.0087 1.1400 0.9557
1.1000 1.0205 1.1000 0.9995
0.9800 1.2471 0.9800 1.2349
0.8700 1.2650 0.8700 1.1271
0.8200 1.2291 0.8200 1.1066
0.9000 1.1548 0.9000 1.0575
1.0000 1.0969 1.0000 1.0369
1.0700 1.0656 1.0700 1.0320
1.0900 0.8701 1.0900 0.7495
1.0800 0.7856 1.0800 0.6943
1.0400 0.8382 1.0400 0.7866
1.0100 1.1933 1.0100 1.2455
0.9900 1.3131 0.9900 1.2569
0.9700 1.2486 0.9700 1.1263
0.9800 1.1749 0.9800 1.0907
1.0100 1.1281 1.0100 1.1106
1.0700 1.0423 1.0700 1.0233
1.1100 1.0203 1.1100 1.0053
1.1100 1.0105 1.1100 0.9815
1.1100 0.9819 1.1100 0.9069
1.1000 1.0468 1.1000 1.0133
1.1000 1.1189 1.1000 1.1012
1.1000 1.2380 1.1000 1.2369
1.1000 1.2383 1.1000 1.1916
1.1100 1.1596 1.1100 1.0738
1.1100 1.1653 1.1100 1.1563
1.1100 1.1405 1.1100 1.1302
1.1100 1.1540 1.1100 1.1313
1.1100 1.1463 1.1100 1.1099
1.1200 1.1418 1.1200 1.0921
1.1200 1.1711 1.1200 1.1428
1.1200 1.1521 1.1200 1.1015
1.1100 1.1518 1.1100 1.1046
1.1000 1.1532 1.1000 1.1197
1.0800 1.1537 1.0800 1.1147
1.0500 1.1824 1.0500 1.1569
1.0300 1.1617 1.0300 1.1111
1.0000 1.1605 1.0000 1.1135
0.9700 1.1322 0.9700 1.0827
0.9000 1.1229 0.9000 1.0770
0.8300 1.0834 0.8300 1.0242
0.7700 1.0331 0.7700 0.9588
0.7500 1.0339 0.7500 0.9872
0.7400 0.9863 0.7400 0.9119
0.7400 0.9566 0.7400 0.8747
0.7400 0.8458 0.7400 0.7478
0.7400 0.7942 0.7400 0.7118
0.7300 0.7928 0.7300 0.6955
0.7000 0.8388 0.7000 0.7610
0.6600 0.8640 0.6600 0.7548
0.6500 0.8803 0.6500 0.7710
0.6500 0.8703 0.6500 0.7824
0.6700 0.8619 0.6700 0.7859
0.6500 0.8276 0.6500 0.7476
0.6000 0.7701 0.6000 0.6883
0.5600 0.7567 0.5600 0.6677
0.5300 0.7926 0.5300 0.7325
0.5200 0.8241 0.5200 0.7467
0.5300 0.8757 0.5300 0.8038
0.5200 0.7753 0.5200 0.6615
0.5200 0.7263 0.5200 0.6234
0.5200 0.7362 0.5200 0.6544
0.5400 0.7476 0.5400 0.6506
0.5600 0.7705 0.5600 0.6687
0.5700 0.8145 0.5700 0.7260
0.5800 0.7628 0.5800 0.6437
0.5900 0.7665 0.5900 0.6750
0.6300 0.7639 0.6300 0.6856
0.6700 0.8068 0.6700 0.7399
0.7200 0.8165 0.7200 0.7409
0.7700 0.7914 0.7700 0.7001
0.8200 0.7884 0.8200 0.7159
0.8900 0.7905 0.8900 0.7316
0.9700 0.8780 0.9700 0.8647
1.0200 0.9078 1.0200 0.8712
1.0900 0.9541 1.0900 0.9269
1.1800 0.9848 1.1800 0.9801
1.3000 1.0291 1.3000 1.0288
1.3900 1.1293 1.3900 1.1675
1.4100 1.2214 1.4100 1.2631
1.4100 1.2037 1.4100 1.1809
1.4000 1.3036 1.4000 1.3477
1.4500 1.4324 1.4500 1.5226
1.4900 1.6045 1.4900 1.6949
1.5400 1.6246 1.5400 1.6348
1.5400 1.4980 1.5400 1.4251
1.5000 1.4638 1.5000 1.4741
1.4200 1.4367 1.4200 1.4729
1.3400 1.5953 1.3400 1.6839
1.2900 1.5957 1.2900 1.5809
1.2500 1.6507 1.2500 1.6154
1.2300 1.5525 1.2300 1.4792
1.2000 1.4361 1.2000 1.3454
1.2000 1.2844 1.2000 1.2351
1.2100 1.2113 1.2100 1.1689
1.2200 1.1969 1.2200 1.1622
1.2200 1.1649 1.2200 1.0749
1.2100 1.1798 1.2100 1.0881
1.1900 1.1356 1.1900 1.0292
1.1800 1.2062 1.1800 1.1618
1.2000 1.2468 1.2000 1.2143
1.2400 1.2596 1.2400 1.1971
1.2700 1.2427 1.2700 1.1803
1.2900 1.2181 1.2900 1.1647
1.3100 1.1826 1.3100 1.1300
1.3300 1.1933 1.3300 1.1634
1.3700 1.2721 1.3700 1.2763
1.4000 1.3486 1.4000 1.3412
1.4100 1.3546 1.4100 1.3012
1.4200 1.3560 1.4200 1.3117
1.4200 1.3831 1.4200 1.3783
1.4100 1.4061 1.4100 1.4032
1.3900 1.4833 1.3900 1.5021
1.3600 1.4884 1.3600 1.4691
1.3200 1.4535 1.3200 1.3991
1.2700 1.4653 1.2700 1.4536
1.2100 1.4464 1.2100 1.4258
1.1500 1.4115 1.1500 1.3638
1.1000 1.3666 1.1000 1.3137
1.0500 1.3136 1.0500 1.2518
1.0000 1.2514 1.0000 1.1777
0.9400 1.1794 0.9400 1.0942
0.9000 1.0988 0.9000 1.0220
0.8800 1.0426 0.8800 0.9692
0.8900 1.0132 0.8900 0.9375
0.9000 0.9667 0.9000 0.8784
0.8900 0.9220 0.8900 0.8309
0.8700 0.8746 0.8700 0.7728
0.8500 0.8801 0.8500 0.7956
0.8400 0.9187 0.8400 0.8422
0.8700 0.9971 0.8700 0.9328
0.9400 0.9998 0.9400 0.9154
0.9700 0.9334 0.9700 0.8315
0.9600 0.8999 0.9600 0.8281
0.9200 0.8886 0.9200 0.8442
0.8800 0.9016 0.8800 0.8632
0.8700 1.0159 0.8700 1.0081
0.8800 1.1604 0.8800 1.1737
0.9400 1.0983 0.9400 1.0117
1.0300 1.0059 1.0300 0.9008
1.1200 0.9272 1.1200 0.8876
1.1800 0.9026 1.1800 0.8768
1.2200 0.9309 1.2200 0.9264
1.2400 0.9819 1.2400 0.9399
1.2500 1.1397 1.2500 1.1343
1.2400 1.2671 1.2400 1.2875
1.2500 1.3546 1.2500 1.3458
1.2800 1.3547 1.2800 1.3248
1.3400 1.3596 1.3400 1.3626
1.3900 1.3444 1.3900 1.3599
1.4400 1.3302 1.4400 1.3357
1.4800 1.2707 1.4800 1.2404
1.5200 1.3117 1.5200 1.3174
1.5600 1.3761 1.5600 1.3940
1.5800 1.4887 1.5800 1.5067
1.6100 1.5138 1.6100 1.4871
1.5900 1.5641 1.5900 1.5515
1.5700 1.5910 1.5700 1.5974
1.5300 1.6337 1.5300 1.6476
1.5400 1.6723 1.5400 1.6884
1.5700 1.6460 1.5700 1.6192
1.6100 1.6932 1.6100 1.7006
1.6400 1.5674 1.6400 1.4918
1.6400 1.5424 1.6400 1.4943
1.6500 1.4606 1.6500 1.4135
1.6900 1.5661 1.6900 1.5819
1.7100 1.6308 1.7100 1.6302
1.7300 1.6820 1.7300 1.6323
1.7300 1.6952 1.7300 1.6459
1.7400 1.6426 1.7400 1.5755
1.7300 1.6828 1.7300 1.6807
1.7200 1.7874 1.7200 1.8356
1.7100 1.7571 1.7100 1.7036
1.7000 1.7704 1.7000 1.7220
1.6800 1.7337 1.6800 1.6933
1.6300 1.7664 1.6300 1.7513
1.5900 1.7131 1.5900 1.6595
1.5500 1.6966 1.5500 1.6409
1.5200 1.6856 1.5200 1.6472
1.4900 1.6719 1.4900 1.6186
1.4800 1.6283 1.4800 1.5538
1.4800 1.5143 1.4800 1.4010
1.4800 1.4970 1.4800 1.4390
1.4500 1.4577 1.4500 1.3989
1.3900 1.4428 1.3900 1.3665
1.3100 1.4108 1.3100 1.3280
1.2100 1.4439 1.2100 1.3926
1.0900 1.4694 1.0900 1.4231
0.9700 1.4718 0.9700 1.4059
0.8600 1.3845 0.8600 1.2799
0.7800 1.2691 0.7800 1.1721
0.7200 1.1678 0.7200 1.1027
0.6800 1.0612 0.6800 0.9793
0.6500 0.9308 0.6500 0.8230
0.6400 0.8234 0.6400 0.7127
0.6300 0.8011 0.6300 0.6682
0.6400 0.8134 0.6400 0.6781
0.6600 0.8141 0.6600 0.6747
0.7000 0.8110 0.7000 0.6775
0.7300 0.8014 0.7300 0.6779
0.7400 0.8213 0.7400 0.7143
0.7200 0.8075 0.7200 0.6982
0.6900 0.8370 0.6900 0.7598
0.6800 0.8656 0.6800 0.8087
0.6600 0.9310 0.6600 0.8938
0.6700 0.9208 0.6700 0.8640
0.6900 0.8735 0.6900 0.8123
0.7500 0.7993 0.7500 0.7423
0.8000 0.7718 0.8000 0.7247
0.8800 0.7895 0.8800 0.7664
0.9700 0.7804 0.9700 0.6814
1.0600 0.8447 1.0600 0.7826
1.1800 0.8848 1.1800 0.8331
1.3100 1.0104 1.3100 0.9986
1.4600 1.0144 1.4600 0.9737
1.5500 1.1316 1.5500 1.1491
1.6100 1.2373 1.6100 1.2834
1.6800 1.3211 1.6800 1.3488
1.7400 1.4916 1.7400 1.5816
1.8000 1.6384 1.8000 1.7360
1.8200 1.8230 1.8200 1.9304
1.8100 1.7890 1.8100 1.7957
1.8100 1.7883 1.8100 1.8068
1.8400 1.8872 1.8400 2.0070
1.8700 1.9193 1.8700 1.9791
1.8800 1.9614 1.8800 1.9811
1.8700 1.8870 1.8700 1.8460
1.8300 1.8095 1.8300 1.7519
1.7800 1.8299 1.7800 1.8425
1.6800 1.9138 1.6800 1.9486
1.5800 1.9286 1.5800 1.8889
1.4600 1.8876 1.4600 1.7995
1.3900 1.8407 1.3900 1.7702
1.3500 1.7441 1.3500 1.6612
1.3700 1.6719 1.3700 1.5972
1.4000 1.4598 1.4000 1.3564
1.4500 1.3601 1.4500 1.2751
1.4700 1.2273 1.4700 1.1302
1.4900 1.2119 1.4900 1.1355
1.5300 1.2325 1.5300 1.1574
1.5500 1.3745 1.5500 1.3249
1.5600 1.4335 1.5600 1.3633
1.5700 1.5362 1.5700 1.4918
1.6100 1.5128 1.6100 1.4493
1.6600 1.5453 1.6600 1.5212
1.7300 1.6365 1.7300 1.6814
1.7800 1.6127 1.7800 1.5813
1.8100 1.5955 1.8100 1.5477
1.8100 1.6063 1.8100 1.5990
1.8000 1.7082 1.8000 1.7437
1.7600 1.7740 1.7600 1.7810
1.7000 1.8797 1.7000 1.8897
1.6600 1.8905 1.6600 1.8650
1.6500 1.8835 1.6500 1.8458
1.6500 1.8280 1.6500 1.7895
1.6600 1.7968 1.6600 1.7698
1.6600 1.6873 1.6600 1.6143
1.6600 1.5736 1.6600 1.4749
1.6700 1.5682 1.6700 1.5303
1.7200 1.6128 1.7200 1.5902
1.7600 1.6245 1.7600 1.5527
1.7900 1.6536 1.7900 1.5865
1.7700 1.6412 1.7700 1.5727
1.7600 1.6505 1.7600 1.6006
1.7500 1.6883 1.7500 1.6709
1.7600 1.8227 1.7600 1.8551
1.7800 1.8395 1.7800 1.8037
1.7900 1.8471 1.7900 1.7884
1.7800 1.7312 1.7800 1.6409
1.7700 1.7484 1.7700 1.7328
1.7500 1.7388 1.7500 1.7297
1.7400 1.7772 1.7400 1.7490
1.7400 1.8100 1.7400 1.7775
1.7400 1.7957 1.7400 1.7277
1.7500 1.7481 1.7500 1.6677
1.7600 1.7443 1.7600 1.7044
1.7700 1.7052 1.7700 1.6524
1.7900 1.7112 1.7900 1.6657
1.8000 1.7284 1.8000 1.6924
1.8100 1.7247 1.8100 1.6643
1.8000 1.7560 1.8000 1.7138
1.8000 1.7692 1.8000 1.7279
1.8000 1.7815 1.8000 1.7353
1.8000 1.8252 1.8000 1.8043
1.7900 1.8155 1.7900 1.7682
1.8000 1.8255 1.8000 1.7817
1.8100 1.7752 1.8100 1.7120
1.8300 1.7959 1.8300 1.7639
1.8400 1.7952 1.8400 1.7622
1.8400 1.7897 1.8400 1.7328
1.8500 1.7569 1.8500 1.6882
1.8600 1.8096 1.8600 1.7890
1.8700 1.8207 1.8700 1.7842
1.8700 1.8589 1.8700 1.8178
1.8800 1.8498 1.8800 1.7967
1.8800 1.8309 1.8800 1.7692
1.8900 1.8660 1.8900 1.8459
1.8900 1.8756 1.8900 1.8433
1.9000 1.8816 1.9000 1.8310
1.9000 1.8595 1.9000 1.7991
1.9100 1.8915 1.9100 1.8613
1.9200 1.8712 1.9200 1.8182
1.9300 1.8997 1.9300 1.8590
1.9400 1.8788 1.9400 1.8233
1.9400 1.9084 1.9400 1.8677
1.9400 1.8883 1.9400 1.8323
1.9300 1.9180 1.9300 1.8768
1.9200 1.9292 1.9200 1.8897
1.9000 1.9374 1.9000 1.8845
1.8900 1.9483 1.8900 1.9016
1.8800 1.9278 1.8800 1.8658
1.8700 1.9284 1.8700 1.8763
1.8600 1.8972 1.8600 1.8340
1.8400 1.8849 1.8400 1.8236
1.8200 1.8422 1.8200 1.7685
1.8100 1.8507 1.8100 1.7972
1.8100 1.8395 1.8100 1.7801
1.8100 1.8266 1.8100 1.7531
1.8000 1.8174 1.8000 1.7519
1.7900 1.7778 1.7900 1.6982
1.7800 1.7593 1.7800 1.6905
1.7600 1.7714 1.7600 1.7267
1.7500 1.7910 1.7500 1.7441
1.7500 1.7893 1.7500 1.7240
1.7500 1.7595 1.7500 1.6810
1.7400 1.7540 1.7400 1.6975
1.7500 1.7474 1.7500 1.6987
1.7700 1.7053 1.7700 1.6302
1.8000 1.7151 1.8000 1.6663
1.8100 1.7362 1.8100 1.7009
1.8100 1.7342 1.8100 1.6734
1.8000 1.7033 1.8000 1.6267
1.7900 1.7590 1.7900 1.7389
1.7800 1.8032 1.7800 1.7864
1.7800 1.8521 1.7800 1.8195
1.7800 1.8213 1.7800 1.7531
1.7800 1.8044 1.7800 1.7473
1.7600 1.7792 1.7600 1.7377
1.7600 1.7677 1.7600 1.7260
1.7600 1.7528 1.7600 1.7038
1.7700 1.7684 1.7700 1.7268
1.7500 1.7659 1.7500 1.7125
1.7200 1.7649 1.7200 1.7061
1.6900 1.7050 1.6900 1.6213
1.6500 1.7495 1.6500 1.7235
1.6100 1.7511 1.6100 1.7157
1.5700 1.7776 1.5700 1.7289
1.5300 1.6947 1.5300 1.5985
1.4900 1.6458 1.4900 1.5637
1.4600 1.6212 1.4600 1.5766
1.4300 1.5569 1.4300 1.4768
1.3900 1.5115 1.3900 1.4273
1.3500 1.4694 1.3500 1.3917
1.3000 1.4290 1.3000 1.3435
1.2400 1.3898 1.2400 1.3029
1.1800 1.3827 1.1800 1.3134
1.1200 1.3556 1.1200 1.2764
1.1000 1.2974 1.1000 1.1958
1.0700 1.2622 1.0700 1.1795
1.0600 1.1973 1.0600 1.1059
1.0200 1.1202 1.0200 1.0318
0.9700 1.0639 0.9700 0.9880
0.8800 1.0122 0.8800 0.9338
0.8000 1.0726 0.8000 1.0271
0.7500 1.0272 0.7500 0.9259
0.7300 1.0595 0.7300 0.9769
0.7200 0.9700 0.7200 0.8688
0.7200 0.9160 0.7200 0.8328
0.7300 0.8120 0.7300 0.7162
0.7500 0.7751 0.7500 0.6836
0.7700 0.8082 0.7700 0.7082
0.8000 0.8417 0.8000 0.7324
0.8300 0.8576 0.8300 0.7328
0.8700 0.8680 0.8700 0.7644
0.9100 0.8875 0.9100 0.8168
0.9700 0.9165 0.9700 0.8627
1.0400 0.9235 1.0400 0.8687
1.1300 0.9598 1.1300 0.9357
1.2100 0.9864 1.2100 0.9668
1.2700 1.0417 1.2700 1.0355
1.3000 1.0776 1.3000 1.0709
1.3000 1.1706 1.3000 1.1929
1.2800 1.2551 1.2800 1.2846
1.2500 1.3773 1.2500 1.4225
1.1800 1.4322 1.1800 1.4544
1.1000 1.4479 1.1000 1.4494
1.0000 1.4175 1.0000 1.4138
0.9300 1.3565 0.9300 1.3413
0.9000 1.2918 0.9000 1.2707
0.9200 1.2335 0.9200 1.2022
0.9500 1.0867 0.9500 1.0130
1.0000 0.9999 1.0000 0.9246
1.0500 0.8916 1.0500 0.8055
1.1000 0.8635 1.1000 0.7826
1.1300 0.9179 1.1300 0.8411
1.1600 1.0558 1.1600 0.9920
1.1800 1.0931 1.1800 1.0069
1.2100 1.1543 1.2100 1.1122
1.2500 1.2019 1.2500 1.1832
1.3000 1.2575 1.3000 1.2499
1.3400 1.2497 1.3400 1.2290
1.3900 1.2786 1.3900 1.2820
1.4300 1.2775 1.4300 1.2767
1.4800 1.3220 1.4800 1.3309
1.5100 1.3765 1.5100 1.3932
1.5000 1.4405 1.5000 1.4507
1.4900 1.4562 1.4900 1.4406
1.5100 1.5251 1.5100 1.5408
1.5400 1.5462 1.5400 1.5522
1.5900 1.6143 1.5900 1.6343
1.6200 1.6016 1.6200 1.5896
1.6100 1.5054 1.6100 1.4339
1.5700 1.4955 1.5700 1.4823
1.4900 1.5761 1.4900 1.6214
1.4100 1.6162 1.4100 1.6078
1.3500 1.6966 1.3500 1.6854
1.3000 1.6854 1.3000 1.6414
1.2600 1.5971 1.2600 1.5087
1.2300 1.5026 1.2300 1.4357
1.2000 1.3415 1.2000 1.2814
1.1800 1.2616 1.1800 1.2083
1.1600 1.2264 1.1600 1.1739
1.1500 1.1865 1.1500 1.0903
1.1500 1.1626 1.1500 1.0540
1.1700 1.1585 1.1700 1.0691
1.2100 1.1386 1.2100 1.0464
1.2500 1.1476 1.2500 1.0758
1.2900 1.1354 1.2900 1.0643
1.3500 1.1506 1.3500 1.0920
1.4100 1.1751 1.4100 1.1313
1.4600 1.2379 1.4600 1.2139
1.5200 1.3197 1.5200 1.3121
1.5700 1.3603 1.5700 1.3338
1.6200 1.4016 1.6200 1.3826
1.6500 1.5060 1.6500 1.5414
1.6700 1.5680 1.6700 1.5891
1.6800 1.5945 1.6800 1.5867
1.6800 1.6749 1.6800 1.7102
1.6900 1.7056 1.6900 1.7242
1.6900 1.7523 1.6900 1.7646
1.6800 1.7387 1.6800 1.7284
1.6700 1.7350 1.6700 1.7208
1.6400 1.7222 1.6400 1.7099
1.6100 1.6956 1.6100 1.6645
1.5600 1.7203 1.5600 1.7090
1.5100 1.6935 1.5100 1.6502
1.4600 1.6570 1.4600 1.5904
1.4200 1.6466 1.4200 1.6042
1.3700 1.5742 1.3700 1.4975
1.3300 1.5418 1.3300 1.4750
1.2900 1.4490 1.2900 1.3595
1.2500 1.3962 1.2500 1.3105
1.2100 1.3458 1.2100 1.2684
1.1600 1.3245 1.1600 1.2472
1.1200 1.2539 1.1200 1.1458
1.0700 1.2366 1.0700 1.1501
1.0100 1.2030 1.0100 1.1209
0.9600 1.1672 0.9600 1.0727
0.9300 1.1323 0.9300 1.0433
0.9200 1.0678 0.9200 0.9748
0.9200 1.0539 0.9200 0.9754
0.9000 0.9902 0.9000 0.9068
0.8900 0.9274 0.8900 0.8351
0.8900 0.8998 0.8900 0.8266
0.8800 0.9245 0.8800 0.8471
0.8900 0.9685 0.8900 0.8876
0.9300 0.9900 0.9300 0.9051
1.0400 0.9218 1.0400 0.8079
1.1800 0.9310 1.1800 0.8714
1.3100 0.9594 1.3100 0.9304
1.3900 0.9333 1.3900 0.8631
1.4500 0.9798 1.4500 0.9453
1.5000 1.0796 1.5000 1.0902
1.5300 1.3235 1.5300 1.4033
1.5700 1.5164 1.5700 1.5810
1.6100 1.6184 1.6100 1.6293
1.6900 1.6004 1.6900 1.5838
1.7500 1.6315 1.7500 1.6792
1.8200 1.6689 1.8200 1.7485
1.8700 1.6486 1.8700 1.6701
1.9100 1.6941 1.9100 1.7282
1.9000 1.7235 1.9000 1.7462
1.8800 1.8774 1.8800 1.9412
1.8500 1.8909 1.8500 1.8824
1.8400 1.9783 1.8400 1.9839
1.8400 1.9939 1.8400 1.9996
1.8300 2.0139 1.8300 2.0048
1.8300 1.8988 1.8300 1.8271
1.8300 1.8528 1.8300 1.8074
1.8500 1.7972 1.8500 1.7625
1.8500 1.8149 1.8500 1.7851
1.8300 1.8240 1.8300 1.7786
1.8200 1.7844 1.8200 1.6913
1.8000 1.8075 1.8000 1.7537
1.8000 1.8133 1.8000 1.7687
1.7900 1.8769 1.7900 1.8520
1.8000 1.8355 1.8000 1.7611
1.8200 1.7736 1.8200 1.6764
1.8600 1.7908 1.8600 1.7627
1.9200 1.7497 1.9200 1.6919
1.9800 1.7857 1.9800 1.7438
2.0400 1.7519 2.0400 1.6846
2.0800 1.8021 2.0800 1.7617
2.1200 1.8470 2.1200 1.8242
2.1700 1.9293 2.1700 1.9127
2.2500 2.0349 2.2500 2.0389
2.3400 2.0983 2.3400 2.0797
2.4200 2.1643 2.4200 2.1490
2.4700 2.1694 2.4700 2.1372
2.5000 2.2135 2.5000 2.2020
2.5300 2.2856 2.5300 2.2989
2.5400 2.4232 2.5400 2.4547
2.5300 2.5285 2.5300 2.5282
2.5200 2.5848 2.5200 2.5392
2.5200 2.5772 2.5200 2.5046
2.5100 2.5715 2.5100 2.5102
2.4800 2.6018 2.4800 2.5668
2.4300 2.5586 2.4300 2.4666
2.3800 2.4927 2.3800 2.3628
2.3300 2.4760 2.3300 2.3804
2.2900 2.4905 2.2900 2.4092
2.2000 2.4501 2.2000 2.3188
2.0700 2.3719 2.0700 2.2100
1.9000 2.2809 1.9000 2.1267
1.7700 2.2317 1.7700 2.1094
1.7000 2.1772 1.7000 2.0516
1.6500 2.1505 1.6500 2.0264
1.6000 1.9499 1.6000 1.7311
1.5400 1.7354 1.5400 1.5598
1.4900 1.5399 1.4900 1.3988
1.4700 1.4648 1.4700 1.3743
1.4400 1.4837 1.4400 1.4199
1.4000 1.4618 1.4000 1.3072
1.3700 1.4148 1.3700 1.2370
1.3300 1.3556 1.3300 1.2138
1.3000 1.3503 1.3000 1.2630
1.2700 1.4062 1.2700 1.3658
1.2300 1.3585 1.2300 1.2555
1.2000 1.2998 1.2000 1.1796
1.1700 1.3002 1.1700 1.2414
1.1100 1.2478 1.1100 1.1656
1.0500 1.2400 1.0500 1.1664
1.0000 1.2127 1.0000 1.1416
0.9700 1.1549 0.9700 1.0554
0.9600 1.1493 0.9600 1.0813
0.9700 1.1247 0.9700 1.0549
0.9900 1.0095 0.9900 0.9129
1.0100 0.9637 1.0100 0.8863
1.0200 0.9376 1.0200 0.8786
1.0100 0.9502 1.0100 0.8772
1.0000 0.9945 1.0000 0.9141
0.9900 1.0468 0.9900 0.9817
0.9900 1.0773 0.9900 1.0226
0.9800 1.0996 0.9800 1.0487
0.9800 1.0945 0.9800 1.0432
0.9700 1.0490 0.9700 0.9883
0.9600 1.0414 0.9600 1.0065
0.9400 1.0325 0.9400 1.0008
0.9100 1.0494 0.9100 1.0151
0.8900 1.0169 0.8900 0.9527
