1.4700 1.4585 1.4700 1.5066
1.5600 1.9029 1.5600 1.8570
1.6300 1.9593 1.6300 1.9079
1.7100 1.9121 1.7100 1.9051
1.7800 1.6133 1.7800 1.6525
1.9500 1.3471 1.9500 1.3952
2.0500 1.4361 2.0500 1.4315
2.0900 1.7229 2.0900 1.6279
2.0100 1.6897 2.0100 1.6698
1.9900 1.7848 1.9900 1.7725
2.0300 1.8478 2.0300 1.8228
2.1000 2.1887 2.1000 2.1209
2.1000 2.1883 2.1000 2.1559
2.1800 2.1178 2.1800 2.1053
2.2100 1.8097 2.2100 1.8697
2.1700 1.9022 2.1700 1.9238
2.2100 2.0702 2.2100 2.0163
2.2600 2.1706 2.2600 2.1374
2.2500 1.9927 2.2500 2.0089
2.2700 2.2511 2.2700 2.2004
2.3100 2.2122 2.3100 2.1826
2.3000 1.9891 2.3000 2.0174
2.2700 2.2214 2.2700 2.1819
2.2000 2.3032 2.2000 2.2563
2.1400 2.1241 2.1400 2.1415
2.1300 2.2130 2.1300 2.1999
2.1700 2.3202 2.1700 2.2752
2.1200 2.1800 2.1200 2.1915
2.0400 2.0912 2.0400 2.1042
1.9100 1.9329 1.9100 1.9812
1.8600 1.8877 1.8600 1.9344
1.8600 1.9894 1.8600 1.9720
1.8500 2.1410 1.8500 2.1148
1.8500 1.8738 1.8500 1.9111
1.8200 1.7256 1.8200 1.7812
1.8000 1.5684 1.8000 1.6430
1.7800 1.6353 1.7800 1.6758
1.8100 1.7466 1.8100 1.7198
1.7800 1.6959 1.7800 1.7025
1.7700 1.7284 1.7700 1.7281
1.6900 1.6559 1.6900 1.6650
1.7300 1.6681 1.7300 1.6639
1.6800 1.6539 1.6800 1.6456
1.6000 1.7972 1.6000 1.7678
1.5100 1.6263 1.5100 1.6370
1.4400 1.6588 1.4400 1.6536
1.3600 1.4328 1.3600 1.4911
1.3200 1.7464 1.3200 1.6992
1.3000 1.4918 1.3000 1.5039
1.2900 1.3234 1.2900 1.3873
1.3400 1.2726 1.3400 1.3153
1.3800 1.2264 1.3800 1.2676
1.3900 1.1272 1.3900 1.1715
1.3900 1.1462 1.3900 1.1515
1.3800 1.1832 1.3800 1.1711
1.3600 1.2001 1.3600 1.1928
1.3600 1.3977 1.3600 1.3617
1.4300 1.4272 1.4300 1.4063
1.5400 1.3698 1.5400 1.3656
1.6300 1.3616 1.6300 1.3477
1.6500 1.3377 1.6500 1.3218
1.7100 1.2874 1.7100 1.2844
1.7800 1.3261 1.7800 1.3030
1.8400 1.5536 1.8400 1.5020
1.9200 1.7471 1.9200 1.6981
1.9900 1.7786 1.9900 1.7589
2.0500 1.6605 2.0500 1.6608
2.1500 1.8139 2.1500 1.7805
2.1700 1.9120 2.1700 1.8731
2.1000 1.9414 2.1000 1.9128
2.1000 2.0480 2.1000 2.0091
2.0400 2.0812 2.0400 2.0470
2.0000 2.1256 2.0000 2.0938
2.0200 2.2847 2.0200 2.2314
2.4600 2.5943 2.4600 2.5651
2.4800 2.2980 2.4800 2.3475
2.4700 2.3135 2.4700 2.3464
2.3300 2.2279 2.3300 2.2728
2.4100 2.1393 2.4100 2.1738
2.5400 2.2397 2.5400 2.2343
2.5600 2.4085 2.5600 2.3895
2.4900 2.3854 2.4900 2.3922
2.4100 2.3114 2.4100 2.3313
2.4400 1.9031 2.4400 2.0134
2.4500 2.4799 2.4500 2.4046
2.4400 2.7030 2.4400 2.6181
2.4400 2.4671 2.4400 2.5030
2.4200 2.1922 2.4200 2.2471
2.4200 2.1276 2.4200 2.1902
2.4000 2.4155 2.4000 2.3676
2.3700 2.3510 2.3700 2.3455
2.3800 2.2641 2.3800 2.2857
2.3900 2.3089 2.3900 2.3106
2.3900 2.2586 2.3900 2.2688
2.3400 2.2995 2.3400 2.2957
2.3300 2.2326 2.3300 2.2411
2.2900 2.1724 2.2900 2.1865
2.2400 2.2806 2.2400 2.2674
2.1600 2.2946 2.1600 2.2900
2.1000 2.2640 2.1000 2.2706
2.0400 2.0998 2.0400 2.1273
1.9900 2.1886 1.9900 2.1825
1.9600 2.0825 1.9600 2.0936
1.9100 1.9913 1.9100 2.0110
1.8700 1.8413 1.8700 1.9002
1.8800 1.8289 1.8800 1.8608
1.8500 1.7698 1.8500 1.7979
1.8100 1.7376 1.8100 1.7486
1.7700 1.7596 1.7700 1.7607
1.7500 1.6700 1.7500 1.6858
1.7100 1.6583 1.7100 1.6649
1.6800 1.7991 1.6800 1.7768
1.6200 1.6788 1.6200 1.6890
1.6100 1.6112 1.6100 1.6230
1.6000 1.5882 1.6000 1.5877
1.5800 1.6188 1.5800 1.6084
1.5500 1.5272 1.5500 1.5313
1.5400 1.5182 1.5400 1.5165
1.5300 1.3968 1.5300 1.4253
1.3700 1.5048 1.3700 1.4863
1.3400 1.5014 1.3400 1.4882
1.3800 1.4514 1.3800 1.4523
1.4100 1.4063 1.4100 1.4054
1.4100 1.4536 1.4100 1.4385
1.3900 1.4460 1.3900 1.4332
1.3800 1.0407 1.3800 1.1150
1.3600 1.2231 1.3600 1.2351
1.3300 1.4346 1.3300 1.3756
1.3000 1.4023 1.3000 1.3938
1.2800 1.3322 1.2800 1.3358
1.2600 1.3019 1.2600 1.3003
1.2400 1.3309 1.2400 1.3118
1.2400 1.2831 1.2400 1.2757
1.0800 1.2198 1.0800 1.2255
1.1000 1.1901 1.1000 1.1923
1.0700 1.1953 1.0700 1.1815
1.0600 1.1744 1.0600 1.1636
1.0100 1.1541 1.0100 1.1452
1.0200 1.2041 1.0200 1.1849
1.0300 0.8229 1.0300 0.9337
1.0200 1.1180 1.0200 1.0807
1.0600 1.0062 1.0600 1.0162
1.0800 1.0045 1.0800 1.0441
1.0600 0.8848 1.0600 0.9601
0.8900 1.0448 0.8900 1.0650
0.9000 1.0592 0.9000 1.0734
0.9300 0.9963 0.9300 1.0384
0.9700 1.1472 0.9700 1.1502
0.9900 1.1317 0.9900 1.1498
1.0500 1.0108 1.0500 1.0383
1.1600 0.7467 1.1600 0.8488
1.1800 0.9559 1.1800 0.9863
1.1800 1.0473 1.1800 1.0484
1.1700 1.0677 1.1700 1.1251
1.1700 1.0443 1.1700 1.1013
1.1900 1.2046 1.1900 1.2252
1.2200 1.4167 1.2200 1.3855
1.3000 1.2303 1.3000 1.2358
1.2800 1.1820 1.2800 1.1736
1.2600 1.1700 1.2600 1.1603
1.3000 1.1817 1.3000 1.1640
1.3300 1.2277 1.3300 1.1964
1.3400 1.2701 1.3400 1.2437
1.3500 1.4604 1.3500 1.4147
1.3600 1.2157 1.3600 1.2261
1.3700 1.1947 1.3700 1.1960
1.3800 1.3916 1.3800 1.3392
1.3900 1.3842 1.3900 1.3575
1.4000 1.3255 1.4000 1.3154
1.4000 1.3452 1.4000 1.3264
1.3700 1.3637 1.3700 1.3416
1.2900 1.3676 1.2900 1.3464
1.2600 1.3725 1.2600 1.3523
1.2400 1.3809 1.2400 1.3613
1.2300 1.3899 1.2300 1.3704
1.2500 1.3659 1.2500 1.3512
1.2400 1.2659 1.2400 1.2676
1.2600 1.1136 1.2600 1.1518
1.2600 1.1600 1.2600 1.1759
1.2200 1.1616 1.2200 1.1481
1.1800 1.1574 1.1800 1.1472
1.1400 1.2494 1.1400 1.2255
1.1500 1.1817 1.1500 1.1780
1.1200 1.2737 1.1200 1.2504
1.1200 1.2394 1.1200 1.2241
1.1500 1.1043 1.1500 1.1226
1.1100 1.0770 1.1100 1.0973
1.1000 1.0378 1.1000 1.0606
1.1100 1.1496 1.1100 1.1190
1.1300 1.0241 1.1300 1.0459
1.1200 1.0891 1.1200 1.0967
1.1600 1.2027 1.1600 1.1888
1.1500 1.0027 1.1500 1.0366
1.1000 1.0600 1.1000 1.0555
1.1800 1.1325 1.1800 1.1136
1.2900 1.1635 1.2900 1.1570
1.4700 1.0792 1.4700 1.0905
1.5300 1.2384 1.5300 1.2123
1.5800 1.1236 1.5800 1.1208
1.5300 0.9879 1.5300 1.0330
1.4400 1.3582 1.4400 1.2884
1.4000 1.5329 1.4000 1.4765
1.5300 1.7875 1.5300 1.7467
1.7200 1.6280 1.7200 1.6317
1.8300 1.6578 1.8300 1.6476
1.8300 1.4497 1.8300 1.4760
1.6600 1.3267 1.6600 1.3570
1.4500 1.3379 1.4500 1.3451
1.2400 1.7884 1.2400 1.6922
1.0600 2.0417 1.0600 1.9827
0.9800 1.9618 0.9800 1.9534
0.9300 1.7806 0.9300 1.7916
0.8600 1.4055 0.8600 1.4719
0.8000 1.2371 0.8000 1.2783
0.7300 1.0103 0.7300 1.0432
0.7200 0.8483 0.7200 0.9066
0.6900 0.8232 0.6900 0.8843
0.7600 0.8879 0.7600 0.8822
0.8200 0.8122 0.8200 0.8303
0.8500 0.7588 0.8500 0.8074
0.8700 0.7152 0.8700 0.7907
0.8600 0.7842 0.8600 0.8383
0.9000 0.7593 0.9000 0.8080
1.0300 0.9862 1.0300 1.0456
1.1200 1.0322 1.1200 1.1039
1.1600 0.9746 1.1600 1.0595
1.2000 0.9684 1.2000 1.0195
1.2500 0.8977 1.2500 0.9513
1.2400 1.0348 1.2400 1.0430
1.2300 1.3579 1.2300 1.3314
1.2400 1.3390 1.2400 1.3569
1.4500 1.2508 1.4500 1.2604
1.4400 1.3160 1.4400 1.2836
1.3200 1.3945 1.3200 1.3515
1.3200 1.2273 1.3200 1.2209
1.3600 1.2026 1.3600 1.2002
1.4200 1.2618 1.4200 1.2292
1.4400 1.8446 1.4400 1.7644
1.3900 1.3878 1.3900 1.4197
1.3300 1.0792 1.3300 1.1407
1.2900 1.3415 1.2900 1.3220
1.2500 1.4617 1.2500 1.4052
1.2800 1.4999 1.2800 1.4699
1.3100 1.4255 1.3100 1.4210
1.3200 1.2381 1.3200 1.2565
1.3000 1.2059 1.3000 1.2312
1.3100 1.1967 1.3100 1.2135
1.3200 1.1215 1.3200 1.1476
1.3600 1.2979 1.3600 1.2614
1.4700 1.3315 1.4700 1.3095
1.5700 1.2942 1.5700 1.2897
1.6200 1.2216 1.6200 1.2193
1.7000 1.3135 1.7000 1.2861
1.7900 1.3231 1.7900 1.2984
1.8400 1.4184 1.8400 1.3868
1.8200 1.6892 1.8200 1.6287
1.8000 1.7443 1.8000 1.7193
1.9000 1.7005 1.9000 1.6896
1.9800 1.8339 1.9800 1.7997
2.0500 1.9415 2.0500 1.9013
2.0100 1.9288 2.0100 1.9081
1.9700 1.7338 1.9700 1.7407
1.9200 1.7141 1.9200 1.7142
1.8800 2.0819 1.8800 2.0139
1.8400 2.1070 1.8400 2.0726
1.7800 2.1291 1.7800 2.1080
1.7600 1.8519 1.7600 1.8792
1.7900 1.8180 1.7900 1.8419
1.8400 1.7502 1.8400 1.7921
1.7900 1.7008 1.7900 1.7266
1.7700 1.6436 1.7700 1.6552
1.7400 1.5330 1.7400 1.5594
1.8100 1.6110 1.8100 1.5999
1.7900 1.7676 1.7900 1.7367
1.7300 1.8627 1.7300 1.8388
1.6700 1.5810 1.6700 1.6142
1.6400 1.6438 1.6400 1.6378
1.6100 1.6133 1.6100 1.6053
1.5600 1.8994 1.5600 1.8468
1.4600 1.6627 1.4600 1.6743
1.2700 1.4974 1.2700 1.5304
1.1400 1.4682 1.1400 1.5082
1.0300 1.5068 1.0300 1.5080
1.0200 1.4588 1.0200 1.4578
1.0400 1.3533 1.0400 1.3683
1.0500 1.1771 1.0500 1.2353
0.9900 0.9263 0.9900 1.0120
0.9300 0.9221 0.9300 0.9877
1.0300 0.8376 1.0300 0.9251
1.1800 0.9618 1.1800 0.9778
1.2900 1.0703 1.2900 1.1169
1.2900 1.0605 1.2900 1.1344
1.2900 0.8511 1.2900 0.9335
1.2700 0.8438 1.2700 0.9301
1.3100 1.2732 1.3100 1.2259
1.3300 1.5223 1.3300 1.5021
1.3700 1.5060 1.3700 1.5228
1.4600 1.2787 1.4600 1.2936
1.5600 1.3138 1.5600 1.2920
1.6300 1.2682 1.6300 1.2725
1.6500 1.3991 1.6500 1.3511
1.7200 1.3529 1.7200 1.3292
1.6800 1.4244 1.6800 1.3997
1.6400 1.6396 1.6400 1.5869
1.5200 1.7388 1.5200 1.7097
1.4200 1.7564 1.4200 1.7368
1.4300 1.6731 1.4300 1.6636
1.4000 1.8500 1.4000 1.8106
1.3700 1.5660 1.3700 1.5815
1.3500 1.5039 1.3500 1.5393
1.3700 1.2954 1.3700 1.3428
1.3800 1.2162 1.3800 1.2554
1.4300 1.3888 1.4300 1.3429
1.4900 1.2518 1.4900 1.2554
1.5600 1.2078 1.5600 1.2171
1.5700 1.2446 1.5700 1.2340
1.5800 1.3712 1.5800 1.3433
1.5500 1.3556 1.5500 1.3400
1.4600 1.4958 1.4600 1.4639
1.3700 1.5905 1.3700 1.5563
1.3200 1.6840 1.3200 1.6515
1.2300 1.5599 1.2300 1.5551
1.1900 1.5729 1.1900 1.5555
1.2400 1.4559 1.2400 1.4634
1.2800 1.2714 1.2800 1.3160
1.3300 1.1937 1.3300 1.2260
1.4100 1.1716 1.4100 1.1959
1.4700 0.9988 1.4700 1.0505
1.5300 1.0294 1.5300 1.0527
1.6100 1.3040 1.6100 1.2705
1.6300 1.3225 1.6300 1.3265
1.6900 1.3892 1.6900 1.3717
1.7600 1.5634 1.7600 1.5245
1.8400 1.5917 1.8400 1.5639
1.8700 1.6481 1.8700 1.6168
1.9000 1.7642 1.9000 1.7319
1.9400 1.6572 1.9400 1.6459
1.9900 1.7999 1.9900 1.7595
2.0600 1.8906 2.0600 1.8534
2.1400 1.9726 2.1400 1.9394
2.1100 1.8937 2.1100 1.8830
2.1700 1.9241 2.1700 1.9045
2.1800 1.9924 2.1800 1.9599
2.1700 2.0538 2.1700 2.0234
2.1700 2.1598 2.1700 2.1191
2.1900 2.2356 2.1900 2.1934
2.2500 1.9716 2.2500 1.9981
2.3000 2.2372 2.3000 2.1852
2.3200 2.1477 2.3200 2.1342
2.3600 2.0552 2.3600 2.0632
2.4200 2.0794 2.4200 2.0667
2.4800 2.1495 2.4800 2.1314
2.5300 2.2949 2.5300 2.2628
2.5700 2.3200 2.5700 2.2938
2.5900 2.2702 2.5900 2.2669
2.6200 2.3658 2.6200 2.3242
2.6200 2.4604 2.6200 2.4101
2.6100 2.5189 2.6100 2.4738
2.6000 2.5425 2.6000 2.5010
2.6000 2.5575 2.6000 2.5162
2.6000 2.5480 2.6000 2.5118
2.6000 2.5956 2.6000 2.5532
2.6000 2.5188 2.6000 2.5171
2.6000 2.4717 2.6000 2.4792
2.5900 2.4586 2.5900 2.4607
2.5600 2.4767 2.5600 2.4755
2.5400 2.4704 2.5400 2.4728
2.5200 2.4673 2.5200 2.4722
2.5100 2.4695 2.5100 2.4737
2.5200 2.4715 2.5200 2.4753
2.5200 2.4377 2.5200 2.4465
2.5100 2.3582 2.5100 2.3755
2.4900 2.3605 2.4900 2.3671
2.4600 2.3408 2.4600 2.3476
2.4200 2.3490 2.4200 2.3538
2.3800 2.4078 2.3800 2.4038
2.3700 2.3879 2.3700 2.3944
2.3700 2.3550 2.3700 2.3658
2.3700 2.3169 2.3700 2.3274
2.3700 2.2640 2.3700 2.2763
2.3600 2.1962 2.3600 2.2109
2.3500 2.1520 2.3500 2.1646
2.3300 2.2120 2.3300 2.2086
2.2800 2.2367 2.2800 2.2353
2.2300 2.2359 2.2300 2.2406
2.1700 2.2434 2.1700 2.2464
2.0800 2.2179 2.0800 2.2240
2.0300 2.2100 2.0300 2.2127
2.0000 2.1669 2.0000 2.1732
1.9800 2.0418 1.9800 2.0625
1.9600 1.9884 1.9600 2.0067
1.9500 1.9051 1.9500 1.9352
1.9300 1.7362 1.9300 1.8126
1.9200 1.7783 1.9200 1.7981
1.9100 1.8027 1.9100 1.7999
1.9200 1.8015 1.9200 1.8052
1.9000 1.7884 1.9000 1.7932
1.8800 1.8157 1.8800 1.8136
1.8500 1.7821 1.8500 1.7839
1.8200 1.7986 1.8200 1.7933
1.7900 1.7938 1.7900 1.7878
1.7600 1.8513 1.7600 1.8368
1.7300 1.7629 1.7300 1.7667
1.7000 1.7419 1.7000 1.7418
1.6700 1.6958 1.6700 1.6944
1.6400 1.6630 1.6400 1.6615
1.6200 1.6305 1.6200 1.6277
1.6000 1.5994 1.6000 1.5979
1.5600 1.5700 1.5600 1.5684
1.5200 1.5423 1.5200 1.5404
1.4800 1.5150 1.4800 1.5126
1.4600 1.4877 1.4600 1.4849
1.4400 1.4940 1.4400 1.4857
1.4300 1.4769 1.4300 1.4704
1.4200 1.3919 1.4200 1.3960
1.4000 1.3562 1.4000 1.3639
1.3800 1.3225 1.3800 1.3303
1.3500 1.3483 1.3500 1.3351
1.3200 1.3285 1.3200 1.3198
1.2700 1.3425 1.2700 1.3318
1.2400 1.3397 1.2400 1.3288
1.2100 1.3012 1.2100 1.2956
1.1900 1.2856 1.1900 1.2761
1.1700 1.2369 1.1700 1.2337
1.1500 1.2069 1.1500 1.2076
1.1400 1.1128 1.1400 1.1414
1.1300 1.1296 1.1300 1.1329
1.1200 1.1036 1.1200 1.1010
1.1000 1.1040 1.1000 1.0941
1.0900 1.0885 1.0900 1.0844
1.0900 1.0738 1.0900 1.0760
1.0800 1.0919 1.0800 1.0878
1.0800 1.0859 1.0800 1.0872
1.0800 1.0771 1.0800 1.0805
1.0900 1.0384 1.0900 1.0474
1.1000 1.0544 1.1000 1.0570
1.1000 1.0795 1.1000 1.0815
1.1100 1.0451 1.1100 1.0612
1.1000 1.0682 1.1000 1.0772
1.0800 1.0733 1.0800 1.0828
1.0700 1.1050 1.0700 1.1089
1.0600 1.1155 1.0600 1.1183
1.0600 1.0932 1.0600 1.0990
1.0500 1.1276 1.0500 1.1184
1.0500 1.0746 1.0500 1.0750
1.0400 1.0294 1.0400 1.0422
1.0400 1.0447 1.0400 1.0442
1.0300 1.0337 1.0300 1.0411
1.0300 1.0510 1.0300 1.0624
1.0300 1.0215 1.0300 1.0439
1.0500 1.0443 1.0500 1.0613
1.0400 1.0160 1.0400 1.0373
1.0600 1.0373 1.0600 1.0538
1.0900 1.0082 1.0900 1.0301
1.1000 1.0298 1.1000 1.0481
1.1100 1.0327 1.1100 1.0512
1.1400 1.0956 1.1400 1.1069
1.1800 1.0188 1.1800 1.0472
1.2200 1.1032 1.2200 1.1079
1.2500 1.1617 1.2500 1.1580
1.2800 1.1194 1.2800 1.1298
1.3000 1.1290 1.3000 1.1217
1.3100 1.2105 1.3100 1.1833
1.3100 1.2690 1.3100 1.2382
1.3100 1.3014 1.3100 1.2752
1.3100 1.3089 1.3100 1.2868
1.3000 1.3415 1.3000 1.3156
1.2900 1.3386 1.2900 1.3154
1.2600 1.3208 1.2600 1.3012
1.2400 1.2945 1.2400 1.2768
1.2300 1.2911 1.2300 1.2716
1.2300 1.2869 1.2300 1.2676
1.2300 1.2493 1.2300 1.2364
1.2200 1.2372 1.2200 1.2229
1.2000 1.1626 1.2000 1.1649
1.1900 1.1644 1.1900 1.1569
1.1800 1.1790 1.1800 1.1607
1.1900 1.1980 1.1900 1.1806
1.2100 1.1973 1.2100 1.1827
1.2300 1.1681 1.2300 1.1586
1.2600 1.1305 1.2600 1.1220
1.2800 1.1471 1.2800 1.1301
1.2800 1.1372 1.2800 1.1218
1.2900 1.1889 1.2900 1.1666
1.2900 1.2323 1.2900 1.2089
1.2800 1.2518 1.2800 1.2328
1.2700 1.3075 1.2700 1.2825
1.2600 1.3089 1.2600 1.2888
1.2400 1.2628 1.2400 1.2504
1.2500 1.2970 1.2500 1.2734
1.2400 1.2740 1.2400 1.2555
1.1900 1.2334 1.1900 1.2210
1.1400 1.2222 1.1400 1.2065
1.1000 1.2123 1.1000 1.1967
1.0700 1.1665 1.0700 1.1568
1.0900 1.2439 1.0900 1.2185
1.1200 1.1899 1.1200 1.1791
1.1500 1.0451 1.1500 1.0763
1.1900 1.0204 1.1900 1.0507
1.2000 0.9983 1.2000 1.0356
1.2300 0.9802 1.2300 1.0183
1.2300 1.1144 1.2300 1.1149
1.2300 1.1733 1.2300 1.1867
1.2100 1.1954 1.2100 1.2115
1.1900 1.2666 1.1900 1.2523
1.1700 1.2177 1.1700 1.2047
1.1400 1.2927 1.1400 1.2637
1.1000 1.2270 1.1000 1.2112
1.0800 1.2183 1.0800 1.2017
1.0700 1.1535 1.0700 1.1498
1.0600 1.1294 1.0600 1.1267
1.0600 1.1073 1.0600 1.1035
1.0300 1.0511 1.0300 1.0605
1.0000 0.9877 1.0000 1.0303
0.9700 1.0166 0.9700 1.0317
0.9700 1.0330 0.9700 1.0452
0.9200 1.0238 0.9200 1.0470
0.8900 1.0493 0.8900 1.0695
0.8600 0.9587 0.8600 0.9967
0.8600 0.9297 0.8600 0.9872
0.8600 0.9111 0.8600 0.9739
0.8400 0.9818 0.8400 1.0030
0.8100 0.8345 0.8100 0.9253
0.8000 0.8418 0.8000 0.9248
0.8100 0.8320 0.8100 0.9126
0.8400 0.8998 0.8400 0.9466
0.8800 0.9026 0.8800 0.9583
0.9200 0.8406 0.9200 0.9144
0.9600 0.7936 0.9600 0.8885
0.9800 0.8369 0.9800 0.9017
1.0100 0.8936 1.0100 0.9441
1.0600 0.9625 1.0600 1.0146
1.1400 1.0198 1.1400 1.0709
1.2100 1.0537 1.2100 1.0991
1.2800 1.0859 1.2800 1.1175
1.3600 1.0547 1.3600 1.0832
1.4600 1.1024 1.4600 1.1075
1.5700 1.1949 1.5700 1.1809
1.6800 1.3323 1.6800 1.3026
1.7400 1.3720 1.7400 1.3405
1.7900 1.4402 1.7900 1.4068
1.8900 1.5398 1.8900 1.5053
2.0000 1.6628 2.0000 1.6332
2.0700 1.7778 2.0700 1.7451
2.1000 1.8701 2.1000 1.8372
2.1300 1.8426 2.1300 1.8251
2.2500 1.8789 2.2500 1.8543
2.3300 2.0608 2.3300 2.0085
2.3300 2.1739 2.3300 2.1261
2.3200 2.1634 2.3200 2.1360
2.3500 2.1175 2.3500 2.0958
2.3500 2.1521 2.3500 2.1183
2.3500 2.4225 2.3500 2.3500
2.3500 2.4231 2.3500 2.3817
2.3300 2.2463 2.3300 2.2669
2.3200 2.2225 2.3200 2.2210
2.2600 2.3547 2.2600 2.3072
2.1500 2.2617 2.1500 2.2589
2.0800 2.2369 2.0800 2.2380
2.0600 2.2425 2.0600 2.2387
2.0900 2.1741 2.0900 2.1827
2.1800 2.1817 2.1800 2.1808
2.2400 2.0027 2.2400 2.0280
2.2900 1.7879 2.2900 1.8762
2.3300 1.7886 2.3300 1.8503
2.3400 1.8888 2.3400 1.8735
2.3300 2.0242 2.3300 2.0040
2.3200 2.2604 2.3200 2.2249
2.2900 2.2620 2.2900 2.2339
2.2500 2.2960 2.2500 2.2665
2.3900 2.3318 2.3900 2.2951
2.4600 2.2928 2.4600 2.2779
2.3500 2.2230 2.3500 2.2236
2.2500 2.2048 2.2500 2.2002
2.0900 2.1172 2.0900 2.1242
1.9000 2.0404 1.9000 2.0516
1.7900 2.5721 1.7900 2.4785
1.7800 2.5048 1.7800 2.4674
1.7300 1.9596 1.7300 2.0528
1.6900 1.9509 1.6900 2.0193
1.6400 1.7518 1.6400 1.8306
1.6100 1.5056 1.6100 1.5917
1.5600 1.4503 1.5600 1.5084
1.5200 1.6061 1.5200 1.5782
1.5300 1.4547 1.5300 1.4812
1.5400 1.4490 1.5400 1.4682
1.5500 1.4219 1.5500 1.4302
1.5700 1.4543 1.5700 1.4495
1.5700 1.3611 1.5700 1.3778
1.5800 1.3448 1.5800 1.3486
1.5900 1.4804 1.5900 1.4524
1.6100 1.4927 1.6100 1.4778
1.6700 1.5001 1.6700 1.4903
1.6700 1.5568 1.6700 1.5372
1.6200 1.5195 1.6200 1.5099
1.5800 1.5522 1.5800 1.5335
1.5400 1.5654 1.5400 1.5454
1.4700 1.6044 1.4700 1.5826
1.3800 1.7563 1.3800 1.7164
1.2800 1.6164 1.2800 1.6162
1.1700 1.4450 1.1700 1.4740
1.0100 1.4407 1.0100 1.4649
0.9600 1.3991 0.9600 1.4202
0.9200 1.2586 0.9200 1.3044
0.9300 1.1408 0.9300 1.1874
0.9500 1.0421 0.9500 1.0854
0.9400 0.9328 0.9400 1.0053
0.9000 0.7898 0.9000 0.8795
0.8900 0.8441 0.8900 0.9234
0.9000 0.8411 0.9000 0.8961
0.9000 0.9564 0.9000 1.0209
0.8900 1.0128 0.8900 1.0767
0.9000 0.9420 0.9000 1.0197
0.9200 0.8355 0.9200 0.9248
0.9300 0.9026 0.9300 0.9518
0.9300 0.9626 0.9300 0.9903
0.9500 0.9333 0.9500 0.9830
0.9700 0.9001 0.9700 0.9560
0.9900 0.9605 0.9900 0.9997
1.0000 1.0036 1.0000 1.0371
1.0000 0.9842 1.0000 1.0261
1.0200 0.9590 1.0200 1.0012
1.0800 1.0243 1.0800 1.0486
1.2000 1.0429 1.2000 1.0672
1.3400 1.0536 1.3400 1.0789
1.4300 1.0387 1.4300 1.0644
1.5000 1.0145 1.5000 1.0391
1.5700 1.0788 1.5700 1.0835
1.6200 1.2245 1.6200 1.2124
1.6800 1.4682 1.6800 1.4315
1.7300 1.6060 1.7300 1.5815
1.7700 1.5948 1.7700 1.5867
1.8000 1.6338 1.8000 1.6185
1.8200 1.7141 1.8200 1.6861
1.8400 1.7403 1.8400 1.7059
1.8500 1.8041 1.8500 1.7646
1.8600 1.8225 1.8600 1.7904
1.8700 1.8283 1.8700 1.8037
1.8600 1.8299 1.8600 1.8072
1.8500 1.8218 1.8500 1.8026
1.8500 1.8351 1.8500 1.8142
1.8500 1.8152 1.8500 1.8001
1.8300 1.8183 1.8300 1.8031
1.8200 1.8254 1.8200 1.8098
1.8100 1.7643 1.8100 1.7603
1.8000 1.7506 1.8000 1.7428
1.7900 1.7750 1.7900 1.7599
1.7700 1.7710 1.7700 1.7600
1.7500 1.6996 1.7500 1.7004
1.7200 1.7143 1.7200 1.7054
1.6900 1.7086 1.6900 1.6987
1.6800 1.6944 1.6800 1.6873
1.6600 1.6839 1.6600 1.6763
1.6400 1.6424 1.6400 1.6398
1.6300 1.6232 1.6300 1.6180
1.6100 1.5714 1.6100 1.5698
1.6000 1.5403 1.6000 1.5371
1.5800 1.5782 1.5800 1.5638
1.5500 1.5349 1.5500 1.5306
1.5200 1.5133 1.5200 1.5094
1.4900 1.5336 1.4900 1.5215
1.4700 1.4935 1.4700 1.4885
1.4700 1.5061 1.4700 1.4949
1.4300 1.4672 1.4300 1.4608
1.3800 1.4138 1.3800 1.4119
1.3500 1.3868 1.3500 1.3821
1.3500 1.3590 1.3500 1.3532
1.3400 1.3610 1.3400 1.3499
1.3300 1.4081 1.3300 1.3897
1.2900 1.2770 1.2900 1.2834
1.2600 1.2061 1.2600 1.2331
1.2500 1.2346 1.2500 1.2342
1.2500 1.3031 1.2500 1.2793
1.2500 1.2628 1.2500 1.2541
1.2400 1.2540 1.2400 1.2462
1.2100 1.1578 1.2100 1.1639
1.2000 1.1563 1.2000 1.1602
1.2000 1.1961 1.2000 1.1746
1.1900 1.2136 1.1900 1.1960
1.1600 1.2106 1.1600 1.1975
1.1700 1.1836 1.1700 1.1748
1.1500 1.1151 1.1500 1.1149
1.1500 1.1551 1.1500 1.1360
1.1600 1.1790 1.1600 1.1576
1.1600 1.1397 1.1600 1.1299
1.1600 1.0654 1.1600 1.0673
1.1500 1.1736 1.1500 1.1461
1.1300 1.0887 1.1300 1.0838
1.1300 1.1258 1.1300 1.1119
1.1300 1.1668 1.1300 1.1481
1.1400 1.1427 1.1400 1.1370
1.1100 1.1422 1.1100 1.1271
1.0800 1.1153 1.0800 1.1028
1.0800 1.0732 1.0800 1.0676
1.0800 1.1186 1.0800 1.0964
1.0800 1.1176 1.0800 1.1081
1.0800 1.1451 1.0800 1.1370
1.0900 1.0276 1.0900 1.0427
1.0900 1.0013 1.0900 1.0323
1.0800 1.0766 1.0800 1.0613
1.0800 1.0709 1.0800 1.0795
1.0800 1.0635 1.0800 1.0809
1.0800 1.0689 1.0800 1.0855
1.0800 1.1069 1.0800 1.1114
1.0700 1.0851 1.0700 1.0912
1.0600 1.0516 1.0600 1.0595
1.0300 1.0772 1.0300 1.0740
1.0500 1.0777 1.0500 1.0791
1.0500 1.0733 1.0500 1.0790
1.0400 1.0736 1.0400 1.0803
1.0100 1.0429 1.0100 1.0547
0.9900 1.0337 0.9900 1.0421
0.9900 0.9607 0.9900 1.0065
1.0000 1.0919 1.0000 1.0886
0.9900 1.0523 0.9900 1.0727
0.9900 1.0098 0.9900 1.0407
1.0000 0.9426 1.0000 0.9943
1.0100 0.9517 1.0100 0.9942
1.0200 0.9997 1.0200 1.0138
1.0600 1.0322 1.0600 1.0563
1.1200 0.9761 1.1200 1.0168
1.1900 0.9995 1.1900 1.0292
1.2700 1.0375 1.2700 1.0573
1.3300 1.0437 1.3300 1.0667
1.3600 1.0494 1.3600 1.0714
1.3500 1.1553 1.3500 1.1594
1.3800 1.2585 1.3800 1.2502
1.4500 1.3452 1.4500 1.3233
1.4600 1.4487 1.4600 1.4105
1.4700 1.4675 1.4700 1.4383
1.4800 1.4293 1.4800 1.4091
1.4300 1.3283 1.4300 1.3170
1.4000 1.4454 1.4000 1.4051
1.4200 1.5982 1.4200 1.5456
1.4400 1.4495 1.4400 1.4448
1.4200 1.4538 1.4200 1.4399
1.4000 1.4811 1.4000 1.4557
1.3900 1.2848 1.3900 1.3194
1.3800 1.2899 1.3800 1.3096
1.3700 1.4298 1.3700 1.3903
1.3700 1.4366 1.3700 1.4161
1.3400 1.3147 1.3400 1.3194
1.2800 1.3076 1.2800 1.2999
1.2600 1.3339 1.2600 1.3143
1.2500 1.3174 1.2500 1.3024
1.2500 1.3004 1.2500 1.2879
1.2500 1.3257 1.2500 1.3084
1.2400 1.2296 1.2400 1.2284
1.2200 1.1118 1.2200 1.1479
1.2200 1.1802 1.2200 1.1745
1.2100 1.1941 1.2100 1.1743
1.2100 1.2047 1.2100 1.1909
1.2100 1.2087 1.2100 1.1957
1.2100 1.1849 1.2100 1.1762
1.2100 1.1482 1.2100 1.1397
1.2100 1.1975 1.2100 1.1757
1.2100 1.1646 1.2100 1.1512
1.1800 1.1825 1.1800 1.1662
1.1700 1.1865 1.1700 1.1694
1.1600 1.1871 1.1600 1.1720
1.1700 1.1884 1.1700 1.1719
1.2400 1.1900 1.2400 1.1734
1.2800 1.1903 1.2800 1.1735
1.3100 1.0924 1.3100 1.0962
1.2900 1.1286 1.2900 1.1107
1.2200 1.1224 1.2200 1.1047
1.1900 1.1705 1.1900 1.1491
1.2000 1.3758 1.2000 1.3291
1.2200 1.3476 1.2200 1.3295
1.2500 1.3525 1.2500 1.3374
1.2800 1.2349 1.2800 1.2308
1.2900 1.0985 1.2900 1.1279
1.2800 1.1350 1.2800 1.1429
1.3000 1.2069 1.3000 1.1708
1.2900 1.2280 1.2900 1.2075
1.2300 1.2769 1.2300 1.2607
1.2300 1.3205 1.2300 1.2999
1.2600 1.2932 1.2600 1.2796
1.2900 1.2406 1.2900 1.2300
1.2700 1.3312 1.2700 1.2993
1.2600 1.2491 1.2600 1.2369
1.2600 1.0814 1.2600 1.1165
1.2500 1.2067 1.2500 1.1792
1.2400 1.3091 1.2400 1.2715
1.2200 1.3190 1.2200 1.3003
1.2000 1.1860 1.2000 1.1906
1.1800 1.2141 1.1800 1.2001
1.1600 1.2479 1.1600 1.2225
1.1500 1.2040 1.1500 1.1910
1.1500 1.1870 1.1500 1.1737
1.1400 1.1485 1.1400 1.1388
1.1400 1.1296 1.1400 1.1199
1.1200 1.1107 1.1200 1.1012
1.0800 1.0902 1.0800 1.0796
1.0500 1.1033 1.0500 1.0901
1.0500 1.1275 1.0500 1.1184
0.9800 1.0955 0.9800 1.0976
0.9700 1.1206 0.9700 1.1133
0.9600 1.0611 0.9600 1.0636
0.9500 0.9765 0.9500 1.0238
1.0000 0.9740 1.0000 1.0170
1.0100 1.0431 1.0100 1.0468
0.9900 0.8516 0.9900 0.9421
0.9800 0.9436 0.9800 0.9794
0.9700 0.9597 0.9700 0.9887
1.0000 0.9411 1.0000 0.9882
1.0800 1.1238 1.0800 1.1359
1.1800 1.0534 1.1800 1.0987
1.3000 0.9500 1.3000 0.9974
1.3800 0.9731 1.3800 1.0020
1.4500 0.9692 1.4500 0.9976
1.5200 1.0789 1.5200 1.0846
1.5500 1.2684 1.5500 1.2627
1.5700 1.4013 1.5700 1.3960
1.5900 1.5354 1.5900 1.5175
1.5900 1.5388 1.5900 1.5289
1.5800 1.5960 1.5800 1.5799
1.5600 1.6744 1.5600 1.6481
1.5400 1.6206 1.5400 1.5977
1.5500 1.6018 1.5500 1.5780
1.5600 1.6169 1.5600 1.5881
1.5700 1.5581 1.5700 1.5427
1.5800 1.5123 1.5800 1.5002
1.5600 1.4659 1.5600 1.4557
1.5300 1.4414 1.5300 1.4301
1.5000 1.5169 1.5000 1.4913
1.4200 1.5239 1.4200 1.5063
1.3600 1.5300 1.3600 1.5168
1.3300 1.5466 1.3300 1.5306
1.3200 1.4616 1.3200 1.4594
1.3300 1.4080 1.3300 1.4099
1.3400 1.3804 1.3400 1.3827
1.2300 1.2070 1.2300 1.2536
1.1200 1.1818 1.1200 1.2149
1.0800 1.2075 1.0800 1.2051
1.0600 1.2362 1.0600 1.2214
1.0500 1.2896 1.0500 1.2725
1.0400 1.3096 1.0400 1.2966
1.0200 0.9806 1.0200 1.0437
1.0300 0.9428 1.0300 1.0037
1.0300 1.0058 1.0300 1.0324
0.9900 0.9952 0.9900 1.0104
0.9600 1.0002 0.9600 1.0364
0.8900 1.0057 0.8900 1.0523
0.8400 0.9737 0.8400 1.0171
0.8600 1.0526 0.8600 1.0684
0.8500 1.0352 0.8500 1.0596
0.8600 0.9015 0.8600 0.9727
0.8700 0.9032 0.8700 0.9705
0.8800 0.8167 0.8800 0.9084
0.8700 0.8043 0.8700 0.8937
0.8300 0.9458 0.8300 0.9708
0.8000 0.8757 0.8000 0.9497
0.7900 0.9174 0.7900 0.9829
0.8200 0.9423 0.8200 0.9983
0.8500 0.9493 0.8500 1.0014
0.9100 0.8910 0.9100 0.9435
0.9400 0.8096 0.9400 0.9014
0.9500 0.8111 0.9500 0.8965
0.9600 0.8298 0.9600 0.8998
0.9900 0.9454 0.9900 0.9910
0.9900 0.9723 0.9900 1.0327
1.0300 1.0887 1.0300 1.1330
1.0900 1.0506 1.0900 1.0989
1.1400 1.0040 1.1400 1.0447
1.2200 1.0149 1.2200 1.0307
1.2300 1.0866 1.2300 1.0893
1.2300 1.0093 1.2300 1.0347
1.2500 1.1295 1.2500 1.1314
1.2600 1.2374 1.2600 1.2295
1.2700 1.2547 1.2700 1.2517
1.2600 1.4007 1.2600 1.3586
1.2300 1.2592 1.2300 1.2516
1.1700 1.2318 1.1700 1.2177
1.1300 1.3048 1.1300 1.2677
1.0900 1.2796 1.0900 1.2568
1.0600 1.2724 1.0600 1.2525
1.0100 1.2170 1.0100 1.2057
1.0100 1.1418 1.0100 1.1490
1.0700 1.0428 1.0700 1.0699
1.0800 1.0321 1.0800 1.0555
1.0800 0.9792 1.0800 1.0255
1.0300 0.9674 1.0300 1.0062
0.9500 0.8840 0.9500 0.9631
0.8800 1.0047 0.8800 1.0240
0.8200 1.2083 0.8200 1.2065
0.7800 1.0994 0.7800 1.1430
0.7500 1.0640 0.7500 1.0950
0.7300 0.9383 0.7300 0.9990
0.6700 0.8678 0.6700 0.9461
0.6500 0.8362 0.6500 0.9141
0.7000 0.7784 0.7000 0.8738
0.7600 0.7545 0.7600 0.8526
0.8100 0.7670 0.8100 0.8357
0.8400 0.7808 0.8400 0.8454
0.8900 0.7124 0.8900 0.7837
1.0100 0.7201 1.0100 0.8090
1.1100 0.9083 1.1100 0.9651
1.2300 0.9806 1.2300 1.0572
1.3400 0.9897 1.3400 1.0704
1.4700 0.9742 1.4700 1.0417
1.5400 1.0616 1.5400 1.0915
1.6200 1.3169 1.6200 1.3044
1.6800 1.3562 1.6800 1.3592
1.7200 1.4817 1.7200 1.4666
1.7700 1.5594 1.7700 1.5374
1.8000 1.7100 1.8000 1.6777
1.8200 1.6887 1.8200 1.6744
1.8400 1.7768 1.8400 1.7493
1.8600 1.8083 1.8600 1.7803
1.8800 1.8006 1.8800 1.7743
1.9100 1.8614 1.9100 1.8248
1.9400 1.8369 1.9400 1.8141
1.9700 1.8200 1.9700 1.8022
2.0100 1.8358 2.0100 1.8142
2.0400 1.8505 2.0400 1.8303
2.0900 1.8628 2.0900 1.8444
2.1300 1.9124 2.1300 1.8902
2.1700 1.9412 2.1700 1.9218
2.2100 1.9690 2.2100 1.9512
2.2400 2.0334 2.2400 2.0100
2.2600 2.0402 2.2600 2.0242
2.2700 2.1348 2.2700 2.1080
2.2800 2.1533 2.2800 2.1328
2.3000 2.1886 2.3000 2.1675
2.3200 2.2300 2.3200 2.2029
2.3500 2.2346 2.3500 2.2159
2.3600 2.2261 2.3600 2.2161
2.3400 2.2091 2.3400 2.2018
2.3500 2.2144 2.3500 2.2052
2.3600 2.2532 2.3600 2.2393
2.3600 2.2685 2.3600 2.2586
2.3600 2.3190 2.3600 2.3060
2.3500 2.2830 2.3500 2.2821
2.3300 2.1891 2.3300 2.2009
2.2600 2.2706 2.2600 2.2571
2.1600 2.2816 2.1600 2.2723
2.1000 2.2455 2.1000 2.2485
2.0700 2.2450 2.0700 2.2447
2.0500 2.2158 2.0500 2.2194
2.0400 2.1693 2.0400 2.1761
2.0400 1.9767 2.0400 2.0204
2.0300 1.8157 2.0300 1.8984
1.9900 1.8328 1.9900 1.8765
1.9600 1.8706 1.9600 1.8650
1.9200 1.8628 1.9200 1.8672
1.8800 1.8820 1.8800 1.8848
1.8100 1.9226 1.8100 1.9196
1.7400 1.9001 1.7400 1.9020
1.6600 1.7935 1.6600 1.8074
1.5300 1.7912 1.5300 1.7906
1.4600 1.7311 1.4600 1.7338
1.4400 1.6835 1.4400 1.6886
1.4700 1.5421 1.4700 1.5880
1.4500 1.4727 1.4500 1.5228
1.4200 1.3817 1.4200 1.4386
1.3800 1.1957 1.3800 1.2641
1.3500 1.2174 1.3500 1.2581
1.3200 1.3074 1.3200 1.2843
1.3100 1.4443 1.3100 1.4198
1.2900 1.3147 1.2900 1.3265
1.2700 1.2804 1.2700 1.2869
1.2500 1.2452 1.2500 1.2516
1.2300 1.2403 1.2300 1.2436
1.2100 1.2043 1.2100 1.2074
1.2000 1.2370 1.2000 1.2214
1.1800 1.1974 1.1800 1.1901
1.1500 1.1798 1.1500 1.1727
1.1200 1.1677 1.1200 1.1569
1.1000 1.1513 1.1000 1.1409
1.0800 1.1324 1.0800 1.1217
1.0700 1.1471 1.0700 1.1319
1.0500 1.1064 1.0500 1.0980
1.0400 1.0551 1.0400 1.0607
1.0200 1.0308 1.0200 1.0473
1.0100 1.0368 1.0100 1.0431
1.0000 1.0161 1.0000 1.0295
0.9900 1.0304 0.9900 1.0467
0.9900 0.9945 0.9900 1.0207
0.9900 1.0096 0.9900 1.0310
0.9900 0.9739 0.9900 1.0013
0.9900 0.9878 0.9900 1.0122
0.9900 0.9833 0.9900 1.0096
0.9900 0.9750 0.9900 1.0064
1.0100 0.9994 1.0100 1.0256
1.0200 1.0026 1.0200 1.0322
1.0300 1.0013 1.0300 1.0312
1.0400 1.0024 1.0400 1.0306
1.0300 1.0033 1.0300 1.0303
0.9900 1.0029 0.9900 1.0288
0.9900 1.0665 0.9900 1.0820
1.0100 1.0535 1.0100 1.0774
1.0000 1.0572 1.0000 1.0789
0.9600 1.0693 0.9600 1.0829
0.9700 1.0149 0.9700 1.0352
0.9500 0.9184 0.9500 0.9851
0.9200 0.9989 0.9200 1.0124
0.8800 1.0695 0.8800 1.0785
0.8500 0.9840 0.8500 1.0252
0.8100 0.8781 0.8100 0.9573
0.7700 1.0092 0.7700 1.0214
0.7600 0.9308 0.7600 0.9714
0.7600 0.8674 0.7600 0.9445
0.7800 0.8345 0.7800 0.9189
0.9700 0.8242 0.9700 0.9105
1.0000 0.7854 1.0000 0.8813
0.9300 0.7511 0.9300 0.8562
0.8600 0.8016 0.8600 0.8702
0.8400 0.8315 0.8400 0.9042
0.8700 0.8914 0.8700 0.9617
0.9200 1.4162 0.9200 1.4278
0.9700 1.1169 0.9700 1.2025
1.0200 0.8339 1.0200 0.9337
1.0600 0.8723 1.0600 0.9354
1.1300 0.9035 1.1300 0.9559
1.0900 0.9775 1.0900 0.9848
1.0900 1.0645 1.0900 1.1102
1.1100 1.1101 1.1100 1.1635
1.1800 1.1559 1.1800 1.1886
1.2600 1.1706 1.2600 1.1808
1.3200 1.3076 1.3200 1.2712
1.3600 1.0174 1.3600 1.0484
1.3700 1.0998 1.3700 1.0919
1.3700 1.1769 1.3700 1.1359
1.3300 1.3348 1.3300 1.2905
1.2700 1.4235 1.2700 1.3850
1.2400 1.4390 1.2400 1.4171
1.2200 1.4443 1.2200 1.4217
1.2200 1.3937 1.2200 1.3760
1.2000 1.3662 1.2000 1.3454
1.1900 1.2330 1.1900 1.2576
1.1800 1.1452 1.1800 1.1723
1.1600 1.1446 1.1600 1.1610
1.1400 1.1409 1.1400 1.1293
1.1400 1.1756 1.1400 1.1589
1.1300 1.1141 1.1300 1.1154
1.1100 1.1344 1.1100 1.1232
1.1300 1.1350 1.1300 1.1200
1.1600 1.0923 1.1600 1.0845
1.2000 1.0733 1.2000 1.0661
1.2100 1.1223 1.2100 1.1063
1.2100 1.0892 1.2100 1.0893
1.2000 1.0447 1.2000 1.0527
1.2100 1.1611 1.2100 1.1432
1.2500 1.2160 1.2500 1.2028
1.2700 1.2708 1.2700 1.2528
1.3000 1.2173 1.3000 1.2061
1.3000 1.2007 1.3000 1.1872
1.3000 1.1738 1.3000 1.1569
1.3300 1.2243 1.3300 1.1975
1.3300 1.3253 1.3300 1.2889
1.3500 1.2921 1.3500 1.2759
1.3500 1.3432 1.3500 1.3202
1.3500 1.2844 1.3500 1.2717
1.3400 1.2828 1.3400 1.2658
1.3300 1.3819 1.3300 1.3459
1.2900 1.3065 1.2900 1.2943
1.2500 1.3634 1.2500 1.3400
1.2200 1.3249 1.2200 1.3092
1.2000 1.3206 1.2000 1.3055
1.2000 1.2886 1.2000 1.2739
1.1900 1.2764 1.1900 1.2620
1.1800 1.1659 1.1800 1.1843
1.1800 1.1244 1.1800 1.1469
1.1700 1.1208 1.1700 1.1263
1.1600 1.1201 1.1600 1.1074
1.1400 1.1626 1.1400 1.1441
1.0900 1.1329 1.0900 1.1302
1.0500 1.1271 1.0500 1.1193
1.0400 1.1584 1.0400 1.1400
1.0300 1.1283 1.0300 1.1166
1.0100 1.1171 1.0100 1.1044
1.0100 1.0782 1.0100 1.0682
0.9900 0.9704 0.9900 1.0220
0.9600 0.9571 0.9600 1.0091
0.9500 1.0091 0.9500 1.0198
0.9400 1.0026 0.9400 1.0275
0.9200 0.9597 0.9200 0.9989
0.9100 1.0120 0.9100 1.0382
0.8900 0.9554 0.8900 0.9927
0.8700 0.9008 0.8700 0.9652
0.8600 0.9436 0.8600 0.9758
0.8800 0.9409 0.8800 0.9770
0.9400 0.8966 0.9400 0.9483
1.0400 0.9138 1.0400 0.9565
1.1600 0.8798 1.1600 0.9352
1.3100 0.8606 1.3100 0.9262
1.5400 0.8787 1.5400 0.9279
1.6900 0.9677 1.6900 1.0072
1.8500 1.1119 1.8500 1.1388
1.9900 1.2895 1.9900 1.3023
2.0600 1.4228 2.0600 1.4354
2.0600 1.5867 2.0600 1.5708
1.9300 1.9165 1.9300 1.8561
1.8200 1.9205 1.8200 1.8961
1.7000 2.0890 1.7000 2.0473
1.6000 2.1985 1.6000 2.1476
1.5200 2.1576 1.5200 2.1329
1.4400 2.0537 1.4400 2.0486
1.3700 1.7160 1.3700 1.7787
1.2900 1.6428 1.2900 1.6821
1.2100 1.4620 1.2100 1.5092
1.1300 1.3133 1.1300 1.3698
1.0900 1.2174 1.0900 1.2721
1.0700 1.1392 1.0700 1.1810
1.0300 1.1052 1.0300 1.1386
1.0000 1.0203 1.0000 1.0691
0.9200 0.9674 0.9200 1.0311
0.8500 0.9162 0.8500 0.9928
0.7900 0.9566 0.7900 0.9989
0.7400 0.9988 0.7400 1.0229
0.7300 0.9210 0.7300 0.9732
0.7000 0.9223 0.7000 0.9656
0.7100 0.7957 0.7100 0.8990
0.7100 0.7780 0.7100 0.8777
0.7600 0.7534 0.7600 0.8532
0.8700 0.7402 0.8700 0.8256
1.0100 0.7945 1.0100 0.8476
1.1400 0.7626 1.1400 0.8190
1.1600 0.8217 1.1600 0.8949
1.1100 0.8065 1.1100 0.8896
1.0600 0.9501 1.0600 1.0137
1.0200 1.1848 1.0200 1.2149
0.9800 1.3486 0.9800 1.3924
0.9300 1.4181 0.9300 1.4521
0.8800 1.2342 0.8800 1.2374
0.8900 1.0866 0.8900 1.1006
0.9200 1.0783 0.9200 1.0747
0.9400 1.0159 0.9400 1.0341
0.9500 0.9224 0.9500 0.9819
0.9400 0.8422 0.9400 0.9278
0.9300 0.8023 0.9300 0.8981
0.9400 0.9424 0.9400 0.9758
0.9700 1.0229 0.9700 1.0652
0.9800 1.0108 0.9800 1.0695
1.0000 0.9975 1.0000 1.0479
1.0300 0.9479 1.0300 0.9917
1.0600 0.9358 1.0600 0.9785
1.0500 0.9908 1.0500 1.0100
1.0700 1.0626 1.0700 1.0822
1.0800 1.0223 1.0800 1.0599
1.1400 1.0589 1.1400 1.0845
1.1600 1.1134 1.1600 1.1250
1.1400 1.1381 1.1400 1.1456
1.1300 1.0347 1.1300 1.0537
1.1700 1.1235 1.1700 1.1089
1.1400 1.1146 1.1400 1.1057
1.1500 1.2737 1.1500 1.2425
1.1400 1.2015 1.1400 1.1961
1.1500 1.0867 1.1500 1.0889
1.1700 1.1112 1.1700 1.1006
1.2100 1.2660 1.2100 1.2217
1.2400 1.0615 1.2400 1.0667
1.2200 1.1516 1.2200 1.1301
1.1900 1.1139 1.1900 1.0985
1.1500 1.1594 1.1500 1.1394
1.1700 1.2015 1.1700 1.1750
1.2200 1.2847 1.2200 1.2563
1.2800 1.2917 1.2800 1.2702
1.3000 1.1596 1.3000 1.1607
1.3000 1.1129 1.3000 1.1278
1.2900 1.0690 1.2900 1.0862
1.3300 1.2020 1.3300 1.1641
1.3900 1.3103 1.3900 1.2729
1.5800 1.3819 1.5800 1.3581
1.5900 1.3182 1.5900 1.3099
1.6100 1.2859 1.6100 1.2753
1.6600 1.2626 1.6600 1.2461
1.7000 1.4103 1.7000 1.3669
1.7700 1.5044 1.7700 1.4636
1.8200 1.9099 1.8200 1.8459
1.8700 1.5821 1.8700 1.6035
1.9000 1.6195 1.9000 1.6122
1.9400 1.7712 1.9400 1.7257
1.9800 1.7765 1.9800 1.7468
2.0600 1.8846 2.0600 1.8433
2.0800 1.8899 2.0800 1.8658
2.1900 1.9373 2.1900 1.9132
2.2500 1.9241 2.2500 1.9047
2.2400 1.9835 2.2400 1.9570
2.2600 2.0195 2.2600 1.9931
2.2900 2.1721 2.2900 2.1259
2.3300 2.0621 2.3300 2.0590
2.3500 2.3306 2.3500 2.2704
2.3600 2.3048 2.3600 2.2683
2.3800 2.1400 2.3800 2.1605
2.4000 2.2357 2.4000 2.2128
2.4000 2.2956 2.4000 2.2571
2.3900 2.3342 2.3900 2.3151
2.3600 2.2976 2.3600 2.2935
2.3500 2.2853 2.3500 2.2839
2.3400 2.3328 2.3400 2.3200
2.3300 2.3504 2.3300 2.3401
2.3400 2.2949 2.3400 2.2980
2.3600 2.2575 2.3600 2.2618
2.3800 2.1799 2.3800 2.1903
2.3500 2.2118 2.3500 2.2080
2.3500 2.1991 2.3500 2.1984
2.3700 2.1818 2.3700 2.1862
2.3600 2.2414 2.3600 2.2341
2.3400 2.2912 2.3400 2.2827
2.3000 2.3123 2.3000 2.3077
2.2600 2.1661 2.2600 2.1870
2.2300 2.2386 2.2300 2.2320
2.2100 2.3143 2.2100 2.2964
2.1900 2.2215 2.1900 2.2316
2.1900 2.1711 2.1900 2.1815
2.1700 2.0920 2.1700 2.1054
2.1300 2.0486 2.1300 2.0578
2.1200 2.0377 2.1200 2.0400
2.0900 2.0371 2.0900 2.0388
2.0700 2.0156 2.0700 2.0210
2.0500 2.0668 2.0500 2.0622
2.0300 2.0065 2.0300 2.0147
2.0500 1.9192 2.0500 1.9350
2.0500 1.9865 2.0500 1.9777
2.0200 1.9127 2.0200 1.9187
1.9900 1.9072 1.9900 1.9093
1.9600 1.8934 1.9600 1.8929
1.9300 1.8748 1.9300 1.8767
1.9000 1.9914 1.9000 1.9713
1.8800 1.9491 1.8800 1.9476
1.8600 1.8448 1.8600 1.8590
1.8200 1.8235 1.8200 1.8249
1.7700 1.7987 1.7700 1.7966
1.7300 1.7607 1.7300 1.7606
1.6900 1.7264 1.6900 1.7274
1.6500 1.7315 1.6500 1.7278
1.6000 1.7145 1.6000 1.7123
1.5800 1.6286 1.5800 1.6372
1.5500 1.5584 1.5500 1.5757
1.5100 1.5474 1.5100 1.5524
1.4600 1.5076 1.4600 1.5107
1.4100 1.4646 1.4100 1.4670
1.3700 1.3948 1.3700 1.4095
1.3400 1.4504 1.3400 1.4383
1.3100 1.4029 1.3100 1.3999
1.2900 1.3382 1.2900 1.3423
1.2800 1.2739 1.2800 1.2932
1.2500 1.2313 1.2500 1.2539
1.2200 1.2167 1.2200 1.2277
1.1800 1.2103 1.1800 1.2029
1.1500 1.1821 1.1500 1.1772
1.1200 1.1904 1.1200 1.1810
1.1000 1.2109 1.1000 1.1973
1.0700 1.1393 1.0700 1.1377
1.0500 1.1136 1.0500 1.1134
1.0300 1.0594 1.0300 1.0741
1.0100 1.0533 1.0100 1.0613
0.9800 1.0248 0.9800 1.0424
0.9600 1.0276 0.9600 1.0386
0.9600 0.9815 0.9600 1.0123
0.9600 0.9896 0.9600 1.0119
0.9300 0.9786 0.9300 1.0033
0.9100 0.9626 0.9100 0.9929
0.8900 0.9160 0.8900 0.9707
0.8900 0.9249 0.8900 0.9685
0.8800 0.9763 0.8800 1.0044
0.8700 0.9782 0.8700 1.0162
0.8700 0.8817 0.8700 0.9445
0.8700 0.8889 0.8700 0.9474
0.8800 0.8803 0.8800 0.9400
0.8900 0.9238 0.8900 0.9631
0.9000 0.8949 0.9000 0.9477
0.9100 0.8857 0.9100 0.9422
0.9300 0.9127 0.9300 0.9597
0.9500 0.9151 0.9500 0.9650
0.9500 0.9440 0.9500 0.9891
0.9600 0.9548 0.9600 1.0008
0.9700 0.9620 0.9700 1.0065
0.9700 0.9701 0.9700 1.0099
0.9600 1.0099 0.9600 1.0416
0.9600 1.0262 0.9600 1.0567
0.9800 0.9769 0.9800 1.0155
1.0200 1.0059 1.0200 1.0309
1.0500 1.0179 1.0500 1.0404
1.0600 0.9900 1.0600 1.0197
1.0700 0.9559 1.0700 0.9879
1.0700 0.9807 1.0700 1.0057
1.0800 1.0455 1.0800 1.0626
1.0900 1.1248 1.0900 1.1392
1.0900 1.1258 1.0900 1.1484
1.0900 1.0869 1.0900 1.1083
1.0900 1.1036 1.0900 1.0996
1.0900 1.0827 1.0900 1.0744
1.0800 1.1081 1.0800 1.0941
1.0800 1.1139 1.0800 1.1068
1.0700 1.0869 1.0700 1.0899
1.0400 1.0868 1.0400 1.0843
0.9200 1.0887 0.9200 1.0849
0.8300 1.0865 0.8300 1.0839
0.7800 1.0523 0.7800 1.0574
0.7600 1.0747 0.7600 1.0746
0.7700 1.0435 0.7700 1.0526
0.8000 0.9666 0.8000 1.0100
0.8300 0.7828 0.8300 0.8893
0.8300 0.7734 0.8300 0.8683
0.8300 0.7701 0.8300 0.8618
0.8900 0.7907 0.8900 0.8498
1.0400 0.8737 1.0400 0.9295
1.0800 0.9308 1.0800 1.0142
1.0900 0.9589 1.0900 1.0343
1.1000 0.8897 1.1000 0.9644
1.1400 0.8875 1.1400 0.9420
1.1800 1.0788 1.1800 1.0927
1.2000 1.4012 1.2000 1.3946
1.2300 1.1890 1.2300 1.2408
1.2200 1.1206 1.2200 1.1330
1.2000 1.1644 1.2000 1.1315
1.1900 1.2628 1.1900 1.2196
1.2000 1.2757 1.2000 1.2426
1.2200 1.2363 1.2200 1.2203
1.2400 1.2920 1.2400 1.2648
1.2700 1.1953 1.2700 1.1856
1.3100 1.1461 1.3100 1.1496
1.3700 1.1601 1.3700 1.1469
1.4500 1.2088 1.4500 1.1824
1.5500 1.2419 1.5500 1.2181
1.6200 1.2592 1.6200 1.2402
1.6600 1.3162 1.6600 1.2914
1.7000 1.3834 1.7000 1.3539
1.7200 1.4883 1.7200 1.4516
1.7600 1.6132 1.7600 1.5709
1.8100 1.7361 1.8100 1.7055
1.8300 1.7476 1.8300 1.7290
1.8400 1.7323 1.8400 1.7128
1.8300 1.7768 1.8300 1.7451
1.8200 1.7443 1.8200 1.7214
1.8100 1.8146 1.8100 1.7817
1.7900 1.8810 1.7900 1.8471
1.7600 1.8212 1.7600 1.8103
1.7600 1.8039 1.7600 1.7921
1.7700 1.7509 1.7700 1.7427
1.8100 1.7342 1.8100 1.7228
1.9600 1.7171 1.9600 1.7050
2.1400 1.6660 2.1400 1.6620
2.3100 1.6086 2.3100 1.6082
2.3500 1.6801 2.3500 1.6617
2.3200 1.7148 2.3200 1.6972
2.2900 1.8208 2.2900 1.7954
2.2900 2.1832 2.2900 2.1150
2.1900 2.3784 2.1900 2.3157
2.0800 2.5072 2.0800 2.4567
1.9800 2.3335 1.9800 2.3233
1.8900 2.2120 1.8900 2.2028
1.7600 2.1870 1.7600 2.2214
1.6600 2.2263 1.6600 2.2089
1.6000 1.8689 1.6000 1.9556
1.4800 1.7324 1.4800 1.8122
1.5800 1.6549 1.5800 1.7221
1.5500 1.5555 1.5500 1.6273
1.4700 1.3609 1.4700 1.4439
1.4000 1.3041 1.4000 1.3712
1.3700 1.3391 1.3700 1.3566
1.3600 1.1053 1.3600 1.1822
1.3700 1.7001 1.3700 1.6218
1.3600 1.3972 1.3600 1.4166
1.3400 1.1786 1.3400 1.2358
1.2800 1.2097 1.2800 1.2384
1.1800 1.2638 1.1800 1.2605
1.0500 1.2766 1.0500 1.2571
0.9000 1.3229 0.9000 1.3070
0.7600 1.2777 0.7600 1.2748
0.6600 1.2466 0.6600 1.2431
0.5800 1.1131 0.5800 1.1487
0.5300 0.9926 0.5300 1.0395
0.5200 0.8668 0.5200 0.9495
0.5400 0.7777 0.5400 0.8487
0.5700 0.7593 0.5700 0.7799
0.6200 0.7403 0.6200 0.7633
0.8000 0.7153 0.8000 0.7444
1.0100 0.7085 1.0100 0.7390
1.1300 0.7793 1.1300 0.7979
1.1600 0.8352 1.1600 0.8675
1.1000 0.8466 1.1000 0.8943
1.0500 0.8767 1.0500 0.9524
1.0700 1.2628 1.0700 1.3170
1.1600 1.4712 1.1600 1.5267
1.2700 1.3818 1.2700 1.4484
1.4300 1.2639 1.4300 1.2661
1.5500 1.1107 1.5500 1.1179
1.6500 1.1029 1.6500 1.0936
1.7400 1.1485 1.7400 1.1290
1.6100 1.3558 1.6100 1.3075
1.4200 1.4877 1.4200 1.4719
1.2700 1.6987 1.2700 1.6701
1.2200 1.7378 1.2200 1.7166
1.3100 1.8094 1.3100 1.7870
1.3900 1.8957 1.3900 1.8621
1.5200 1.4035 1.5200 1.4682
1.5700 1.2119 1.5700 1.2558
1.5600 1.1280 1.5600 1.1416
1.5600 1.1048 1.5600 1.1182
1.5500 1.4334 1.5500 1.3669
1.5800 1.4981 1.5800 1.5128
1.5500 1.7052 1.5500 1.6909
1.6000 1.6295 1.6000 1.6259
1.6400 1.5200 1.6400 1.5253
1.6800 1.5555 1.6800 1.5365
1.7000 1.5130 1.7000 1.5016
1.6500 1.6066 1.6500 1.5708
1.5200 1.4268 1.5200 1.4307
1.3200 1.6560 1.3200 1.6158
1.1400 1.6869 1.1400 1.6568
1.0500 1.7126 1.0500 1.6957
0.9800 1.6938 0.9800 1.6784
0.9400 1.4866 0.9400 1.5078
0.9500 1.2764 0.9500 1.3310
1.1000 1.0269 1.1000 1.0824
1.1400 0.8969 1.1400 0.9689
1.1800 0.8824 1.1800 0.9514
1.1600 0.8096 1.1600 0.8900
1.0900 0.8749 1.0900 0.9113
1.0600 0.9789 1.0600 1.0448
1.0700 1.4430 1.0700 1.4435
1.2300 1.2338 1.2300 1.2971
1.2800 1.2489 1.2800 1.2635
1.2700 1.1390 1.2700 1.1286
1.1900 1.0172 1.1900 1.0448
1.1200 1.0498 1.1200 1.0544
1.0500 1.0943 1.0500 1.0685
1.0100 1.5687 1.0100 1.5056
0.9700 1.3670 0.9700 1.3961
0.9600 1.2141 0.9600 1.2326
0.9600 1.0823 0.9600 1.1046
0.9700 1.0627 0.9700 1.0745
0.9600 0.9747 0.9600 1.0143
0.9700 0.9167 0.9700 0.9805
0.9400 0.8742 0.9400 0.9424
0.9700 0.9412 0.9700 0.9858
1.0000 0.9746 1.0000 1.0197
1.0100 1.0080 1.0100 1.0523
1.0000 0.9554 1.0000 1.0043
0.9800 1.0102 0.9800 1.0401
0.9600 0.8974 0.9600 0.9599
0.9500 1.0538 0.9500 1.0651
0.9600 1.0918 0.9600 1.1097
0.9600 1.0429 0.9600 1.0815
0.9500 0.9859 0.9500 1.0182
0.9400 0.9523 0.9400 0.9953
0.9600 0.9319 0.9600 0.9874
0.9900 0.9454 0.9900 0.9819
1.0200 1.0014 1.0200 1.0263
1.0400 0.9800 1.0400 1.0200
1.1000 0.9460 1.1000 0.9902
1.1300 0.9407 1.1300 0.9772
1.1600 1.0294 1.1600 1.0491
1.2600 1.0790 1.2600 1.1007
1.3900 1.1001 1.3900 1.1264
1.4000 1.0939 1.4000 1.1174
1.4200 1.2452 1.4200 1.2291
1.5000 1.2075 1.5000 1.1998
1.5400 1.2286 1.5400 1.2070
1.5000 1.4926 1.5000 1.4305
1.3200 1.6449 1.3200 1.6108
1.1300 1.4079 1.1300 1.4183
0.9600 1.4565 0.9600 1.4353
0.8700 1.6779 0.8700 1.6308
0.9000 1.6213 0.9000 1.5967
0.9800 1.3680 0.9800 1.3948
0.9600 1.0467 0.9600 1.1063
0.9200 0.9158 0.9200 0.9830
0.8300 0.8177 0.8300 0.8897
0.7800 0.8030 0.7800 0.8537
0.7700 1.0022 0.7700 1.0072
0.7300 1.1836 0.7300 1.2466
0.7700 0.9337 0.7700 1.0550
0.9200 0.8456 0.9200 0.9270
1.0600 0.7772 1.0600 0.8769
1.1000 0.7994 1.1000 0.8830
1.2100 0.8080 1.2100 0.8863
1.3100 0.7435 1.3100 0.8236
1.3000 0.9195 1.3000 0.9803
1.2700 1.3122 1.2700 1.3332
1.2500 1.3903 1.2500 1.4482
1.2200 1.1971 1.2200 1.2562
1.2800 1.4375 1.2800 1.4097
1.3700 1.5318 1.3700 1.5045
1.3600 1.2926 1.3600 1.2997
1.3800 1.2361 1.3800 1.2464
1.3700 1.2308 1.3700 1.2349
1.3900 1.1568 1.3900 1.1736
1.4000 1.3875 1.4000 1.3344
1.4300 1.5426 1.4300 1.4951
1.5100 1.2941 1.5100 1.3123
1.6100 1.3961 1.6100 1.3739
1.7200 1.3451 1.7200 1.3257
1.8100 1.4145 1.8100 1.3853
1.8700 1.3928 1.8700 1.3701
1.9000 1.4608 1.9000 1.4353
1.9500 1.6586 1.9500 1.6089
1.9500 1.7869 1.9500 1.7542
1.9500 1.8977 1.9500 1.8647
1.9800 1.9412 1.9800 1.9130
2.0200 1.9530 2.0200 1.9295
2.0600 1.9471 2.0600 1.9251
2.0700 2.0351 2.0700 1.9975
2.0700 1.9070 2.0700 1.8994
2.0500 1.8859 2.0500 1.8755
2.0500 1.9861 2.0500 1.9545
2.0500 2.0414 2.0500 2.0165
2.0500 2.0706 2.0500 2.0529
