1.0800 1.2282 1.0800 1.1758
1.0500 1.2337 1.0500 1.1804
1.0200 1.2337 1.0200 1.1829
1.0000 1.1701 1.0000 1.1222
1.0000 1.1174 1.0000 1.0969
1.0100 1.0589 1.0100 1.0574
1.0100 1.0440 1.0100 1.0288
1.0000 1.0108 1.0000 0.9831
0.9900 0.9782 0.9900 0.9408
0.9900 0.9838 0.9900 0.9371
1.0100 1.0345 1.0100 0.9860
1.0200 1.0701 1.0200 1.0134
1.0400 1.0503 1.0400 0.9889
1.0500 1.0233 1.0500 0.9755
1.0600 1.0194 1.0600 0.9893
1.0700 1.0425 1.0700 1.0169
1.0600 1.1050 1.0600 1.0722
1.0500 1.0913 1.0500 1.0411
1.0500 1.1345 1.0500 1.0896
1.0600 1.1292 1.0600 1.0906
1.0700 1.1384 1.0700 1.1039
1.0800 1.1485 1.0800 1.1221
1.0800 1.0913 1.0800 1.0572
1.0700 1.0771 1.0700 1.0532
1.0400 1.1010 1.0400 1.0801
1.0400 1.1302 1.0400 1.0959
1.0700 1.1367 1.0700 1.0915
1.1000 1.1486 1.1000 1.1021
1.1100 1.1296 1.1100 1.0884
1.0900 1.0972 1.0900 1.0636
1.0800 1.0211 1.0800 1.0193
1.0900 1.0862 1.0900 1.0707
1.1100 1.1852 1.1100 1.1550
1.1200 1.2095 1.1200 1.1447
1.1000 1.1752 1.1000 1.1106
1.1000 1.0968 1.1000 1.0679
1.1100 1.1129 1.1100 1.1022
1.1300 1.1663 1.1300 1.1553
1.1600 1.1994 1.1600 1.1593
1.1800 1.1828 1.1800 1.1272
1.1800 1.0990 1.1800 1.0583
1.1400 1.1487 1.1400 1.1282
1.1100 1.1844 1.1100 1.1617
1.1100 1.2181 1.1100 1.1735
1.1200 1.2704 1.1200 1.2214
1.1600 1.2736 1.1600 1.2183
1.2000 1.2294 1.2000 1.1849
1.2200 1.1133 1.2200 1.1121
1.2100 1.0911 1.2100 1.1052
1.1900 1.1540 1.1900 1.1473
1.1700 1.1766 1.1700 1.1290
1.1400 1.2807 1.1400 1.2192
1.1200 1.3326 1.1200 1.2614
1.1200 1.3127 1.1200 1.2455
1.1100 1.2391 1.1100 1.1996
1.1000 1.1983 1.1000 1.1939
1.0900 1.1731 1.0900 1.1705
1.0800 1.1096 1.0800 1.1024
1.0900 1.1044 1.0900 1.0728
1.0900 1.1513 1.0900 1.1114
1.0900 1.1183 1.0900 1.0587
1.0800 1.1079 1.0800 1.0532
1.0800 1.1060 1.0800 1.0629
1.0600 1.0981 1.0600 1.0566
1.0400 1.1527 1.0400 1.1163
1.0300 1.1319 1.0300 1.0819
1.0300 1.1303 1.0300 1.0819
0.9900 1.1026 0.9900 1.0643
0.9600 1.1263 0.9600 1.0937
0.9500 1.0598 0.9500 1.0306
0.9700 1.0356 0.9700 1.0089
0.9700 1.0507 0.9700 1.0247
0.9700 1.0726 0.9700 1.0335
0.9600 0.9434 0.9600 0.9251
0.9400 0.9307 0.9400 0.9220
0.9100 0.9754 0.9100 0.9564
0.8900 1.0587 0.8900 1.0168
0.8600 1.0099 0.8600 0.9461
0.8300 1.0140 0.8300 0.9586
0.8000 0.9936 0.8000 0.9606
0.7900 0.9509 0.7900 0.9384
0.8000 0.8991 0.8000 0.9025
0.8200 0.8954 0.8200 0.8854
0.8500 0.8572 0.8500 0.8572
0.9000 0.8425 0.9000 0.8420
0.9600 0.8286 0.9600 0.8298
1.0100 0.8646 1.0100 0.8408
1.0600 0.9125 1.0600 0.8839
1.1100 0.9360 1.1100 0.8947
1.1400 0.9759 1.1400 0.9238
1.1600 1.0797 1.1600 1.0346
1.1700 1.1682 1.1700 1.1225
1.2000 1.1971 1.2000 1.1531
1.2500 1.2498 1.2500 1.2206
1.2900 1.3037 1.2900 1.2850
1.3200 1.2842 1.3200 1.2623
1.3600 1.2747 1.3600 1.2604
1.4000 1.2593 1.4000 1.2493
1.4400 1.3287 1.4400 1.3182
1.4800 1.4199 1.4800 1.3939
1.5100 1.4320 1.5100 1.3786
1.5200 1.4385 1.5200 1.3895
1.5100 1.5082 1.5100 1.4778
1.4700 1.5493 1.4700 1.5175
1.4400 1.5831 1.4400 1.5455
1.4500 1.6219 1.4500 1.5837
1.4900 1.6288 1.4900 1.5876
1.5500 1.5891 1.5500 1.5510
1.6200 1.5286 1.6200 1.4989
1.6600 1.4129 1.6600 1.4130
1.6700 1.3967 1.6700 1.3834
1.6700 1.4944 1.6700 1.4711
1.7000 1.5984 1.7000 1.5336
1.7600 1.7046 1.7600 1.6101
1.8300 1.8020 1.8300 1.7121
1.8800 1.7956 1.8800 1.7135
1.8900 1.7402 1.8900 1.6895
1.8900 1.7176 1.8900 1.7008
1.8900 1.8119 1.8900 1.8030
1.9300 1.9333 1.9300 1.8958
1.9700 2.0214 1.9700 1.9422
1.9700 2.0292 1.9700 1.9429
1.9200 1.9530 1.9200 1.8851
1.8600 1.9307 1.8600 1.9025
1.8100 1.9253 1.8100 1.9088
1.7900 2.0480 1.7900 2.0193
1.7900 2.0818 1.7900 2.0129
1.8200 1.9839 1.8200 1.8884
1.8300 1.8174 1.8300 1.7704
1.8400 1.7365 1.8400 1.7386
1.8400 1.6972 1.8400 1.6849
1.8600 1.7321 1.8600 1.6862
1.8700 1.7721 1.8700 1.6882
1.8700 1.8776 1.8700 1.7745
1.8600 1.8533 1.8600 1.7420
1.8200 1.8723 1.8200 1.7840
1.7700 1.8589 1.7700 1.7975
1.7500 1.9270 1.7500 1.8750
1.7300 1.9110 1.7300 1.8503
1.7300 1.8835 1.7300 1.8130
1.7400 1.8503 1.7400 1.7929
1.7500 1.7388 1.7500 1.6810
1.7600 1.6572 1.7600 1.6262
1.7600 1.7037 1.7600 1.6686
1.7500 1.6792 1.7500 1.6117
1.7300 1.7196 1.7300 1.6374
1.7000 1.7615 1.7000 1.6769
1.6700 1.7794 1.6700 1.6896
1.6300 1.7944 1.6300 1.7190
1.6000 1.7768 1.6000 1.7083
1.5700 1.7437 1.5700 1.6851
1.5400 1.6985 1.5400 1.6477
1.5200 1.6413 1.5200 1.5916
1.5000 1.6063 1.5000 1.5577
1.4800 1.5390 1.4800 1.4824
1.4800 1.5284 1.4800 1.4710
1.4700 1.4988 1.4700 1.4349
1.4500 1.4679 1.4500 1.3962
1.4200 1.4733 1.4200 1.4072
1.3800 1.4577 1.3800 1.3871
1.3500 1.4389 1.3500 1.3695
1.3200 1.4894 1.3200 1.4287
1.2400 1.4609 1.2400 1.3905
1.1700 1.4168 1.1700 1.3490
1.1300 1.3678 1.1300 1.3157
1.1600 1.3059 1.1600 1.2739
1.2200 1.2954 1.2200 1.2561
1.2800 1.2638 1.2800 1.2132
1.3200 1.1009 1.3200 1.0767
1.3200 1.0455 1.3200 1.0389
1.3000 1.0537 1.3000 1.0333
1.2900 1.2396 1.2900 1.1836
1.2800 1.3688 1.2800 1.2642
1.2700 1.4340 1.2700 1.3117
1.2700 1.4548 1.2700 1.3673
1.2900 1.3789 1.2900 1.3288
1.3300 1.3125 1.3300 1.3155
1.3700 1.3189 1.3700 1.3257
1.4200 1.2969 1.4200 1.2793
1.4500 1.2741 1.4500 1.2333
1.4600 1.2963 1.4600 1.2496
1.4600 1.3664 1.4600 1.3152
1.4700 1.4548 1.4700 1.3959
1.4800 1.4982 1.4800 1.4294
1.4900 1.5770 1.4900 1.5166
1.5000 1.5686 1.5000 1.5142
1.5100 1.5317 1.5100 1.4898
1.5000 1.5072 1.5000 1.4860
1.4900 1.5363 1.4900 1.5177
1.4900 1.5381 1.4900 1.5043
1.4700 1.5411 1.4700 1.4921
1.4800 1.5511 1.4800 1.5003
1.4600 1.5627 1.4600 1.5114
1.4800 1.5052 1.4800 1.4526
1.5000 1.4928 1.5000 1.4507
1.5200 1.5165 1.5200 1.4799
1.5500 1.4459 1.5500 1.3914
1.5600 1.5205 1.5600 1.4757
1.5500 1.4360 1.5500 1.3751
1.5300 1.5441 1.5300 1.4923
1.5200 1.5721 1.5200 1.5171
1.5000 1.5902 1.5000 1.5146
1.4500 1.6469 1.4500 1.5921
1.3600 1.6181 1.3600 1.5557
1.3300 1.5579 1.3300 1.5089
1.3800 1.5139 1.3800 1.4823
1.4600 1.5238 1.4600 1.4955
1.5100 1.4730 1.5100 1.4285
1.5300 1.3456 1.5300 1.3166
1.5400 1.2121 1.5400 1.2039
1.5500 1.2689 1.5500 1.2550
1.5600 1.5074 1.5600 1.4613
1.5600 1.6431 1.5600 1.5195
1.5500 1.6356 1.5500 1.4995
1.5400 1.6140 1.5400 1.5241
1.5200 1.6186 1.5200 1.5895
1.5000 1.6253 1.5000 1.6149
1.4500 1.6215 1.4500 1.5984
1.3700 1.5888 1.3700 1.5465
1.3100 1.5516 1.3100 1.5044
1.2700 1.5404 1.2700 1.4983
1.2600 1.4946 1.2600 1.4482
1.2400 1.4695 1.2400 1.4221
1.2200 1.3478 1.2200 1.3212
1.2200 1.2309 1.2200 1.2201
1.2200 1.1882 1.2200 1.1893
1.2200 1.1830 1.2200 1.1439
1.2100 1.2341 1.2100 1.1647
1.2000 1.1947 1.2000 1.1035
1.2000 1.1839 1.2000 1.1011
1.2000 1.2435 1.2000 1.1888
1.2000 1.2500 1.2000 1.1906
1.2000 1.2479 1.2000 1.1894
1.1700 1.2199 1.1700 1.1678
1.1400 1.2132 1.1400 1.1704
1.1100 1.2370 1.1100 1.2017
1.1200 1.2358 1.1200 1.1907
1.1400 1.2337 1.1400 1.1850
1.1800 1.2363 1.1800 1.1903
1.2200 1.1390 1.2200 1.1092
1.2500 1.1065 1.2500 1.0932
1.2800 1.0786 1.2800 1.0668
1.3200 1.1751 1.3200 1.1431
1.3700 1.2169 1.3700 1.1599
1.3900 1.3029 1.3900 1.2298
1.3800 1.3541 1.3800 1.2876
1.3800 1.3694 1.3800 1.3096
1.4000 1.4037 1.4000 1.3676
1.4200 1.4696 1.4200 1.4416
1.4100 1.5400 1.4100 1.5062
1.3700 1.4869 1.3700 1.4384
1.3200 1.4042 1.3200 1.3667
1.3000 1.4280 1.3000 1.4195
1.3000 1.4909 1.3000 1.4753
1.3300 1.4991 1.3300 1.4523
1.3500 1.4144 1.3500 1.3516
1.3500 1.3075 1.3500 1.2874
1.3200 1.2485 1.3200 1.2534
1.2900 1.2794 1.2900 1.2657
1.2600 1.3176 1.2600 1.2732
1.2600 1.4115 1.2600 1.3385
1.2700 1.4165 1.2700 1.3293
1.2700 1.3790 1.2700 1.3020
1.2700 1.2880 1.2700 1.2573
1.2600 1.2587 1.2600 1.2508
1.2700 1.2233 1.2700 1.2112
1.2600 1.2831 1.2600 1.2487
1.2500 1.3143 1.2500 1.2559
1.2400 1.2918 1.2400 1.2154
1.2200 1.2982 1.2200 1.2398
1.2100 1.2737 1.2100 1.2264
1.2100 1.3289 1.2100 1.2931
1.2100 1.2726 1.2100 1.2255
1.2400 1.2578 1.2400 1.2107
1.2600 1.2514 1.2600 1.2158
1.2600 1.2078 1.2600 1.1634
1.2400 1.2166 1.2400 1.1795
1.2300 1.2418 1.2300 1.1989
1.2400 1.2406 1.2400 1.1861
1.2900 1.3407 1.2900 1.2915
1.3300 1.3447 1.3300 1.2828
1.3400 1.2978 1.3400 1.2365
1.3000 1.2362 1.3000 1.2038
1.2700 1.2512 1.2700 1.2321
1.2700 1.3027 1.2700 1.2797
1.3100 1.4388 1.3100 1.3931
1.3600 1.4568 1.3600 1.3812
1.3900 1.4009 1.3900 1.3257
1.4000 1.2615 1.4000 1.2513
1.3900 1.2476 1.3900 1.2640
1.3600 1.3110 1.3600 1.3119
1.3200 1.4296 1.3200 1.3864
1.2600 1.4985 1.2600 1.4184
1.2400 1.4907 1.2400 1.4008
1.2300 1.4663 1.2300 1.4082
1.2300 1.4166 1.2300 1.3877
1.2500 1.3344 1.2500 1.3335
1.2700 1.2622 1.2700 1.2707
1.3000 1.1680 1.3000 1.1713
1.3400 1.2101 1.3400 1.1856
1.3700 1.2235 1.3700 1.1712
1.4000 1.2412 1.4000 1.1628
1.4300 1.3155 1.4300 1.2466
1.4900 1.3480 1.4900 1.2756
1.5500 1.4049 1.5500 1.3450
1.5800 1.4754 1.5800 1.4245
1.6000 1.4857 1.6000 1.4313
1.6200 1.5155 1.6200 1.4723
1.6300 1.5487 1.6300 1.5130
1.6200 1.6776 1.6200 1.6439
1.6100 1.7373 1.6100 1.6870
1.6400 1.6947 1.6400 1.6305
1.6800 1.6931 1.6800 1.6560
1.7300 1.7165 1.7300 1.6953
1.7800 1.6947 1.7800 1.6649
1.8200 1.6270 1.8200 1.5879
1.8500 1.6121 1.8500 1.5770
1.8700 1.7346 1.8700 1.7030
1.8900 1.7959 1.8900 1.7321
1.8900 1.8663 1.8900 1.7843
1.8700 1.9263 1.8700 1.8507
1.8300 1.9520 1.8300 1.8845
1.7800 1.9601 1.7800 1.9103
1.7400 1.9557 1.7400 1.9144
1.7100 1.9711 1.7100 1.9335
1.6900 1.9178 1.6900 1.8709
1.6700 1.8425 1.6700 1.7934
1.6400 1.7494 1.6400 1.7073
1.6100 1.6685 1.6100 1.6397
1.5600 1.6432 1.5600 1.6014
1.5100 1.6307 1.5100 1.5702
1.4500 1.6307 1.4500 1.5524
1.4100 1.6135 1.4100 1.5276
1.3800 1.5655 1.3800 1.4817
1.3500 1.5399 1.3500 1.4715
1.3200 1.4459 1.3200 1.3972
1.2800 1.3929 1.2800 1.3539
1.2300 1.3095 1.2300 1.2862
1.1800 1.3131 1.1800 1.2581
1.1400 1.3073 1.1400 1.2428
1.1200 1.2780 1.1200 1.1968
1.1000 1.2529 1.1000 1.1790
1.0700 1.1980 1.0700 1.1425
1.0200 1.1279 1.0200 1.1028
1.0000 1.0801 1.0000 1.0649
1.0100 1.0634 1.0100 1.0330
1.0300 1.0889 1.0300 1.0361
1.0300 1.0710 1.0300 1.0033
1.0200 1.0219 1.0200 0.9632
1.0100 0.9451 1.0100 0.9246
1.0000 0.9877 1.0000 0.9575
0.9700 1.0699 0.9700 1.0320
0.9500 1.1083 0.9500 1.0397
0.9300 1.0661 0.9300 0.9935
0.9300 1.0444 0.9300 0.9950
0.9300 1.0426 0.9300 1.0185
0.9500 1.0302 0.9500 1.0067
0.9700 0.9485 0.9700 0.9427
1.0000 0.9486 1.0000 0.9305
1.0200 0.9319 1.0200 0.9086
1.0400 0.9735 1.0400 0.9362
1.0500 0.9749 1.0500 0.9287
1.0600 1.0421 1.0600 0.9930
1.0500 1.0689 1.0500 1.0210
1.0600 1.1241 1.0600 1.0773
1.0900 1.1259 1.0900 1.0856
1.1400 1.1471 1.1400 1.1132
1.1900 1.1356 1.1900 1.1102
1.2100 1.1430 1.2100 1.1193
1.2300 1.0845 1.2300 1.0600
1.2300 1.1357 1.2300 1.1168
1.2200 1.2122 1.2200 1.1869
1.2200 1.3038 1.2200 1.2548
1.2200 1.3546 1.2200 1.2964
1.2400 1.3117 1.2400 1.2541
1.2700 1.3356 1.2700 1.3096
1.3000 1.2923 1.3000 1.2759
1.3000 1.2487 1.3000 1.2308
1.3000 1.2650 1.3000 1.2514
1.2900 1.2614 1.2900 1.2286
1.2800 1.3211 1.2800 1.2804
1.2700 1.3766 1.2700 1.3252
1.2600 1.4084 1.2600 1.3475
1.2700 1.3422 1.2700 1.2862
1.3000 1.3445 1.3000 1.3123
1.3200 1.3132 1.3200 1.2909
1.3400 1.2948 1.3400 1.2655
1.3700 1.2792 1.3700 1.2460
1.4100 1.2672 1.4100 1.2231
1.4400 1.3222 1.4400 1.2793
1.4600 1.4011 1.4600 1.3484
1.4700 1.3990 1.4700 1.3304
1.4800 1.4218 1.4800 1.3639
1.4900 1.4834 1.4900 1.4416
1.5100 1.5484 1.5100 1.5052
1.5400 1.5526 1.5400 1.5019
1.5500 1.5490 1.5500 1.5019
1.5300 1.5376 1.5300 1.5020
1.5200 1.5453 1.5200 1.5154
1.5500 1.5502 1.5500 1.5170
1.6000 1.5888 1.6000 1.5478
1.6700 1.6409 1.6700 1.5915
1.7200 1.6040 1.7200 1.5415
1.7600 1.5128 1.7600 1.4584
1.7600 1.5269 1.7600 1.5006
1.7500 1.6502 1.7500 1.6252
1.7200 1.7404 1.7200 1.6782
1.6900 1.8549 1.6900 1.7678
1.6400 1.8706 1.6400 1.7828
1.6000 1.8965 1.6000 1.8325
1.5600 1.8071 1.5600 1.7657
1.5200 1.7665 1.5200 1.7447
1.5100 1.6802 1.5100 1.6633
1.5000 1.6366 1.5000 1.6073
1.5000 1.5291 1.5000 1.5019
1.5000 1.5049 1.5000 1.4549
1.4900 1.4635 1.4900 1.4071
1.4500 1.4206 1.4500 1.3496
1.4100 1.4816 1.4100 1.4176
1.3600 1.4784 1.3600 1.3971
1.3300 1.5029 1.3300 1.4205
1.3000 1.5119 1.3000 1.4393
1.2700 1.4848 1.2700 1.4150
1.2300 1.3761 1.2300 1.3348
1.1900 1.3355 1.1900 1.3124
1.1700 1.2614 1.1700 1.2533
1.1500 1.2699 1.1500 1.2284
1.1300 1.2381 1.1300 1.1811
1.1200 1.2073 1.1200 1.1367
1.1200 1.1490 1.1200 1.0999
1.1300 1.1142 1.1300 1.0764
1.1500 1.1430 1.1500 1.0986
1.1500 1.1246 1.1500 1.0660
1.1500 1.1037 1.1500 1.0405
1.1200 1.1233 1.1200 1.0699
1.0900 1.1525 1.0900 1.0999
1.0700 1.1870 1.0700 1.1331
1.0700 1.2334 1.0700 1.1787
1.0700 1.1921 1.0700 1.1343
1.0600 1.1938 1.0600 1.1531
1.0300 1.0994 1.0300 1.0894
1.0100 1.0638 1.0100 1.0636
0.9900 1.0650 0.9900 1.0485
0.9800 1.1060 0.9800 1.0692
0.9900 1.1025 0.9900 1.0482
1.0000 1.0720 1.0000 1.0119
1.0100 1.0027 1.0100 0.9788
1.0100 1.0090 1.0100 0.9886
1.0000 0.9895 1.0000 0.9661
0.9900 0.9963 0.9900 0.9576
1.0000 1.0527 1.0000 1.0107
0.9900 1.0667 0.9900 1.0109
0.9600 1.0784 0.9600 1.0258
0.9200 1.0622 0.9200 1.0196
0.8900 1.0320 0.8900 0.9990
0.8900 1.0213 0.8900 0.9993
0.9200 1.0754 0.9200 1.0531
0.9400 1.0171 0.9400 0.9754
0.9200 0.9373 0.9200 0.9253
0.9200 0.8955 0.9200 0.8988
0.9400 0.8752 0.9400 0.8804
0.9700 0.9384 0.9700 0.9195
0.9600 1.0309 0.9600 0.9815
0.9400 1.0301 0.9400 0.9581
0.9200 0.9262 0.9200 0.8836
0.9100 0.9814 0.9100 0.9646
0.9000 1.0541 0.9000 1.0439
0.8900 1.0951 0.8900 1.0571
0.8700 0.9901 0.8700 0.9429
0.8600 0.9516 0.8600 0.9417
0.8600 0.9389 0.8600 0.9483
0.8800 0.9449 0.8800 0.9305
0.8800 0.9262 0.8800 0.8966
0.8700 0.9148 0.8700 0.8739
0.8500 0.8757 0.8500 0.8529
0.8300 0.8905 0.8300 0.8612
0.8100 0.9156 0.8100 0.8867
0.8000 0.9794 0.8000 0.9406
0.7900 0.9358 0.7900 0.8856
0.7900 0.9046 0.7900 0.8707
0.7900 0.8690 0.7900 0.8684
0.8000 0.8516 0.8000 0.8540
0.8200 0.8516 0.8200 0.8532
0.8200 0.8678 0.8200 0.8473
0.8200 0.8629 0.8200 0.8368
0.8100 0.8794 0.8100 0.8508
0.8000 0.8774 0.8000 0.8479
0.7900 0.8989 0.7900 0.8693
0.7600 0.9304 0.7600 0.8991
0.7500 0.8869 0.7500 0.8484
0.7700 0.8864 0.7700 0.8605
0.8200 0.8591 0.8200 0.8500
0.8800 0.8571 0.8800 0.8490
0.9400 0.8583 0.9400 0.8488
1.0000 0.8141 1.0000 0.8185
1.0800 0.8398 1.0800 0.8312
1.1400 0.9141 1.1400 0.8984
1.2100 0.9977 1.2100 0.9613
1.2800 1.0774 1.2800 1.0150
1.3600 1.1462 1.3600 1.0854
1.4300 1.2162 1.4300 1.1769
1.4800 1.3473 1.4800 1.3207
1.5000 1.3574 1.5000 1.3326
1.5300 1.4443 1.5300 1.4275
1.5700 1.5147 1.5700 1.5065
1.6300 1.6115 1.6300 1.5949
1.6800 1.6502 1.6800 1.6364
1.7200 1.6555 1.7200 1.6334
1.7600 1.6127 1.7600 1.5930
1.8100 1.6607 1.8100 1.6580
1.8600 1.7175 1.8600 1.7062
1.9200 1.8136 1.9200 1.7765
1.9800 1.8370 1.9800 1.7788
2.0100 1.8551 2.0100 1.7958
2.0300 1.8992 2.0300 1.8593
2.0000 1.9735 2.0000 1.9371
1.9800 2.0192 1.9800 1.9734
1.9700 2.1002 1.9700 2.0486
1.9700 2.1627 1.9700 2.1066
1.9800 2.1217 1.9800 2.0583
1.9700 2.1150 1.9700 2.0717
1.9700 1.9632 1.9700 1.9224
1.9500 1.9534 1.9500 1.9318
1.9300 1.9588 1.9300 1.9330
1.8800 1.9713 1.8800 1.9069
1.8300 1.9990 1.8300 1.9218
1.7800 1.9466 1.7800 1.8542
1.7300 1.9730 1.7300 1.9007
1.6800 1.9100 1.6800 1.8416
1.6500 1.8855 1.6500 1.8209
1.6300 1.7615 1.6300 1.7038
1.6200 1.7060 1.6200 1.6524
1.6100 1.6526 1.6100 1.6006
1.5900 1.5973 1.5900 1.5278
1.5800 1.5432 1.5800 1.4693
1.5700 1.5626 1.5700 1.4873
1.5600 1.5706 1.5600 1.4877
1.5300 1.5871 1.5300 1.4978
1.5100 1.5843 1.5100 1.4984
1.4800 1.5480 1.4800 1.4682
1.4700 1.5657 1.4700 1.5046
1.4900 1.5595 1.4900 1.4996
1.5100 1.5477 1.5100 1.4836
1.5200 1.4714 1.5200 1.4074
1.5500 1.4754 1.5500 1.4243
1.5900 1.4240 1.5900 1.3725
1.6200 1.4562 1.6200 1.4025
1.6300 1.5484 1.6300 1.4920
1.6200 1.5714 1.6200 1.4882
1.6200 1.5605 1.6200 1.4799
1.6300 1.6475 1.6300 1.5913
1.6400 1.7189 1.6400 1.6650
1.6400 1.7230 1.6400 1.6590
1.6300 1.6862 1.6300 1.6291
1.6300 1.6319 1.6300 1.5899
1.6300 1.6523 1.6300 1.6278
1.6400 1.6803 1.6400 1.6462
1.6400 1.6824 1.6400 1.6250
1.6200 1.6568 1.6200 1.5922
1.6100 1.6261 1.6100 1.5676
1.6000 1.6506 1.6000 1.6053
1.5900 1.6495 1.5900 1.5979
1.5800 1.6789 1.5800 1.6202
1.5700 1.6565 1.5700 1.5915
1.5500 1.5900 1.5500 1.5250
1.5400 1.6038 1.5400 1.5603
1.5300 1.5949 1.5300 1.5472
1.5200 1.5786 1.5200 1.5198
1.5000 1.5673 1.5000 1.5076
1.4800 1.5597 1.4800 1.4981
1.4600 1.5166 1.4600 1.4559
1.4500 1.5296 1.4500 1.4763
1.4400 1.5213 1.4400 1.4650
1.4300 1.5094 1.4300 1.4469
1.4000 1.4668 1.4000 1.4059
1.3600 1.4483 1.3600 1.3931
1.3200 1.4292 1.3200 1.3786
1.3000 1.4411 1.3000 1.3879
1.2800 1.4310 1.2800 1.3710
1.2500 1.4215 1.2500 1.3581
1.2000 1.3478 1.2000 1.2866
1.1500 1.2851 1.1500 1.2521
1.1000 1.2457 1.1000 1.2220
1.0600 1.2695 1.0600 1.2285
1.0300 1.2467 1.0300 1.1875
0.9900 1.1926 0.9900 1.1248
0.9400 1.1025 0.9400 1.0780
0.9000 1.0625 0.9000 1.0505
0.8600 1.0130 0.8600 1.0049
0.8400 0.9862 0.8400 0.9607
0.8200 0.9793 0.8200 0.9303
0.8000 0.9200 0.8000 0.8806
0.8000 0.8648 0.8000 0.8530
0.8200 0.8572 0.8200 0.8520
0.8500 0.8448 0.8500 0.8421
0.8800 0.8759 0.8800 0.8475
0.9400 0.8644 0.9400 0.8318
1.0100 0.8479 1.0100 0.8186
1.1000 0.8857 1.1000 0.8559
1.1500 0.9340 1.1500 0.9002
1.1800 0.9754 1.1800 0.9244
1.1900 1.0095 1.1900 0.9587
1.2100 1.1449 1.2100 1.1053
1.2400 1.2447 1.2400 1.2001
1.2800 1.3791 1.2800 1.3280
1.3200 1.3376 1.3200 1.2955
1.3600 1.3267 1.3600 1.3020
1.3800 1.2933 1.3800 1.2989
1.3600 1.3274 1.3600 1.3346
1.3400 1.3680 1.3400 1.3611
1.3400 1.4219 1.3400 1.3867
1.3500 1.4598 1.3500 1.4131
1.3800 1.5025 1.3800 1.4554
1.4000 1.4785 1.4000 1.4360
1.4100 1.3634 1.4100 1.3372
1.4100 1.3384 1.4100 1.3313
1.4000 1.3811 1.4000 1.3738
1.3900 1.4031 1.3900 1.3636
1.3800 1.4726 1.3800 1.4147
1.3800 1.4756 1.3800 1.4049
1.3800 1.4667 1.3800 1.4043
1.3800 1.4484 1.3800 1.4068
1.3700 1.4151 1.3700 1.3800
1.3500 1.3995 1.3500 1.3691
1.3400 1.3854 1.3400 1.3481
1.3300 1.4047 1.3300 1.3602
1.3100 1.4040 1.3100 1.3503
1.3000 1.4041 1.3000 1.3465
1.2900 1.3732 1.2900 1.3191
1.2800 1.3310 1.2800 1.2829
1.2800 1.3439 1.2800 1.3069
1.2800 1.3333 1.2800 1.2884
1.2700 1.2860 1.2700 1.2314
1.2600 1.2994 1.2600 1.2528
1.2600 1.2934 1.2600 1.2437
1.2500 1.2814 1.2500 1.2277
1.2400 1.3058 1.2400 1.2566
1.2200 1.3092 1.2200 1.2550
1.2000 1.2760 1.2000 1.2208
1.2000 1.2677 1.2000 1.2227
1.2100 1.2936 1.2100 1.2540
1.2200 1.2592 1.2200 1.2105
1.2100 1.2463 1.2100 1.1993
1.2000 1.2062 1.2000 1.1627
1.1700 1.1854 1.1700 1.1448
1.1600 1.2310 1.1600 1.1955
1.1500 1.2644 1.1500 1.2133
1.1300 1.2730 1.1300 1.2113
1.1100 1.2214 1.1100 1.1626
1.1000 1.2157 1.1000 1.1760
1.1000 1.1422 1.1000 1.1261
1.1000 1.1723 1.1000 1.1460
1.1000 1.1617 1.1000 1.1252
1.1200 1.1139 1.1200 1.0593
1.1400 1.0949 1.1400 1.0516
1.1500 1.1134 1.1500 1.0737
1.1500 1.1359 1.1500 1.0922
1.1400 1.1352 1.1400 1.0829
1.1400 1.1377 1.1400 1.0866
1.1500 1.2085 1.1500 1.1667
1.1500 1.2321 1.1500 1.1838
1.1500 1.2177 1.1500 1.1660
1.1400 1.1978 1.1400 1.1591
1.1200 1.1674 1.1200 1.1379
1.1200 1.1872 1.1200 1.1654
1.1300 1.2172 1.1300 1.1866
1.1500 1.1901 1.1500 1.1423
1.1600 1.1892 1.1600 1.1455
1.1600 1.1608 1.1600 1.1222
1.1600 1.1164 1.1600 1.0865
1.1400 1.1604 1.1400 1.1351
1.1300 1.1938 1.1300 1.1546
1.1200 1.2328 1.1200 1.1794
1.1300 1.2231 1.1300 1.1667
1.1200 1.2046 1.1200 1.1566
1.1100 1.2079 1.1100 1.1774
1.0900 1.1412 1.0900 1.1160
1.1000 1.1480 1.1000 1.1231
1.0900 1.1382 1.0900 1.1080
1.0600 1.1897 1.0600 1.1489
1.0300 1.1343 1.0300 1.0816
1.0100 1.1240 1.0100 1.0760
1.0200 1.0870 1.0200 1.0558
1.0200 1.1648 1.0200 1.1349
1.0200 1.1084 1.0200 1.0625
1.0000 1.0274 1.0000 0.9991
0.9900 1.0025 0.9900 0.9952
1.0000 1.0086 1.0000 0.9855
1.0300 1.0809 1.0300 1.0476
1.0700 1.0572 1.0700 0.9979
1.1200 1.0581 1.1200 0.9995
1.1800 1.0025 1.1800 0.9686
1.7000 1.9719 1.7000 1.9151
1.7300 1.9300 1.7300 1.8654
1.7900 1.8712 1.7900 1.8226
1.8400 1.8255 1.8400 1.7867
1.8400 1.6956 1.8400 1.6706
1.7800 1.5759 1.7800 1.5680
1.6300 1.6236 1.6300 1.5934
1.5300 1.7940 1.5300 1.7359
1.4900 1.9197 1.4900 1.8038
1.4700 1.9509 1.4700 1.8232
1.4900 1.8602 1.4900 1.7521
1.4800 1.6800 1.4800 1.6612
1.4300 1.4459 1.4300 1.4745
1.3400 1.3694 1.3400 1.4226
1.3200 1.3854 1.3200 1.3851
1.4000 1.3881 1.4000 1.2828
1.4200 1.5002 1.4200 1.3747
1.4100 1.4509 1.4100 1.3183
1.4000 1.3221 1.4000 1.2556
1.4000 1.2067 1.4000 1.2027
1.3300 1.2922 1.3300 1.2916
1.2600 1.6024 1.2600 1.5580
1.2300 1.4715 1.2300 1.3309
1.2100 1.3934 1.2100 1.2800
1.2000 1.4182 1.2000 1.3845
1.1900 1.4476 1.1900 1.4268
1.1900 1.2321 1.1900 1.2297
1.1800 1.1516 1.1800 1.1569
1.1700 1.1829 1.1700 1.1776
1.1800 1.1779 1.1800 1.1226
1.1900 1.1789 1.1900 1.1019
1.1700 1.1814 1.1700 1.1033
1.1700 1.2161 1.1700 1.1509
1.2100 1.1891 1.2100 1.1329
1.3000 1.1803 1.3000 1.1318
1.3300 1.2399 1.3300 1.2030
1.2400 1.2516 1.2400 1.2014
1.1200 1.1595 1.1200 1.1067
1.0600 1.2078 1.0600 1.1759
1.0600 1.3478 1.0600 1.3204
1.1300 1.5486 1.1300 1.4818
1.1600 1.4410 1.1600 1.3459
1.2000 1.1578 1.2000 1.1341
1.2000 1.0361 1.2000 1.0893
1.2000 1.0223 1.2000 1.0922
1.2000 1.0828 1.2000 1.0770
1.1900 1.2879 1.1900 1.1938
1.1600 1.2402 1.1600 1.0980
1.1000 1.3238 1.1000 1.2229
1.0600 1.2620 1.0600 1.2166
1.0500 1.2601 1.0500 1.2397
1.0800 1.2546 1.0800 1.2524
1.1300 1.2134 1.1300 1.1843
1.1400 1.1282 1.1400 1.1149
1.1200 1.0306 1.1200 1.0298
1.0700 1.0071 1.0700 1.0144
1.0200 1.0591 1.0200 1.0343
0.9700 1.1736 0.9700 1.1149
0.9400 1.2720 0.9400 1.1877
0.9600 1.2016 0.9600 1.1090
1.0100 1.1228 1.0100 1.0864
1.0500 1.0491 1.0500 1.0628
1.0600 0.9914 1.0600 1.0167
1.0300 0.9187 1.0300 0.9357
1.0100 0.9076 1.0100 0.8965
0.9800 1.0340 0.9800 0.9885
0.9500 1.1577 0.9500 1.0760
0.9200 1.1802 0.9200 1.0878
0.9400 1.1348 0.9400 1.0657
1.0100 1.0374 1.0100 1.0331
1.0600 1.0316 1.0600 1.0536
1.0400 0.9765 1.0400 0.9949
0.9700 0.9240 0.9700 0.9251
0.9100 0.8909 0.9100 0.8814
0.8900 1.0266 0.8900 0.9924
0.8800 1.2147 0.8800 1.1527
0.9000 1.2198 0.9000 1.1255
0.9200 1.0470 0.9200 0.9956
0.9500 0.9505 0.9500 0.9659
0.9800 0.9065 0.9800 0.9567
0.9800 0.9046 0.9800 0.9250
0.9700 0.9334 0.9700 0.9087
0.9400 0.9873 0.9400 0.9386
0.9100 1.0091 0.9100 0.9371
0.8900 1.0707 0.8900 1.0090
0.8800 1.1101 0.8800 1.0669
0.8800 1.0455 0.8800 1.0038
0.8700 1.0109 0.8700 1.0009
0.8600 0.9500 0.8600 0.9630
0.8700 0.9091 0.8700 0.9223
0.8800 0.8955 0.8800 0.8920
0.8900 0.9096 0.8900 0.8827
0.9000 0.9283 0.9000 0.8932
0.9100 0.8960 0.9100 0.8541
0.9300 0.8897 0.9300 0.8502
0.9600 0.9507 0.9600 0.9232
0.9900 0.9621 0.9900 0.9237
1.0200 0.9688 1.0200 0.9269
1.0400 0.9835 1.0400 0.9488
1.0800 0.9968 1.0800 0.9656
1.1200 1.0387 1.1200 1.0124
1.1700 1.0916 1.1700 1.0607
1.2200 1.1207 1.2200 1.0823
1.2600 1.1512 1.2600 1.1148
1.3000 1.1511 1.3000 1.1191
1.3300 1.2364 1.3300 1.2150
1.3600 1.2770 1.3600 1.2479
1.3800 1.3449 1.3800 1.3076
1.4000 1.3969 1.4000 1.3604
1.4100 1.4151 1.4100 1.3758
1.4200 1.4543 1.4200 1.4274
1.4200 1.4612 1.4200 1.4352
1.4200 1.4859 1.4200 1.4611
1.4200 1.4791 1.4200 1.4516
1.4200 1.4943 1.4200 1.4643
1.4200 1.4778 1.4200 1.4454
1.4300 1.4835 1.4300 1.4488
1.4300 1.4574 1.4300 1.4207
1.4200 1.4535 1.4200 1.4149
1.4000 1.4514 1.4000 1.4125
1.3800 1.4488 1.3800 1.4030
1.3700 1.4468 1.3700 1.3989
1.3600 1.4802 1.3600 1.4317
1.3500 1.4577 1.3500 1.4023
1.3300 1.4229 1.3300 1.3694
1.3200 1.3810 1.3200 1.3379
1.3000 1.3600 1.3000 1.3216
1.2800 1.3698 1.2800 1.3306
1.2700 1.3571 1.2700 1.3042
1.2500 1.3456 1.2500 1.2872
1.2300 1.3053 1.2300 1.2487
1.2100 1.3204 1.2100 1.2729
1.1900 1.2790 1.1900 1.2293
1.1700 1.2562 1.1700 1.2057
1.1300 1.2710 1.1300 1.2272
1.1000 1.2293 1.1000 1.1745
1.0700 1.2070 1.0700 1.1563
1.0500 1.1907 1.0500 1.1453
1.0300 1.1714 1.0300 1.1239
1.0100 1.1506 1.0100 1.1039
0.9800 1.0657 0.9800 1.0417
0.9600 1.0585 0.9600 1.0309
0.9400 1.0321 0.9400 1.0027
0.9300 1.0318 0.9300 0.9844
0.9000 1.0131 0.9000 0.9624
0.8600 0.9965 0.8600 0.9431
0.8300 0.9477 0.8300 0.9184
0.8100 0.9534 0.8100 0.9188
0.8100 0.9365 0.8100 0.9019
0.7900 0.9479 0.7900 0.9050
0.7700 0.8753 0.7700 0.8570
0.7600 0.8416 0.7600 0.8374
0.7500 0.8405 0.7500 0.8443
0.7300 0.8563 0.7300 0.8433
0.7100 0.9001 0.7100 0.8724
0.6800 0.8441 0.6800 0.8181
0.6600 0.8251 0.6600 0.8103
0.6500 0.8420 0.6500 0.8234
0.6500 0.8411 0.6500 0.8221
0.6800 0.8137 0.6800 0.8116
0.7300 0.7995 0.7300 0.8009
0.8400 0.7793 0.8400 0.7878
0.9600 0.7816 0.9600 0.7924
1.0700 0.8005 1.0700 0.7938
1.1600 0.8188 1.1600 0.7990
1.2700 0.8894 1.2700 0.8676
1.3900 0.9465 1.3900 0.9115
1.5000 1.1575 1.5000 1.1001
1.5700 1.2972 1.5700 1.2347
1.6200 1.3640 1.6200 1.3292
1.6400 1.4202 1.6400 1.4288
1.6600 1.5759 1.6600 1.6131
1.6900 1.7123 1.6900 1.7431
1.7300 1.7874 1.7300 1.7868
1.7600 1.7650 1.7600 1.7559
1.7800 1.7848 1.7800 1.7974
1.7900 1.7516 1.7900 1.7723
1.7800 1.7680 1.7800 1.7757
1.7700 1.8077 1.7700 1.8023
1.7500 1.8607 1.7500 1.8235
1.7500 1.8610 1.7500 1.8034
1.7400 1.8573 1.7400 1.7990
1.7300 1.8456 1.7300 1.7987
1.6900 1.7855 1.6900 1.7411
1.6600 1.7682 1.6600 1.7317
1.6200 1.7196 1.6200 1.6763
1.5900 1.7597 1.5900 1.7117
1.5600 1.7242 1.5600 1.6596
1.5400 1.7112 1.5400 1.6393
1.5500 1.6028 1.5500 1.5361
1.5800 1.5953 1.5800 1.5439
1.6200 1.5316 1.6200 1.4821
1.6700 1.5184 1.6700 1.4585
1.7000 1.4873 1.7000 1.4238
1.7200 1.4919 1.7200 1.4200
1.7100 1.5756 1.7100 1.5090
1.7000 1.6589 1.7000 1.5777
1.6700 1.7272 1.6700 1.6380
1.6500 1.8109 1.6500 1.7280
1.6300 1.8046 1.6300 1.7301
1.6100 1.8039 1.6100 1.7505
1.5800 1.7244 1.5800 1.6852
1.5600 1.7075 1.5600 1.6805
1.5500 1.6230 1.5500 1.5917
1.5400 1.6158 1.5400 1.5766
1.5300 1.5913 1.5300 1.5429
1.5000 1.5673 1.5000 1.5015
1.4600 1.5129 1.4600 1.4470
1.4100 1.5183 1.4100 1.4580
1.3800 1.5342 1.3800 1.4750
1.3400 1.5237 1.3400 1.4530
1.2900 1.5148 1.2900 1.4456
1.2100 1.4427 1.2100 1.3756
1.1400 1.3799 1.1400 1.3376
1.1000 1.3067 1.1000 1.2888
1.0700 1.3196 1.0700 1.2791
1.0500 1.2540 1.0500 1.2024
1.0400 1.1771 1.0400 1.1355
1.0400 1.0671 1.0400 1.0478
1.0300 1.0145 1.0300 1.0055
1.0300 1.0185 1.0300 0.9900
1.0200 1.0085 1.0200 0.9404
1.0200 1.0112 1.0200 0.9324
1.0200 1.0371 1.0200 0.9643
1.0200 1.0709 1.0200 1.0063
1.0300 1.0441 1.0300 0.9847
1.0300 1.0708 1.0300 1.0252
1.0100 1.0442 1.0100 1.0029
0.9800 1.0656 0.9800 1.0284
0.9700 1.0677 0.9700 1.0322
0.9600 1.0670 0.9600 1.0249
0.9700 1.1005 0.9700 1.0646
0.9600 1.0804 0.9600 1.0379
0.9500 1.0131 0.9500 0.9870
0.9400 0.9641 0.9400 0.9640
0.9300 0.9976 0.9300 0.9826
0.9500 0.9840 0.9500 0.9517
0.9700 1.0333 0.9700 0.9896
1.0100 0.9831 1.0100 0.9306
1.0400 0.9748 1.0400 0.9310
1.0800 0.9711 1.0800 0.9446
1.0900 0.9606 1.0900 0.9289
1.1000 1.0456 1.1000 1.0179
1.1000 1.0685 1.1000 1.0213
1.0900 1.1522 1.0900 1.1018
1.0900 1.1676 1.0900 1.1192
1.0600 1.2330 1.0600 1.1922
1.0300 1.1784 1.0300 1.1447
1.0100 1.1849 1.0100 1.1630
1.0300 1.1621 1.0300 1.1505
1.0400 1.1220 1.0400 1.0997
1.0300 1.1382 1.0300 1.1203
1.0100 1.0383 1.0100 1.0260
1.0100 1.0012 1.0100 0.9955
1.0100 1.0072 1.0100 0.9875
1.0300 1.1160 1.0300 1.0817
1.0300 1.1008 1.0300 1.0394
1.0200 1.0452 1.0200 0.9782
1.0100 1.0128 1.0100 0.9871
0.9900 1.0644 0.9900 1.0457
0.9800 1.0600 0.9800 1.0297
0.9700 1.1188 0.9700 1.0768
0.9700 1.0777 0.9700 1.0264
0.9700 1.0458 0.9700 1.0016
0.9900 1.0405 0.9900 1.0186
1.0200 0.9973 1.0200 0.9821
1.0600 1.0035 1.0600 0.9789
1.0800 0.9938 1.0800 0.9602
1.1100 1.0145 1.1100 0.9740
1.1400 1.0165 1.1400 0.9741
1.1700 1.0841 1.1700 1.0423
1.1800 1.1411 1.1800 1.0969
1.2100 1.2052 1.2100 1.1548
1.2400 1.1834 1.2400 1.1342
1.2600 1.2389 1.2600 1.2071
1.2700 1.2734 1.2700 1.2497
1.2800 1.2984 1.2800 1.2664
1.3000 1.2590 1.3000 1.2262
1.3000 1.3341 1.3000 1.3114
1.2800 1.3654 1.2800 1.3371
1.2700 1.3553 1.2700 1.3116
1.2700 1.3407 1.2700 1.3056
1.2900 1.3529 1.2900 1.3239
1.2800 1.3931 1.2800 1.3663
1.2700 1.3423 1.2700 1.3001
1.2500 1.2710 1.2500 1.2328
1.2500 1.2849 1.2500 1.2624
1.2400 1.3071 1.2400 1.2772
1.2400 1.3659 1.2400 1.3202
1.2300 1.2863 1.2300 1.2208
1.2200 1.2772 1.2200 1.2263
1.2200 1.2416 1.2200 1.2086
1.2100 1.2843 1.2100 1.2514
1.2100 1.2477 1.2100 1.2033
1.2000 1.2674 1.2000 1.2152
1.2000 1.2388 1.2000 1.1896
1.2100 1.2294 1.2100 1.1810
1.1900 1.2538 1.1900 1.2158
1.1700 1.2215 1.1700 1.1722
1.1500 1.2417 1.1500 1.1976
1.1600 1.2126 1.1600 1.1666
1.1700 1.2344 1.1700 1.1905
1.1800 1.2696 1.1800 1.2287
1.1900 1.1804 1.1900 1.1260
1.1900 1.1578 1.1900 1.1212
1.1900 1.1437 1.1900 1.1163
1.1700 1.2187 1.1700 1.1855
1.1500 1.2261 1.1500 1.1736
1.1200 1.2352 1.1200 1.1712
1.1000 1.2525 1.1000 1.2028
1.1000 1.2350 1.1000 1.1894
1.1000 1.2335 1.1000 1.1992
1.1000 1.1673 1.1000 1.1363
1.0900 1.1431 1.0900 1.1166
1.0900 1.0893 1.0900 1.0756
1.1100 1.0877 1.1100 1.0547
1.1400 1.1325 1.1400 1.0955
1.1600 1.1326 1.1600 1.0750
1.1800 1.1330 1.1800 1.0750
1.1200 1.1073 1.1200 1.0577
1.0200 1.1336 1.0200 1.0966
0.8900 1.2013 0.8900 1.1676
0.8200 1.2532 0.8200 1.2036
0.7900 1.2501 0.7900 1.1928
0.8300 1.2747 0.8300 1.2296
0.9400 1.0762 0.9400 1.0689
1.0700 0.9405 1.0700 0.9664
1.1700 0.8042 1.1700 0.8458
1.2100 0.8296 1.2100 0.8677
1.2000 0.8739 1.2000 0.8653
1.1500 1.0195 1.1500 0.9598
1.0900 1.1942 1.0900 1.0846
1.0500 1.3718 1.0500 1.2507
1.0400 1.4217 1.0400 1.3452
1.0600 1.3599 1.0600 1.3392
1.0900 1.2760 1.0900 1.3098
1.0900 1.1843 1.0900 1.2427
1.0800 1.0777 1.0800 1.1366
1.0500 1.0149 1.0500 1.0494
1.0500 1.0445 1.0500 1.0186
1.0800 1.1270 1.0800 1.0635
1.1300 1.1858 1.1300 1.1027
1.1400 1.1283 1.1400 1.0475
1.1400 1.1050 1.1400 1.0603
1.1400 1.0404 1.1400 1.0430
1.1700 1.0996 1.1700 1.0898
1.1900 1.1945 1.1900 1.1681
1.1800 1.2850 1.1800 1.2221
1.1700 1.2062 1.1700 1.1307
1.1400 1.1908 1.1400 1.1460
1.1300 1.2008 1.1300 1.1893
1.1100 1.2942 1.1100 1.2794
1.0800 1.2826 1.0800 1.2418
1.0400 1.1986 1.0400 1.1429
1.0300 1.1926 1.0300 1.1660
1.0700 1.1207 1.0700 1.1185
1.1000 1.1462 1.1000 1.1271
1.1300 1.1006 1.1300 1.0659
1.1400 1.0421 1.1400 1.0099
1.1600 0.9828 1.1600 0.9733
1.1900 1.0427 1.1900 1.0123
1.2200 1.1982 1.2200 1.1583
1.2500 1.2041 1.2500 1.1230
1.2500 1.2364 1.2500 1.1617
1.2600 1.2180 1.2600 1.1693
1.2700 1.2652 1.2700 1.2384
1.2700 1.3167 1.2700 1.2972
1.2600 1.3412 1.2600 1.3023
1.2400 1.3681 1.2400 1.3273
1.2100 1.3015 1.2100 1.2582
1.1900 1.3325 1.1900 1.3096
1.1900 1.3434 1.1900 1.3224
1.1800 1.3120 1.1800 1.2731
1.1600 1.2738 1.1600 1.2373
1.1300 1.2317 1.1300 1.1966
1.1100 1.1757 1.1100 1.1572
1.1000 1.1746 1.1000 1.1452
1.1000 1.2190 1.1000 1.1808
1.1000 1.1840 1.1000 1.1238
1.1000 1.1405 1.1000 1.0818
1.0900 1.0946 1.0900 1.0646
1.0900 1.0997 1.0900 1.0669
1.0900 1.1109 1.0900 1.0742
1.0900 1.1312 1.0900 1.0806
1.0800 1.1331 1.0800 1.0767
1.0700 1.1377 1.0700 1.0845
1.0600 1.1094 1.0600 1.0638
1.0800 1.1336 1.0800 1.0987
1.0900 1.1352 1.0900 1.0990
1.1200 1.1324 1.1200 1.0898
1.1400 1.1000 1.1400 1.0589
1.1600 1.0913 1.1600 1.0554
1.1800 1.0820 1.1800 1.0503
1.2100 1.1691 1.2100 1.1366
1.2400 1.1569 1.2400 1.1057
1.2600 1.2306 1.2600 1.1794
1.2600 1.2366 1.2600 1.1894
1.2500 1.2573 1.2500 1.2121
1.2400 1.2794 1.2400 1.2489
1.2300 1.3330 1.2300 1.3001
1.2200 1.3607 1.2200 1.3239
1.2100 1.3559 1.2100 1.3129
1.1900 1.3095 1.1900 1.2729
1.1900 1.2755 1.1900 1.2511
1.1800 1.2621 1.1800 1.2438
1.1700 1.2456 1.1700 1.2178
1.1500 1.2295 1.1500 1.1911
1.1400 1.2180 1.1400 1.1738
1.1300 1.1754 1.1300 1.1282
1.1300 1.2215 1.1300 1.1827
1.1200 1.1912 1.1200 1.1428
1.1100 1.1777 1.1100 1.1264
1.1100 1.1384 1.1100 1.0956
1.1000 1.1528 1.1000 1.1141
1.0900 1.1429 1.0900 1.1034
1.0800 1.1639 1.0800 1.1175
1.0800 1.1329 1.0800 1.0830
1.0800 1.1240 1.0800 1.0778
1.0700 1.1504 1.0700 1.1144
1.0500 1.1182 1.0500 1.0732
1.0200 1.1053 1.0200 1.0639
1.0100 1.0987 1.0100 1.0621
1.0000 1.1218 1.0000 1.0840
0.9900 1.1211 0.9900 1.0785
0.9700 1.0881 0.9700 1.0405
0.9500 1.0470 0.9500 1.0151
0.9400 0.9961 0.9400 0.9873
0.9200 1.0301 0.9200 1.0068
0.9100 1.0191 0.9100 0.9812
0.9000 1.0048 0.9000 0.9552
0.9000 0.9660 0.9000 0.9277
0.9000 0.9501 0.9000 0.9212
0.9300 0.9645 0.9300 0.9349
0.9800 0.9213 0.9800 0.8908
1.0400 0.9319 1.0400 0.8950
1.1100 0.9270 1.1100 0.8901
1.1700 0.9496 1.1700 0.9098
1.2100 0.9517 1.2100 0.9119
1.2500 1.0518 1.2500 1.0137
1.2800 1.1522 1.2800 1.1069
1.3000 1.2360 1.3000 1.1757
1.3300 1.3344 1.3300 1.2805
1.3400 1.3801 1.3400 1.3335
1.3500 1.3758 1.3500 1.3435
1.3500 1.4157 1.3500 1.4043
1.3700 1.4201 1.3700 1.4086
1.3900 1.4069 1.3900 1.3886
1.4200 1.4539 1.4200 1.4371
1.4400 1.4146 1.4400 1.3816
1.4600 1.4168 1.4600 1.3850
1.4600 1.3934 1.4600 1.3640
1.4500 1.4558 1.4500 1.4246
1.4400 1.4735 1.4400 1.4312
1.4300 1.5235 1.4300 1.4695
1.4400 1.5231 1.4400 1.4693
1.4400 1.5450 1.4400 1.4956
1.4500 1.4996 1.4500 1.4573
1.4400 1.4628 1.4400 1.4263
1.4300 1.4495 1.4300 1.4222
1.4200 1.4350 1.4200 1.3979
1.4300 1.4858 1.4300 1.4431
1.4500 1.4625 1.4500 1.4016
1.4800 1.4947 1.4800 1.4348
1.5200 1.4437 1.5200 1.3868
1.5300 1.4330 1.5300 1.3841
1.5300 1.4238 1.5300 1.3858
1.5100 1.4783 1.5100 1.4337
1.5100 1.5200 1.5100 1.4644
1.5000 1.5741 1.5000 1.5065
1.4900 1.6430 1.4900 1.5788
1.4700 1.5889 1.4700 1.5208
1.4600 1.5653 1.4600 1.5200
1.4400 1.5008 1.4400 1.4716
1.4300 1.5405 1.4300 1.5170
1.4200 1.5009 1.4200 1.4602
1.4200 1.4831 1.4200 1.4262
1.4200 1.4407 1.4200 1.3880
1.4200 1.4553 1.4200 1.4048
1.4200 1.4116 1.4200 1.3589
1.4100 1.4222 1.4100 1.3680
1.4100 1.4145 1.4100 1.3602
1.4100 1.4380 1.4100 1.3788
1.4000 1.4400 1.4000 1.3807
1.3800 1.4421 1.3800 1.3810
1.3600 1.4447 1.3600 1.3906
1.3500 1.4133 1.3500 1.3597
1.3400 1.4358 1.3400 1.3913
1.3300 1.4371 1.3300 1.3893
1.3200 1.4013 1.3200 1.3453
1.3100 1.3574 1.3100 1.3083
1.3000 1.3389 1.3000 1.2972
1.3000 1.3508 1.3000 1.3102
1.3000 1.3382 1.3000 1.2860
1.3200 1.3267 1.3200 1.2690
1.3300 1.3197 1.3300 1.2652
1.3300 1.3123 1.3300 1.2602
1.3300 1.3029 1.3300 1.2533
1.3200 1.3267 1.3200 1.2789
1.2700 1.3282 1.2700 1.2753
1.2600 1.3948 1.2600 1.3430
1.2300 1.3858 1.2300 1.3268
1.2300 1.3627 1.2300 1.3055
1.2000 1.3663 1.2000 1.3276
1.1800 1.3346 1.1800 1.2953
1.1500 1.1980 1.1500 1.1889
1.1200 1.2640 1.1200 1.2470
1.0900 1.1913 1.0900 1.1552
1.0500 1.2474 1.0500 1.1947
1.0300 1.1543 1.0300 1.1000
1.0300 1.1579 1.0300 1.1012
1.0500 1.1113 1.0500 1.0804
1.0500 1.0801 1.0500 1.0458
1.0300 1.0486 1.0300 1.0194
1.0300 0.9871 1.0300 0.9666
1.0400 1.0123 1.0400 0.9734
1.0600 1.0626 1.0600 1.0167
1.0500 1.1283 1.0500 1.0668
1.0300 1.0870 1.0300 1.0172
1.0300 1.0276 1.0300 0.9845
1.0600 1.0814 1.0600 1.0611
1.1100 1.1163 1.1100 1.0892
1.1500 1.1503 1.1500 1.1063
1.1600 1.0727 1.1600 1.0194
1.1600 1.0328 1.1600 1.0092
1.1400 1.0835 1.1400 1.0710
1.1400 1.1797 1.1400 1.1523
1.1300 1.2688 1.1300 1.2157
1.1300 1.2885 1.1300 1.2193
1.1300 1.2375 1.1300 1.1810
1.1400 1.2208 1.1400 1.1985
1.1400 1.1548 1.1400 1.1586
1.1400 1.1898 1.1400 1.1832
1.1000 1.1510 1.1000 1.1236
1.0700 1.1659 1.0700 1.1239
1.0400 1.1685 1.0400 1.1269
1.0300 1.2030 1.0300 1.1560
1.0300 1.1813 1.0300 1.1347
1.0500 1.1819 1.0500 1.1384
1.0600 1.0598 1.0600 1.0503
1.0800 1.0417 1.0800 1.0416
1.0900 1.0135 1.0900 1.0100
1.1100 1.0409 1.1100 1.0041
1.1300 1.0618 1.1300 1.0135
1.1400 1.1309 1.1400 1.0706
1.1600 1.1246 1.1600 1.0628
1.1700 1.1720 1.1700 1.1215
1.1700 1.1666 1.1700 1.1265
1.1700 1.2090 1.1700 1.1742
1.1600 1.2298 1.1600 1.1980
1.1600 1.2149 1.1600 1.1745
1.1500 1.2566 1.1500 1.2269
1.1500 1.2458 1.1500 1.2108
1.1500 1.2181 1.1500 1.1819
1.1500 1.2173 1.1500 1.1905
1.1600 1.1837 1.1600 1.1524
1.1900 1.2014 1.1900 1.1720
1.2000 1.1677 1.2000 1.1297
1.2100 1.1873 1.2100 1.1474
1.2200 1.1894 1.2200 1.1490
1.2400 1.1887 1.2400 1.1417
1.2400 1.2224 1.2400 1.1816
1.2500 1.3016 1.2500 1.2580
1.2600 1.2663 1.2600 1.2095
1.2700 1.2754 1.2700 1.2296
1.2500 1.2921 1.2500 1.2610
1.2400 1.3337 1.2400 1.3000
1.2500 1.2835 1.2500 1.2415
1.2800 1.3139 1.2800 1.2774
1.3000 1.3274 1.3000 1.2937
1.3100 1.3337 1.3100 1.2903
1.3200 1.2420 1.3200 1.1994
1.3400 1.2540 1.3400 1.2240
1.3600 1.3126 1.3600 1.2880
1.3800 1.3837 1.3800 1.3349
1.4000 1.3779 1.4000 1.3123
1.4000 1.3695 1.4000 1.3088
1.4000 1.3867 1.4000 1.3481
1.4000 1.4311 1.4000 1.3987
1.4100 1.4470 1.4100 1.4061
1.4400 1.4640 1.4400 1.4166
1.4300 1.4856 1.4300 1.4402
1.4300 1.4399 1.4300 1.3929
1.4200 1.4370 1.4200 1.4022
1.4300 1.4369 1.4300 1.4056
1.4000 1.4653 1.4000 1.4258
1.3700 1.5391 1.3700 1.4930
1.3500 1.4368 1.3500 1.3677
1.3500 1.4576 1.3500 1.4120
1.3600 1.4322 1.3600 1.3987
1.3600 1.4825 1.3600 1.4424
1.3600 1.3554 1.3600 1.3064
1.3700 1.3208 1.3700 1.2791
1.3900 1.3283 1.3900 1.3005
1.4100 1.3716 1.4100 1.3247
1.4400 1.3996 1.4400 1.3384
1.5100 1.3797 1.5100 1.3048
1.5700 1.3856 1.5700 1.3257
1.5800 1.4256 1.5800 1.3799
1.5700 1.4695 1.5700 1.4211
1.5700 1.4879 1.5700 1.4322
1.6200 1.5431 1.6200 1.4891
1.6500 1.7121 1.6500 1.6587
1.6800 1.7534 1.6800 1.6815
1.7000 1.6450 1.7000 1.5711
1.7100 1.5917 1.7100 1.5626
1.7300 1.6177 1.7300 1.6153
1.7500 1.7736 1.7500 1.7601
1.7700 1.7459 1.7700 1.6776
1.7800 1.7712 1.7800 1.6937
1.7900 1.7803 1.7900 1.7259
1.8000 1.7699 1.8000 1.7206
1.8100 1.8077 1.8100 1.7736
1.8000 1.8258 1.8000 1.7784
1.8000 1.8409 1.8000 1.7841
1.8300 1.8267 1.8300 1.7682
1.9000 1.8370 1.9000 1.7832
1.9400 1.8464 1.9400 1.7963
1.9500 1.8537 1.9500 1.7983
1.9500 1.7935 1.9500 1.7323
1.9700 1.8148 1.9700 1.7639
1.9700 1.9174 1.9700 1.8703
1.9700 2.0783 1.9700 2.0062
1.9800 2.0533 1.9800 1.9513
2.0200 1.9969 2.0200 1.9092
2.0400 1.9824 2.0400 1.9415
2.0500 2.0494 2.0500 2.0234
2.0200 1.9903 2.0200 1.9390
1.9800 1.9795 1.9800 1.9174
1.9600 2.0151 1.9600 1.9599
1.9700 2.1282 1.9700 2.0648
2.0000 2.0996 2.0000 2.0137
2.0300 2.0858 2.0300 2.0029
2.0500 1.9656 2.0500 1.9005
2.0600 1.8975 2.0600 1.8531
2.0600 1.9172 2.0600 1.8887
2.0200 1.9912 2.0200 1.9338
1.9700 2.0634 1.9700 1.9740
1.9100 2.0992 1.9100 1.9918
1.8600 2.1066 1.8600 2.0097
1.8300 2.1017 1.8300 2.0278
1.8200 2.0796 1.8200 2.0214
1.8100 1.9390 1.8100 1.8797
1.8000 1.8551 1.8000 1.8175
1.7900 1.7647 1.7900 1.7392
1.7600 1.7275 1.7600 1.6745
1.7300 1.7375 1.7300 1.6709
1.6800 1.7749 1.6800 1.6845
1.6200 1.7692 1.6200 1.6657
1.5600 1.7672 1.5600 1.6705
1.4900 1.7667 1.4900 1.6866
1.4300 1.6937 1.4300 1.6189
1.3800 1.6620 1.3800 1.6030
1.3700 1.5650 1.3700 1.5188
1.3600 1.4757 1.3600 1.4464
1.3500 1.4123 1.3500 1.3854
1.3300 1.3196 1.3300 1.2944
1.3100 1.2756 1.3100 1.2372
1.3100 1.2515 1.3100 1.1914
1.2800 1.3369 1.2800 1.2630
1.2400 1.3338 1.2400 1.2412
1.2100 1.3293 1.2100 1.2353
1.2000 1.2990 1.2000 1.2279
1.2000 1.2870 1.2000 1.2318
1.1900 1.3348 1.1900 1.2933
1.1700 1.2352 1.1700 1.1812
1.1600 1.1675 1.1600 1.1402
1.1400 1.1665 1.1400 1.1384
1.1200 1.2027 1.1200 1.1620
1.1000 1.2204 1.1000 1.1630
1.0800 1.1892 1.0800 1.1187
1.0800 1.1525 1.0800 1.0941
1.0900 1.1721 1.0900 1.1334
1.1100 1.1306 1.1100 1.0890
1.1100 1.1058 1.1100 1.0633
1.1100 1.0877 1.1100 1.0484
1.1000 1.0684 1.1000 1.0250
1.1000 1.1137 1.1000 1.0737
1.0900 1.1496 1.0900 1.0988
1.0600 1.1931 1.0600 1.1350
1.0300 1.1525 1.0300 1.0943
1.0000 1.1562 1.0000 1.1150
1.0000 1.1280 1.0000 1.0997
1.0000 1.1471 1.0000 1.1198
1.0000 1.1115 1.0000 1.0778
0.9900 1.0321 0.9900 1.0137
0.9700 1.0019 0.9700 0.9952
0.9600 0.9737 0.9600 0.9646
0.9400 1.0372 0.9400 1.0059
0.9200 1.0373 0.9200 0.9853
0.9100 1.0369 0.9100 0.9759
0.9000 1.0121 0.9000 0.9644
0.9000 0.9746 0.9000 0.9485
0.9000 0.9876 0.9000 0.9644
0.8800 0.9445 0.8800 0.9224
0.8700 0.9197 0.8700 0.8957
0.8700 0.9347 0.8700 0.9043
0.8900 0.9263 0.8900 0.8866
0.9100 0.9475 0.9100 0.9078
0.9400 0.9517 0.9400 0.9099
0.9800 0.8882 0.9800 0.8612
1.0400 0.9021 1.0400 0.8769
1.1100 0.9295 1.1100 0.9061
1.2200 0.9907 1.2200 0.9555
1.3300 1.0104 1.3300 0.9640
1.4100 1.0660 1.4100 1.0196
1.4600 1.1356 1.4600 1.0979
1.4700 1.2440 1.4700 1.2047
1.4900 1.3387 1.4900 1.2950
1.5200 1.5354 1.5200 1.4901
1.5300 1.6256 1.5300 1.5963
1.5300 1.6371 1.5300 1.6150
1.5000 1.6268 1.5000 1.6332
1.4800 1.5658 1.4800 1.5747
1.4600 1.6053 1.4600 1.6262
1.4600 1.6460 1.4600 1.6497
1.4900 1.5932 1.4900 1.5542
1.5300 1.5607 1.5300 1.5188
1.5600 1.4628 1.5600 1.4288
1.5800 1.4603 1.5800 1.4349
1.5900 1.4357 1.5900 1.4044
1.5900 1.4743 1.5900 1.4240
1.5900 1.5740 1.5900 1.5146
1.6100 1.6426 1.6100 1.5596
1.6400 1.6543 1.6400 1.5710
1.6600 1.6600 1.6600 1.5961
1.6900 1.6526 1.6900 1.6084
1.7200 1.6266 1.7200 1.5910
1.7500 1.6206 1.7500 1.5871
1.7800 1.6833 1.7800 1.6458
1.8000 1.7345 1.8000 1.6785
1.8000 1.7293 1.8000 1.6578
1.7800 1.7861 1.7800 1.7266
1.7700 1.8228 1.7700 1.7678
1.7600 1.8518 1.7600 1.7954
1.7600 1.8813 1.7600 1.8289
1.7600 1.8785 1.7600 1.8233
1.7400 1.8288 1.7400 1.7767
1.7000 1.7578 1.7000 1.7144
1.6500 1.7663 1.6500 1.7348
1.5900 1.7507 1.5900 1.7061
1.5300 1.7663 1.5300 1.7058
1.4700 1.7658 1.4700 1.6966
1.4400 1.7005 1.4400 1.6237
1.4100 1.6132 1.4100 1.5530
1.3800 1.5396 1.3800 1.5086
1.3500 1.4513 1.3500 1.4354
1.3000 1.3835 1.3000 1.3598
1.2400 1.3196 1.2400 1.2845
1.1800 1.3586 1.1800 1.2949
1.1300 1.3324 1.1300 1.2503
1.0700 1.3043 1.0700 1.2162
1.0100 1.2837 1.0100 1.2116
0.9400 1.1951 0.9400 1.1548
0.8900 1.1236 0.8900 1.1062
0.8300 1.0672 0.8300 1.0570
0.7700 1.0262 0.7700 1.0091
0.7300 0.9512 0.7300 0.9286
0.7200 0.8950 0.7200 0.8771
0.7100 0.8517 0.7100 0.8458
0.7200 0.8480 0.7200 0.8444
0.7300 0.8182 0.7300 0.8172
0.7400 0.7914 0.7400 0.7909
0.7600 0.7895 0.7600 0.7923
0.7900 0.8435 0.7900 0.8142
0.8100 0.8378 0.8100 0.7976
0.8300 0.8696 0.8300 0.8300
0.8500 0.8664 0.8500 0.8295
0.8700 0.8657 0.8700 0.8315
0.8900 0.8951 0.8900 0.8716
0.9100 0.9337 0.9100 0.9056
0.9400 0.9299 0.9400 0.8971
0.9800 0.9494 0.9800 0.9237
1.0200 0.9729 1.0200 0.9547
1.0600 0.9908 1.0600 0.9709
1.0900 1.0073 1.0900 0.9867
1.1100 1.0259 1.1100 1.0026
1.1400 1.0773 1.1400 1.0544
1.1700 1.1395 1.1700 1.1117
1.2000 1.1781 1.2000 1.1423
1.2300 1.2181 1.2300 1.1840
1.2800 1.2274 1.2800 1.1973
1.3200 1.2232 1.3200 1.1996
1.3600 1.2738 1.3600 1.2595
1.3900 1.3011 1.3900 1.2776
1.4200 1.3247 1.4200 1.2918
1.4400 1.3537 1.4400 1.3204
1.4600 1.4508 1.4600 1.4190
1.4700 1.4678 1.4700 1.4249
1.5000 1.5045 1.5000 1.4618
1.5400 1.5144 1.5400 1.4802
1.5800 1.5432 1.5800 1.5122
1.6100 1.5364 1.6100 1.5068
1.6300 1.5516 1.6300 1.5195
1.6400 1.5351 1.6400 1.5006
1.6500 1.6079 1.6500 1.5742
1.6700 1.6709 1.6700 1.6272
1.7000 1.7084 1.7000 1.6477
1.7100 1.7164 1.7100 1.6588
1.6900 1.7168 1.6900 1.6684
1.6500 1.7028 1.6500 1.6653
1.6400 1.7084 1.6400 1.6748
1.6600 1.7471 1.6600 1.7098
1.6900 1.7971 1.6900 1.7464
1.6700 1.7581 1.6700 1.6919
1.6400 1.6663 1.6400 1.6060
1.6100 1.5790 1.6100 1.5534
1.5700 1.6354 1.5700 1.6153
1.5300 1.7198 1.5300 1.6762
1.4700 1.7662 1.4700 1.6821
1.4000 1.6320 1.4000 1.5328
1.3400 1.5854 1.3400 1.5255
1.3100 1.5625 1.3100 1.5353
1.2600 1.4901 1.2600 1.4547
1.2100 1.4377 1.2100 1.3912
1.1800 1.3302 1.1800 1.3015
1.2000 1.2473 1.2000 1.2263
1.2200 1.1979 1.2200 1.1813
1.2400 1.2377 1.2400 1.1826
1.2400 1.1407 1.2400 1.0780
1.2500 1.0915 1.2500 1.0394
1.2600 1.1208 1.2600 1.0664
1.2600 1.2626 1.2600 1.2042
1.2800 1.2841 1.2800 1.1989
1.3000 1.3081 1.3000 1.2197
1.3100 1.2779 1.3100 1.2146
1.2900 1.3185 1.2900 1.2805
1.2700 1.3294 1.2700 1.2998
1.2700 1.3005 1.2700 1.2578
1.2900 1.3641 1.2900 1.3300
1.3000 1.3879 1.3000 1.3426
1.3100 1.3710 1.3100 1.3174
1.3100 1.2824 1.3100 1.2389
1.3400 1.2631 1.3400 1.2370
1.3800 1.3083 1.3800 1.2903
1.4500 1.3680 1.4500 1.3261
1.5200 1.3502 1.5200 1.2846
1.5700 1.3634 1.5700 1.3026
1.5700 1.3488 1.5700 1.3016
1.5500 1.4490 1.5500 1.4144
1.5200 1.5131 1.5200 1.4676
1.5100 1.6506 1.5100 1.5862
1.5000 1.7276 1.5000 1.6570
1.5000 1.7368 1.5000 1.6684
1.5100 1.6238 1.5100 1.5786
1.5100 1.5550 1.5100 1.5462
1.5300 1.4937 1.5300 1.5056
1.5400 1.5145 1.5400 1.5035
1.5600 1.4923 1.5600 1.4489
1.5600 1.5098 1.5600 1.4450
1.5600 1.5477 1.5600 1.4828
1.5600 1.5294 1.5600 1.4577
1.5600 1.5978 1.5600 1.5417
1.5400 1.5906 1.5400 1.5308
1.5400 1.6323 1.5400 1.5745
1.5400 1.5885 1.5400 1.5334
1.5300 1.5874 1.5300 1.5378
1.5100 1.5875 1.5100 1.5485
1.4900 1.5846 1.4900 1.5358
