1.4700 1.5655 1.4700 1.6073
1.4200 1.5426 1.4200 1.5816
1.3800 1.5228 1.3800 1.5547
1.4100 1.5401 1.4100 1.5524
1.3900 1.4795 1.3900 1.4979
1.3600 1.4343 1.3600 1.4521
1.2100 1.3530 1.2100 1.3717
1.1500 1.2797 1.1500 1.2947
1.1300 1.2590 1.1300 1.2584
1.1400 1.4347 1.1400 1.3904
1.1300 1.3115 1.1300 1.3268
1.1000 1.2552 1.1000 1.2746
1.0400 0.9581 1.0400 1.0878
1.0100 1.0005 1.0100 1.0769
1.0800 1.0789 1.0800 1.0771
1.0900 1.1306 1.0900 1.1266
1.0400 1.0837 1.0400 1.1027
1.0100 1.0280 1.0100 1.0550
0.9800 0.9306 0.9800 1.0216
0.9900 0.9659 0.9900 1.0206
0.9600 1.2415 0.9600 1.2176
0.9500 1.1295 0.9500 1.1814
0.9400 0.9476 0.9400 1.0334
0.9900 0.9763 0.9900 1.0341
1.0000 0.9611 1.0000 1.0243
0.9900 1.0398 0.9900 1.0740
1.0100 0.9270 1.0100 0.9885
1.0300 0.9533 1.0300 0.9966
1.0600 0.9583 1.0600 1.0015
1.1000 1.1281 1.1000 1.1465
1.1300 1.0631 1.1300 1.1253
1.1500 1.0053 1.1500 1.0762
1.1900 1.0958 1.1900 1.1313
1.2100 1.1205 1.2100 1.1657
1.2400 1.1610 1.2400 1.2102
1.2900 1.2191 1.2900 1.2569
1.3400 1.2291 1.3400 1.2766
1.4000 1.2270 1.4000 1.2797
1.4900 1.3074 1.4900 1.3396
1.5500 1.2846 1.5500 1.3332
1.5800 1.3261 1.5800 1.3646
1.6200 1.4177 1.6200 1.4376
1.6500 1.4641 1.6500 1.4928
1.6900 1.5405 1.6900 1.5668
1.6000 1.6916 1.6000 1.6865
1.7000 1.6851 1.7000 1.7076
1.6900 1.6514 1.6900 1.6876
1.7200 1.7138 1.7200 1.7262
1.7400 1.7181 1.7400 1.7418
1.8200 1.7653 1.8200 1.7863
1.8700 1.3849 1.8700 1.4845
1.8800 1.8827 1.8800 1.8066
1.8800 1.6507 1.8800 1.6848
1.9200 1.7268 1.9200 1.7430
1.9900 1.7487 1.9900 1.7458
2.0900 1.9561 2.0900 1.9256
2.1500 1.9478 2.1500 1.9617
2.2200 1.8589 2.2200 1.9039
2.3100 1.8458 2.3100 1.8805
2.4200 1.9742 2.4200 1.9707
2.5100 2.1026 2.5100 2.0884
2.5800 2.2428 2.5800 2.2235
2.6800 2.2109 2.6800 2.2318
2.6000 2.3015 2.6000 2.3104
2.8300 2.4351 2.8300 2.4336
2.8000 2.5713 2.8000 2.5785
2.8300 2.6073 2.8300 2.6454
2.8400 2.6333 2.8400 2.6815
2.8300 2.7945 2.8300 2.8189
2.7800 2.3692 2.7800 2.5077
2.7400 3.2065 2.7400 3.1030
2.6500 2.6475 2.6500 2.7845
2.6000 2.7769 2.6000 2.8468
2.5500 2.7862 2.5500 2.8198
2.5200 2.7136 2.5200 2.7825
2.4600 2.5657 2.4600 2.6808
2.4300 2.5260 2.4300 2.5632
2.3800 2.3208 2.3800 2.3791
2.3800 2.3440 2.3800 2.3370
2.2900 2.2920 2.2900 2.2723
2.2300 2.2970 2.2300 2.2655
2.2500 2.1755 2.2500 2.1677
2.3200 2.2168 2.3200 2.1783
2.1100 2.1353 2.1100 2.1209
2.3100 2.2456 2.3100 2.2004
2.2800 1.9631 2.2800 1.9913
2.3100 1.9647 2.3100 1.9426
2.3000 2.1798 2.3000 2.0954
2.1300 2.3573 2.1300 2.2901
2.2400 1.5220 2.2400 1.6955
2.1500 2.6338 2.1500 2.4125
1.9000 2.1501 1.9000 2.1982
2.1000 2.2489 2.1000 2.2922
2.0600 2.2024 2.0600 2.2190
2.0700 1.6667 2.0700 1.7793
2.1400 2.3991 2.1400 2.2808
2.1400 1.8648 2.1400 1.9153
2.1700 1.2343 2.1700 1.5112
2.2100 2.4329 2.2100 2.1335
2.2000 1.8889 2.2000 1.9007
2.1500 1.9443 2.1500 1.9731
2.0000 2.2124 2.0000 2.1215
1.3900 1.1414 1.3900 1.2972
1.4300 1.5167 1.4300 1.3556
1.3900 1.2082 1.3900 1.2153
1.2800 0.9375 1.2800 1.0268
1.0900 1.0594 1.0900 1.0658
0.9700 1.3967 0.9700 1.2606
0.9300 1.4496 0.9300 1.4229
0.8600 1.4505 0.8600 1.4455
0.8700 1.2802 0.8700 1.3205
0.9300 1.0472 0.9300 1.1948
0.9100 0.8849 0.9100 1.0365
0.9300 0.8674 0.9300 0.9409
0.9200 0.8896 0.9200 0.9056
0.8500 0.8004 0.8500 0.8151
0.8300 0.8675 0.8300 0.8625
0.8700 1.0650 0.8700 1.0495
0.9100 0.9051 0.9100 0.9879
0.9600 1.0067 0.9600 1.0556
1.0000 0.9634 1.0000 1.0233
1.0200 0.8259 1.0200 0.9418
1.0300 0.8619 1.0300 0.9416
1.0300 1.0101 1.0300 1.0305
1.0600 1.0428 1.0600 1.0996
1.1300 1.1046 1.1300 1.1586
1.2000 1.1360 1.2000 1.1906
1.2100 1.1216 1.2100 1.1921
1.1900 1.1102 1.1900 1.1792
1.1700 1.0856 1.1700 1.1503
1.1700 1.1685 1.1700 1.2085
1.1700 1.3152 1.1700 1.3348
1.2000 1.3791 1.2000 1.4148
1.2200 1.2610 1.2200 1.3373
1.2000 1.1799 1.2000 1.2495
1.2100 1.1648 1.2100 1.2115
1.2400 1.1973 1.2400 1.2288
1.2600 1.1834 1.2600 1.2179
1.3200 1.2658 1.3200 1.2778
1.4100 1.2693 1.4100 1.2941
1.4800 1.1666 1.4800 1.2209
1.5100 1.2416 1.5100 1.2616
1.5100 1.3196 1.5100 1.3301
1.5000 1.3107 1.5000 1.3452
1.4700 1.4496 1.4700 1.4547
1.4600 1.6109 1.4600 1.6063
1.4400 1.6374 1.4400 1.6582
1.4000 1.5828 1.4000 1.6260
1.4000 1.5219 1.4000 1.5755
1.4000 1.4881 1.4000 1.5327
1.4200 1.4026 1.4200 1.4457
1.4800 1.4186 1.4800 1.4296
1.5800 1.3699 1.5800 1.3804
1.6000 1.2797 1.6000 1.2996
1.6100 1.3653 1.6100 1.3476
1.6300 1.3715 1.6300 1.3648
1.6700 1.4301 1.6700 1.4252
1.8700 1.5820 1.8700 1.5575
2.0300 1.7759 2.0300 1.7505
2.1200 1.6293 2.1200 1.6850
2.1700 1.6176 2.1700 1.6631
2.1900 1.6732 2.1900 1.6905
2.1800 1.7470 2.1800 1.7599
2.1800 2.2486 2.1800 2.1619
2.1700 2.2880 2.1700 2.2867
2.1600 2.2160 2.1600 2.2805
2.1600 2.2167 2.1600 2.2652
2.1300 2.2069 2.1300 2.2467
2.0900 2.1468 2.0900 2.1930
2.0100 2.1374 2.0100 2.1759
2.0200 2.0832 2.0200 2.1160
2.0000 2.0558 2.0000 2.0718
1.9200 2.0725 1.9200 2.0688
1.8900 1.9734 1.8900 1.9883
1.8100 1.9086 1.8100 1.9176
1.7900 1.7418 1.7900 1.7574
1.6600 1.9456 1.6600 1.8807
1.5500 1.8620 1.5500 1.8406
1.4800 1.6357 1.4800 1.6586
1.4700 1.7269 1.4700 1.6784
1.4800 1.5506 1.4800 1.5410
1.4700 1.6506 1.4700 1.6050
1.4700 1.2893 1.4700 1.3718
1.4700 1.2134 1.4700 1.2801
1.4600 1.2499 1.4600 1.2525
1.4700 1.3629 1.4700 1.2879
1.4500 1.4179 1.4500 1.3677
1.4200 1.3744 1.4200 1.3527
1.4000 1.4180 1.4000 1.3995
1.3600 1.4386 1.3600 1.4326
1.2800 1.4114 1.2800 1.4253
1.2200 1.4637 1.2200 1.4620
1.2000 1.3821 1.2000 1.4025
1.1800 1.3270 1.1800 1.3487
1.1900 1.3319 1.1900 1.3342
1.1900 1.2493 1.1900 1.2666
1.1700 1.0816 1.1700 1.1636
1.1300 1.0641 1.1300 1.1181
1.1600 1.1339 1.1600 1.1140
1.2100 1.1132 1.2100 1.1183
1.2100 1.1844 1.2100 1.1793
1.1900 1.1783 1.1900 1.1890
1.1700 1.1252 1.1700 1.1599
1.1400 1.0530 1.1400 1.0980
1.1100 1.2305 1.1100 1.2224
1.1100 1.3268 1.1100 1.3304
1.1200 1.2139 1.1200 1.2701
1.1100 1.1542 1.1100 1.2033
1.1000 1.1475 1.1000 1.1788
1.0900 1.0969 1.0900 1.1400
1.0900 1.0575 1.0900 1.0976
1.0900 1.1152 1.0900 1.1284
1.1000 1.1479 1.1000 1.1656
1.1100 1.0969 1.1100 1.1382
1.1100 1.0906 1.1100 1.1262
1.0900 1.0892 1.0900 1.1227
1.0000 1.1106 1.0000 1.1437
1.0200 1.1098 1.0200 1.1465
1.0000 1.1389 1.0000 1.1702
0.9900 1.1516 0.9900 1.1862
1.0800 1.1319 1.0800 1.1754
1.1200 1.0722 1.1200 1.1247
1.1200 0.8918 1.1200 1.0083
1.1000 1.0808 1.1000 1.0762
1.0900 0.9927 1.0900 1.0354
1.0800 0.9813 1.0800 1.0336
1.0800 1.2846 1.0800 1.2610
1.0700 1.2369 1.0700 1.2808
1.0700 1.1451 1.0700 1.2265
1.0700 1.0958 1.0700 1.1537
1.0700 1.1118 1.0700 1.1546
1.0700 1.0942 1.0700 1.1433
1.0700 1.1011 1.0700 1.1390
1.0700 1.0686 1.0700 1.1104
1.0800 1.0889 1.0800 1.1231
1.0900 1.0936 1.0900 1.1303
1.1100 1.0935 1.1100 1.1341
1.1600 1.0946 1.1600 1.1355
1.1900 1.0957 1.1900 1.1363
1.1600 1.0964 1.1600 1.1382
1.1600 1.1267 1.1600 1.1624
1.2100 1.1372 1.2100 1.1761
1.3100 1.1763 1.3100 1.2111
1.3100 1.2891 1.3100 1.3079
1.3300 1.2791 1.3300 1.3222
1.4100 1.1215 1.4100 1.1999
1.4600 1.1836 1.4600 1.2154
1.5100 1.3428 1.5100 1.3426
1.5200 1.5363 1.5200 1.5333
1.5200 1.3198 1.5200 1.3997
1.5100 1.3773 1.5100 1.4135
1.4800 1.6068 1.4800 1.5917
1.4500 1.5844 1.4500 1.6202
1.4200 1.6161 1.4200 1.6512
1.4000 1.5446 1.4000 1.5903
1.3700 1.5209 1.3700 1.5630
1.3500 1.4857 1.3500 1.5205
1.3300 1.3998 1.3300 1.4338
1.3100 1.3595 1.3100 1.3771
1.3000 1.3247 1.3000 1.3300
1.2800 1.3219 1.2800 1.3196
1.2500 1.2705 1.2500 1.2764
1.2200 1.2721 1.2200 1.2701
1.2200 1.2585 1.2200 1.2597
1.2000 1.2409 1.2000 1.2479
1.1900 1.2557 1.1900 1.2587
1.1800 1.2191 1.1800 1.2334
1.1700 1.1703 1.1700 1.1925
1.1600 1.1446 1.1600 1.1620
1.1500 1.2098 1.1500 1.2096
1.1500 1.1511 1.1500 1.1765
1.1500 1.1589 1.1500 1.1784
1.1400 1.1578 1.1400 1.1756
1.1300 1.1505 1.1300 1.1753
1.1200 1.1428 1.1200 1.1705
1.1200 1.1346 1.1200 1.1618
1.1400 1.1573 1.1400 1.1807
1.1400 1.1593 1.1400 1.1871
1.1300 1.1292 1.1300 1.1661
1.1000 1.1209 1.1000 1.1546
1.0700 1.1139 1.0700 1.1466
1.0300 1.1343 1.0300 1.1631
1.0200 1.1953 1.0200 1.2154
1.0100 1.1551 1.0100 1.1958
1.0000 1.1235 1.0000 1.1677
1.0000 1.0580 1.0000 1.1059
0.9900 1.0283 0.9900 1.0749
0.8900 0.9683 0.8900 1.0390
0.8400 1.0152 0.8400 1.0407
0.8600 1.0087 0.8600 1.0423
0.9200 0.9976 0.9200 1.0393
0.9700 1.0239 0.9700 1.0598
1.0000 1.0008 1.0000 1.0484
1.0300 0.8219 1.0300 0.9276
1.0200 0.8386 1.0200 0.9093
1.0900 0.9489 1.0900 0.9582
1.1700 1.0806 1.1700 1.1090
1.2300 1.1052 1.2300 1.1585
1.2500 1.1033 1.2500 1.1630
1.2500 1.1483 1.2500 1.2038
1.2500 1.0623 1.2500 1.1430
1.2800 1.2844 1.2800 1.3046
1.3200 1.3865 1.3200 1.4129
1.3300 1.3883 1.3300 1.4458
1.3400 1.3248 1.3400 1.3934
1.3200 1.2865 1.3200 1.3452
1.2800 1.2848 1.2800 1.3323
1.2900 1.3649 1.2900 1.3866
1.2900 1.4143 1.2900 1.4341
1.2800 1.3524 1.2800 1.3945
1.2900 1.3615 1.2900 1.3909
1.2800 1.2842 1.2800 1.3251
1.2800 1.1967 1.2800 1.2421
1.2700 1.3068 1.2700 1.3042
1.2600 1.2839 1.2600 1.2981
1.2500 1.2426 1.2500 1.2706
1.2500 1.2990 1.2500 1.3028
1.2500 1.2548 1.2500 1.2785
1.2700 1.2735 1.2700 1.2946
1.2800 1.2460 1.2800 1.2693
1.2700 1.2340 1.2700 1.2573
1.2800 1.2252 1.2800 1.2468
1.2900 1.2453 1.2900 1.2600
1.2900 1.2461 1.2900 1.2655
1.3000 1.3072 1.3000 1.3162
1.2700 1.2999 1.2700 1.3224
1.2600 1.2476 1.2600 1.2844
1.2700 1.3019 1.2700 1.3169
1.2800 1.3151 1.2800 1.3339
1.3600 1.2886 1.3600 1.3201
1.3600 1.3179 1.3600 1.3358
1.2700 1.2068 1.2700 1.2492
1.2700 1.2344 1.2700 1.2548
1.2000 1.2904 1.2000 1.2947
1.2200 1.2952 1.2200 1.3130
1.1400 1.5197 1.1400 1.4972
1.1500 1.3598 1.1500 1.4093
1.0900 1.0748 1.0900 1.1908
1.0200 1.2728 1.0200 1.2585
1.0200 1.0656 1.0200 1.1484
1.0400 1.2402 1.0400 1.2349
1.0100 0.9694 1.0100 1.0632
0.9800 1.1478 0.9800 1.1351
0.9500 0.9739 0.9500 1.0504
0.9500 0.8983 0.9500 0.9838
0.9300 1.0272 0.9300 1.0257
0.9400 1.0952 0.9400 1.1017
0.9600 0.9607 0.9600 1.0284
0.9400 0.9337 0.9400 0.9892
0.9400 0.9237 0.9400 0.9860
0.9800 0.9862 0.9800 1.0230
0.9000 0.9261 0.9000 0.9855
0.8400 0.9914 0.8400 1.0305
0.8200 1.0419 0.8200 1.0802
0.7900 0.9436 0.7900 1.0186
0.8100 0.9828 0.8100 1.0359
0.8300 1.1116 0.8300 1.1377
0.8600 0.8414 0.8600 0.9605
0.8600 0.8284 0.8600 0.9198
0.8400 0.8609 0.8400 0.9210
0.8200 0.8191 0.8200 0.8891
0.8100 0.8943 0.8100 0.9431
0.8100 0.9253 0.8100 0.9765
0.8300 0.9782 0.8300 1.0400
0.8300 0.9276 0.8300 1.0092
0.8300 0.8703 0.8300 0.9578
0.8200 0.8560 0.8200 0.9512
0.8600 0.8629 0.8600 0.9411
0.8800 0.8780 0.8800 0.9468
0.8100 0.9335 0.8100 0.9932
0.8100 0.8966 0.8100 0.9738
0.8400 0.8961 0.8400 0.9712
0.9100 0.8727 0.9100 0.9493
0.8300 1.0092 0.8300 1.0566
0.8500 0.9918 0.8500 1.0637
0.8900 0.8012 0.8900 0.9142
0.8700 0.8731 0.8700 0.9412
0.7900 0.9792 0.7900 1.0183
0.7700 1.1116 0.7700 1.1606
0.7900 0.8021 0.7900 0.9173
0.8300 0.9419 0.8300 0.9818
0.8600 1.0550 0.8600 1.0869
0.9100 0.8961 0.9100 1.0034
0.9700 0.7898 0.9700 0.8942
1.0100 0.8289 1.0100 0.8923
1.0500 0.9068 1.0500 0.9510
1.1100 0.9709 1.1100 1.0330
1.1300 0.9771 1.1300 1.0467
1.2000 1.0733 1.2000 1.1260
1.2300 1.1641 1.2300 1.2181
1.2200 1.1612 1.2200 1.2356
1.2000 1.1950 1.2000 1.2606
1.1900 1.2947 1.1900 1.3387
1.1700 1.2271 1.1700 1.3012
1.1600 1.3875 1.1600 1.4178
1.1500 1.3372 1.1500 1.3933
1.1400 1.2287 1.1400 1.3064
1.1500 1.1863 1.1500 1.2400
1.1400 1.1937 1.1400 1.2259
1.1200 1.1435 1.1200 1.1858
1.0900 1.1427 1.0900 1.1707
1.0600 1.1333 1.0600 1.1576
1.0700 1.1238 1.0700 1.1520
1.1000 1.1773 1.1000 1.1948
1.1400 1.1301 1.1400 1.1672
1.1400 1.0886 1.1400 1.1314
1.2100 1.0433 1.2100 1.0838
1.2300 1.0149 1.2300 1.0592
1.3500 1.1056 1.3500 1.1208
1.3700 1.1774 1.3700 1.1933
1.4800 1.2360 1.4800 1.2611
1.5300 1.1593 1.5300 1.2139
1.5500 1.3776 1.5500 1.3791
1.6200 1.3061 1.6200 1.3567
1.7500 1.6201 1.7500 1.6073
1.8100 1.4418 1.8100 1.5064
1.8700 1.7146 1.8700 1.7026
1.9300 1.6573 1.9300 1.6825
1.8900 1.6017 1.8900 1.6516
1.8800 1.7820 1.8800 1.7680
1.9000 2.0106 1.9000 1.9724
1.9500 1.9102 1.9500 1.9511
1.9600 1.9616 1.9600 1.9818
2.0400 2.0352 2.0400 2.0354
2.0500 1.7902 2.0500 1.8719
2.0400 1.8272 2.0400 1.8682
2.0000 1.9088 2.0000 1.8990
1.9200 2.0035 1.9200 1.9930
1.8400 1.9151 1.8400 1.9414
1.7600 2.1501 1.7600 2.1161
1.6900 2.0229 1.6900 2.0591
1.6400 1.9588 1.6400 2.0116
1.5800 1.8602 1.5800 1.9006
1.5300 1.6816 1.5300 1.7221
1.4800 1.5890 1.4800 1.5976
1.4200 1.4969 1.4200 1.4845
1.3800 1.4387 1.3800 1.4090
1.3100 1.4303 1.3100 1.3770
1.2500 1.3543 1.2500 1.3160
1.1500 1.3339 1.1500 1.2957
1.1200 1.2979 1.1200 1.2665
1.1000 1.2253 1.1000 1.2207
1.0700 1.2353 1.0700 1.2106
1.0600 1.1122 1.0600 1.1491
1.0600 1.0763 1.0600 1.1129
1.0100 0.9551 1.0100 1.0319
0.9800 1.0233 0.9800 1.0345
0.9800 1.0397 0.9800 1.0318
1.0000 0.9879 1.0000 1.0115
1.0400 1.0301 1.0400 1.0419
1.0700 1.0678 1.0700 1.0824
1.1000 0.9255 1.1000 1.0079
1.1500 0.9368 1.1500 0.9988
1.1900 1.0094 1.1900 1.0300
1.2000 1.0686 1.2000 1.0997
1.2400 1.1466 1.2400 1.1771
1.4700 1.1616 1.4700 1.2036
1.4900 1.1967 1.4900 1.2420
1.4800 1.2933 1.4800 1.3255
1.4200 1.3127 1.4200 1.3589
1.4400 1.2536 1.4400 1.3177
1.3800 1.3525 1.3800 1.3804
1.2200 1.9492 1.2200 1.8614
1.0800 1.5420 1.0800 1.6419
1.0100 1.4562 1.0100 1.5435
1.1000 1.3275 1.1000 1.3897
1.1300 1.5025 1.1300 1.5039
1.1200 1.2513 1.1200 1.3211
1.1300 0.9453 1.1300 1.0886
0.9600 0.9061 0.9600 0.9861
1.1600 1.2542 1.1600 1.3003
1.1300 1.2628 1.1300 1.2939
1.0900 1.2859 1.0900 1.3144
1.0600 1.2263 1.0600 1.2682
1.0400 1.1789 1.0400 1.2145
1.0200 1.1309 1.0200 1.1637
0.9900 1.1002 0.9900 1.1292
0.9800 1.0693 0.9800 1.0973
0.9700 1.0082 0.9700 1.0569
0.9800 1.0001 0.9800 1.0369
0.9800 1.0062 0.9800 1.0297
0.9900 0.9898 0.9900 1.0233
0.9900 0.9441 0.9900 0.9955
1.0100 0.9800 1.0100 1.0114
1.0300 0.9784 1.0300 1.0187
1.0800 1.0289 1.0800 1.0658
1.1100 1.0142 1.1100 1.0632
1.1600 1.0452 1.1600 1.0906
1.2300 1.0312 1.2300 1.0846
1.2600 1.0907 1.2600 1.1325
1.2600 1.1132 1.2600 1.1595
1.2600 1.2201 1.2600 1.2518
1.2400 1.2116 1.2400 1.2629
1.2300 1.2980 1.2300 1.3352
1.2100 1.4147 1.2100 1.4399
1.2100 1.3577 1.2100 1.4193
1.2000 1.2876 1.2000 1.3558
1.2100 1.2878 1.2100 1.3302
1.2100 1.2212 1.2100 1.2703
1.2100 1.2182 1.2100 1.2520
1.2000 1.1717 1.2000 1.2025
1.1900 1.2072 1.1900 1.2223
1.1900 1.1788 1.1900 1.2038
1.2000 1.2280 1.2000 1.2420
1.2500 1.2132 1.2500 1.2385
1.3200 1.2124 1.3200 1.2403
1.3800 1.1858 1.3800 1.2183
1.4200 1.1759 1.4200 1.2056
1.4600 1.1972 1.4600 1.2202
1.4800 1.2267 1.4800 1.2467
1.4800 1.3587 1.4800 1.3597
1.4700 1.4740 1.4700 1.4780
1.4600 1.5140 1.4600 1.5417
1.4300 1.5158 1.4300 1.5567
1.4100 1.5608 1.4100 1.5890
1.3900 1.5376 1.3900 1.5825
1.3700 1.4842 1.3700 1.5327
1.3400 1.4443 1.3400 1.4796
1.3100 1.4266 1.3100 1.4478
1.2800 1.3463 1.2800 1.3738
1.2600 1.3397 1.2600 1.3481
1.2400 1.3197 1.2400 1.3233
1.2300 1.2968 1.2300 1.3031
1.2100 1.2470 1.2100 1.2588
1.1900 1.2193 1.1900 1.2273
1.1800 1.1937 1.1800 1.2024
1.1600 1.1961 1.1600 1.2012
1.1600 1.1789 1.1600 1.1892
1.1700 1.1919 1.1700 1.1998
1.1800 1.1569 1.1800 1.1765
1.1800 1.1400 1.1800 1.1614
1.1900 1.1562 1.1900 1.1717
1.1800 1.1187 1.1800 1.1467
1.1800 1.1597 1.1800 1.1766
1.1700 1.1954 1.1700 1.2108
1.1500 1.2061 1.1500 1.2320
1.1300 1.1880 1.1300 1.2224
1.1200 1.2218 1.1200 1.2466
1.1300 1.1742 1.1300 1.2150
1.1100 1.1910 1.1100 1.2222
1.1000 1.1623 1.1000 1.1968
1.1000 1.1182 1.1000 1.1580
1.0900 1.0982 1.0900 1.1319
1.0800 1.1094 1.0800 1.1345
1.0700 1.1603 1.0700 1.1790
1.0700 1.0796 1.0700 1.1250
1.0700 1.0889 1.0700 1.1223
1.1000 1.1182 1.1000 1.1428
1.1700 1.0879 1.1700 1.1290
1.2200 1.0760 1.2200 1.1165
1.2400 1.0691 1.2400 1.1051
1.2400 1.0912 1.2400 1.1244
1.2400 1.0922 1.2400 1.1300
1.2300 1.1824 1.2300 1.2040
1.2100 1.3385 1.2100 1.3453
1.2000 1.3485 1.2000 1.3881
1.1800 1.3045 1.1800 1.3632
1.1700 1.2687 1.1700 1.3221
1.1800 1.2690 1.1800 1.3115
1.1900 1.2302 1.1900 1.2749
1.1800 1.1774 1.1800 1.2191
1.1500 1.1827 1.1500 1.2067
1.1000 1.1414 1.1000 1.1711
1.0700 1.1490 1.0700 1.1722
1.0700 1.2028 1.0700 1.2139
1.0100 1.2144 1.0100 1.2362
1.0600 1.1637 1.0600 1.2032
0.9500 1.0959 0.9500 1.1397
0.9500 1.0097 0.9500 1.0821
0.9600 1.0204 0.9600 1.0651
0.9400 1.0811 0.9400 1.0951
0.9200 0.9073 0.9200 0.9956
0.8700 1.1658 0.8700 1.1509
0.7900 0.8452 0.7900 0.9468
0.7100 0.9585 0.7100 0.9840
0.6300 1.0233 0.6300 1.0356
0.5800 0.9292 0.5800 0.9988
0.5400 0.9087 0.5400 0.9734
0.5300 0.8477 0.5300 0.9227
0.5400 0.7889 0.5400 0.8755
0.5700 0.7510 0.5700 0.8169
0.6100 0.7072 0.6100 0.7559
0.6500 0.6983 0.6500 0.7303
0.6800 0.6826 0.6800 0.7087
0.7300 0.6951 0.7300 0.7202
0.7700 0.7177 0.7700 0.7513
0.8300 0.7473 0.8300 0.8297
0.9100 0.8046 0.9100 0.8988
1.0100 0.8476 1.0100 0.9466
1.0800 0.8592 1.0800 0.9641
1.2200 0.9445 1.2200 1.0325
1.3000 0.9631 1.3000 1.0576
1.4300 1.0509 1.4300 1.1313
1.5100 1.1664 1.5100 1.2314
1.5900 1.2989 1.5900 1.3461
1.6900 1.2988 1.6900 1.3624
1.7200 1.5490 1.7200 1.5584
1.9300 1.5087 1.9300 1.5593
2.0100 1.7110 2.0100 1.7247
2.1200 1.6939 2.1200 1.7304
2.2100 1.7627 2.2100 1.7907
2.3500 1.8991 2.3500 1.9019
2.4500 1.7865 2.4500 1.8335
2.4200 2.3255 2.4200 2.2509
2.6400 2.1318 2.6400 2.1823
2.5900 2.2758 2.5900 2.3065
2.6700 2.3443 2.6700 2.3636
2.6600 2.5707 2.6600 2.5701
2.7200 2.5791 2.7200 2.6309
2.7000 2.2908 2.7000 2.4057
2.8000 3.0102 2.8000 2.9230
2.8000 2.4169 2.8000 2.5637
2.6500 2.7386 2.6500 2.7629
1.0400 1.3109 1.0400 1.2322
1.0000 1.2823 1.0000 1.2508
0.8800 1.2130 0.8800 1.1884
0.7800 0.9979 0.7800 1.0845
0.7500 1.2355 0.7500 1.1774
0.7100 0.9338 0.7100 1.0270
0.7000 0.8751 0.7000 0.9428
0.6800 0.9303 0.6800 0.9476
0.6800 0.7840 0.6800 0.8317
0.6900 0.7501 0.6900 0.7829
0.6800 0.7948 0.6800 0.7891
0.7000 0.7568 0.7000 0.7791
0.7300 0.7722 0.7300 0.7993
0.7500 0.7628 0.7500 0.7971
0.7500 0.7792 0.7500 0.8298
0.7500 0.8005 0.7500 0.8761
0.6700 0.7791 0.6700 0.8538
0.7200 0.8315 0.7200 0.9104
0.6800 0.8874 0.6800 0.9638
0.6500 0.8844 0.6500 0.9773
0.6200 0.8431 0.6200 0.9423
0.6100 0.8439 0.6100 0.9322
0.6200 0.7362 0.6200 0.8443
0.6800 0.9022 0.6800 0.9412
0.7100 0.7697 0.7100 0.8531
0.6900 0.7411 0.6900 0.8201
0.6700 0.7486 0.6700 0.8097
0.6600 0.7457 0.6600 0.8067
0.6100 0.7690 0.6100 0.8331
0.5900 0.8939 0.5900 0.9593
0.5900 0.8723 0.5900 0.9703
0.6900 0.7780 0.6900 0.8785
0.7800 0.7815 0.7800 0.8763
0.8500 0.7866 0.8500 0.8751
0.9000 0.7268 0.9000 0.8197
1.0200 0.7338 1.0200 0.8010
1.0700 0.7488 1.0700 0.8037
1.1700 0.9824 1.1700 1.0267
1.2300 1.0581 1.2300 1.1337
1.3000 1.0793 1.3000 1.1754
1.3800 1.0980 1.3800 1.1877
1.4500 1.3511 1.4500 1.3746
1.5000 1.2650 1.5000 1.3413
1.4600 1.4314 1.4600 1.4655
1.5600 1.4169 1.5600 1.4607
1.8400 1.4921 1.8400 1.5258
2.1100 1.5854 2.1100 1.6028
2.2600 1.6233 2.2600 1.6465
2.3300 1.6276 2.3300 1.6583
2.4200 1.3931 2.4200 1.4901
2.4700 1.7831 2.4700 1.7417
2.5900 2.3863 2.5900 2.2662
2.6500 2.5570 2.6500 2.5510
2.6100 2.4337 2.6100 2.5370
2.5200 2.3867 2.5200 2.4855
2.4600 2.5634 2.4600 2.6068
2.4400 2.5375 2.4400 2.6086
2.3900 2.7676 2.3900 2.7853
2.3600 2.6874 2.3600 2.7505
2.3600 2.4490 2.3600 2.5567
2.3800 2.2520 2.3800 2.3688
2.4100 2.2470 2.4100 2.2838
2.3600 2.2905 2.3600 2.2851
2.3200 2.1427 2.3200 2.1495
2.2600 2.1474 2.2600 2.1150
2.1800 2.2295 2.1800 2.1772
2.1500 2.3021 2.1500 2.2701
2.2400 2.3607 2.2400 2.3493
2.2200 2.1400 2.2200 2.1928
2.2200 2.1288 2.2200 2.1481
2.2100 2.0333 2.2100 2.0477
2.2000 1.8934 2.2000 1.9079
2.0500 1.9650 2.0500 1.9178
1.7400 2.3210 1.7400 2.2023
1.3100 1.3349 1.3100 1.3176
1.2800 1.2980 1.2800 1.2996
1.2400 1.2836 1.2400 1.2877
1.2100 1.3021 1.2100 1.2996
1.2000 1.2343 1.2000 1.2532
1.2500 1.2965 1.2500 1.2937
1.2800 1.2720 1.2800 1.2814
1.2600 1.1980 1.2600 1.2262
1.2400 1.1413 1.2400 1.1658
1.2300 1.1366 1.2300 1.1483
1.2200 1.1695 1.2200 1.1758
1.2100 1.3423 1.2100 1.3213
1.2500 1.3355 1.2500 1.3514
1.2600 1.2114 1.2600 1.2655
1.2500 1.2023 1.2500 1.2341
1.2300 1.2221 1.2300 1.2421
1.2000 1.2047 1.2000 1.2349
1.1900 1.1857 1.1900 1.2122
1.1700 1.3291 1.1700 1.3196
1.1400 1.2830 1.1400 1.3114
1.1200 1.2267 1.1200 1.2703
1.1100 1.1941 1.1100 1.2272
1.1100 1.1460 1.1100 1.1809
1.1200 1.1729 1.1200 1.1938
1.1200 1.1292 1.1200 1.1569
1.1200 1.0748 1.1200 1.1087
1.1200 1.0793 1.1200 1.1008
1.1200 1.0950 1.1200 1.1147
1.1000 1.1166 1.1000 1.1403
1.1000 1.1489 1.1000 1.1718
1.1100 1.1328 1.1100 1.1678
1.1400 1.1358 1.1400 1.1718
1.1800 1.1403 1.1800 1.1754
1.2100 1.1406 1.2100 1.1778
1.2700 1.0789 1.2700 1.1285
1.2900 1.1178 1.2900 1.1475
1.2700 1.1516 1.2700 1.1779
1.2600 1.2190 1.2600 1.2425
1.2500 1.2805 1.2500 1.3047
1.2500 1.2914 1.2500 1.3280
1.2600 1.4163 1.2600 1.4342
1.2600 1.3573 1.2600 1.4084
1.2800 1.2457 1.2800 1.3149
1.2900 1.2565 1.2900 1.2914
1.2900 1.2439 1.2900 1.2727
1.2700 1.2520 1.2700 1.2777
1.2700 1.2766 1.2700 1.2913
1.2600 1.2554 1.2600 1.2790
1.2500 1.3186 1.2500 1.3301
1.2200 1.3128 1.2200 1.3358
1.1800 1.2897 1.1800 1.3221
1.1400 1.2294 1.1400 1.2670
1.1000 1.2702 1.1000 1.2857
1.1400 1.2399 1.1400 1.2654
1.1600 1.2227 1.1600 1.2482
1.1600 1.1526 1.1600 1.1849
1.1600 1.0923 1.1600 1.1252
1.1600 1.0554 1.1600 1.0974
1.1200 1.0160 1.1200 1.0626
1.1000 1.2187 1.1000 1.1989
1.0900 1.2050 1.0900 1.2244
1.0800 1.1588 1.0800 1.2030
1.0900 1.1723 1.0900 1.2022
1.1000 1.1818 1.1000 1.2132
1.1100 1.0579 1.1100 1.1210
1.1100 1.0716 1.1100 1.1050
1.1000 1.0863 1.1000 1.1099
1.1000 1.0716 1.1000 1.1068
1.1300 1.1211 1.1300 1.1446
1.1300 1.1366 1.1300 1.1647
1.1500 1.1489 1.1500 1.1854
1.1200 1.1323 1.1200 1.1749
1.1200 1.1036 1.1200 1.1498
1.1100 1.1246 1.1100 1.1607
1.1200 1.2152 1.1200 1.2345
1.1200 1.1519 1.1200 1.2013
1.1500 1.2072 1.1500 1.2386
1.2100 1.0831 1.2100 1.1422
1.2700 1.1388 1.2700 1.1710
1.3000 1.1143 1.3000 1.1511
1.3000 1.1555 1.3000 1.1843
1.2700 1.1366 1.2700 1.1737
1.2400 1.2259 1.2400 1.2434
1.2200 1.3544 1.2200 1.3632
1.2100 1.4140 1.2100 1.4405
1.2000 1.3813 1.2000 1.4326
1.1800 1.3209 1.1800 1.3776
1.1500 1.2296 1.1500 1.2885
1.1300 1.1925 1.1300 1.2340
1.1100 1.1840 1.1100 1.2089
1.0800 1.1845 1.0800 1.2023
1.0700 1.1704 1.0700 1.1897
1.0500 1.1316 1.0500 1.1573
1.0000 1.0862 1.0000 1.1168
0.9600 1.0914 0.9600 1.1139
0.9500 1.0747 0.9500 1.1018
0.9400 1.0239 0.9400 1.0613
0.9400 1.0566 0.9400 1.0789
0.9000 1.0231 0.9000 1.0580
0.8600 0.9138 0.8600 1.0009
0.8300 0.9036 0.8300 0.9792
0.8000 0.9566 0.8000 0.9847
0.8600 0.9486 0.8600 0.9927
0.9400 0.9670 0.9400 1.0115
0.9700 0.8673 0.9700 0.9461
0.9600 0.8498 0.9600 0.9281
0.9100 0.8484 0.9100 0.9193
0.8800 0.8267 0.8800 0.8954
0.9100 1.0276 0.9100 1.0465
0.9200 1.1562 0.9200 1.1869
0.9800 1.0823 0.9800 1.1668
1.0300 0.9966 1.0300 1.0863
1.0500 0.8851 1.0500 1.0090
1.1100 0.8876 1.1100 0.9967
1.1100 1.0285 1.1100 1.0601
1.0900 0.9890 1.0900 1.0517
1.2400 1.1372 1.2400 1.1701
1.2600 1.1818 1.2600 1.2246
1.3500 1.1404 1.3500 1.2132
1.4100 1.2838 1.4100 1.3191
1.4600 1.1652 1.4600 1.2411
1.5300 1.0889 1.5300 1.1677
1.5500 1.5905 1.5500 1.5368
1.5600 1.3436 1.5600 1.4244
1.6200 1.5458 1.6200 1.5700
1.6700 1.5687 1.6700 1.5805
1.7200 1.5914 1.7200 1.6196
1.7200 1.6973 1.7200 1.7047
1.7500 1.6072 1.7500 1.6493
1.7800 1.5836 1.7800 1.6350
1.7700 1.7486 1.7700 1.7433
1.6400 1.7697 1.6400 1.7848
1.7700 1.8051 1.7700 1.8250
1.7500 1.6975 1.7500 1.7458
1.7500 1.7916 1.7500 1.8030
1.7000 1.8242 1.7000 1.8383
1.6900 1.7115 1.6900 1.7557
1.6700 1.3134 1.6700 1.4387
1.6300 2.0032 1.6300 1.8653
1.6000 1.6718 1.6000 1.7069
1.5800 1.6661 1.5800 1.6956
1.5400 1.5436 1.5400 1.5540
1.5200 1.6199 1.5200 1.5992
1.5000 1.5822 1.5000 1.5896
1.5500 1.4793 1.5500 1.4854
1.4200 1.4735 1.4200 1.4603
1.3800 1.4799 1.3800 1.4569
1.3300 1.3976 1.3300 1.3998
1.2900 1.4196 1.2900 1.4018
1.2600 1.4072 1.2600 1.3917
1.2300 1.6079 1.2300 1.5590
1.2300 1.1031 1.2300 1.2371
1.2400 1.2419 1.2400 1.2372
1.2200 1.2042 1.2200 1.2115
1.1100 1.1632 1.1100 1.1699
1.1300 1.1543 1.1300 1.1504
1.1000 1.1307 1.1000 1.1226
1.0800 1.2048 1.0800 1.1962
1.0600 1.2447 1.0600 1.2434
1.0600 1.1670 1.0600 1.1994
1.0500 0.9282 1.0500 1.0469
0.9900 1.1685 0.9900 1.1357
0.9800 1.0545 0.9800 1.0839
0.9700 1.0286 0.9700 1.0714
0.9900 1.0225 0.9900 1.0446
1.0200 1.0721 1.0200 1.0890
1.0700 1.0490 1.0700 1.0916
1.1000 0.8995 1.1000 0.9944
1.0800 0.9814 1.0800 1.0108
1.0600 0.9840 1.0600 1.0182
1.0600 1.0555 1.0600 1.0899
1.1000 1.1097 1.1000 1.1424
1.1600 1.2036 1.1600 1.2324
1.2200 1.2002 1.2200 1.2524
1.2600 1.0782 1.2600 1.1575
1.2700 1.0589 1.2700 1.1169
1.3300 1.1011 1.3300 1.1370
1.3900 1.2131 1.3900 1.2342
1.5100 1.3065 1.5100 1.3275
1.5400 1.3645 1.5400 1.3945
1.6300 1.3686 1.6300 1.4142
1.5200 1.3205 1.5200 1.3792
1.6600 1.4850 1.6600 1.4996
1.7100 1.5434 1.7100 1.5683
1.8100 1.7643 1.8100 1.7505
1.8900 1.6132 1.8900 1.6626
1.9800 1.8112 1.9800 1.8042
2.0300 1.3012 2.0300 1.4445
2.0600 1.9522 2.0600 1.8678
2.0500 1.8303 2.0500 1.8368
2.0900 1.9748 2.0900 1.9792
2.0800 2.0202 2.0800 2.0212
2.0600 2.1225 2.0600 2.1202
2.1000 2.1005 2.1000 2.1342
2.1300 2.0914 2.1300 2.1185
2.1900 2.0030 2.1900 2.0486
2.1800 2.1387 2.1800 2.1367
2.0600 2.0076 2.0600 2.0571
2.2300 1.9435 2.2300 1.9790
2.2100 2.1187 2.2100 2.0884
2.1700 2.1246 2.1700 2.1239
2.2100 2.2431 2.2100 2.2416
2.2100 2.0851 2.2100 2.1351
2.2200 1.7207 2.2200 1.8212
2.0300 2.5396 2.0300 2.3921
2.1200 2.1039 2.1200 2.1757
2.0500 1.9689 2.0500 2.0479
2.1100 2.2273 2.1100 2.1743
2.2400 2.1411 2.2400 2.1574
2.3700 2.1564 2.3700 2.1928
2.4600 1.5192 2.4600 1.6783
2.4700 2.2215 2.4700 2.0770
2.5700 1.8214 2.5700 1.8479
2.5900 2.1118 2.5900 2.0583
2.6000 2.4415 2.6000 2.3463
2.5800 2.5325 2.5800 2.5192
2.5400 2.5375 2.5400 2.5849
2.5200 2.4076 2.5200 2.4794
2.4800 2.7078 2.4800 2.7006
2.4200 2.5680 2.4200 2.6334
2.4100 2.5463 2.4100 2.6051
2.2800 2.4612 2.2800 2.5223
2.3100 2.3617 2.3100 2.4289
2.2400 2.3754 2.2400 2.4066
2.1400 2.2755 2.1400 2.2990
2.0500 2.1593 2.0500 2.1799
1.9200 2.2604 1.9200 2.2228
1.8300 1.8638 1.8300 1.9133
1.9100 2.2402 1.9100 2.1440
1.7800 1.9673 1.7800 1.9653
1.7300 1.7762 1.7300 1.7929
1.6500 1.7301 1.6500 1.6904
1.6000 1.5131 1.6000 1.5431
1.5100 1.5049 1.5100 1.4922
1.4600 1.9584 1.4600 1.7822
1.3600 1.3774 1.3600 1.4192
1.2400 1.4916 1.2400 1.4456
1.1000 1.4030 1.1000 1.3794
1.0500 1.4075 1.0500 1.3746
0.7500 1.2362 0.7500 1.2838
0.8400 1.2657 0.8400 1.2246
0.7000 1.0810 0.7000 1.1567
0.7200 0.9791 0.7200 1.0568
0.7800 0.9007 0.7800 0.9580
0.8300 0.9335 0.8300 0.9481
0.9400 0.5936 0.9400 0.6620
1.0400 0.9644 1.0400 0.8458
1.1300 0.6968 1.1300 0.7073
1.2200 0.7616 1.2200 0.7829
1.2800 0.9490 1.2800 0.9434
1.2800 0.9868 1.2800 1.0458
1.2500 1.2214 1.2500 1.2649
1.2200 1.3139 1.2200 1.3558
1.1800 1.3729 1.1800 1.4286
1.1300 1.4564 1.1300 1.4954
1.0600 1.4579 1.0600 1.5044
0.9700 1.3367 0.9700 1.4160
0.8700 1.2303 0.8700 1.3114
0.7800 1.1897 0.7800 1.2395
0.6900 1.1132 0.6900 1.1672
0.4800 1.0269 0.4800 1.0970
0.3900 0.9335 0.3900 1.0197
0.3900 0.8691 0.3900 0.9419
0.3900 0.8100 0.3900 0.8674
0.3900 0.7687 0.3900 0.8068
0.5200 0.7195 0.5200 0.7463
0.7600 0.5313 0.7600 0.5723
1.1900 0.5745 1.1900 0.5638
1.3900 0.6446 1.3900 0.6159
1.5500 0.6188 1.5500 0.6216
1.6000 0.6235 1.6000 0.6400
1.5600 0.8835 1.5600 0.9240
1.6400 1.3273 1.6400 1.3510
1.7700 2.0241 1.7700 1.9768
1.8700 1.7578 1.8700 1.8939
1.9000 1.8309 1.9000 1.9373
1.9100 1.7358 1.9100 1.8267
1.9400 1.5539 1.9400 1.6542
1.9600 1.8653 1.9600 1.8434
1.9900 2.0514 1.9900 2.0156
1.9600 2.0369 1.9600 2.0637
1.8700 1.9200 1.8700 1.9708
1.8000 1.9163 1.8000 1.9380
1.6800 1.9996 1.6800 1.9999
1.5700 1.9779 1.5700 2.0055
1.4200 2.0069 1.4200 2.0296
1.3200 1.8376 1.3200 1.8858
1.3600 1.6091 1.3600 1.6671
1.3300 1.5819 1.3300 1.5793
1.3200 1.3460 1.3200 1.4274
1.3100 1.2379 1.3100 1.3140
1.3300 1.0673 1.3300 1.1594
1.3200 1.0387 1.3200 1.0838
1.3200 1.3567 1.3200 1.2281
1.3100 1.1920 1.3100 1.1759
1.2900 1.2243 1.2900 1.2110
1.2700 1.2567 1.2700 1.2351
1.2600 1.3550 1.2600 1.3442
1.2500 1.2880 1.2500 1.3189
1.2600 1.3038 1.2600 1.3184
1.2700 1.2824 1.2700 1.3014
1.2600 1.2398 1.2600 1.2671
1.2500 1.2194 1.2500 1.2414
1.2300 1.2296 1.2300 1.2410
1.2200 1.2195 1.2200 1.2363
1.1600 1.2700 1.1600 1.2762
1.1000 1.2841 1.1000 1.2972
1.0700 1.2336 1.0700 1.2656
1.0500 1.2266 1.0500 1.2522
1.0000 1.1903 1.0000 1.2186
0.6600 1.1987 0.6600 1.2205
0.6500 1.0355 0.6500 1.1092
0.7500 0.9715 0.7500 1.0581
0.7500 1.0105 0.7500 1.0462
0.8500 1.0117 0.8500 1.0311
0.9100 0.9069 0.9100 0.9802
0.8700 0.5288 0.8700 0.6475
0.8700 0.7724 0.8700 0.7554
0.8700 1.0192 0.8700 0.9633
0.8700 0.7876 0.8700 0.9118
0.8700 1.0622 0.8700 1.0884
0.8800 1.1100 0.8800 1.1491
0.8900 0.8776 0.8900 1.0213
0.9100 0.9496 0.9100 1.0270
0.9300 0.9593 0.9300 1.0203
0.9700 0.9398 0.9700 1.0214
1.0200 0.9280 1.0200 0.9979
1.0700 0.9577 1.0700 1.0144
1.1300 0.9708 1.1300 1.0344
1.1400 1.0088 1.1400 1.0680
1.0700 1.0295 1.0700 1.0901
1.0700 1.1077 1.0700 1.1574
1.2000 1.1784 1.2000 1.2265
1.2700 1.2251 1.2700 1.2785
1.3000 1.3038 1.3000 1.3497
1.2900 1.2106 1.2900 1.2872
1.2900 0.9701 1.2900 1.1062
1.2900 1.1084 1.2900 1.1329
1.3100 1.5085 1.3100 1.4606
1.3400 1.4378 1.3400 1.4882
1.3300 1.3655 1.3300 1.4358
1.3200 1.2957 1.3200 1.3518
1.3500 1.3247 1.3500 1.3652
1.3500 1.3148 1.3500 1.3562
1.3400 1.3558 1.3400 1.3760
1.3200 1.4000 1.3200 1.4122
1.3200 1.3035 1.3200 1.3448
1.3200 1.2932 1.3200 1.3223
1.3100 1.4135 1.3100 1.4083
1.3200 1.3478 1.3200 1.3797
1.3000 1.3060 1.3000 1.3403
1.2800 1.2698 1.2800 1.2924
1.2800 1.3124 1.2800 1.3203
1.2000 1.3109 1.2000 1.3264
1.1800 1.2741 1.1800 1.2967
1.1800 1.3274 1.1800 1.3321
1.2500 1.2497 1.2500 1.2786
1.2600 1.2266 1.2600 1.2525
1.2400 1.2728 1.2400 1.2778
1.2200 1.0272 1.2200 1.1244
1.2000 1.1231 1.2000 1.1272
1.1600 1.1786 1.1600 1.1704
1.0900 1.3840 1.0900 1.3620
0.9800 1.2754 0.9800 1.3153
0.9200 1.1921 0.9200 1.2415
0.9500 1.1916 0.9500 1.2213
1.0700 1.1739 1.0700 1.2048
1.0900 1.0833 1.0900 1.1330
1.0600 0.9505 1.0600 1.0508
1.0400 0.8635 1.0400 0.9511
1.0500 0.8694 1.0500 0.9222
1.0500 1.0207 1.0500 1.0011
1.0500 1.3211 1.0500 1.2913
1.0100 1.1452 1.0100 1.2174
0.9900 1.0181 0.9900 1.1030
0.9400 1.0492 0.9400 1.0934
0.9200 1.1244 0.9200 1.1594
0.9000 1.0867 0.9000 1.1444
0.8500 1.0716 0.8500 1.1183
0.8800 0.9560 0.8800 1.0266
0.8600 0.9781 0.8600 1.0247
0.9800 0.8915 0.9800 0.9821
1.1100 0.9089 1.1100 0.9688
1.1700 0.8956 1.1700 0.9536
1.2200 0.8308 1.2200 0.9035
1.2600 0.9768 1.2600 0.9968
1.2800 0.8750 1.2800 0.9438
1.3200 1.2597 1.3200 1.2542
1.3700 1.4339 1.3700 1.4471
1.4600 1.3360 1.4600 1.4150
1.5200 1.3715 1.5200 1.4210
1.5900 1.4089 1.5900 1.4400
1.5800 1.3759 1.5800 1.4386
1.4600 1.4377 1.4600 1.4788
1.6000 1.4982 1.6000 1.5237
1.6900 1.6632 1.6900 1.6620
1.7400 1.6570 1.7400 1.6788
1.7600 1.7364 1.7600 1.7465
1.8000 1.5681 1.8000 1.6320
1.8100 1.2019 1.8100 1.3571
1.8100 1.8932 1.8100 1.7795
1.8500 1.8808 1.8500 1.8686
1.6600 1.7944 1.6600 1.8515
1.4800 1.7738 1.4800 1.7987
1.5200 1.8779 1.5200 1.8683
1.4700 1.8225 1.4700 1.8619
1.6000 1.7766 1.6000 1.8164
1.7500 1.8981 1.7500 1.8889
1.6000 1.4477 1.6000 1.4795
1.5800 1.5001 1.5800 1.5051
1.5700 1.5323 1.5700 1.4987
1.5700 1.5517 1.5700 1.5352
1.5500 1.5239 1.5500 1.5370
1.5600 1.5721 1.5600 1.5530
1.6500 1.5591 1.6500 1.5599
1.7700 1.4945 1.7700 1.5106
1.9000 1.5083 1.9000 1.5075
1.9400 1.5323 1.9400 1.5242
1.9700 1.4661 1.9700 1.4791
1.9200 1.5375 1.9200 1.5233
1.8400 1.8070 1.8400 1.7488
1.9500 1.9892 1.9500 1.9581
1.9400 2.1101 1.9400 2.1030
1.9500 1.9750 1.9500 2.0271
1.9000 2.0059 1.9000 2.0336
1.9400 1.8074 1.9400 1.8804
1.8800 1.6353 1.8800 1.7118
1.8400 2.1452 1.8400 2.0491
1.8800 1.8569 1.8800 1.8929
1.8900 1.8781 1.8900 1.8955
1.9000 1.7287 1.9000 1.7470
1.8100 1.9668 1.8100 1.9231
1.6800 1.6921 1.6800 1.7458
1.7800 1.6683 1.7800 1.6722
1.7000 1.9002 1.7000 1.8297
1.6200 1.8397 1.6200 1.8296
1.5800 1.8415 1.5800 1.8464
1.5500 1.5450 1.5500 1.5934
1.5000 1.3312 1.5000 1.4372
1.4600 1.9361 1.4600 1.7899
1.4100 1.4600 1.4100 1.5066
1.4300 1.3402 1.4300 1.3665
1.3400 1.4287 1.3400 1.3628
1.2800 1.4263 1.2800 1.3921
1.2400 1.3257 1.2400 1.3344
1.1800 1.3043 1.1800 1.2781
1.0800 1.2490 1.0800 1.2355
1.0600 1.4219 1.0600 1.3741
1.0000 1.1098 1.0000 1.1805
0.9700 1.1046 0.9700 1.1449
0.9200 1.1316 0.9200 1.1374
0.9500 1.0278 0.9500 1.0797
0.8200 0.9151 0.8200 0.9957
0.7800 0.9951 0.7800 0.9996
0.6900 0.9024 0.6900 0.9582
0.6700 0.8995 0.6700 0.9482
0.6400 0.8691 0.6400 0.9181
0.5900 1.0252 0.5900 1.0254
0.5900 0.7602 0.5900 0.8521
0.6500 0.8003 0.6500 0.8516
0.7300 0.7426 0.7300 0.7947
0.7900 0.7550 0.7900 0.7942
0.8000 0.7462 0.8000 0.7821
0.8400 0.6905 0.8400 0.7324
0.8900 0.7408 0.8900 0.7777
0.9400 0.8657 0.9400 0.9176
1.0000 0.9847 1.0000 1.0580
1.0700 1.0026 1.0700 1.0962
1.1200 0.9195 1.1200 1.0317
1.1800 1.0209 1.1800 1.0963
1.2300 1.0925 1.2300 1.1622
1.3200 1.1248 1.3200 1.2027
1.1300 1.1933 1.1300 1.2565
1.3300 1.2809 1.3300 1.3328
1.2300 1.2863 1.2300 1.3522
1.2700 1.3595 1.2700 1.4062
1.2900 1.3868 1.2900 1.4326
1.3700 1.5492 1.3700 1.5580
1.4700 0.8915 1.4700 1.1095
1.5100 1.7581 1.5100 1.6261
1.5400 1.0765 1.5400 1.1991
1.6300 1.3192 1.6300 1.3519
1.7100 1.3532 1.7100 1.3435
1.8200 1.5368 1.8200 1.5251
1.8800 1.6896 1.8800 1.6916
1.9400 1.5940 1.9400 1.6338
1.8800 1.6107 1.8800 1.6449
2.0100 1.8297 2.0100 1.8020
1.8900 1.8761 1.8900 1.8803
2.0500 2.0180 2.0500 2.0150
2.1200 1.9740 2.1200 2.0011
2.0900 2.0347 2.0900 2.0508
2.0800 1.7400 2.0800 1.8340
1.8800 2.2602 1.8800 2.1794
1.8500 1.6015 1.8500 1.7478
1.9700 2.3280 1.9700 2.2296
1.7900 2.2286 1.7900 2.2175
1.6800 1.9457 1.6800 2.0526
1.5300 2.0057 1.5300 2.0415
1.3500 1.3926 1.3500 1.5977
1.1100 1.7093 1.1100 1.6619
1.0300 2.1599 1.0300 2.0039
0.7400 1.2852 0.7400 1.4290
0.4600 1.3134 0.4600 1.3740
0.5900 1.1603 0.5900 1.2633
0.5900 0.9988 0.5900 1.1214
0.6800 0.8367 0.6800 0.9046
1.1000 0.8414 1.1000 0.9347
1.1600 0.9777 1.1600 1.0543
1.2000 1.1699 1.2000 1.2237
1.2200 1.1002 1.2200 1.2056
1.2400 1.1687 1.2400 1.2473
1.2400 1.2656 1.2400 1.3125
1.2500 1.3250 1.2500 1.3756
1.3000 1.3498 1.3000 1.4038
1.2400 1.3389 1.2400 1.3975
1.1600 1.3108 1.1600 1.3774
1.1100 1.3226 1.1100 1.3739
1.1000 1.2716 1.1000 1.3264
1.1300 1.2897 1.1300 1.3263
1.1200 1.4183 1.1200 1.4233
1.1300 1.1243 1.1300 1.2106
1.1200 0.9912 1.1200 1.1152
1.0900 1.0165 1.0900 1.0879
1.0800 1.0838 1.0800 1.0873
1.0900 1.1840 1.0900 1.1851
1.0800 1.0926 1.0800 1.1283
1.0900 1.1506 1.0900 1.1711
1.1000 1.1199 1.1000 1.1556
1.0900 1.0487 1.0900 1.1034
1.1100 1.0793 1.1100 1.1114
1.1100 1.1311 1.1100 1.1520
1.1400 1.0772 1.1400 1.1243
1.2000 1.1250 1.2000 1.1543
1.1800 1.1436 1.1800 1.1739
1.1600 1.0927 1.1600 1.1443
1.0700 1.1734 1.0700 1.1997
1.0600 1.1374 1.0600 1.1801
1.0600 1.2223 1.0600 1.2497
1.0700 1.3487 1.0700 1.3598
1.0800 1.1617 1.0800 1.2385
1.0600 1.1351 1.0600 1.1900
1.0400 0.9402 1.0400 1.0685
1.0300 1.0559 1.0300 1.0784
1.0200 1.0798 1.0200 1.0967
1.0100 1.0929 1.0100 1.1228
1.0100 1.1087 1.0100 1.1381
0.9900 1.0385 0.9900 1.0870
0.9800 1.0254 0.9800 1.0735
0.9700 1.0404 0.9700 1.0778
0.9800 1.0283 0.9800 1.0725
0.9900 1.0149 0.9900 1.0607
1.0000 1.0365 1.0000 1.0741
0.9800 0.9807 0.9800 1.0353
1.0400 0.9907 1.0400 1.0374
1.0500 0.9861 1.0500 1.0324
1.0500 1.0353 1.0500 1.0749
1.0500 1.0472 1.0500 1.0934
1.0600 1.0564 1.0600 1.1059
1.0800 0.9800 1.0800 1.0470
1.0900 1.2006 1.0900 1.2110
1.1000 1.1179 1.1000 1.1787
1.1000 1.0815 1.1000 1.1498
1.1100 1.0900 1.1100 1.1362
1.1000 1.1213 1.1000 1.1622
1.1000 1.1566 1.1000 1.1993
1.0900 1.1402 1.0900 1.1876
1.0500 1.1484 1.0500 1.1923
1.0300 1.1303 1.0300 1.1771
1.0200 1.1590 1.0200 1.1974
1.0100 1.1075 1.0100 1.1585
1.0100 1.1226 1.0100 1.1618
1.0100 1.0942 1.0100 1.1368
1.0100 0.9903 1.0100 1.0571
1.0200 1.0098 1.0200 1.0482
1.0100 1.0246 1.0100 1.0553
1.0200 1.0114 1.0200 1.0541
1.0300 1.0315 1.0300 1.0685
1.0400 1.0372 1.0400 1.0767
1.0500 1.0407 1.0500 1.0864
1.0700 1.0736 1.0700 1.1143
1.1000 1.0259 1.1000 1.0825
1.1200 1.0742 1.1200 1.1157
1.1700 1.0885 1.1700 1.1312
1.1800 1.0949 1.1800 1.1434
1.2000 1.1048 1.2000 1.1514
1.2400 1.1456 1.2400 1.1845
1.3000 1.1963 1.3000 1.2336
1.3500 1.1939 1.3500 1.2413
1.3900 1.3031 1.3900 1.3291
1.4300 1.2336 1.4300 1.2901
1.4500 1.2662 1.4500 1.3096
1.4600 1.3518 1.4600 1.3737
1.4500 1.4483 1.4500 1.4679
1.4400 1.4718 1.4400 1.5080
1.4200 1.4873 1.4200 1.5250
1.4000 1.5301 1.4000 1.5620
1.3800 1.5057 1.3800 1.5493
1.3300 1.4861 1.3300 1.5271
1.3000 1.4274 1.3000 1.4667
1.2900 1.4091 1.2900 1.4345
1.2700 1.3622 1.2700 1.3850
1.2400 1.3345 1.2400 1.3493
1.2100 1.3120 1.2100 1.3210
1.1900 1.1976 1.1900 1.2233
1.1700 1.2085 1.1700 1.2111
1.1600 1.2460 1.1600 1.2368
1.1100 1.2039 1.1100 1.2166
1.1000 1.1538 1.1000 1.1734
1.0700 1.1318 1.0700 1.1451
1.0500 1.1393 1.0500 1.1510
1.0400 1.1215 1.0400 1.1411
1.0200 1.1326 1.0200 1.1491
1.0200 1.0064 1.0200 1.0650
1.0200 1.0792 1.0200 1.0920
1.0100 1.0204 1.0100 1.0534
0.9900 1.0154 0.9900 1.0499
0.9600 1.0325 0.9600 1.0592
0.9400 0.9966 0.9400 1.0367
0.9600 1.0395 0.9600 1.0718
0.9400 1.0460 0.9400 1.0824
0.9600 1.0170 0.9600 1.0674
0.9600 0.9799 0.9600 1.0334
0.9600 0.9340 0.9600 1.0015
0.9900 0.9359 0.9900 0.9928
1.0100 1.0364 1.0100 1.0643
1.0300 0.9386 1.0300 1.0055
1.0500 1.0327 1.0500 1.0714
1.1000 1.0070 1.1000 1.0594
1.1500 1.0030 1.1500 1.0634
1.1800 1.0963 1.1800 1.1336
1.1800 1.0979 1.1800 1.1493
1.2200 1.1125 1.2200 1.1689
1.2300 1.1342 1.2300 1.1829
1.2100 1.2453 1.2100 1.2763
1.2100 1.2947 1.2100 1.3358
1.0200 1.2768 1.0200 1.3333
1.1600 1.2137 1.1600 1.2773
1.1600 1.3357 1.1600 1.3585
1.2700 1.2826 1.2700 1.3319
1.2500 1.1842 1.2500 1.2480
1.2800 1.2239 1.2800 1.2497
1.3300 0.8300 1.3300 0.9824
1.1700 1.4413 1.1700 1.3266
1.2900 1.1922 1.2900 1.2266
1.2800 1.4684 1.2800 1.4732
1.3300 1.2245 1.3300 1.2905
1.4200 1.3539 1.4200 1.3764
1.4700 1.4730 1.4700 1.4895
1.4200 0.9237 1.4200 1.1144
1.4400 1.5340 1.4400 1.4482
1.3800 1.2874 1.3800 1.3182
1.4000 1.4069 1.4000 1.4376
1.3900 1.6127 1.3900 1.5854
1.3400 1.5810 1.3400 1.6112
1.3200 1.3188 1.3200 1.4267
1.3000 1.4856 1.3000 1.4859
1.2700 1.2646 1.2700 1.3234
1.2300 1.4210 1.2300 1.4186
1.2300 1.3519 1.2300 1.3614
1.1800 1.2024 1.1800 1.2417
1.2100 1.2529 1.2100 1.2522
1.1900 1.2410 1.1900 1.2402
1.1900 1.1852 1.1900 1.2084
1.1600 1.1241 1.1600 1.1436
0.8600 1.2123 0.8600 1.2016
1.0900 1.0671 1.0900 1.1085
1.0600 1.2557 1.0600 1.2395
1.0900 1.1495 1.0900 1.1786
1.1000 1.1812 1.1000 1.2054
1.0500 1.1042 1.0500 1.1407
1.1700 0.6587 1.1700 0.8126
1.2400 1.5479 1.2400 1.3406
1.3300 1.0535 1.3300 1.1185
1.1900 1.1079 1.1900 1.1865
1.1500 1.1434 1.1500 1.1503
0.7700 0.9233 0.7700 0.9501
0.7200 1.0970 0.7200 1.1000
0.7700 0.8755 0.7700 0.9768
0.8000 0.7809 0.8000 0.8684
0.8200 0.8534 0.8200 0.9073
0.8200 0.7965 0.8200 0.8763
0.8300 0.8621 0.8300 0.9182
0.6700 0.7705 0.6700 0.8331
0.8100 0.9270 0.8100 0.9638
0.7800 0.9434 0.7800 1.0083
0.8200 0.9317 0.8200 1.0201
0.8200 0.8984 0.8200 0.9859
0.8600 0.9316 0.8600 1.0027
0.8900 0.6797 0.8900 0.8126
0.9400 1.1468 0.9400 1.1032
0.9900 0.8311 0.9900 0.9342
1.0000 0.9418 1.0000 1.0292
0.9400 0.8998 0.9400 0.9684
0.9400 1.0165 0.9400 1.0724
0.8600 1.0320 0.8600 1.1093
1.0200 1.1079 1.0200 1.1661
0.9900 1.1598 0.9900 1.2206
0.9600 1.0845 0.9600 1.1684
0.8100 0.8886 0.8100 1.0260
1.0000 0.9968 1.0000 1.0395
1.0300 0.8361 1.0300 0.9464
1.1500 1.3745 1.1500 1.3206
1.3400 0.9872 1.3400 1.0928
1.3400 0.9171 1.3400 1.0143
1.2800 0.7726 1.2800 0.8855
1.3100 1.4313 1.3100 1.3247
1.3500 1.1634 1.3500 1.2472
1.3500 1.3963 1.3500 1.4350
1.3500 1.7373 1.3500 1.7008
1.3300 1.3757 1.3300 1.4873
1.3000 1.1955 1.3000 1.3241
1.2800 1.4282 1.2800 1.4239
1.2600 1.4746 1.2600 1.4985
1.2500 1.3466 1.2500 1.4133
1.2500 1.3351 1.2500 1.3579
1.2400 1.2862 1.2400 1.3108
1.2200 1.2336 1.2200 1.2688
1.2000 1.2293 1.2000 1.2466
0.9100 1.2057 0.9100 1.2203
0.7100 1.2134 0.7100 1.2245
0.9300 1.2363 0.9300 1.2431
0.9200 1.2089 0.9200 1.2292
1.0500 1.1711 1.0500 1.1986
1.2200 1.1558 1.2200 1.1788
1.3100 0.6947 1.3100 0.8491
1.2400 0.6691 1.2400 0.7294
1.0500 1.3908 1.0500 1.1825
