1.7300 1.6614 1.7300 1.6119
1.7300 1.6650 1.7300 1.6263
1.7400 1.6005 1.7400 1.5420
1.7800 1.7159 1.7800 1.7165
1.8100 1.7336 1.8100 1.7155
1.8300 1.7795 1.8300 1.7448
1.8500 1.7120 1.8500 1.6514
1.8600 1.7176 1.8600 1.6811
1.9000 1.7550 1.9000 1.7479
1.9600 1.8604 1.9600 1.8691
2.0000 1.8592 2.0000 1.8247
2.0100 1.8546 2.0100 1.8077
2.0100 1.8817 2.0100 1.8640
2.0200 1.8687 2.0200 1.8437
2.0100 1.9783 2.0100 1.9904
2.0100 2.0833 2.0100 2.1023
2.0700 2.0670 2.0700 2.0272
2.1400 2.0071 2.1400 1.9504
2.2000 1.9926 2.2000 1.9729
2.2400 2.0272 2.2400 2.0348
2.2700 1.9606 2.2700 1.9209
2.2800 1.9814 2.2800 1.9565
2.2700 2.1897 2.2700 2.2489
2.2400 2.2756 2.2400 2.2874
2.2100 2.3032 2.2100 2.2668
2.1700 2.3030 2.1700 2.2795
2.1200 2.3155 2.1200 2.3163
2.1000 2.2747 2.1000 2.2618
2.1000 2.2116 2.1000 2.1818
2.1100 2.1315 2.1100 2.0940
2.1100 2.1006 2.1100 2.0782
2.0800 2.0336 2.0800 1.9942
2.0300 1.9571 2.0300 1.8995
1.9800 2.0121 1.9800 2.0033
1.9600 2.0594 1.9600 2.0523
1.9400 2.0886 1.9400 2.0562
1.9300 2.0667 1.9300 2.0177
1.9100 1.9703 1.9100 1.9013
1.8800 1.8800 1.8800 1.8210
1.8500 1.8348 1.8500 1.8008
1.8200 1.8838 1.8200 1.8790
1.7800 1.8571 1.7800 1.8139
1.7500 1.8688 1.7500 1.8211
1.7300 1.8305 1.7300 1.7781
1.7100 1.7807 1.7100 1.7230
1.6700 1.7554 1.6700 1.7133
1.6400 1.7268 1.6400 1.6854
1.6200 1.6624 1.6200 1.6016
1.6100 1.6581 1.6100 1.6147
1.5900 1.6632 1.5900 1.6287
1.5500 1.6413 1.5500 1.5895
1.5100 1.5564 1.5100 1.4798
1.4900 1.5562 1.4900 1.5112
1.4800 1.5627 1.4800 1.5319
1.4800 1.5719 1.4800 1.5307
1.4500 1.5280 1.4500 1.4654
1.4200 1.4468 1.4200 1.3710
1.4000 1.4147 1.4000 1.3624
1.3900 1.4431 1.3900 1.4178
1.3800 1.4512 1.3800 1.4126
1.3800 1.4701 1.3800 1.4237
1.3900 1.3749 1.3900 1.2949
1.4300 1.3523 1.4300 1.2946
1.5000 1.3619 1.5000 1.3331
1.6000 1.3708 1.6000 1.3343
1.7100 1.3573 1.7100 1.3051
1.7900 1.3806 1.7900 1.3394
1.8700 1.4143 1.8700 1.3828
1.9400 1.5194 1.9400 1.5095
2.0000 1.6534 2.0000 1.6559
2.0300 1.8175 2.0300 1.8257
2.0200 1.9412 2.0200 1.9416
2.0300 1.9609 2.0300 1.9259
2.0500 2.0508 2.0500 2.0537
2.0700 2.1030 2.0700 2.1204
2.0800 2.1336 2.0800 2.1348
2.0600 2.0871 2.0600 2.0609
2.0300 1.9801 2.0300 1.9300
2.0000 2.0407 2.0000 2.0565
1.9700 2.0791 1.9700 2.0958
1.9500 2.0861 1.9500 2.0607
1.9100 2.0703 1.9100 2.0331
1.8800 1.9814 1.8800 1.9243
1.8900 1.9317 1.8900 1.8913
1.8900 1.9037 1.8900 1.8798
1.8800 1.8694 1.8800 1.8329
1.8300 1.8706 1.8300 1.8368
1.8000 1.7827 1.8000 1.7156
1.7900 1.7796 1.7900 1.7350
1.8400 1.8891 1.8400 1.8999
1.9200 1.8588 1.9200 1.8132
2.0300 1.8229 2.0300 1.7547
2.1400 1.6887 2.1400 1.6066
2.2100 1.7138 2.2100 1.6905
2.2200 1.7508 2.2200 1.7470
2.2200 1.9336 2.2200 1.9570
2.2400 2.0795 2.2400 2.0896
2.2800 2.2558 2.2800 2.2473
2.3300 2.3531 2.3300 2.3403
2.3700 2.3520 2.3700 2.3207
2.3800 2.2218 2.3800 2.1656
2.3600 2.2057 2.3600 2.2111
2.3200 2.2704 2.3200 2.3191
2.2600 2.3435 2.2600 2.3701
2.1800 2.4074 2.1800 2.4089
2.1200 2.4214 2.1200 2.4040
2.0800 2.3599 2.0800 2.3209
2.0300 2.2706 2.0300 2.2297
2.0000 2.1844 2.0000 2.1521
1.9800 2.0738 1.9800 2.0278
1.9900 1.9432 1.9900 1.8763
2.0000 1.9323 2.0000 1.9027
2.0000 1.9394 2.0000 1.9160
1.9700 1.8608 1.9700 1.7853
1.8900 1.8837 1.8900 1.8386
1.8200 1.8948 1.8200 1.8646
1.7700 1.9766 1.7700 1.9629
1.7800 1.9865 1.7800 1.9519
1.7700 1.9636 1.7700 1.9103
1.7600 1.8685 1.7600 1.8014
1.7200 1.6774 1.7200 1.5809
1.6900 1.6392 1.6900 1.5998
1.6500 1.6359 1.6500 1.6192
1.6100 1.7764 1.6100 1.7825
1.5600 1.7111 1.5600 1.6376
1.5000 1.7036 1.5000 1.6289
1.4400 1.6083 1.4400 1.5393
1.3900 1.6080 1.3900 1.5704
1.3500 1.5462 1.3500 1.4981
1.3100 1.5036 1.3100 1.4442
1.2700 1.4336 1.2700 1.3674
1.2400 1.3552 1.2400 1.2826
1.2100 1.3011 1.2100 1.2376
1.1900 1.2777 1.1900 1.2250
1.1700 1.2612 1.1700 1.2069
1.1300 1.2231 1.1300 1.1574
1.0800 1.1884 1.0800 1.1232
1.0000 1.1867 1.0000 1.1374
0.9300 1.1608 0.9300 1.1073
0.8700 1.1645 0.8700 1.1165
0.8300 1.1480 0.8300 1.0987
0.8300 1.0698 0.8300 0.9996
0.8500 1.0086 0.8500 0.9452
0.9000 0.8825 0.9000 0.8097
0.9700 0.8482 0.9700 0.7997
1.0700 0.8240 1.0700 0.7886
1.1600 0.8322 1.1600 0.7972
1.2100 0.9151 1.2100 0.9012
1.2200 0.9716 1.2200 0.9525
1.2000 1.0694 1.2000 1.0552
1.2100 1.1676 1.2100 1.1599
1.2400 1.3143 1.2400 1.3186
1.3000 1.3706 1.3000 1.3499
1.3800 1.3301 1.3800 1.2738
1.4500 1.2638 1.4500 1.2101
1.4800 1.1916 1.4800 1.1509
1.4600 1.2673 1.4600 1.2731
1.3800 1.3312 1.3800 1.3320
1.2700 1.4406 1.2700 1.4296
1.1500 1.5572 1.1500 1.5475
1.0400 1.6011 1.0400 1.5685
0.9500 1.5435 0.9500 1.4809
0.8900 1.4221 0.8900 1.3508
0.8500 1.2224 0.8500 1.1380
0.8300 1.0594 0.8300 0.9865
0.8400 0.9288 0.8400 0.8655
0.8600 0.8483 0.8600 0.7860
0.8900 0.8115 0.8900 0.7521
0.9100 0.8259 0.9100 0.7772
0.9300 0.8387 0.9300 0.7913
0.9500 0.8675 0.9500 0.8266
0.9600 0.9412 0.9600 0.9212
0.9700 0.9785 0.9700 0.9541
0.9800 1.0209 0.9800 0.9947
0.9900 1.0172 0.9900 0.9840
1.0000 1.0349 1.0000 1.0084
1.0100 1.0539 1.0100 1.0344
1.0200 1.0407 1.0200 1.0095
1.0300 1.0485 1.0300 1.0202
1.0400 1.0580 1.0400 1.0340
1.0300 1.0651 1.0300 1.0374
1.0100 1.0725 1.0100 1.0429
1.0000 1.0807 1.0000 1.0511
0.9900 1.0890 0.9900 1.0590
1.0000 1.0973 1.0000 1.0669
1.0000 1.1056 1.0000 1.0749
1.0000 1.0544 1.0000 1.0058
1.0000 1.0177 1.0000 0.9714
1.0000 1.0339 1.0000 1.0107
1.0100 1.0244 1.0100 0.9936
1.0100 1.0713 1.0100 1.0478
1.0200 1.0492 1.0200 1.0088
1.0200 1.0479 1.0200 1.0061
1.0300 1.0514 1.0300 1.0204
1.0300 1.0519 1.0300 1.0204
1.0300 1.0807 1.0300 1.0557
1.0300 1.0588 1.0300 1.0198
1.0400 1.0876 1.0400 1.0584
1.0400 1.0681 1.0400 1.0321
1.0500 1.0967 1.0500 1.0685
1.0500 1.0763 1.0500 1.0397
1.0600 1.0753 1.0600 1.0380
1.0600 1.0769 1.0600 1.0455
1.0700 1.1064 1.0700 1.0821
1.0700 1.0835 1.0700 1.0429
1.0800 1.1126 1.0800 1.0823
1.0700 1.0929 1.0700 1.0559
1.0700 1.1218 1.0700 1.0927
1.0600 1.1013 1.0600 1.0636
1.0700 1.1303 1.0700 1.1008
1.0800 1.1097 1.0800 1.0717
1.0900 1.1388 1.0900 1.1090
1.0900 1.0882 1.0900 1.0408
1.0900 1.1093 1.0900 1.0760
1.0900 1.0816 1.0900 1.0443
1.0900 1.1310 1.0900 1.1076
1.1000 1.1391 1.1000 1.1093
1.1000 1.1446 1.1000 1.1044
1.1100 1.1245 1.1100 1.0804
1.1200 1.1269 1.1200 1.0915
1.1200 1.1281 1.1200 1.0964
1.1300 1.1269 1.1300 1.0915
1.1400 1.1563 1.1400 1.1285
1.1400 1.1340 1.1400 1.0917
1.1300 1.1636 1.1300 1.1316
1.1200 1.1741 1.1200 1.1443
1.1100 1.1507 1.1100 1.1050
1.1100 1.1821 1.1100 1.1530
1.1000 1.1923 1.1000 1.1635
1.1000 1.1680 1.1000 1.1214
1.0900 1.1387 1.0900 1.0907
1.0900 1.1328 1.0900 1.0967
1.1000 1.1241 1.1000 1.0886
1.1300 1.1437 1.1300 1.1125
1.1600 1.1120 1.1600 1.0650
1.1700 1.1331 1.1700 1.0970
1.1500 1.1047 1.1500 1.0621
1.1300 1.1254 1.1300 1.0911
1.0900 1.1566 1.0900 1.1321
1.0900 1.2239 1.0900 1.2058
1.1200 1.2479 1.1200 1.2154
1.1500 1.2124 1.1500 1.1573
1.1800 1.1346 1.1800 1.0715
1.1800 1.1236 1.1800 1.0891
1.1800 1.0469 1.1800 0.9994
1.1700 1.1289 1.1700 1.1160
1.1500 1.2179 1.1500 1.2158
1.1300 1.2348 1.1300 1.1913
1.1100 1.2603 1.1100 1.2147
1.0900 1.2018 1.0900 1.1454
1.0800 1.2069 1.0800 1.1708
1.0700 1.1799 1.0700 1.1465
1.0600 1.1374 1.0600 1.0892
1.0500 1.1192 1.0500 1.0772
1.0500 1.1019 1.0500 1.0619
1.0600 1.0828 1.0600 1.0382
1.0600 1.0951 1.0600 1.0592
1.0400 1.0863 1.0400 1.0455
1.0300 1.0767 1.0300 1.0321
1.0200 1.0696 1.0200 1.0290
1.0400 1.0921 1.0400 1.0621
1.0500 1.1215 1.0500 1.0948
1.0600 1.0981 1.0600 1.0525
1.0500 1.0390 1.0500 0.9804
1.0400 1.0565 1.0400 1.0273
1.0300 1.0499 1.0300 1.0218
1.0200 1.1266 1.0200 1.1124
1.0100 1.1113 1.0100 1.0724
1.0500 1.1171 1.0500 1.0725
1.1400 1.0704 1.1400 1.0224
1.2800 1.0647 1.2800 1.0285
1.4200 1.0581 1.4200 1.0282
1.5100 1.0475 1.5100 1.0113
1.5500 1.0376 1.5500 0.9990
1.5600 1.1785 1.5600 1.1852
1.5400 1.3628 1.5400 1.3876
1.5000 1.5672 1.5000 1.5996
1.4100 1.6661 1.4100 1.6729
1.3000 1.6879 1.3000 1.6360
1.1600 1.6415 1.1600 1.5887
1.0600 1.5997 1.0600 1.5790
1.0000 1.5115 1.0000 1.4793
0.9700 1.4203 0.9700 1.3719
0.9700 1.2185 0.9700 1.1261
0.9800 1.0733 0.9800 0.9869
0.9900 0.8863 0.9900 0.7944
1.0000 0.8829 1.0000 0.8347
1.0000 0.9156 1.0000 0.8842
1.0000 0.9481 1.0000 0.8968
1.0000 1.0114 1.0000 0.9670
1.0000 1.0448 1.0000 1.0023
0.9900 1.0555 0.9900 1.0102
0.9900 1.0681 0.9900 1.0319
1.0000 1.0503 1.0000 1.0120
1.0000 1.0517 1.0000 1.0190
1.0000 1.0530 1.0000 1.0242
1.0000 1.0520 1.0000 1.0197
1.0200 1.0217 1.0200 0.9793
1.0600 1.0435 1.0600 1.0157
1.1000 1.0738 1.1000 1.0538
1.1400 1.0496 1.1400 1.0075
1.1500 1.0490 1.1500 1.0100
1.1500 1.0522 1.1500 1.0227
1.1300 1.1112 1.1300 1.0968
1.1100 1.1860 1.1100 1.1762
1.0800 1.2161 1.0800 1.1859
1.0400 1.2502 1.0400 1.2174
1.0000 1.1979 1.0000 1.1468
0.9600 1.1805 0.9600 1.1392
0.9200 1.1243 0.9200 1.0826
0.8800 1.1058 0.8800 1.0689
0.8600 1.0571 0.8600 1.0124
0.8400 0.9994 0.8400 0.9445
0.8300 0.9667 0.8300 0.9203
0.8500 0.9347 0.8500 0.8914
0.9100 0.9017 0.9100 0.8556
0.9500 0.8708 0.9500 0.8258
0.9900 0.8984 0.9900 0.8725
0.9900 0.8837 0.9900 0.8496
1.0000 0.8952 1.0000 0.8624
0.9800 0.9749 0.9800 0.9687
0.9600 1.1048 0.9600 1.1147
0.9400 1.0878 0.9400 1.0477
0.9200 1.1181 0.9200 1.0806
0.8900 1.0424 0.8900 0.9952
0.8600 1.0758 0.8600 1.0559
0.8400 0.9992 0.8400 0.9605
0.8200 0.9793 0.8200 0.9400
0.8000 0.9650 0.8000 0.9370
0.7700 0.9471 0.7700 0.9127
0.7500 0.9006 0.7500 0.8544
0.7400 0.8785 0.7400 0.8399
0.7500 0.8862 0.7500 0.8616
0.8000 0.8707 0.8000 0.8395
0.8400 0.8545 0.8400 0.8193
0.8700 0.8137 0.8700 0.7756
0.9000 0.8218 0.9000 0.7997
0.9700 0.8375 0.9700 0.8237
1.0400 0.8842 1.0400 0.8749
1.0900 1.0014 1.0900 1.0110
1.1100 1.0063 1.1100 0.9822
1.1500 1.0032 1.1500 0.9642
1.1800 1.0325 1.1800 1.0162
1.1700 1.1769 1.1700 1.1988
1.1800 1.2313 1.1800 1.2236
1.2200 1.2240 1.2200 1.1781
1.3200 1.1830 1.3200 1.1344
1.4200 1.2706 1.4200 1.2713
1.5200 1.2762 1.5200 1.2602
1.6000 1.1731 1.6000 1.1025
1.5900 1.2300 1.5900 1.2096
1.5800 1.3357 1.5800 1.3506
1.6100 1.5516 1.6100 1.5818
1.6500 1.6369 1.6500 1.6185
1.6600 1.7323 1.6600 1.7030
1.6700 1.7770 1.6700 1.7572
1.6900 1.5666 1.6900 1.4717
1.7400 1.5691 1.7400 1.5441
1.7500 1.6955 1.7500 1.7496
1.7500 1.7373 1.7500 1.7318
1.7300 1.6629 1.7300 1.5851
1.7000 1.6812 1.7000 1.6422
1.6500 1.7321 1.6500 1.7300
1.6000 1.8469 1.6000 1.8592
1.5400 1.7544 1.5400 1.6889
1.5000 1.7333 1.5000 1.6775
1.5000 1.6768 1.5000 1.6400
1.5200 1.6225 1.5200 1.5783
1.5400 1.5249 1.5400 1.4621
1.5400 1.4761 1.5400 1.4223
1.5300 1.3952 1.5300 1.3318
1.5100 1.4010 1.5100 1.3559
1.4900 1.4914 1.4900 1.4782
1.4600 1.5509 1.4600 1.5198
1.4400 1.5670 1.4400 1.5112
1.4500 1.5270 1.4500 1.4612
1.4600 1.5032 1.4600 1.4544
1.4600 1.4658 1.4600 1.4236
1.4600 1.4454 1.4600 1.4047
1.4600 1.3919 1.4600 1.3377
1.4600 1.3945 1.4600 1.3522
1.4400 1.4719 1.4400 1.4583
1.4300 1.4765 1.4300 1.4347
1.4500 1.4513 1.4500 1.3880
1.4900 1.4579 1.4900 1.4159
1.5100 1.4617 1.5100 1.4283
1.5300 1.4601 1.5300 1.4213
1.5200 1.3947 1.5200 1.3334
1.4900 1.4099 1.4900 1.3724
1.4200 1.4983 1.4200 1.4953
1.3300 1.5759 1.3300 1.5616
1.2300 1.5435 1.2300 1.4820
1.1200 1.5681 1.1200 1.5261
1.0100 1.4973 1.0100 1.4453
0.9100 1.4243 0.9100 1.3642
0.8200 1.2711 0.8200 1.1920
0.7600 1.1449 0.7600 1.0681
0.7100 1.0334 0.7100 0.9644
0.6900 0.9121 0.6900 0.8320
0.7000 0.8176 0.7000 0.7382
0.7100 0.7596 0.7100 0.6930
0.7200 0.7135 0.7200 0.6525
0.7000 0.7347 0.7000 0.6951
0.6700 0.7249 0.6700 0.6848
0.6100 0.7751 0.6100 0.7510
0.5500 0.8480 0.5500 0.8421
0.5100 0.8540 0.5100 0.8290
0.5100 0.8584 0.5100 0.8303
0.5500 0.7870 0.5500 0.7487
0.6000 0.7494 0.6000 0.7221
0.6400 0.6552 0.6400 0.6239
0.6900 0.6201 0.6900 0.6025
0.7400 0.6422 0.7400 0.6493
0.7700 0.7260 0.7700 0.7483
0.7500 0.8285 0.7500 0.8506
0.7200 0.8715 0.7200 0.8699
0.6800 0.8679 0.6800 0.8481
0.6500 0.9207 0.6500 0.9215
0.6500 0.9577 0.6500 0.9610
0.6700 0.9351 0.6700 0.9124
0.7100 0.8188 0.7100 0.7671
0.7500 0.7835 0.7500 0.7589
0.8200 0.7428 0.8200 0.7310
0.8800 0.7415 0.8800 0.7314
0.9100 0.8018 0.9100 0.8072
0.8600 0.8544 0.8600 0.8549
0.8300 0.9168 0.8300 0.9114
0.8100 0.9416 0.8100 0.9263
0.7900 1.0529 0.7900 1.0597
0.7400 1.0775 0.7400 1.0656
0.6900 1.0345 0.6900 0.9896
0.6500 0.8359 0.6500 0.7536
0.6300 0.8647 0.6300 0.8532
0.5700 0.8776 0.5700 0.8867
0.5800 0.8517 0.5800 0.8205
0.6000 0.7492 0.6000 0.6889
0.6800 0.7191 0.6800 0.6848
0.7500 0.7195 0.7500 0.7094
0.7900 0.7478 0.7900 0.7424
0.8500 0.6281 0.8500 0.5798
0.8900 0.7758 0.8900 0.7958
0.9600 0.8189 0.9600 0.8386
1.0300 0.9811 1.0300 1.0013
1.0700 1.0017 1.0700 0.9903
1.1100 0.9607 1.1100 0.9158
1.1600 1.0525 1.1600 1.0560
1.2000 1.0496 1.2000 1.0416
1.1700 1.1636 1.1700 1.1671
1.1200 1.2230 1.1200 1.2202
1.0700 1.1884 1.0700 1.1416
1.1100 1.2275 1.1100 1.2029
1.2000 1.3009 1.2000 1.3035
1.2800 1.3112 1.2800 1.2860
1.3300 1.1291 1.3300 1.0354
1.3500 1.0512 1.3500 0.9893
1.3800 1.0171 1.3800 0.9949
1.4200 1.2384 1.4200 1.2815
1.4400 1.4163 1.4400 1.4396
1.4600 1.4487 1.4600 1.3899
1.4800 1.4328 1.4800 1.3621
1.5000 1.4043 1.5000 1.3602
1.5100 1.4652 1.5100 1.4640
1.5300 1.5232 1.5300 1.5248
1.5500 1.4874 1.5500 1.4411
1.5700 1.5059 1.5700 1.4691
1.5900 1.5294 1.5900 1.5092
1.6200 1.5462 1.6200 1.5187
1.6400 1.5307 1.6400 1.4894
1.6700 1.5737 1.6700 1.5510
1.6900 1.5929 1.6900 1.5684
1.6600 1.6093 1.6600 1.5761
1.6200 1.6292 1.6200 1.5992
1.5800 1.6824 1.5800 1.6659
1.5800 1.6771 1.5800 1.6426
1.5900 1.7296 1.5900 1.7093
1.6100 1.7269 1.6100 1.6980
1.6100 1.5792 1.6100 1.4931
1.6100 1.5241 1.6100 1.4695
1.6000 1.4902 1.6000 1.4627
1.6000 1.5746 1.6000 1.5712
1.6000 1.5986 1.6000 1.5670
1.5900 1.6362 1.5900 1.5904
1.5900 1.5942 1.5900 1.5331
1.5900 1.6005 1.5900 1.5593
1.6100 1.5719 1.6100 1.5334
1.6200 1.5936 1.6200 1.5652
1.6300 1.5917 1.6300 1.5577
1.6300 1.5563 1.6300 1.5026
1.6400 1.5813 1.6400 1.5486
1.6400 1.5823 1.6400 1.5493
1.6400 1.6457 1.6400 1.6255
1.5700 1.6309 1.5700 1.5887
1.4600 1.6404 1.4600 1.5979
1.3200 1.6212 1.3200 1.5810
1.2100 1.6552 1.2100 1.6320
1.1000 1.6307 1.1000 1.5916
1.5100 1.5015 1.5100 1.4577
1.5100 1.4614 1.5100 1.4124
1.5100 1.4743 1.5100 1.4378
1.5000 1.4966 1.5000 1.4673
1.4800 1.5258 1.4800 1.4920
1.4600 1.5017 1.4600 1.4486
1.4300 1.5042 1.4300 1.4594
1.4200 1.5077 1.4200 1.4731
1.4000 1.5069 1.4000 1.4691
1.3800 1.4735 1.3800 1.4230
1.3700 1.4326 1.3700 1.3784
1.3700 1.4157 1.3700 1.3725
1.3700 1.3643 1.3700 1.3107
1.3700 1.3989 1.3700 1.3669
1.3600 1.3563 1.3600 1.3043
1.3500 1.3353 1.3500 1.2768
1.3400 1.3520 1.3400 1.3152
1.3300 1.3742 1.3300 1.3405
1.3100 1.3716 1.3100 1.3249
1.2900 1.3721 1.2900 1.3254
1.2800 1.3428 1.2800 1.2915
1.2900 1.3353 1.2900 1.2915
1.3100 1.3272 1.3100 1.2875
1.3100 1.3165 1.3100 1.2728
1.2400 1.2750 1.2400 1.2198
1.2000 1.2577 1.2000 1.2091
1.1400 1.2720 1.1400 1.2379
1.1400 1.3236 1.1400 1.2995
1.1500 1.3610 1.1500 1.3286
1.2000 1.3145 1.2000 1.2513
1.2300 1.1012 1.2300 0.9875
1.2300 1.1423 1.2300 1.1148
1.2100 1.0494 1.2100 1.0094
1.2200 1.1670 1.2200 1.1529
1.2000 1.1951 1.2000 1.1675
1.1900 1.3199 1.1900 1.2969
1.1600 1.3042 1.1600 1.2526
1.1600 1.2412 1.1600 1.1679
1.1600 1.1909 1.1600 1.1399
1.1500 1.2714 1.1500 1.2721
1.1100 1.1818 1.1100 1.1289
1.1000 1.1883 1.1000 1.1383
1.1500 1.1233 1.1500 1.0716
1.2700 1.1876 1.2700 1.1652
1.4300 1.1868 1.4300 1.1547
1.5600 1.1510 1.5600 1.0913
1.6100 1.0544 1.6100 0.9812
1.6200 1.1163 1.6200 1.0974
1.5900 1.2915 1.5900 1.3208
1.5700 1.5444 1.5700 1.5811
1.5100 1.7148 1.5100 1.7375
1.5200 1.7708 1.5200 1.7511
1.5300 1.7091 1.5300 1.6180
1.6000 1.6540 1.6000 1.6163
1.5900 1.5437 1.5900 1.5182
1.5600 1.5381 1.5600 1.5286
1.5300 1.3777 1.5300 1.3077
1.5200 1.5404 1.5200 1.5482
1.5400 1.5465 1.5400 1.5259
1.5800 1.7423 1.5800 1.7408
1.5900 1.5470 1.5900 1.4406
1.5400 1.4810 1.5400 1.3924
1.5200 1.4717 1.5200 1.4576
1.5100 1.5017 1.5100 1.4917
1.5100 1.5782 1.5100 1.5645
1.4900 1.6574 1.4900 1.6362
1.5000 1.5952 1.5000 1.5228
1.5500 1.4166 1.5500 1.3069
1.6300 1.4811 1.6300 1.4707
1.6500 1.4940 1.6500 1.4904
1.6800 1.5010 1.6800 1.4558
1.6600 1.4340 1.6600 1.3612
1.6600 1.5178 1.6600 1.4968
1.6200 1.6605 1.6200 1.6779
1.6000 1.8003 1.6000 1.8028
1.5600 1.6737 1.5600 1.5795
1.5300 1.7390 1.5300 1.7084
1.4800 1.6152 1.4800 1.5687
1.4200 1.6580 1.4200 1.6404
1.3700 1.5245 1.3700 1.4654
1.3300 1.5463 1.3300 1.5089
1.3000 1.4627 1.3000 1.4087
1.2500 1.4529 1.2500 1.4008
1.2000 1.3612 1.2000 1.2919
1.1700 1.2827 1.1700 1.2071
1.1300 1.2623 1.1300 1.2131
1.1200 1.2468 1.1200 1.1997
1.1100 1.2377 1.1100 1.1830
1.0800 1.1480 1.0800 1.0669
1.0200 1.1072 1.0200 1.0404
0.9600 1.1295 0.9600 1.0965
0.9000 1.0705 0.9000 1.0109
0.8600 1.1244 0.8600 1.0875
0.8400 1.1182 0.8400 1.0776
0.8400 1.0466 0.8400 0.9747
0.8800 0.9369 0.8800 0.8596
0.9700 0.8950 0.9700 0.8488
1.0500 0.8494 1.0500 0.8103
1.1200 0.8569 1.1200 0.8247
1.1700 0.8824 1.1700 0.8560
1.2300 0.9226 1.2300 0.8970
1.2900 1.0363 1.2900 1.0322
1.3100 1.2127 1.3100 1.2302
1.3200 1.2510 1.3200 1.2216
1.3300 1.2875 1.3300 1.2461
1.3600 1.3002 1.3600 1.2719
1.3900 1.3840 1.3900 1.3828
1.4000 1.4403 1.4000 1.4352
1.4100 1.3658 1.4100 1.3082
1.4400 1.3566 1.4400 1.3154
1.4700 1.3725 1.4700 1.3580
1.5300 1.4406 1.5300 1.4348
1.5400 1.4620 1.5400 1.4338
1.6200 1.4228 1.6200 1.3649
1.6400 1.4370 1.6400 1.4006
1.7100 1.5147 1.7100 1.5117
1.7400 1.5384 1.7400 1.5134
1.8000 1.6613 1.8000 1.6568
1.8500 1.5551 1.8500 1.4861
1.8100 1.7996 1.8100 1.8316
1.7100 1.6811 1.7100 1.6348
2.3400 2.4414 2.3400 2.4508
2.3100 2.4541 2.3100 2.4555
2.2600 2.4706 2.2600 2.4737
2.2000 2.2446 2.2000 2.1483
2.1100 2.2688 2.1100 2.2572
1.2400 1.1024 1.2400 1.0680
1.3100 1.1140 1.3100 1.0829
1.3500 1.0717 1.3500 1.0173
1.3700 1.1450 1.3700 1.1220
1.3600 1.2160 1.3600 1.2046
1.3500 1.3292 1.3500 1.3183
1.3300 1.3810 1.3300 1.3523
1.2900 1.4691 1.2900 1.4485
1.2400 1.4445 1.2400 1.4014
1.2200 1.4233 1.2200 1.3780
1.2100 1.3539 1.2100 1.3076
1.1900 1.3459 1.1900 1.3170
1.1400 1.3024 1.1400 1.2640
1.0800 1.2159 1.0800 1.1499
1.0200 1.1489 1.0200 1.0865
0.9600 1.1986 0.9600 1.1775
0.9000 1.2074 0.9000 1.1739
0.8400 1.1610 0.8400 1.0927
0.8000 1.0551 0.8000 0.9717
0.7700 0.9898 0.7700 0.9283
0.7400 0.9435 0.7400 0.8987
0.7100 0.8919 0.7100 0.8412
0.7500 0.8422 0.7500 0.7872
0.8100 0.7973 0.8100 0.7456
0.8600 0.8113 0.8600 0.7802
0.8200 0.8122 0.8200 0.7829
0.7500 0.7901 0.7500 0.7508
0.6800 0.7712 0.6800 0.7368
0.6200 0.9471 0.6200 0.9748
0.5900 1.0321 0.5900 1.0414
0.6100 1.0347 0.6100 0.9928
0.6600 0.8189 0.6600 0.7223
0.7000 0.7204 0.7000 0.6668
0.7400 0.6857 0.7400 0.6826
0.7900 0.6648 0.7900 0.6572
0.8300 0.7024 0.8300 0.6978
0.8700 0.8178 0.8700 0.8346
0.9300 0.9087 0.9300 0.9159
0.9900 0.9058 0.9900 0.8777
1.0200 0.9304 1.0200 0.9101
1.0100 0.9921 1.0100 0.9957
0.9600 1.0011 0.9600 0.9881
0.9300 1.0291 0.9300 1.0120
0.9000 1.1206 0.9000 1.1259
0.8900 1.1683 0.8900 1.1593
0.8600 1.1256 0.8600 1.0783
0.8300 1.0370 0.8300 0.9776
0.8100 0.9209 0.8100 0.8646
0.8000 0.9429 0.8000 0.9316
0.8000 0.9171 0.8000 0.8961
0.8100 0.9422 0.8100 0.9134
0.8300 0.8759 0.8300 0.8239
0.8400 0.8536 0.8400 0.8092
0.8400 0.8647 0.8400 0.8442
0.8400 0.8785 0.8400 0.8590
0.8300 0.8967 0.8300 0.8736
0.8700 0.9241 0.8700 0.9040
0.9100 0.9594 0.9100 0.9423
0.9300 0.9454 0.9300 0.9143
0.9500 0.9247 0.9500 0.8900
1.0000 0.9280 1.0000 0.9065
1.0600 0.9012 1.0600 0.8736
1.1000 1.0348 1.1000 1.0482
1.1400 1.0646 1.1400 1.0545
1.2100 1.0291 1.2100 0.9764
1.2700 1.0494 1.2700 1.0208
1.3200 1.1609 1.3200 1.1733
1.3500 1.2293 1.3500 1.2244
1.3800 1.2137 1.3800 1.1677
1.4100 1.2522 1.4100 1.2233
1.4300 1.3875 1.4300 1.4033
1.4400 1.4169 1.4400 1.3980
1.4100 1.4366 1.4100 1.3968
1.3500 1.4266 1.3500 1.3902
1.2600 1.4596 1.2600 1.4411
1.2000 1.4881 1.2000 1.4725
1.1700 1.4804 1.1700 1.4454
1.1500 1.4661 1.1500 1.4249
1.1500 1.3492 1.1500 1.2783
1.1800 1.2297 1.1800 1.1543
1.2300 1.0862 1.2300 1.0122
1.2300 1.0967 1.2300 1.0662
1.2100 1.1300 1.2100 1.1076
1.1500 1.1240 1.1500 1.0671
1.1400 1.1661 1.1400 1.1181
1.1400 1.2628 1.1400 1.2444
1.1500 1.3515 1.1500 1.3331
1.1600 1.2389 1.1600 1.1549
1.1600 1.1849 1.1600 1.1167
1.1700 1.0581 1.1700 0.9976
1.1900 1.1573 1.1900 1.1585
1.2300 1.1739 1.2300 1.1586
1.3000 1.1913 1.3000 1.1417
1.3300 1.2010 1.3300 1.1548
1.3200 1.1835 1.3200 1.1357
1.2600 1.2172 1.2600 1.1880
1.2300 1.2582 1.2300 1.2382
1.2700 1.3350 1.2700 1.3195
1.3500 1.4638 1.3500 1.4636
1.3800 1.3990 1.3800 1.3369
1.3600 1.3045 1.3600 1.2230
1.2900 1.1543 1.2900 1.0811
1.3000 1.1979 1.3000 1.1894
1.3300 1.3832 1.3300 1.4262
1.3500 1.5297 1.3500 1.5331
1.3200 1.4314 1.3200 1.3322
1.2600 1.3132 1.2600 1.2118
1.2000 1.1616 1.2000 1.0902
1.1200 1.3523 1.1200 1.3964
1.0900 1.4130 1.0900 1.4224
1.0800 1.3868 1.0800 1.3113
1.1200 1.2527 1.1200 1.1511
1.1400 1.1481 1.1400 1.0742
1.1300 1.1024 1.1300 1.0649
1.0900 0.9845 1.0900 0.9204
1.0900 1.0601 1.0900 1.0370
1.1700 1.0932 1.1700 1.0680
1.2700 1.2280 1.2700 1.2105
1.3200 1.2005 1.3200 1.1426
1.3100 1.1282 1.3100 1.0473
1.2600 1.0422 1.2600 0.9796
1.1800 1.1354 1.1800 1.1386
1.1000 1.3767 1.1000 1.4309
1.0700 1.4959 1.0700 1.4895
1.1300 1.4187 1.1300 1.3252
1.1900 1.2931 1.1900 1.2005
1.2300 1.1822 1.2300 1.1281
1.2300 1.0499 1.2300 0.9977
1.2300 0.9736 1.2300 0.9263
1.2200 1.0485 1.2200 1.0399
1.2200 1.2884 1.2200 1.3229
1.2100 1.3283 1.2100 1.2859
1.1800 1.3132 1.1800 1.2298
1.1600 1.2428 1.1600 1.1744
1.1500 1.2571 1.1500 1.2329
1.1500 1.2282 1.1500 1.2010
1.1600 1.2437 1.1600 1.2139
1.1700 1.2096 1.1700 1.1637
1.1700 1.1375 1.1700 1.0719
1.1500 1.1448 1.1500 1.1074
1.1300 1.1591 1.1300 1.1324
1.1500 1.1758 1.1500 1.1393
1.2300 1.2042 1.2300 1.1683
1.3400 1.2133 1.3400 1.1730
1.4300 1.1924 1.4300 1.1431
1.5000 1.1342 1.5000 1.0769
1.5300 1.1203 1.5300 1.0802
1.5300 1.2259 1.5300 1.2281
1.5100 1.4244 1.5100 1.4526
1.4600 1.5828 1.4600 1.5838
1.4300 1.6171 1.4300 1.5673
1.4100 1.6498 1.4100 1.6093
1.4000 1.6027 1.4000 1.5637
1.3800 1.5403 1.3800 1.4999
1.3700 1.4772 1.3700 1.4417
1.3700 1.3578 1.3700 1.2981
1.3700 1.3709 1.3700 1.3429
1.3600 1.3704 1.3600 1.3419
1.3400 1.3749 1.3400 1.3266
1.3400 1.3327 1.3400 1.2679
1.3600 1.3494 1.3600 1.3050
1.3700 1.3748 1.3700 1.3439
1.3700 1.3725 1.3700 1.3277
1.3500 1.3403 1.3500 1.2831
1.3100 1.3028 1.3100 1.2477
1.2600 1.3504 1.2600 1.3275
1.1900 1.4121 1.1900 1.3973
1.1400 1.3926 1.1400 1.3403
1.1100 1.3708 1.1100 1.3125
1.0800 1.3141 1.0800 1.2580
1.0600 1.2360 1.0600 1.1749
1.0200 1.1699 1.0200 1.1142
0.9800 1.0632 0.9800 0.9944
0.9400 1.0613 0.9400 1.0181
0.9000 1.0774 0.9000 1.0453
0.8700 1.0459 0.8700 0.9871
0.8300 1.0500 0.8300 0.9977
0.7900 0.9780 0.7900 0.9144
0.7600 0.9474 0.7600 0.8944
0.7500 0.9195 0.7500 0.8795
0.7500 0.8874 0.7500 0.8441
0.7600 0.8846 0.7600 0.8488
0.7600 0.8342 0.7600 0.7881
0.7800 0.8050 0.7800 0.7624
0.8200 0.8076 0.8200 0.7831
0.8800 0.8430 0.8800 0.8300
0.9500 0.8623 0.9500 0.8430
1.0500 0.8880 1.0500 0.8671
1.1700 0.8676 1.1700 0.8372
1.3000 0.9240 1.3000 0.9152
1.4300 0.9969 1.4300 1.0011
1.5600 1.0798 1.5600 1.0777
1.6700 1.1518 1.6700 1.1410
1.7600 1.2980 1.7600 1.3063
1.8200 1.4402 1.8200 1.4596
1.8700 1.5564 1.8700 1.5821
1.9000 1.6730 1.9000 1.6916
1.9200 1.8006 1.9200 1.8197
1.9300 1.8940 1.9300 1.9013
1.9200 1.9693 1.9200 1.9649
1.9200 1.9623 1.9200 1.9511
1.9100 1.9892 1.9100 1.9923
1.8900 1.9677 1.8900 1.9587
1.8700 1.9577 1.8700 1.9414
1.8300 1.9404 1.8300 1.9217
1.7700 1.8787 1.7700 1.8384
1.7000 1.9015 1.7000 1.8864
1.6300 1.8654 1.6300 1.8344
1.5500 1.8175 1.5500 1.7659
1.4900 1.8000 1.4900 1.7628
1.4300 1.7136 1.4300 1.6541
1.3800 1.6080 1.3800 1.5323
1.3400 1.5209 1.3400 1.4558
1.2900 1.4545 1.2900 1.3957
1.2400 1.3530 1.2400 1.2747
1.1900 1.3418 1.1900 1.2848
1.1600 1.2861 1.1600 1.2194
1.1400 1.2608 1.1400 1.1917
1.1700 1.2495 1.1700 1.1917
1.2400 1.1829 1.2400 1.1082
1.3200 1.1403 1.3200 1.0716
1.3900 1.1003 1.3900 1.0423
1.4600 1.1179 1.4600 1.0772
1.5300 1.1210 1.5300 1.0774
1.6200 1.2546 1.6200 1.2447
1.7000 1.4048 1.7000 1.4078
1.7500 1.4945 1.7500 1.4671
1.8000 1.5391 1.8000 1.4973
1.8400 1.6166 1.8400 1.6005
1.8800 1.6917 1.8800 1.6900
1.9100 1.8268 1.9100 1.8449
1.9200 1.8798 1.9200 1.8733
1.9200 1.8567 1.9200 1.8159
1.9000 1.9133 1.9000 1.9108
1.8700 1.9310 1.8700 1.9317
1.8300 1.9644 1.8300 1.9574
1.8100 1.9669 1.8100 1.9499
1.7900 1.9267 1.7900 1.8902
1.7800 1.9035 1.7800 1.8742
1.7700 1.8359 1.7700 1.7952
1.7700 1.7806 1.7700 1.7362
1.7700 1.7169 1.7700 1.6697
1.7800 1.7430 1.7800 1.7210
1.7900 1.7199 1.7900 1.6796
1.8000 1.7306 1.8000 1.6866
1.7900 1.7232 1.7900 1.6801
1.7800 1.7485 1.7800 1.7155
1.8800 1.7495 1.8800 1.7131
2.0000 1.7833 2.0000 1.7554
2.1400 1.7939 2.1400 1.7632
2.1500 1.8037 2.1500 1.7698
2.1300 1.7477 2.1300 1.6947
2.0800 1.7407 2.0800 1.7040
2.0300 2.1062 2.0300 2.2129
2.0000 2.2627 2.0000 2.2798
1.9800 2.3818 1.9800 2.3635
1.9900 2.1375 1.9900 1.9999
2.0000 2.0687 2.0000 2.0182
2.0100 1.9615 2.0100 1.9701
2.0000 1.8940 2.0000 1.8753
1.9700 1.8987 1.9700 1.8834
1.9400 1.8961 1.9400 1.8629
1.9200 1.9755 1.9200 1.9586
1.8900 1.9865 1.8900 1.9524
1.8700 1.9979 1.8700 1.9571
1.8600 1.9454 1.8600 1.8955
1.8600 1.8719 1.8600 1.8168
1.8700 1.8459 1.8700 1.8144
1.8700 1.8488 1.8700 1.8287
1.8400 1.7900 1.8400 1.7363
1.8100 1.7938 1.8100 1.7523
1.7600 1.8106 1.7600 1.7838
1.7400 1.8328 1.7400 1.8019
1.7300 1.8662 1.7300 1.8379
1.7600 1.8433 1.7600 1.7972
1.7800 1.7449 1.7800 1.6714
1.7900 1.7222 1.7900 1.6817
1.7900 1.6281 1.7900 1.5739
1.8000 1.6759 1.8000 1.6545
1.8100 1.6871 1.8100 1.6604
1.7900 1.8057 1.7900 1.7958
1.7200 1.8005 1.7200 1.7562
1.6200 1.7882 1.6200 1.7306
1.5200 1.7738 1.5200 1.7365
1.4600 1.8109 1.4600 1.7987
1.4000 1.8175 1.4000 1.7950
1.3300 1.7227 1.3300 1.6539
1.2500 1.5411 1.2500 1.4398
1.1800 1.3852 1.1800 1.3014
1.1400 1.2934 1.1400 1.2380
1.1100 1.3209 1.1100 1.2944
1.0900 1.2552 1.0900 1.1829
1.0800 1.1648 1.0800 1.0626
1.1000 1.0798 1.1000 0.9927
1.1500 1.0466 1.1500 0.9866
1.2300 1.0775 1.2300 1.0409
1.3200 1.0699 1.3200 1.0177
1.4100 1.0723 1.4100 1.0148
1.4800 1.0891 1.4800 1.0447
1.5200 1.1737 1.5200 1.1551
1.5500 1.2821 1.5500 1.2743
1.5500 1.4161 1.5500 1.4104
1.5700 1.5198 1.5700 1.5044
1.5800 1.6073 1.5800 1.5878
1.6000 1.6357 1.6000 1.6073
1.6300 1.6129 1.6300 1.5746
1.6700 1.6257 1.6700 1.6078
1.7000 1.5574 1.7000 1.5195
1.7300 1.6198 1.7300 1.6134
1.7600 1.6026 1.7600 1.5779
1.7800 1.6381 1.7800 1.6086
1.7900 1.6910 1.7900 1.6759
1.7700 1.7517 1.7700 1.7364
1.7500 1.7559 1.7500 1.7202
1.7100 1.7875 1.7100 1.7617
1.6700 1.8201 1.6700 1.8057
1.6400 1.8145 1.6400 1.7856
1.6100 1.7999 1.6100 1.7653
1.6100 1.7104 1.6100 1.6533
1.6100 1.6927 1.6100 1.6576
1.6100 1.6066 1.6100 1.5559
1.6200 1.5642 1.6200 1.5121
1.6300 1.5584 1.6300 1.5223
1.6000 1.5262 1.6000 1.4744
1.5200 1.5943 1.5200 1.5682
1.4400 1.5940 1.4400 1.5522
1.3900 1.5924 1.3900 1.5380
1.4000 1.6307 1.4000 1.6007
1.4300 1.6422 1.4300 1.6099
1.4500 1.5190 1.4500 1.4362
1.4500 1.3342 1.4500 1.2293
1.4500 1.2690 1.4500 1.2168
1.4500 1.2882 1.4500 1.2715
1.4500 1.4208 1.4500 1.4207
1.4600 1.4842 1.4600 1.4471
1.4700 1.4769 1.4700 1.4031
1.4900 1.4420 1.4900 1.3747
1.5200 1.4536 1.5200 1.4205
1.5400 1.4558 1.5400 1.4285
1.6300 1.4516 1.6300 1.4136
1.7200 1.4821 1.7200 1.4521
1.8000 1.4907 1.8000 1.4549
1.8000 1.5316 1.8000 1.5020
1.7800 1.5840 1.7800 1.5631
1.7700 1.5789 1.7700 1.5376
1.7700 1.8318 1.7700 1.8754
1.7900 1.9179 1.7900 1.9255
1.8300 1.9650 1.8300 1.9253
1.8600 1.7845 1.8600 1.6911
1.8900 1.7332 1.8900 1.6927
1.9100 1.7528 1.9100 1.7698
1.9300 1.7617 1.9300 1.7528
1.9400 1.8166 1.9400 1.7981
1.9500 1.9016 1.9500 1.8929
1.9500 1.9058 1.9500 1.8681
1.9600 1.9386 1.9600 1.9104
1.9700 1.9396 1.9700 1.9175
1.9900 1.9595 1.9900 1.9432
2.0100 1.9442 2.0100 1.9187
2.0000 1.9527 2.0000 1.9308
2.0200 1.9278 2.0200 1.8973
2.0500 1.9608 2.0500 1.9461
2.1000 1.9694 2.1000 1.9505
2.1100 2.0107 2.1100 1.9951
2.1000 2.0301 2.1000 2.0107
2.0900 1.9467 2.0900 1.8870
2.0900 2.0437 2.0900 2.0504
2.0900 2.0981 2.0900 2.1108
2.0800 2.1880 2.0800 2.1882
2.1000 2.0982 2.1000 2.0377
2.1000 2.0452 2.1000 1.9932
2.0900 2.0437 2.0900 2.0385
2.0700 2.0638 2.0700 2.0632
2.0600 2.0557 2.0600 2.0296
2.0600 2.0192 2.0600 1.9740
2.0700 2.1155 2.0700 2.1230
2.0900 2.0654 2.0900 2.0295
2.1500 2.0286 2.1500 1.9755
2.2300 1.9913 2.2300 1.9573
2.2900 2.0068 2.2900 1.9928
2.3300 2.0277 2.3300 2.0137
2.3600 2.0583 2.3600 2.0383
2.3800 2.1021 2.3800 2.0862
2.4100 2.2616 2.4100 2.2923
2.4300 2.3890 2.4300 2.4162
2.4400 2.3945 2.4400 2.3665
2.4400 2.3899 2.4400 2.3663
2.4500 2.4024 2.4500 2.4108
2.4600 2.3951 2.4600 2.4002
2.4600 2.4439 2.4600 2.4623
2.4600 2.4337 2.4600 2.4284
2.4700 2.4149 2.4700 2.3940
2.4900 2.3912 2.4900 2.3752
2.5100 2.4259 2.5100 2.4341
2.5300 2.4325 2.5300 2.4301
2.5400 2.4039 2.5400 2.3763
2.5400 2.4053 2.5400 2.3907
2.5500 2.4415 2.5500 2.4480
2.5900 2.4835 2.5900 2.4896
2.6600 2.5006 2.6600 2.4918
2.7300 2.5207 2.7300 2.5132
2.7800 2.5071 2.7800 2.4933
2.8100 2.4826 2.8100 2.4649
2.7600 2.5180 2.7600 2.5278
2.7000 2.6307 2.7000 2.6739
2.6600 2.7698 2.6600 2.8179
2.6800 2.8339 2.6800 2.8461
2.7200 2.8331 2.7200 2.8219
2.7400 2.8172 2.7400 2.8179
2.7500 2.5700 2.7500 2.4890
2.7200 2.4877 2.7200 2.4594
2.6800 2.4987 2.6800 2.5334
2.6100 2.6550 2.6100 2.7159
2.5300 2.7344 2.5300 2.7442
2.4600 2.7016 2.4600 2.6480
2.4400 2.6968 2.4400 2.6735
2.4400 2.5765 2.4400 2.5355
2.4400 2.5128 2.4400 2.4862
2.4000 2.3703 2.4000 2.3203
2.3500 2.2643 2.3500 2.2076
2.3100 2.2208 2.3100 2.1891
2.2800 2.3228 2.2800 2.3395
2.2500 2.3683 2.2500 2.3549
2.2200 2.3668 2.2200 2.3156
2.1800 2.2371 2.1800 2.1500
2.1500 2.1751 2.1500 2.1256
2.1000 2.1664 2.1000 2.1586
2.0600 2.1561 2.0600 2.1350
2.0300 2.1219 2.0300 2.0753
2.0500 2.0947 2.0500 2.0479
2.1100 2.0352 2.1100 1.9817
2.1700 2.0334 2.1700 2.0014
2.2200 1.9369 2.2200 1.8745
2.2500 1.9229 2.2500 1.8783
2.2700 1.9210 2.2700 1.8937
2.2900 2.0602 2.2900 2.0749
2.3000 2.2148 2.3000 2.2380
2.3000 2.2698 2.3000 2.2439
2.2900 2.2998 2.2900 2.2694
2.2700 2.2905 2.2700 2.2721
2.2500 2.2893 2.2500 2.2845
2.2500 2.3076 2.2500 2.3150
2.2500 2.2875 2.2500 2.2751
2.2500 2.2591 2.2500 2.2341
2.2500 2.2246 2.2500 2.1993
2.2300 2.1797 2.2300 2.1495
2.2100 2.1591 2.2100 2.1350
2.1800 2.2072 2.1800 2.2081
2.1600 2.2037 2.1600 2.1814
2.1400 2.2019 2.1400 2.1683
2.1300 2.2057 2.1300 2.1831
2.1100 2.1384 2.1100 2.0923
2.0900 2.1204 2.0900 2.0897
2.0700 2.0682 2.0700 2.0338
2.0500 2.0712 2.0500 2.0469
2.0300 2.0506 2.0300 2.0195
2.0100 2.0639 2.0100 2.0361
1.9900 2.0207 1.9900 1.9750
1.9500 2.0028 1.9500 1.9618
1.9100 1.9864 1.9100 1.9545
1.8700 1.9666 1.8700 1.9305
1.8500 1.9468 1.8500 1.9082
1.8300 1.9280 1.8300 1.8893
1.8100 1.9092 1.8100 1.8700
1.7800 1.8225 1.7800 1.7577
1.7500 1.7862 1.7500 1.7363
1.7200 1.7498 1.7200 1.7086
1.6900 1.7758 1.6900 1.7482
1.6600 1.7539 1.6600 1.7076
1.6200 1.7339 1.6200 1.6782
1.5700 1.6853 1.5700 1.6269
1.5200 1.6596 1.5200 1.6111
1.4800 1.6320 1.4800 1.5869
1.4500 1.6021 1.4500 1.5516
1.4300 1.5731 1.4300 1.5206
1.4200 1.5122 1.4200 1.4483
1.4100 1.4431 1.4100 1.3746
1.4000 1.3984 1.4000 1.3409
1.3800 1.3837 1.3800 1.3367
1.3700 1.3760 1.3700 1.3269
1.3500 1.3783 1.3500 1.3274
1.3400 1.3921 1.3400 1.3454
1.3200 1.3838 1.3200 1.3319
1.3000 1.3763 1.3000 1.3252
1.2700 1.3377 1.2700 1.2817
1.2500 1.3529 1.2500 1.3146
1.2300 1.3122 1.2300 1.2616
1.2000 1.3239 1.2000 1.2810
1.1800 1.2841 1.1800 1.2322
1.1700 1.2652 1.1700 1.2128
1.1500 1.2176 1.1500 1.1622
1.1300 1.2220 1.1300 1.1805
1.1000 1.2038 1.1000 1.1592
1.0800 1.1529 1.0800 1.0911
1.0700 1.1586 1.0700 1.1151
1.0600 1.1732 1.0600 1.1401
1.0600 1.1310 1.0600 1.0745
1.0600 1.1138 1.0600 1.0615
1.0400 1.0699 1.0400 1.0189
1.0100 1.0748 1.0100 1.0367
0.9900 1.0879 0.9900 1.0565
0.9800 1.0767 0.9800 1.0327
1.0000 1.0975 1.0000 1.0607
1.0500 1.0990 1.0500 1.0622
1.1200 1.0390 1.1200 0.9814
1.2300 0.9953 1.2300 0.9436
1.3800 1.0041 1.3800 0.9773
1.5500 1.0159 1.5500 0.9904
1.7300 1.0922 1.7300 1.0774
1.8800 1.1959 1.8800 1.1897
2.0100 1.2953 2.0100 1.2816
2.1100 1.4802 2.1100 1.4902
2.1900 1.6578 2.1900 1.6942
2.2800 1.8230 2.2800 1.8498
2.3600 1.9991 2.3600 2.0206
2.4300 2.1142 2.4300 2.1164
2.4600 2.2405 2.4600 2.2456
2.4600 2.3314 2.4600 2.3375
2.4600 2.3818 2.4600 2.4074
2.4900 2.4913 2.4900 2.5433
2.5400 2.5358 2.5400 2.5710
2.6100 2.5703 2.6100 2.5842
2.6700 2.4973 2.6700 2.4767
2.7300 2.4222 2.7300 2.3987
2.7800 2.4222 2.7800 2.4381
2.8100 2.5197 2.8100 2.5701
2.8000 2.6082 2.8000 2.6392
2.7600 2.7211 2.7600 2.7458
2.7200 2.7552 2.7200 2.7579
2.6800 2.8165 2.6800 2.8352
2.6500 2.8423 2.6500 2.8669
2.6200 2.8182 2.6200 2.8212
2.6000 2.7058 2.6000 2.6730
2.5800 2.5921 2.5800 2.5571
2.5800 2.5525 2.5800 2.5510
2.5800 2.5080 2.5800 2.4965
2.5800 2.4972 2.5800 2.4773
2.5600 2.4672 2.5600 2.4352
2.5400 2.4741 2.5400 2.4517
2.5100 2.4573 2.5100 2.4312
2.4700 2.5089 2.4700 2.5067
2.4400 2.5103 2.4400 2.4956
2.4000 2.5103 2.4000 2.4868
2.3900 2.4442 2.3900 2.4032
2.4000 2.4279 2.4000 2.4069
2.4100 2.3754 2.4100 2.3493
2.4000 2.3095 2.4000 2.2666
2.4000 2.3059 2.4000 2.2864
2.3900 2.2419 2.3900 2.2002
2.3900 2.3057 2.3900 2.3005
2.3900 2.3666 2.3900 2.3724
2.3900 2.3732 2.3900 2.3432
2.3900 2.3165 2.3900 2.2633
2.3900 2.3491 2.3900 2.3423
2.3900 2.3165 2.3900 2.2994
2.3800 2.3379 2.3800 2.3258
2.3500 2.3381 2.3500 2.3249
2.3200 2.3368 2.3200 2.3156
2.2800 2.3377 2.2800 2.3199
2.2200 2.3387 2.2200 2.3229
2.1500 2.3386 2.1500 2.3223
2.0600 2.3039 2.0600 2.2739
1.9600 2.2257 1.9600 2.1769
1.8500 2.1989 1.8500 2.1714
1.7300 2.1354 1.7300 2.0986
1.6400 2.0253 1.6400 1.9573
1.5800 1.9350 1.5800 1.8716
1.5600 1.8019 1.5600 1.7251
1.5400 1.6819 1.5400 1.6001
1.5200 1.5545 1.5200 1.4688
1.4900 1.4177 1.4900 1.3205
1.4500 1.4040 1.4500 1.3446
1.4000 1.4163 1.4000 1.3678
1.3400 1.4861 1.3400 1.4414
1.2900 1.4675 1.2900 1.3939
1.2500 1.4537 1.2500 1.3799
1.2300 1.4124 1.2300 1.3489
1.2100 1.3570 1.2100 1.2943
1.2000 1.2901 1.2000 1.2265
1.1900 1.2133 1.1900 1.1461
1.1700 1.1901 1.1700 1.1383
1.1500 1.1749 1.1500 1.1266
1.1300 1.1980 1.1300 1.1545
1.1200 1.1791 1.1200 1.1227
1.1200 1.1928 1.1200 1.1434
1.1100 1.1872 1.1100 1.1412
1.1100 1.1485 1.1100 1.0917
1.1200 1.1333 1.1200 1.0857
1.1600 1.1180 1.1600 1.0767
1.2200 1.1299 1.2200 1.0943
1.2700 1.1504 1.2700 1.1172
1.3000 1.1183 1.3000 1.0665
1.3300 1.1407 1.3300 1.1032
1.3300 1.1738 1.3300 1.1495
1.3100 1.2721 1.3100 1.2630
1.2700 1.3669 1.2700 1.3566
1.2100 1.3868 1.2100 1.3464
1.1700 1.3731 1.1700 1.3224
1.1500 1.4098 1.1500 1.3877
1.1500 1.3457 1.1500 1.3006
1.1500 1.2817 1.1500 1.2252
1.1500 1.2042 1.1500 1.1512
1.1600 1.1059 1.1600 1.0436
1.1700 1.1123 1.1700 1.0781
1.2000 1.1352 1.2000 1.1083
1.2300 1.1717 1.2300 1.1343
1.2600 1.1694 1.2600 1.1174
1.2800 1.1714 1.2800 1.1219
1.2900 1.2064 1.2900 1.1761
1.2600 1.2164 1.2600 1.1825
1.2300 1.2857 1.2300 1.2655
1.2000 1.3125 1.2000 1.2841
1.2000 1.3381 1.2000 1.3019
1.2200 1.3369 1.2200 1.2980
1.2700 1.3265 1.2700 1.2867
1.3600 1.2128 1.3600 1.1437
1.4100 1.1888 1.4100 1.1445
1.4000 1.1640 1.4000 1.1321
1.3500 1.2235 1.3500 1.2042
1.3200 1.2803 1.3200 1.2575
1.3300 1.3875 1.3300 1.3699
1.3500 1.5607 1.3500 1.5678
1.3900 1.5151 1.3900 1.4548
1.4200 1.3756 1.4200 1.2757
1.4600 1.2597 1.4600 1.1960
1.4800 1.2832 1.4800 1.2797
1.4900 1.3714 1.4900 1.3825
1.5000 1.3964 1.5000 1.3602
1.5100 1.4732 1.5100 1.4373
1.5200 1.4834 1.5200 1.4408
1.5400 1.5482 1.5400 1.5230
1.5700 1.5256 1.5700 1.4862
1.6000 1.5132 1.6000 1.4704
1.6400 1.5263 1.6400 1.5017
1.6800 1.5344 1.6800 1.5079
1.7200 1.5404 1.7200 1.5063
1.7600 1.5816 1.7600 1.5579
1.8100 1.6327 1.8100 1.6140
1.8600 1.6597 1.8600 1.6298
1.9000 1.7225 1.9000 1.7042
1.9400 1.7630 1.9400 1.7446
1.9900 1.8018 1.9900 1.7807
2.0500 1.8423 2.0500 1.8267
2.1100 1.9160 2.1100 1.9151
2.1600 1.9639 2.1600 1.9566
2.2100 1.9775 2.2100 1.9547
2.2500 2.0189 2.2500 2.0102
2.2900 2.0936 2.2900 2.1055
2.3400 2.1740 2.3400 2.1869
2.3900 2.2296 2.3900 2.2301
2.4400 2.2539 2.4400 2.2440
2.4900 2.3053 2.4900 2.3124
2.5400 2.3196 2.5400 2.3216
2.6000 2.3563 2.6000 2.3624
2.6500 2.4288 2.6500 2.4535
2.7100 2.4738 2.7100 2.4869
2.7600 2.5196 2.7600 2.5277
2.8100 2.5685 2.8100 2.5843
2.8600 2.6163 2.8600 2.6354
2.9100 2.6981 2.9100 2.7325
2.9500 2.7186 2.9500 2.7320
2.9900 2.8000 2.9900 2.8328
3.0200 2.8224 3.0200 2.8450
3.0500 2.8673 3.0500 2.8911
3.0800 2.9145 3.0800 2.9487
3.1100 2.9596 3.1100 2.9918
3.1200 2.9693 3.1200 2.9865
3.1200 3.0059 3.1200 3.0337
3.1300 3.0077 3.1300 3.0276
3.1600 3.0333 3.1600 3.0573
3.2000 3.0600 3.2000 3.0886
3.2200 3.0857 3.2200 3.1100
3.2400 3.0424 3.2400 3.0369
3.2300 3.0166 3.2300 3.0149
3.2100 3.0518 3.2100 3.0841
3.1900 3.1278 3.1900 3.1748
3.1900 3.1865 3.1900 3.2171
3.2000 3.1533 3.2000 3.1413
3.2000 3.1746 3.2000 3.1887
3.2000 3.0928 3.2000 3.0826
3.1700 3.0461 3.1700 3.0369
3.1000 3.0270 3.1000 3.0382
3.0200 3.0740 3.0200 3.1034
2.9400 3.1051 2.9400 3.1213
2.9200 3.0783 2.9200 3.0607
2.9500 3.0808 2.9500 3.0782
2.9900 2.9809 2.9900 2.9487
2.9900 2.8146 2.9900 2.7450
2.9300 2.7161 2.9300 2.6786
2.8700 2.6396 2.8700 2.6138
2.8800 2.7645 2.8800 2.8023
2.9100 2.9169 2.9100 2.9641
2.9400 2.9772 2.9400 2.9642
2.8900 2.8816 2.8900 2.8103
2.8200 2.6869 2.8200 2.5967
2.7400 2.6392 2.7400 2.6313
2.6500 2.8219 2.6500 2.9221
2.5800 2.8887 2.5800 2.9166
2.5400 2.9085 2.5400 2.8750
2.5300 2.6687 2.5300 2.5524
2.5200 2.5643 2.5200 2.5104
2.5100 2.4696 2.5100 2.4583
2.4800 2.3483 2.4800 2.2954
2.4500 2.3241 2.4500 2.2881
2.4200 2.3606 2.4200 2.3485
2.3900 2.4243 2.3900 2.4113
2.3500 2.4161 2.3500 2.3713
2.3200 2.4128 2.3200 2.3720
2.2800 2.3420 2.2800 2.2933
2.2500 2.3172 2.2500 2.2881
2.2200 2.2899 2.2200 2.2688
2.2300 2.2584 2.2300 2.2258
2.2800 2.1941 2.2800 2.1442
2.3400 2.1919 2.3400 2.1639
2.3700 2.1296 2.3700 2.0841
2.3800 2.1248 2.3800 2.0897
2.3700 2.0978 2.3700 2.0625
2.3600 2.2065 2.3600 2.2152
2.3700 2.3546 2.3700 2.3870
2.3700 2.4343 2.3700 2.4290
2.3600 2.3905 2.3600 2.3380
2.3200 2.3610 2.3200 2.3308
2.2800 2.3085 2.2800 2.2938
2.2500 2.2958 2.2500 2.2915
2.2300 2.3502 2.2300 2.3674
2.2300 2.3188 2.2300 2.2932
2.2300 2.2819 2.2300 2.2389
2.2200 2.1736 2.2200 2.1152
2.2000 2.1379 2.2000 2.1067
2.2000 2.1333 2.2000 2.1218
2.2100 2.1329 2.2100 2.1087
2.2200 2.1798 2.2200 2.1641
2.2200 2.1806 2.2200 2.1497
2.2200 2.1478 2.2200 2.1003
2.2300 2.1090 2.2300 2.0679
2.2400 2.1618 2.2400 2.1627
2.2500 2.1940 2.2500 2.1903
2.2600 2.1992 2.2600 2.1704
2.2700 2.1764 2.2700 2.1390
2.2800 2.1806 2.2800 2.1604
2.2800 2.2165 2.2800 2.2153
2.2700 2.2236 2.2700 2.2085
2.2700 2.2316 2.2700 2.2101
2.2800 2.2429 2.2800 2.2276
2.2800 2.2533 2.2800 2.2398
2.2800 2.2626 2.2800 2.2489
2.2700 2.2373 2.2700 2.2105
2.2400 2.2032 2.2400 2.1715
2.2000 2.2293 2.2000 2.2243
2.1300 2.2621 2.1300 2.2619
2.0500 2.2332 2.0500 2.1994
1.9600 2.2342 1.9600 2.2080
1.8800 2.2029 1.8800 2.1757
1.8200 2.1239 1.8200 2.0740
1.7600 2.0619 1.7600 2.0179
1.7100 1.9217 1.7100 1.8511
1.6700 1.8200 1.6700 1.7526
1.6400 1.7105 1.6400 1.6439
1.6300 1.6553 1.6300 1.5964
1.6200 1.6435 1.6200 1.5956
1.6000 1.5838 1.6000 1.5099
1.5900 1.5613 1.5900 1.4924
1.5700 1.5520 1.5700 1.4980
1.5600 1.5483 1.5600 1.4958
1.5500 1.5867 1.5500 1.5485
1.5400 1.5778 1.5400 1.5268
1.5300 1.5367 1.5300 1.4706
1.5200 1.5559 1.5200 1.5179
1.5000 1.5156 1.5000 1.4667
1.4900 1.5278 1.4900 1.4866
1.4800 1.5193 1.4800 1.4788
1.4700 1.5083 1.4700 1.4604
1.4600 1.4997 1.4600 1.4543
1.4700 1.4913 1.4700 1.4476
1.4800 1.4495 1.4800 1.3945
1.4900 1.4640 1.4900 1.4263
1.5100 1.4548 1.5100 1.4149
1.5200 1.4429 1.5200 1.3940
1.5400 1.4344 1.5400 1.3882
1.5600 1.4906 1.5600 1.4676
1.6000 1.4985 1.6000 1.4620
1.6600 1.5060 1.6600 1.4603
1.7300 1.5512 1.7300 1.5251
1.8000 1.5386 1.8000 1.4981
1.8800 1.5807 1.8800 1.5526
1.9600 1.6015 1.9600 1.5761
2.0300 1.6850 2.0300 1.6745
2.0600 1.7894 2.0600 1.7912
2.0700 1.8789 2.0700 1.8717
2.0600 1.9482 2.0600 1.9347
2.0400 2.0558 2.0400 2.0645
2.0100 2.1374 2.0100 2.1485
1.9900 2.1814 1.9900 2.1786
1.9600 2.1137 1.9600 2.0755
1.9200 2.0785 1.9200 2.0551
1.8900 2.0212 1.8900 2.0036
1.8600 1.9714 1.8600 1.9450
1.8500 1.9126 1.8500 1.8753
1.8600 1.9141 1.8600 1.8902
1.9000 1.8576 1.9000 1.8105
1.9600 1.7930 1.9600 1.7301
2.0400 1.7914 2.0400 1.7564
2.1000 1.7622 2.1000 1.7206
2.1600 1.7980 2.1600 1.7683
2.2000 1.8560 2.2000 1.8389
2.2300 1.9661 2.2300 1.9628
2.2400 2.0735 2.2400 2.0724
2.2300 2.2028 2.2300 2.2111
2.2400 2.2152 2.2400 2.1917
2.2500 2.2797 2.2500 2.2787
2.2800 2.2745 2.2800 2.2720
2.3000 2.2772 2.3000 2.2714
2.3200 2.2359 2.3200 2.2193
2.3400 2.1741 2.3400 2.1437
2.3600 2.2320 2.3600 2.2467
2.3800 2.2370 2.3800 2.2342
2.3900 2.3095 2.3900 2.3104
2.3900 2.3041 2.3900 2.2840
2.3700 2.3243 2.3700 2.3072
2.3500 2.3472 2.3500 2.3456
2.3400 2.3660 2.3400 2.3628
2.3400 2.3838 2.3400 2.3786
2.3400 2.3678 2.3400 2.3501
2.3300 2.3427 2.3300 2.3203
2.3100 2.2742 2.3100 2.2383
2.3000 2.2548 2.3000 2.2353
2.3000 2.2688 2.3000 2.2657
2.3000 2.2893 2.3000 2.2792
2.2900 2.2868 2.2900 2.2604
2.3000 2.2536 2.3000 2.2149
2.3100 2.2128 2.3100 2.1757
2.3000 2.2304 2.3000 2.2208
2.2800 2.2538 2.2800 2.2482
2.2500 2.2502 2.2500 2.2242
2.2200 2.2161 2.2200 2.1758
2.1900 2.2793 2.1900 2.2814
2.1900 2.2892 2.1900 2.2808
2.1800 2.2263 2.1800 2.1752
2.1800 2.1861 2.1800 2.1474
2.1600 2.1361 2.1600 2.1057
2.1200 2.1050 2.1200 2.0757
2.0700 2.0737 2.0700 2.0404
2.0400 2.1463 2.0400 2.1460
2.0100 2.1096 2.0100 2.0701
1.9900 2.1338 1.9900 2.1007
1.9900 2.0705 1.9900 2.0236
1.9900 1.9846 1.9900 1.9221
1.9900 1.9159 1.9900 1.8681
1.9900 1.9358 1.9900 1.9221
1.9800 1.9015 1.9800 1.8622
1.9800 1.9028 1.9800 1.8583
1.9900 1.9545 1.9900 1.9363
2.0100 1.9547 2.0100 1.9190
2.0300 1.9553 2.0300 1.9138
2.0500 1.9599 2.0500 1.9300
2.0500 1.9276 2.0500 1.8877
2.0300 1.9528 2.0300 1.9322
2.0000 1.9869 2.0000 1.9761
1.9800 2.0277 1.9800 2.0117
1.9500 2.0464 1.9500 2.0215
1.9300 2.0677 1.9300 2.0455
1.9300 2.0208 1.9300 1.9798
1.9400 1.9546 1.9400 1.9055
1.9700 1.9040 1.9700 1.8673
2.0000 1.9076 2.0000 1.8904
2.0500 1.8491 2.0500 1.8028
2.1000 1.8512 2.1000 1.8124
2.1600 1.9013 2.1600 1.8883
2.2000 1.9327 2.2000 1.9084
2.2300 2.0097 2.2300 1.9959
2.2500 2.0411 2.2500 2.0193
2.2600 2.1412 2.2600 2.1435
2.2700 2.1925 2.2700 2.1911
2.2800 2.2759 2.2800 2.2817
2.2800 2.2668 2.2800 2.2496
2.2900 2.2727 2.2900 2.2585
2.3800 2.2698 2.3800 2.2665
2.4800 2.2522 2.4800 2.2408
2.5300 2.2589 2.5300 2.2525
2.4700 2.2661 2.4700 2.2593
2.3900 2.2381 2.3900 2.2119
2.3600 2.2724 2.3600 2.2670
2.3600 2.5618 2.3600 2.6556
2.3600 2.6776 2.3600 2.6989
2.3400 2.5912 2.3400 2.5166
2.3100 2.2724 2.3100 2.1329
2.2700 2.1647 2.2700 2.1344
2.2300 2.2566 2.2300 2.3362
2.2000 2.3073 2.2000 2.3276
2.1900 2.2915 2.1900 2.2354
2.2000 2.2288 2.2000 2.1592
2.2200 2.1866 2.2200 2.1446
2.2500 2.1278 2.2500 2.0925
2.2800 2.0874 2.2800 2.0524
2.3300 2.0811 2.3300 2.0552
2.3800 2.1189 2.3800 2.1044
2.4300 2.1765 2.4300 2.1655
2.4900 2.2207 2.4900 2.2019
2.5500 2.2774 2.5500 2.2660
2.6100 2.3103 2.6100 2.2994
2.6800 2.4116 2.6800 2.4310
2.7400 2.4606 2.7400 2.4705
2.7900 2.5076 2.7900 2.5099
2.8100 2.5934 2.8100 2.6217
2.8100 2.6512 2.8100 2.6759
2.8100 2.7067 2.8100 2.7272
2.8000 2.7996 2.8000 2.8419
2.8000 2.8301 2.8000 2.8531
2.8000 2.8500 2.8000 2.8639
2.8000 2.7932 2.8000 2.7857
2.8000 2.7417 2.8000 2.7341
2.8100 2.7402 2.8100 2.7585
2.8900 2.7001 2.8900 2.6969
2.9800 2.7197 2.9800 2.7241
3.0600 2.7186 3.0600 2.7178
3.0600 2.7167 3.0600 2.7061
3.0400 2.7175 3.0400 2.7109
3.0200 2.7534 3.0200 2.7631
2.9800 3.0079 2.9800 3.1030
2.9500 3.1166 2.9500 3.1479
2.9100 3.1619 2.9100 3.1522
2.8600 2.9667 2.8600 2.8958
2.8200 2.9056 2.8200 2.8984
