1.3000 1.2975 1.3000 1.2302
1.2500 1.3107 1.2500 1.2878
1.1900 1.3266 1.1900 1.3147
1.1200 1.3517 1.1200 1.3374
1.0600 1.3274 1.0600 1.2863
1.0000 1.2971 1.0000 1.2456
0.9600 1.1946 0.9600 1.1227
0.9100 1.1260 0.9100 1.0786
0.8800 1.0472 0.8800 1.0239
0.8600 0.9735 0.8600 0.9416
0.8800 0.9448 0.8800 0.9436
0.9100 0.9034 0.9100 0.9047
0.9600 0.8973 0.9600 0.9353
1.0200 0.8554 1.0200 0.8556
1.0700 0.8590 1.0700 0.8959
1.1000 0.8565 1.1000 0.9149
1.1200 0.9427 1.1200 1.0392
1.1200 0.9921 1.1200 1.0568
1.1200 1.0845 1.1200 1.1312
1.1300 1.1703 1.1300 1.2017
1.1400 1.2005 1.1400 1.1898
1.1500 1.1859 1.1500 1.1424
1.1500 1.1856 1.1500 1.1490
1.1500 1.1413 1.1500 1.0986
1.1400 1.1362 1.1400 1.1150
1.1200 1.1646 1.1200 1.1711
1.1000 1.1691 1.1000 1.1669
1.0800 1.1739 1.0800 1.1637
1.0700 1.1522 1.0700 1.1308
1.0600 1.1533 1.0600 1.1398
1.0600 1.1222 1.0600 1.1032
1.0700 1.0791 1.0700 1.0564
1.1000 1.0595 1.1000 1.0549
1.1400 1.0404 1.1400 1.0460
1.2000 1.0509 1.2000 1.0705
1.2800 1.0408 1.2800 1.0546
1.3500 1.0627 1.3500 1.0831
1.3900 1.0968 1.3900 1.1221
1.3700 1.1711 1.3700 1.2044
1.3000 1.2327 1.3000 1.2512
1.2400 1.3356 1.2400 1.3515
1.1700 1.4605 1.1700 1.4704
1.0900 1.5058 1.0900 1.4600
0.9800 1.4754 0.9800 1.3733
0.9000 1.3231 0.9000 1.1721
0.8800 1.1456 0.8800 1.0067
0.9100 1.1113 0.9100 1.0805
0.9400 1.0209 0.9400 1.0043
0.9600 0.9454 0.9600 0.8864
0.9700 0.8511 0.9700 0.7813
0.9700 0.8535 0.9700 0.8392
0.9600 0.8946 0.9600 0.9966
0.9500 0.9789 0.9500 1.1083
0.9400 1.0018 0.9400 1.0544
0.9200 1.0073 0.9200 1.0129
0.9100 1.0106 0.9100 1.0086
0.9100 0.9973 0.9100 0.9923
0.9100 0.9651 0.9100 0.9589
0.9100 0.9528 0.9100 0.9650
0.9200 0.9413 0.9200 0.9644
0.9300 0.8978 0.9300 0.9141
0.9400 0.9084 0.9400 0.9482
0.9500 0.9322 0.9500 0.9849
0.9700 0.9310 0.9700 0.9663
1.0200 0.9302 1.0200 0.9580
1.0900 0.9644 1.0900 1.0034
1.1600 0.9762 1.1600 1.0035
1.2000 0.9846 1.2000 1.0002
1.2300 0.9950 1.2300 1.0101
1.2300 1.0370 1.2300 1.0632
1.2300 1.1509 1.2300 1.2029
1.2100 1.2616 1.2100 1.3021
1.2000 1.3259 1.2000 1.3204
1.2000 1.2980 1.2000 1.2325
1.2000 1.3087 1.2000 1.2496
1.2000 1.2452 1.2000 1.1733
1.2000 1.2403 1.2000 1.1973
1.2000 1.1715 1.2000 1.1258
1.2100 1.1775 1.2100 1.1641
1.2100 1.1974 1.2100 1.2055
1.2000 1.1934 1.2000 1.1871
1.1900 1.1910 1.1900 1.1777
1.2000 1.1940 1.2000 1.1831
1.2100 1.1958 1.2100 1.1840
1.2200 1.2281 1.2200 1.2279
1.2200 1.2055 1.2200 1.1834
1.2100 1.1722 1.2100 1.1381
1.2000 1.1650 1.2000 1.1486
1.2000 1.2209 1.2000 1.2378
1.1900 1.2279 1.1900 1.2256
1.1900 1.2337 1.1900 1.2157
1.2000 1.2137 1.2000 1.1841
1.2000 1.1843 1.2000 1.1504
1.2000 1.1758 1.2000 1.1573
1.2000 1.1980 1.2000 1.2003
1.1900 1.1631 1.1900 1.1441
1.1800 1.1831 1.1800 1.1792
1.1600 1.2179 1.1600 1.2275
1.1500 1.1947 1.1500 1.1741
1.1300 1.1936 1.1300 1.1732
1.1200 1.1974 1.1200 1.1862
1.1100 1.1655 1.1100 1.1404
1.1100 1.1544 1.1100 1.1379
1.1100 1.1139 1.1100 1.0948
1.1100 1.1257 1.1100 1.1289
1.1000 1.0844 1.1000 1.0760
1.1000 1.0951 1.1000 1.1022
1.1000 1.0874 1.1000 1.0959
1.1200 1.1095 1.1200 1.1241
1.1400 1.1102 1.1400 1.1166
1.1600 1.1110 1.1600 1.1107
1.1600 1.0809 1.1600 1.0681
1.1600 1.1047 1.1600 1.1132
1.1500 1.1063 1.1500 1.1136
1.1400 1.1678 1.1400 1.1915
1.1500 1.1871 1.1500 1.1932
1.1600 1.2052 1.1600 1.1944
1.1800 1.1627 1.1800 1.1249
1.1900 1.1648 1.1900 1.1431
1.1900 1.1346 1.1900 1.1141
1.1800 1.1218 1.1800 1.1094
1.1700 1.1741 1.1700 1.1953
1.1700 1.1824 1.1700 1.1874
1.1700 1.2204 1.1700 1.2213
1.1700 1.2101 1.1700 1.1901
1.1600 1.1891 1.1600 1.1557
1.1500 1.1592 1.1500 1.1280
1.1400 1.1504 1.1400 1.1357
1.1500 1.1710 1.1500 1.1761
1.1500 1.1681 1.1500 1.1653
1.1500 1.1655 1.1500 1.1561
1.1600 1.1350 1.1600 1.1146
1.1600 1.1270 1.1600 1.1160
1.1300 1.1189 1.1300 1.1158
1.1000 1.1722 1.1000 1.1944
1.0900 1.1488 1.0900 1.1414
1.1200 1.1466 1.1200 1.1329
1.1700 1.1825 1.1700 1.1900
1.1900 1.1619 1.1900 1.1470
1.2100 1.0634 1.2100 1.0104
1.2100 1.0367 1.2100 1.0205
1.2100 1.0755 1.2100 1.1096
1.2200 1.1891 1.2200 1.2549
1.2200 1.2764 1.2200 1.3174
1.2100 1.2266 1.2100 1.1818
1.2100 1.2510 1.2100 1.2143
1.2000 1.2174 1.2000 1.1756
1.1900 1.2156 1.1900 1.1850
1.1800 1.2446 1.1800 1.2401
1.1900 1.2183 1.1900 1.1930
1.2000 1.1815 1.2000 1.1444
1.2100 1.2062 1.2100 1.2010
1.2200 1.1753 1.2200 1.1565
1.2200 1.1619 1.2200 1.1434
1.2200 1.1533 1.2200 1.1453
1.2200 1.2084 1.2200 1.2267
1.2200 1.2170 1.2200 1.2169
1.2200 1.2245 1.2200 1.2087
1.2300 1.2368 1.2300 1.2209
1.2400 1.2170 1.2400 1.1873
1.2500 1.2168 1.2500 1.1936
1.2400 1.2176 1.2400 1.2020
1.2300 1.2159 1.2300 1.1998
1.2400 1.2143 1.2400 1.1981
1.2500 1.2463 1.2500 1.2435
1.2500 1.2559 1.2500 1.2436
1.2500 1.2642 1.2500 1.2429
1.2500 1.2104 1.2500 1.1634
1.2600 1.2021 1.2600 1.1729
1.2900 1.2592 1.2900 1.2709
1.3400 1.2659 1.3400 1.2583
1.3800 1.2379 1.3800 1.2013
1.4300 1.2404 1.4300 1.2150
1.4700 1.2445 1.4700 1.2268
1.4900 1.2755 1.4900 1.2679
1.4800 1.3481 1.4800 1.3561
1.4400 1.4405 1.4400 1.4462
1.3900 1.4544 1.3900 1.4088
1.3500 1.5271 1.3500 1.4826
1.3000 1.5481 1.3000 1.4829
1.2400 1.5201 1.2400 1.4213
1.1900 1.4407 1.1900 1.3242
1.1600 1.3342 1.1600 1.2231
1.1500 1.2619 1.1500 1.1917
1.1400 1.2423 1.1400 1.2227
1.1300 1.1638 1.1300 1.1359
1.1200 1.0783 1.1200 1.0478
1.1200 1.0563 1.1200 1.0654
1.1200 1.0763 1.1200 1.1158
1.1200 1.1105 1.1200 1.1528
1.1300 1.1013 1.1300 1.1151
1.1500 1.0957 1.1500 1.0976
1.1800 1.0934 1.1800 1.0966
1.2200 1.1199 1.2200 1.1348
1.2400 1.1209 1.2400 1.1261
1.2400 1.1202 1.2400 1.1178
1.2300 1.1537 1.2300 1.1642
1.2200 1.1971 1.2200 1.2107
1.2200 1.2473 1.2200 1.2544
1.2200 1.3082 1.2200 1.3088
1.2400 1.2831 1.2400 1.2384
1.2500 1.2385 1.2500 1.1744
1.2500 1.2104 1.2500 1.1653
1.2500 1.2009 1.2500 1.1788
1.2400 1.2183 1.2400 1.2154
1.2300 1.2135 1.2300 1.2035
1.2200 1.2753 1.2200 1.2843
1.2200 1.2636 1.2200 1.2426
1.2600 1.2402 1.2600 1.1982
1.3000 1.2439 1.3000 1.2182
1.3200 1.2140 1.3200 1.1829
1.2800 1.2015 1.2800 1.1776
1.2200 1.1914 1.2200 1.1773
1.1600 1.2127 1.1600 1.2127
1.0900 1.3407 1.0900 1.3826
1.0300 1.3781 1.0300 1.3749
0.9900 1.3483 0.9900 1.2843
0.9600 1.1798 0.9600 1.0567
0.9500 1.0852 0.9500 1.0073
0.9400 1.0318 0.9400 1.0200
0.9700 0.9620 0.9700 0.9287
0.9900 0.9258 0.9900 0.9187
1.0200 0.9163 1.0200 0.9654
1.0500 0.8991 1.0500 0.9552
1.1100 0.9264 1.1100 0.9925
1.1700 0.9234 1.1700 0.9696
1.2300 1.0436 1.2300 1.1160
1.2600 1.0480 1.2600 1.0742
1.2900 1.0971 1.2900 1.1100
1.3100 1.1322 1.3100 1.1419
1.3000 1.2592 1.3000 1.2943
1.2600 1.3166 1.2600 1.3181
1.2000 1.3704 1.2000 1.3421
1.1300 1.3332 1.1300 1.2600
1.0600 1.3643 1.0600 1.3115
1.0100 1.3622 1.0100 1.3133
0.9700 1.2779 0.9700 1.1947
0.9500 1.1665 0.9500 1.0800
0.9200 1.0649 0.9200 1.0091
0.9100 0.9872 0.9100 0.9507
0.9000 0.9410 0.9000 0.9135
0.8800 0.9239 0.8800 0.9523
0.8500 0.9013 0.8500 0.9421
0.8200 0.9045 0.8200 0.9723
0.7900 0.8675 0.7900 0.9009
0.7700 0.8993 0.7700 0.9573
0.7400 0.8985 0.7400 0.9497
0.7200 0.8600 0.7200 0.8849
0.7000 0.8360 0.7000 0.8399
0.6900 0.8301 0.6900 0.8406
0.7100 0.8173 0.7100 0.8259
0.7400 0.8143 0.7400 0.8422
0.7800 0.7853 0.7800 0.7819
0.7900 0.7854 0.7900 0.8006
0.7900 0.7760 0.7900 0.7918
0.7800 0.7779 0.7800 0.8089
0.7900 0.8189 0.7900 0.9143
0.8000 0.8640 0.8000 0.9419
0.7900 0.9120 0.7900 0.9699
0.7800 0.8607 0.7800 0.8686
0.7700 0.8427 0.7700 0.8523
0.7500 0.8223 0.7500 0.8472
0.7200 0.8700 0.7200 0.9310
0.6700 0.8736 0.6700 0.9247
0.6200 0.8174 0.6200 0.8323
0.5800 0.8167 0.5800 0.8426
0.5700 0.8197 0.5700 0.8580
0.5900 0.7988 0.5900 0.8057
0.6100 0.7757 0.6100 0.7563
0.6700 0.7388 0.6700 0.7083
0.7800 0.7229 0.7800 0.7090
0.9100 0.7156 0.9100 0.7189
1.0100 0.7309 1.0100 0.7606
1.0700 0.7524 1.0700 0.8421
1.1300 0.7449 1.1300 0.8157
1.2000 0.8674 1.2000 0.9677
1.2700 1.0676 1.2700 1.1895
1.3300 1.2381 1.3300 1.3048
1.3500 1.2654 1.3500 1.2299
1.3500 1.2380 1.3500 1.1506
1.3700 1.3042 1.3700 1.2607
1.4500 1.3950 1.4500 1.3820
1.5400 1.4489 1.5400 1.4142
1.6200 1.4726 1.6200 1.4098
1.6700 1.3979 1.6700 1.2878
1.6900 1.3525 1.6900 1.2554
1.6700 1.4191 1.6700 1.3943
1.5900 1.6257 1.5900 1.6538
1.4900 1.7240 1.4900 1.7017
1.3900 1.7687 1.3900 1.6683
1.3300 1.7555 1.3300 1.6091
1.2900 1.7152 1.2900 1.5544
1.2600 1.6040 1.2600 1.4323
1.2200 1.3822 1.2200 1.1932
1.1700 1.2366 1.1700 1.1204
1.1300 1.1410 1.1300 1.1008
1.0900 1.1601 1.0900 1.2018
1.0400 1.1574 1.0400 1.1999
0.9700 1.1479 0.9700 1.1665
0.9000 1.0946 0.9000 1.0858
0.8300 1.0355 0.8300 1.0209
0.7900 1.0282 0.7900 1.0446
0.7700 0.9939 0.7700 1.0120
0.7700 0.9293 0.7700 0.9252
0.7800 0.8697 0.7800 0.8214
0.8100 0.8466 0.8100 0.8112
0.8600 0.8165 0.8600 0.7929
0.9000 0.8212 0.9000 0.8402
0.9500 0.8164 0.9500 0.8706
0.9800 0.8196 0.9800 0.8992
1.0100 0.8418 1.0100 0.9148
1.0300 0.9116 1.0300 0.9863
1.0600 1.0000 1.0600 1.0693
1.0900 1.0195 1.0900 1.0361
1.1100 1.0890 1.1100 1.1051
1.1000 1.0793 1.1000 1.0660
1.0800 1.1058 1.0800 1.0948
1.0700 1.1031 1.0700 1.0903
1.0400 1.1505 1.0400 1.1552
0.9600 1.1761 0.9600 1.1761
0.8500 1.1687 0.8500 1.1464
0.7700 1.0905 0.7700 1.0372
0.7500 1.0498 0.7500 1.0177
0.7900 1.0637 0.7900 1.0755
0.8400 0.9864 0.8400 0.9729
0.8700 0.8496 0.8700 0.7615
0.8700 0.7898 0.8700 0.7249
0.8800 0.8017 0.8800 0.8037
0.9300 0.8363 0.9300 0.9089
1.0000 0.9087 1.0000 1.0494
1.0800 0.9610 1.0800 1.0475
1.1400 0.9509 1.1400 0.9603
1.1900 0.9001 1.1900 0.8828
1.2200 0.9418 1.2200 0.9694
1.2300 1.0792 1.2300 1.1540
1.2500 1.1831 1.2500 1.2371
1.2500 1.2730 1.2500 1.2886
1.2600 1.2882 1.2600 1.2512
1.2300 1.3184 1.2300 1.2694
1.2200 1.3063 1.2200 1.2464
1.2100 1.2680 1.2100 1.2001
1.2000 1.3053 1.2000 1.2790
1.2000 1.2557 1.2000 1.2090
1.2000 1.2796 1.2000 1.2538
1.2100 1.1596 1.2100 1.0919
1.2100 1.1924 1.2100 1.1795
1.1900 1.1855 1.1900 1.1879
1.1800 1.1698 1.1800 1.1573
1.1700 1.1897 1.1700 1.1914
1.1700 1.1929 1.1700 1.1899
1.1700 1.2247 1.1700 1.2247
1.1600 1.2037 1.1600 1.1825
1.1500 1.1399 1.1500 1.0944
1.1400 1.1554 1.1400 1.1484
1.1400 1.1483 1.1400 1.1492
1.1400 1.1659 1.1400 1.1706
1.1400 1.1646 1.1400 1.1627
1.1400 1.1332 1.1400 1.1131
1.1300 1.1253 1.1300 1.1143
1.1300 1.1187 1.1300 1.1165
1.1200 1.1402 1.1200 1.1501
1.1200 1.1391 1.1200 1.1410
1.1100 1.1383 1.1100 1.1334
1.1100 1.1399 1.1100 1.1356
1.1000 1.1096 1.1000 1.0930
1.0900 1.1320 1.0900 1.1361
1.0800 1.1015 1.0800 1.0928
1.0800 1.1214 1.0800 1.1261
1.0900 1.0908 1.0900 1.0834
1.1000 1.1122 1.1000 1.1189
1.1100 1.0818 1.1100 1.0756
1.1200 1.0713 1.1200 1.0670
1.1300 1.0631 1.1300 1.0672
1.1300 1.0858 1.1300 1.1036
1.1300 1.1168 1.1300 1.1381
1.1300 1.1257 1.1300 1.1312
1.1300 1.1356 1.1300 1.1329
1.1200 1.1478 1.1200 1.1445
1.1000 1.1587 1.1000 1.1533
1.0900 1.1360 1.0900 1.1162
1.0900 1.1353 1.0900 1.1235
1.0900 1.1361 1.0900 1.1319
1.0900 1.1345 1.0900 1.1297
1.0800 1.1009 1.0800 1.0838
1.0800 1.0593 1.0800 1.0400
1.0900 1.0731 1.0900 1.0840
1.1100 1.0957 1.1100 1.1191
1.1300 1.0925 1.1300 1.0998
1.1400 1.0915 1.1400 1.0927
1.1600 1.0628 1.1600 1.0532
1.1500 1.0867 1.1500 1.0975
1.1300 1.1201 1.1300 1.1420
1.1100 1.1594 1.1100 1.1763
1.1100 1.1773 1.1100 1.1770
1.1200 1.1658 1.1200 1.1445
1.1400 1.2096 1.1400 1.2071
1.1700 1.1350 1.1700 1.0916
1.2000 1.0900 1.2000 1.0507
1.2200 1.0735 1.2200 1.0680
1.2200 1.1166 1.2200 1.1448
1.2100 1.1434 1.2100 1.1664
1.2000 1.1814 1.2000 1.1951
1.2000 1.2345 1.2000 1.2446
1.1900 1.2666 1.1900 1.2578
1.1900 1.2645 1.1900 1.2305
1.1900 1.2212 1.1900 1.1675
1.1900 1.1906 1.1900 1.1476
1.1900 1.1811 1.1900 1.1615
1.2000 1.2000 1.2000 1.2005
1.2000 1.1633 1.2000 1.1434
1.2000 1.1831 1.2000 1.1792
1.2000 1.1858 1.2000 1.1829
1.2100 1.1851 1.2100 1.1740
1.2100 1.1852 1.2100 1.1738
1.2200 1.2189 1.2200 1.2208
1.2400 1.1965 1.2400 1.1757
1.2500 1.1952 1.2500 1.1749
1.2500 1.1976 1.2500 1.1855
1.2500 1.2298 1.2500 1.2295
1.2600 1.2057 1.2600 1.1827
1.2700 1.2365 1.2700 1.2273
1.2700 1.2807 1.2700 1.2828
1.2600 1.2664 1.2600 1.2368
1.2500 1.2421 1.2500 1.1990
1.2500 1.2456 1.2500 1.2199
1.2500 1.2788 1.2500 1.2719
1.2600 1.2851 1.2600 1.2670
1.2600 1.2593 1.2600 1.2206
1.2200 1.2281 1.2200 1.1866
1.1800 1.2210 1.1800 1.1969
1.1500 1.2435 1.1500 1.2393
1.1600 1.2405 1.1600 1.2274
1.1600 1.2703 1.1600 1.2630
1.1400 1.2490 1.1400 1.2211
1.1300 1.1207 1.1300 1.0436
1.1400 1.0853 1.1400 1.0537
1.1500 1.0840 1.1500 1.0998
1.1500 1.1774 1.1500 1.2347
1.1700 1.1493 1.1700 1.1541
1.2000 1.0831 1.2000 1.0452
1.2200 1.1045 1.2200 1.1071
1.2300 1.1666 1.2300 1.2009
1.2200 1.1720 1.2200 1.1766
1.2200 1.1457 1.2200 1.1232
1.2200 1.2136 1.2200 1.2267
1.2400 1.2694 1.2400 1.2831
1.2600 1.2622 1.2600 1.2338
1.2700 1.2484 1.2700 1.2066
1.2800 1.1982 1.2800 1.1474
1.2900 1.2215 1.2900 1.2063
1.2900 1.2203 1.2900 1.2107
1.2700 1.2789 1.2700 1.2862
1.2400 1.2962 1.2400 1.2860
1.2200 1.2819 1.2200 1.2429
1.2300 1.2941 1.2300 1.2623
1.2400 1.3073 1.2400 1.2818
1.2600 1.2826 1.2600 1.2408
1.2800 1.2159 1.2800 1.1574
1.2900 1.1653 1.2900 1.1223
1.2900 1.1697 1.2900 1.1661
1.2800 1.2444 1.2800 1.2789
1.2500 1.2490 1.2500 1.2500
1.2200 1.2879 1.2200 1.2797
1.1800 1.3130 1.1800 1.2967
1.1400 1.3033 1.1400 1.2629
1.1100 1.2817 1.1100 1.2337
1.0700 1.2514 1.0700 1.2069
1.0300 1.1766 1.0300 1.1229
0.9800 1.1460 0.9800 1.1201
0.9400 1.0847 0.9400 1.0658
0.9300 1.0431 0.9300 1.0370
0.9200 1.0361 0.9200 1.0558
0.9200 0.9762 0.9200 0.9803
0.9300 0.9375 0.9300 0.9470
0.9400 0.8932 0.9400 0.8928
0.9300 0.8862 0.9300 0.9081
0.9100 0.9206 0.9100 1.0027
0.8600 0.9101 0.8600 0.9636
0.8000 0.9288 0.8000 0.9716
0.7300 0.9671 0.7300 1.0144
0.6900 0.9814 0.6900 1.0087
0.7000 0.9291 0.7000 0.9245
0.7600 0.8901 0.7600 0.8960
0.8300 0.8302 0.8300 0.7881
0.9300 0.8029 0.9300 0.7650
1.0300 0.7672 1.0300 0.7413
1.1100 0.7764 1.1100 0.7841
1.1500 0.8143 1.1500 0.9245
1.1800 0.9330 1.1800 1.0663
1.2200 1.0067 1.2200 1.0817
1.2100 1.1723 1.2100 1.2312
1.1600 1.2814 1.1600 1.3001
1.0800 1.3167 1.0800 1.2730
0.9900 1.2672 0.9900 1.1764
0.9200 1.2760 0.9200 1.2138
0.8900 1.3361 0.8900 1.3178
0.8900 1.2031 0.8900 1.1139
0.8900 1.0542 0.8900 0.9509
0.9100 0.9442 0.9100 0.8554
0.9600 0.8916 0.9600 0.8419
1.0400 0.8764 1.0400 0.8587
1.1400 0.8846 1.1400 0.9527
1.2300 0.9006 1.2300 1.0038
1.3000 0.8968 1.3000 0.9531
1.3400 0.9621 1.3400 1.0205
1.3200 1.0876 1.3200 1.1594
1.2900 1.2348 1.2900 1.2970
1.2300 1.3751 1.2300 1.4060
1.2100 1.4412 1.2100 1.4102
1.2100 1.4666 1.2100 1.3905
1.2200 1.4420 1.2200 1.3406
1.2300 1.2867 1.2300 1.1410
1.2300 1.2322 1.2300 1.1477
1.2000 1.1038 1.2000 1.0395
1.1600 1.1627 1.1600 1.1866
1.1200 1.2005 1.1200 1.2433
1.0800 1.2233 1.0800 1.2350
1.0200 1.2330 1.0200 1.2237
0.9500 1.2186 0.9500 1.1916
0.8800 1.1273 0.8800 1.0682
0.8300 1.0694 0.8300 1.0322
0.7900 1.0335 0.7900 1.0309
0.7700 0.9917 0.7700 0.9996
0.7800 0.9100 0.7800 0.8792
0.8000 0.8652 0.8000 0.8170
0.8500 0.8396 0.8500 0.8095
0.8900 0.8341 0.8900 0.8372
0.9200 0.8127 0.9200 0.8246
0.9500 0.8109 0.9500 0.8540
0.9800 0.8427 0.9800 0.9436
1.0100 0.8816 1.0100 0.9580
1.0600 0.9835 1.0600 1.0626
1.1300 1.0077 1.1300 1.0347
1.2200 1.0156 1.2200 1.0100
1.2900 1.0487 1.2900 1.0537
1.3600 1.0802 1.3600 1.0883
1.4200 1.1047 1.4200 1.1065
1.4600 1.1933 1.4600 1.2170
1.5000 1.3040 1.5000 1.3319
1.5100 1.4320 1.5100 1.4453
1.5200 1.4523 1.5200 1.3982
1.5400 1.5205 1.5400 1.4584
1.5900 1.5610 1.5900 1.4910
1.6600 1.5509 1.6600 1.4515
1.7400 1.5854 1.7400 1.5030
1.8100 1.5228 1.8100 1.4119
1.8700 1.5269 1.8700 1.4395
1.9100 1.5681 1.9100 1.5165
1.9100 1.6806 1.9100 1.6555
1.8800 1.7875 1.8800 1.7457
1.8300 1.8847 1.8300 1.8060
1.8000 1.9306 1.8000 1.8017
1.7800 1.9706 1.7800 1.8173
1.7600 1.9657 1.7600 1.7895
1.7200 1.8689 1.7200 1.6556
1.6600 1.7677 1.6600 1.5671
1.5700 1.6712 1.5700 1.5101
1.4800 1.6847 1.4800 1.6003
1.3700 1.6780 1.3700 1.6079
1.2700 1.6483 1.2700 1.5586
1.1300 1.5622 1.1300 1.4467
1.0300 1.4644 1.0300 1.3510
0.9300 1.3136 0.9300 1.2037
0.9000 1.2299 0.9000 1.1750
0.9000 1.0990 0.9000 1.0328
0.9200 1.0451 0.9200 1.0022
0.8800 0.9084 0.8800 0.8195
0.7700 0.9065 0.7700 0.8818
0.6700 0.8506 0.6700 0.8285
0.6000 0.8874 0.6000 0.9724
0.5700 0.9023 0.5700 1.0300
0.5600 0.9565 0.5600 1.0376
0.5700 0.8110 0.5700 0.7803
0.6000 0.7212 0.6000 0.6255
0.6600 0.7305 0.6600 0.7140
0.7200 0.7354 0.7200 0.7627
0.7500 0.7287 0.7500 0.7578
0.7500 0.7115 0.7500 0.7435
0.7300 0.7204 0.7300 0.7827
0.7300 0.7497 0.7300 0.8503
0.7400 0.8639 0.7400 0.9670
0.7600 0.9133 0.7600 0.9753
0.7800 0.8733 0.7800 0.8744
0.7800 0.8159 0.7800 0.8012
0.7900 0.7896 0.7900 0.7718
0.7900 0.8206 0.7900 0.8697
0.8000 0.8330 0.8000 0.9024
0.8300 0.8585 0.8300 0.9178
0.8500 0.8723 0.8500 0.9190
0.8900 0.8330 0.8900 0.8504
0.9700 0.8639 0.9700 0.9058
1.0500 0.8480 1.0500 0.8843
1.1200 0.8715 1.1200 0.9171
1.1500 0.9372 1.1500 1.0050
1.1600 0.9304 1.1600 0.9630
1.1700 1.0078 1.1700 1.0455
1.2000 1.1767 1.2000 1.2526
1.2400 1.2536 1.2400 1.2748
1.2700 1.2927 1.2700 1.2613
1.2700 1.2369 1.2700 1.1576
1.2500 1.2054 1.2500 1.1352
1.2300 1.2158 1.2300 1.1873
1.1900 1.2829 1.1900 1.2909
1.1400 1.3334 1.1400 1.3331
1.0500 1.3325 1.0500 1.2942
0.9700 1.2645 0.9700 1.1880
0.9100 1.2044 0.9100 1.1359
0.8800 1.1880 0.8800 1.1597
0.8800 1.1006 0.8800 1.0625
0.9000 1.0232 0.9000 0.9940
0.9200 0.9044 0.9200 0.8170
0.9400 0.8825 0.9400 0.8434
0.9300 0.8748 0.9300 0.8818
0.9100 0.8715 0.9100 0.9301
0.8800 0.8916 0.8800 0.9892
0.8700 0.9506 0.8700 1.0323
0.9000 0.9750 0.9000 1.0135
0.9500 1.0012 0.9500 1.0200
0.9900 0.9336 0.9900 0.9161
1.0100 0.8943 1.0100 0.8917
1.0200 0.8617 1.0200 0.8709
1.0600 0.8844 1.0600 0.9415
1.0900 0.9898 1.0900 1.0842
1.1300 1.0786 1.1300 1.1446
1.1600 1.0923 1.1600 1.0983
1.1700 1.0718 1.1700 1.0442
1.1600 1.0671 1.1600 1.0471
1.1500 1.1746 1.1500 1.2094
1.1400 1.1777 1.1400 1.1770
1.1400 1.2287 1.1400 1.2220
1.1400 1.2371 1.1400 1.2161
1.1400 1.2021 1.1400 1.1532
1.1500 1.1471 1.1500 1.0938
1.1700 1.1384 1.1700 1.1181
1.1800 1.1261 1.1800 1.1202
1.1800 1.1423 1.1800 1.1496
1.1900 1.1393 1.1900 1.1403
1.2200 1.1383 1.2200 1.1334
1.2700 1.1718 1.2700 1.1799
1.3100 1.2152 1.3100 1.2264
1.3300 1.2013 1.3300 1.1810
1.3300 1.1786 1.3300 1.1457
1.3400 1.2141 1.3400 1.2100
1.3400 1.2891 1.3400 1.3067
1.3500 1.3782 1.3500 1.3915
1.3500 1.3906 1.3500 1.3543
1.3500 1.3650 1.3500 1.2927
1.3500 1.3252 1.3500 1.2495
1.3400 1.3607 1.3400 1.3279
1.3400 1.3343 1.3400 1.2912
1.3500 1.3590 1.3500 1.3288
1.3500 1.3346 1.3500 1.2920
1.3600 1.3333 1.3600 1.2926
1.3600 1.3342 1.3600 1.3010
1.3500 1.3015 1.3500 1.2558
1.3500 1.3231 1.3500 1.2992
1.3600 1.3565 1.3600 1.3454
1.3600 1.3309 1.3600 1.2888
1.3700 1.3625 1.3700 1.3345
1.3700 1.3433 1.3700 1.3020
1.3600 1.3098 1.3600 1.2550
1.3600 1.3340 1.3600 1.3093
1.3700 1.3674 1.3700 1.3548
1.3700 1.3402 1.3700 1.2957
1.3700 1.3717 1.3700 1.3423
1.3700 1.3524 1.3700 1.3096
1.3800 1.3189 1.3800 1.2627
1.3900 1.3431 1.3900 1.3171
1.4000 1.3765 1.4000 1.3626
1.4000 1.3493 1.4000 1.3033
1.4000 1.3482 1.4000 1.3046
1.4000 1.3522 1.4000 1.3179
1.4100 1.3849 1.4100 1.3618
1.4100 1.3928 1.4100 1.3588
1.4200 1.4010 1.4200 1.3587
1.4300 1.3792 1.4300 1.3233
1.4300 1.3807 1.4300 1.3334
1.4300 1.3815 1.4300 1.3412
1.4200 1.4126 1.4200 1.3843
1.4200 1.3874 1.4200 1.3363
1.4200 1.4192 1.4200 1.3825
1.4200 1.4309 1.4200 1.3927
1.4200 1.4065 1.4200 1.3454
1.4200 1.4066 1.4200 1.3540
1.4200 1.3760 1.4200 1.3194
1.4300 1.3980 1.4300 1.3626
1.4400 1.3971 1.4400 1.3609
1.4300 1.3945 1.4300 1.3507
1.4200 1.3946 1.4200 1.3515
1.3800 1.3961 1.3800 1.3539
1.3600 1.3963 1.3600 1.3532
1.3500 1.4291 1.3500 1.3988
1.3900 1.4384 1.3900 1.3979
1.4200 1.3812 1.4200 1.3059
1.4500 1.3735 1.4500 1.3178
1.4600 1.2694 1.4600 1.1925
1.4700 1.2945 1.4700 1.2724
1.4700 1.3079 1.4700 1.3074
1.4600 1.4556 1.4600 1.4932
1.4600 1.4582 1.4600 1.4309
1.4600 1.4864 1.4600 1.4277
1.4700 1.4596 1.4700 1.3800
1.4700 1.4754 1.4700 1.4100
1.4700 1.4522 1.4700 1.3836
1.4600 1.4157 1.4600 1.3424
1.4600 1.4367 1.4600 1.3944
1.4600 1.4354 1.4600 1.3932
1.4600 1.4642 1.4600 1.4263
1.4600 1.4404 1.4600 1.3811
1.4500 1.4412 1.4500 1.3837
1.4500 1.4109 1.4500 1.3482
1.4600 1.4345 1.4600 1.3942
1.4700 1.4338 1.4700 1.3916
1.4900 1.4311 1.4900 1.3813
1.5100 1.4312 1.5100 1.3822
1.5300 1.3999 1.5300 1.3389
1.5500 1.4237 1.5500 1.3848
1.5500 1.4574 1.5500 1.4304
1.5400 1.4641 1.5400 1.4184
1.5300 1.5056 1.5300 1.4642
1.5200 1.5273 1.5200 1.4757
1.5200 1.5468 1.5200 1.4832
1.5100 1.5671 1.5100 1.5002
1.5000 1.5209 1.5000 1.4248
1.5000 1.4881 1.5000 1.3960
1.5000 1.4805 1.5000 1.4147
1.5000 1.4684 1.5000 1.4105
1.5000 1.4872 1.5000 1.4430
1.5000 1.4521 1.5000 1.3880
1.5000 1.4421 1.5000 1.3816
1.5100 1.4685 1.5100 1.4310
1.5200 1.4683 1.5200 1.4211
1.5300 1.4661 1.5300 1.4102
1.5300 1.4677 1.5300 1.4135
1.5200 1.4694 1.5200 1.4152
1.5000 1.4696 1.5000 1.4144
1.4900 1.5026 1.4900 1.4603
1.4800 1.5118 1.4800 1.4591
1.4700 1.5202 1.4700 1.4581
1.4700 1.4981 1.4700 1.4222
1.4600 1.4668 1.4600 1.3868
1.4600 1.4255 1.4600 1.3501
1.4500 1.4391 1.4500 1.3957
1.4100 1.4272 1.4100 1.3834
1.3500 1.4137 1.3500 1.3639
1.2800 1.4375 1.2800 1.4037
1.2100 1.4061 1.2100 1.3517
1.1700 1.4292 1.1700 1.3891
1.1100 1.3989 1.1100 1.3458
1.0600 1.2906 1.0600 1.2010
1.0100 1.1896 1.0100 1.1142
1.0100 1.1042 1.0100 1.0655
1.0100 1.0357 1.0100 1.0269
0.9800 1.0607 0.9800 1.1053
0.9000 0.9625 0.9000 0.9597
0.8000 0.9402 0.8000 0.9473
0.7200 0.9118 0.7200 0.9336
0.6800 1.0065 0.6800 1.0967
0.6700 1.0096 0.6700 1.0580
0.6800 0.9134 0.6800 0.8908
0.7000 0.8124 0.7000 0.7310
0.7500 0.7779 0.7500 0.7298
0.8200 0.7753 0.8200 0.7749
0.9100 0.7809 0.9100 0.8054
0.9800 0.7750 0.9800 0.8354
1.0300 0.7760 1.0300 0.8600
1.0600 0.8004 1.0600 0.8809
1.0700 0.9088 1.0700 1.0003
1.0600 1.0130 1.0600 1.0914
1.0600 1.1436 1.0600 1.1944
1.0700 1.1689 1.0700 1.1564
1.0900 1.1732 1.0900 1.1283
1.1000 1.1619 1.1000 1.1154
1.1100 1.1264 1.1100 1.0801
1.1100 1.0662 1.1100 1.0221
1.1200 1.0822 1.1200 1.0829
1.1300 1.1094 1.1300 1.1300
1.1400 1.1435 1.1400 1.1602
1.1400 1.1276 1.1400 1.1166
1.1400 1.1380 1.1400 1.1283
1.1500 1.1194 1.1500 1.1034
1.1700 1.1508 1.1700 1.1538
1.1800 1.1598 1.1800 1.1603
1.2000 1.1663 1.2000 1.1583
1.2100 1.1433 1.2100 1.1223
1.2100 1.1442 1.2100 1.1320
1.2000 1.1771 1.2000 1.1840
1.1900 1.2172 1.1900 1.2267
1.1800 1.2015 1.1800 1.1803
1.1900 1.2428 1.1900 1.2347
1.2300 1.2333 1.2300 1.2103
1.3400 1.2092 1.3400 1.1715
1.4600 1.1774 1.4600 1.1428
1.5400 1.1685 1.5400 1.1512
1.5600 1.1570 1.5600 1.1472
1.5500 1.2087 1.5500 1.2252
1.5200 1.3137 1.5200 1.3510
1.4800 1.5725 1.4800 1.6371
1.4400 1.7155 1.4400 1.7149
1.3900 1.6969 1.3900 1.5650
1.3300 1.5881 1.3300 1.3940
1.2600 1.5250 1.2600 1.3713
1.1900 1.4507 1.1900 1.3384
1.1300 1.3754 1.1300 1.2908
1.1100 1.3242 1.1100 1.2714
1.1300 1.2463 1.1300 1.1985
1.1500 1.1628 1.1500 1.1204
1.1400 1.0747 1.1400 1.0464
1.0900 1.0158 1.0900 1.0073
1.0300 0.9871 1.0300 1.0016
0.9800 1.0473 0.9800 1.1205
0.9400 1.1571 0.9400 1.2429
0.9200 1.1768 0.9200 1.1997
0.9400 1.1044 0.9400 1.0600
1.0200 0.9794 1.0200 0.9121
1.1100 0.9272 1.1100 0.8913
1.2100 0.9144 1.2100 0.9268
1.2800 0.8940 1.2800 0.9212
1.3300 0.8896 1.3300 0.9536
1.3400 0.9890 1.3400 1.0840
1.3200 1.2019 1.3200 1.3070
1.2800 1.3137 1.2800 1.3594
1.2400 1.4333 1.2400 1.4284
1.2000 1.4440 1.2000 1.3738
1.1800 1.4533 1.1800 1.3617
1.1500 1.3752 1.1500 1.2610
1.0900 1.2844 1.0900 1.1774
1.0300 1.1955 1.0300 1.1202
0.9600 1.1503 0.9600 1.1204
0.9200 1.1035 0.9200 1.0938
0.9000 1.1226 0.9000 1.1450
0.8900 1.0699 0.8900 1.0688
0.8600 0.9454 0.8600 0.9062
0.8100 0.9199 0.8100 0.8996
0.7200 0.8792 0.7200 0.8480
0.6100 0.8870 0.6100 0.9212
0.5300 0.8834 0.5300 0.9586
0.4700 0.8811 0.4700 0.9452
0.4700 0.8304 0.4700 0.8387
0.5200 0.7979 0.5200 0.7546
0.6000 0.7338 0.6000 0.6814
0.7400 0.6811 0.7400 0.6462
0.9200 0.6823 0.9200 0.6995
1.1300 0.6592 1.1300 0.6836
1.3000 0.6906 1.3000 0.7420
1.3900 0.7351 1.3900 0.8877
1.3900 0.8487 1.3900 0.9742
1.3300 1.0853 1.3300 1.2128
1.2500 1.3589 1.2500 1.4567
1.2100 1.6304 1.2100 1.6746
1.2000 1.7106 1.2000 1.6203
1.2200 1.6183 1.2200 1.4080
1.2500 1.4215 1.2500 1.1755
1.2900 1.2318 1.2900 1.0439
1.3300 1.0997 1.3300 1.0093
1.3600 1.1309 1.3600 1.1607
1.3800 1.1675 1.3800 1.2224
1.3800 1.2391 1.3800 1.2848
1.3700 1.2916 1.3700 1.3083
1.3600 1.3609 1.3600 1.3584
1.3400 1.4077 1.3400 1.3819
1.3100 1.4181 1.3100 1.3641
1.2700 1.4165 1.2700 1.3518
1.2500 1.3718 1.2500 1.2942
1.2400 1.3380 1.2400 1.2710
1.2300 1.3268 1.2300 1.2847
1.2300 1.2806 1.2300 1.2344
1.2300 1.2245 1.2300 1.1773
1.2400 1.1633 1.2400 1.1258
1.2500 1.1902 1.2500 1.1993
1.2700 1.2024 1.2700 1.2169
1.2900 1.1890 1.2900 1.1815
1.3100 1.2130 1.3100 1.2138
1.3200 1.2183 1.3200 1.2123
1.3300 1.2518 1.3300 1.2488
1.3300 1.2631 1.3300 1.2504
1.3400 1.3055 1.3400 1.2963
1.3400 1.3260 1.3400 1.3055
1.3400 1.3451 1.3400 1.3142
1.3300 1.3327 1.3300 1.2861
1.3100 1.3432 1.3100 1.3036
1.2700 1.3207 1.2700 1.2739
1.2400 1.3513 1.2400 1.3249
1.2100 1.3272 1.2100 1.2860
1.1900 1.3243 1.1900 1.2841
1.1600 1.2925 1.1600 1.2481
1.1300 1.2505 1.1300 1.2036
1.1000 1.1665 1.1000 1.1126
1.0800 1.1607 1.0800 1.1494
1.0800 1.1320 1.0800 1.1309
1.0900 1.1312 1.0900 1.1382
1.1100 1.0798 1.1100 1.0706
1.1100 1.0530 1.1100 1.0496
1.1200 1.0285 1.1200 1.0360
1.1400 1.0333 1.1400 1.0560
1.1400 1.0781 1.1400 1.1187
1.1400 1.1105 1.1400 1.1409
1.1500 1.1523 1.1500 1.1713
1.1800 1.1115 1.1800 1.0892
1.1900 1.1462 1.1900 1.1441
1.1600 1.1930 1.1600 1.2082
1.1200 1.1457 1.1200 1.1161
1.0700 1.1421 1.0700 1.1206
1.0400 1.1785 1.0400 1.1869
1.0300 1.2510 1.0300 1.2729
1.0200 1.2112 1.0200 1.1799
1.0200 1.0909 1.0200 1.0121
1.0200 1.0359 1.0200 0.9972
1.0400 0.9707 1.0400 0.9612
1.1100 0.9799 1.1100 1.0119
1.2000 1.0098 1.2000 1.0623
1.3000 0.9973 1.3000 1.0232
1.4100 1.0198 1.4100 1.0460
1.5200 1.0270 1.5200 1.0472
1.6200 1.0931 1.6200 1.1284
1.6700 1.2739 1.6700 1.3491
1.7400 1.4057 1.7400 1.4459
1.8000 1.5209 1.8000 1.5082
1.8400 1.6558 1.8400 1.6210
1.8100 1.7692 1.8100 1.7011
1.7100 1.8433 1.7100 1.7327
1.6200 1.7732 1.6200 1.5873
1.5300 1.8912 1.5300 1.7753
1.4700 1.9247 1.4700 1.8028
1.4100 1.9009 1.4100 1.7301
1.3500 1.6982 1.3500 1.4559
1.2900 1.4413 1.2900 1.1983
1.2400 1.3857 1.2400 1.2925
1.1900 1.2905 1.1900 1.2524
1.1500 1.2819 1.1500 1.2840
1.1300 1.2167 1.1300 1.2091
1.1000 1.1616 1.1000 1.1460
1.0800 1.1129 1.0800 1.1068
1.0700 1.0961 1.0700 1.1100
1.0800 1.0520 1.0800 1.0610
1.0800 1.0385 1.0800 1.0584
1.0900 1.0686 1.0900 1.1104
1.0900 1.0211 1.0900 1.0293
1.0800 1.0258 1.0800 1.0421
1.0900 1.0458 1.0900 1.0774
1.1100 1.1022 1.1100 1.1425
1.1300 1.0806 1.1300 1.0830
1.1600 1.1132 1.1600 1.1220
1.1700 1.0969 1.1700 1.0921
1.1900 1.0656 1.1900 1.0475
1.2100 1.1204 1.2100 1.1423
1.2200 1.1634 1.2200 1.1885
1.2400 1.1776 1.2400 1.1758
1.2600 1.2283 1.2600 1.2308
1.2700 1.1968 1.2700 1.1642
1.2800 1.2380 1.2800 1.2232
1.2900 1.2600 1.2900 1.2497
1.3000 1.2437 1.3000 1.2094
1.3100 1.2830 1.3100 1.2678
1.3200 1.3038 1.3200 1.2871
1.3300 1.2874 1.3300 1.2463
1.3300 1.2961 1.3300 1.2625
1.3300 1.3074 1.3300 1.2811
1.3200 1.3151 1.3200 1.2858
1.3100 1.3225 1.3100 1.2919
1.3100 1.3315 1.3100 1.3004
1.3100 1.3406 1.3100 1.3081
1.3200 1.3172 1.3200 1.2706
1.3300 1.3169 1.3300 1.2788
1.3400 1.2851 1.3400 1.2421
1.3500 1.2740 1.3500 1.2402
1.3600 1.2964 1.3600 1.2844
1.3700 1.2949 1.3700 1.2746
1.3700 1.3250 1.3700 1.3096
1.3700 1.3360 1.3700 1.3124
1.3700 1.3460 1.3700 1.3133
1.3700 1.3570 1.3700 1.3226
1.3700 1.3678 1.3700 1.3320
1.3600 1.3771 1.3600 1.3389
1.3500 1.3536 1.3500 1.3013
1.3400 1.3534 1.3400 1.3096
1.3200 1.3541 1.3200 1.3181
1.3000 1.3524 1.3000 1.3157
1.2900 1.3507 1.2900 1.3140
1.2800 1.3180 1.2800 1.2695
1.2800 1.3086 1.2800 1.2701
1.2900 1.3002 1.2900 1.2709
1.2900 1.2569 1.2900 1.2157
1.2900 1.2368 1.2900 1.2068
1.2900 1.2516 1.2900 1.2455
1.2900 1.2411 1.2900 1.2273
1.2900 1.2621 1.2900 1.2545
1.2900 1.2964 1.2900 1.2946
1.3000 1.2744 1.3000 1.2426
1.3100 1.2751 1.3100 1.2437
1.3100 1.2792 1.3100 1.2561
1.2900 1.2794 1.2900 1.2547
1.2800 1.2778 1.2800 1.2523
1.3100 1.2777 1.3100 1.2531
1.3400 1.3101 1.3400 1.2981
1.3700 1.3196 1.3700 1.2978
1.3600 1.2955 1.3600 1.2520
1.3500 1.2320 1.3500 1.1725
1.3500 1.2479 1.3500 1.2282
1.3500 1.3690 1.3500 1.4066
1.3500 1.3919 1.3500 1.3826
1.3400 1.4145 1.3400 1.3718
1.3400 1.3196 1.3400 1.2263
1.3300 1.3164 1.3300 1.2573
1.3300 1.3434 1.3300 1.3262
1.3200 1.3368 1.3200 1.3082
1.3100 1.3294 1.3100 1.2931
1.3200 1.2980 1.3200 1.2533
1.3300 1.3228 1.3300 1.3006
1.3400 1.2914 1.3400 1.2550
1.3300 1.3121 1.3300 1.2898
1.3200 1.2806 1.3200 1.2457
1.3100 1.2704 1.3100 1.2377
1.3200 1.3271 1.3200 1.3286
1.3200 1.3367 1.3200 1.3201
1.3100 1.3428 1.3100 1.3085
1.3000 1.2901 1.3000 1.2314
1.3000 1.2838 1.3000 1.2433
1.3000 1.2764 1.3000 1.2510
1.3100 1.3289 1.3100 1.3288
1.3300 1.3028 1.3300 1.2718
1.3200 1.2683 1.3200 1.2195
1.3100 1.2630 1.3100 1.2330
1.2900 1.2887 1.2900 1.2797
1.2800 1.2860 1.2800 1.2661
1.2800 1.3159 1.2800 1.3018
1.2800 1.3594 1.2800 1.3498
1.2800 1.2814 1.2800 1.2150
1.2800 1.2724 1.2800 1.2247
1.2700 1.2364 1.2700 1.2013
1.2500 1.2471 1.2500 1.2328
1.2100 1.2666 1.2100 1.2647
1.1700 1.2641 1.1700 1.2481
1.1500 1.2634 1.1500 1.2405
1.1600 1.2666 1.1600 1.2452
1.1700 1.2361 1.1700 1.2012
1.1800 1.1945 1.1800 1.1559
1.1700 1.1123 1.1700 1.0675
1.1900 1.0743 1.1900 1.0582
1.2000 1.1003 1.2000 1.1285
1.2000 1.1743 1.2000 1.2253
1.1900 1.1803 1.1900 1.1916
1.1700 1.1902 1.1700 1.1804
1.1500 1.1433 1.1500 1.1092
1.1200 1.2347 1.1200 1.2535
1.0900 1.2243 1.0900 1.2164
1.0700 1.1953 1.0700 1.1577
1.0600 1.1649 1.0600 1.1324
1.0700 1.1270 1.0700 1.1004
1.0800 1.1063 1.0800 1.0948
1.0700 1.0537 1.0700 1.0402
1.0600 1.0226 1.0600 1.0211
1.0500 1.0263 1.0500 1.0489
1.0600 1.0390 1.0600 1.0684
1.0800 1.0919 1.0800 1.1315
1.0900 1.1031 1.0900 1.1198
1.1000 1.0505 1.1000 1.0271
1.1200 1.0449 1.1200 1.0385
1.1400 1.0409 1.1400 1.0498
1.1400 1.0925 1.1400 1.1242
1.1300 1.1315 1.1300 1.1586
1.1300 1.1167 1.1300 1.1081
1.1200 1.1273 1.1200 1.1189
1.0900 1.1739 1.0900 1.1847
1.0300 1.1931 1.0300 1.1913
0.9800 1.1451 0.9800 1.1076
0.9300 1.1133 0.9300 1.0809
0.9100 1.1387 0.9100 1.1431
0.9000 1.1051 0.9000 1.0947
0.8900 1.0263 0.8900 0.9925
0.8800 0.9157 0.8800 0.8636
0.8700 0.9065 0.8700 0.9080
0.8800 0.8817 0.8800 0.8873
0.8900 0.8910 0.8900 0.9578
0.9200 0.8933 0.9200 0.9626
0.9600 0.8829 0.9600 0.9266
1.0000 0.8784 1.0000 0.9171
1.0400 0.8773 1.0400 0.9177
1.0600 0.9290 1.0600 0.9910
1.0600 0.9380 1.0600 0.9824
1.0300 1.0080 1.0300 1.0521
0.9800 1.0713 0.9800 1.1105
0.9300 1.1101 0.9300 1.1225
0.8900 1.1487 0.8900 1.1485
0.8800 1.1263 0.8800 1.0975
0.8800 1.0813 0.8800 1.0396
0.8800 0.9866 0.8800 0.9382
0.8700 0.9037 0.8700 0.8670
0.8500 0.8820 0.8500 0.8691
0.8200 0.8704 0.8200 0.8863
0.7900 0.8833 0.7900 0.9660
0.7600 0.8999 0.7600 0.9689
0.7400 0.8969 0.7400 0.9393
0.7300 0.8726 0.7300 0.8984
0.7100 0.8425 0.7100 0.8649
0.7000 0.8267 0.7000 0.8268
0.6900 0.8173 0.6900 0.8200
0.6900 0.8028 0.6900 0.8054
0.7100 0.7996 0.7100 0.8225
0.7300 0.7990 0.7300 0.8416
0.7500 0.7736 0.7500 0.7810
0.7600 0.7798 0.7600 0.8072
0.7800 0.7767 0.7800 0.8067
0.8500 0.7836 0.8500 0.8296
0.9600 0.8208 0.9600 0.9020
1.0700 0.8367 1.0700 0.8962
1.1300 0.8497 1.1300 0.8929
1.1600 0.8406 1.1600 0.8719
1.1800 0.8795 1.1800 0.9276
1.2100 1.0447 1.2100 1.1431
1.2300 1.2370 1.2300 1.3241
1.2500 1.3367 1.2500 1.3500
1.2600 1.2826 1.2600 1.1938
1.2800 1.2519 1.2800 1.1576
1.2800 1.2574 1.2800 1.2054
1.2700 1.3029 1.2700 1.2859
1.2600 1.2861 1.2600 1.2498
1.2500 1.2956 1.2500 1.2606
1.2500 1.2817 1.2500 1.2424
1.2200 1.3227 1.2200 1.3031
1.1900 1.2758 1.1900 1.2268
1.1600 1.2401 1.1600 1.1878
1.1200 1.2321 1.1200 1.2055
1.0800 1.2219 1.0800 1.2039
1.0500 1.2403 1.0500 1.2346
1.0300 1.1421 1.0300 1.0926
1.0100 1.1127 1.0100 1.0851
0.9900 1.0894 0.9900 1.0891
0.9700 1.0272 0.9700 1.0164
0.9900 0.9859 0.9900 0.9872
1.0200 0.9819 1.0200 1.0102
1.0800 0.9858 1.0800 1.0210
1.1500 0.9665 1.1500 0.9886
1.2300 0.9493 1.2300 0.9690
1.4100 0.9347 1.4100 0.9601
1.5900 1.0445 1.5900 1.1149
1.7200 1.0978 1.7200 1.1467
1.7600 1.2180 1.7600 1.2625
1.7200 1.3122 1.7200 1.3335
1.6300 1.4147 1.6300 1.4095
1.4500 1.8066 1.4500 1.8747
1.3100 1.9951 1.3100 1.9759
1.2300 1.9939 1.2300 1.7936
1.2200 1.8327 1.2200 1.5383
1.2600 1.6265 1.2600 1.3404
1.3500 1.4258 1.3500 1.2163
1.4500 1.1099 1.4500 0.9160
1.5200 1.0791 1.5200 1.0074
1.5300 1.0712 1.5300 1.1148
1.5100 1.1484 1.5100 1.2551
1.4600 1.2924 1.4600 1.3869
1.3500 1.5050 1.3500 1.5837
1.1600 1.6413 1.1600 1.6416
0.9500 1.6518 0.9500 1.5477
0.7900 1.5350 0.7900 1.3565
0.6700 1.4586 0.6700 1.3123
0.6000 1.3436 0.6000 1.2295
0.5600 1.0903 0.5600 0.9511
0.5500 0.8959 0.5500 0.7427
0.5500 0.8029 0.5500 0.7311
0.5500 0.7877 0.5500 0.8051
0.5600 0.7341 0.5600 0.7589
0.5700 0.7049 0.5700 0.7325
0.6100 0.6875 0.6100 0.7127
0.6500 0.6975 0.6500 0.7465
0.7100 0.7007 0.7100 0.7472
0.7800 0.7001 0.7800 0.7257
0.8400 0.7195 0.8400 0.7621
0.8900 0.7268 0.8900 0.7673
0.9400 0.7893 0.9400 0.8819
0.9700 0.8227 0.9700 0.8920
0.9700 0.9059 0.9700 0.9730
0.9600 0.9853 0.9600 1.0456
0.9300 1.0214 0.9300 1.0323
0.9200 1.0453 0.9200 1.0364
0.9100 1.0947 0.9100 1.0959
0.9200 1.0784 0.9200 1.0555
0.9400 1.0063 0.9400 0.9575
0.9700 0.9719 0.9700 0.9494
1.0000 0.8985 1.0000 0.8916
1.0200 0.9253 1.0200 0.9670
1.0300 0.9133 1.0300 0.9579
1.0200 0.9599 1.0200 1.0109
1.0100 1.0018 1.0100 1.0459
0.9800 1.0536 0.9800 1.0868
0.9400 1.0841 0.9400 1.0984
0.9100 1.0836 0.9100 1.0754
0.8900 1.0727 0.8900 1.0564
0.9000 1.0202 0.9000 0.9930
0.9200 1.0090 0.9200 1.0046
0.9400 0.9354 0.9400 0.9246
0.9700 0.8821 0.9700 0.8743
1.0000 0.8816 1.0000 0.9120
1.0100 0.8774 1.0100 0.9316
0.9800 0.9393 0.9800 1.0181
0.9300 0.9795 0.9300 1.0372
0.8800 0.9993 0.8800 1.0230
0.8300 1.0542 0.8300 1.0809
0.7700 1.0888 0.7700 1.1043
0.7100 1.0541 0.7100 1.0321
0.6700 0.9371 0.6700 0.8806
0.6800 0.8692 0.6800 0.8283
0.7300 0.8597 0.7300 0.8416
0.7800 0.8330 0.7800 0.8142
0.8100 0.7862 0.8100 0.7552
0.8300 0.7571 0.8300 0.7368
0.8400 0.7583 0.8400 0.7625
0.8300 0.8011 0.8300 0.9059
0.8200 0.8908 0.8200 1.0207
0.8100 0.9252 0.8100 0.9899
0.8300 0.9090 0.8300 0.9206
0.8900 0.9157 0.8900 0.9279
0.9800 0.9112 0.9800 0.9283
1.0400 0.8592 1.0400 0.8628
1.0500 0.8482 1.0500 0.8735
1.0300 0.8415 1.0300 0.8826
0.9900 0.9154 0.9900 0.9914
0.9700 1.0507 0.9700 1.1432
0.9600 1.2008 0.9600 1.2728
0.9600 1.1917 0.9600 1.1666
0.9700 1.0932 0.9700 1.0018
0.9900 1.0172 0.9900 0.9480
1.0200 0.9390 1.0200 0.9073
1.0500 0.9547 1.0500 0.9864
1.0800 0.9579 1.0800 1.0035
1.1000 0.9710 1.1000 1.0069
1.1100 1.0019 1.1100 1.0377
1.1200 1.0471 1.1200 1.0809
1.1300 1.1003 1.1300 1.1278
1.1400 1.1309 1.1400 1.1395
1.1700 1.1605 1.1700 1.1578
1.2000 1.1592 1.2000 1.1403
1.2300 1.1466 1.2300 1.1200
1.2600 1.1559 1.2600 1.1427
1.2800 1.1641 1.2800 1.1568
1.3000 1.1699 1.3000 1.1607
1.3200 1.2412 1.3200 1.2564
1.3300 1.2695 1.3300 1.2657
1.3400 1.2952 1.3400 1.2723
1.3400 1.3258 1.3400 1.3001
1.3100 1.3241 1.3100 1.2818
1.2700 1.3423 1.2700 1.3037
1.2400 1.3614 1.2400 1.3278
1.2400 1.3455 1.2400 1.2957
1.2700 1.3526 1.2700 1.3099
1.3100 1.3298 1.3100 1.2816
1.3500 1.2304 1.3500 1.1522
1.3500 1.1690 1.3500 1.1155
1.3300 1.1649 1.3300 1.1611
1.3200 1.2289 1.3200 1.2637
1.3100 1.3196 1.3100 1.3597
1.3100 1.3781 1.3100 1.3824
1.3200 1.4193 1.3200 1.3895
1.3200 1.3350 1.3200 1.2420
1.3200 1.2760 1.3200 1.1893
1.3100 1.2949 1.3100 1.2692
1.3000 1.2809 1.3000 1.2599
1.2900 1.2935 1.2900 1.2773
1.2800 1.3241 1.2800 1.3164
1.2600 1.3016 1.2600 1.2656
1.2400 1.3024 1.2400 1.2669
1.2200 1.2741 1.2200 1.2343
1.2100 1.2648 1.2100 1.2332
1.2200 1.2549 1.2200 1.2315
1.2300 1.2440 1.2300 1.2222
1.2500 1.2009 1.2500 1.1680
1.2700 1.1822 1.2700 1.1612
1.2800 1.1648 1.2800 1.1541
1.2800 1.1772 1.2800 1.1809
1.2700 1.2314 1.2700 1.2530
1.2700 1.2406 1.2700 1.2378
1.2600 1.2821 1.2600 1.2758
1.2500 1.3057 1.2500 1.2898
1.2500 1.2943 1.2500 1.2545
1.2500 1.2726 1.2500 1.2260
1.2500 1.2423 1.2500 1.1992
1.2400 1.2644 1.2400 1.2498
1.2400 1.2299 1.2400 1.2013
1.2300 1.2162 1.2300 1.1899
1.2300 1.2400 1.2300 1.2367
1.2200 1.2402 1.2200 1.2289
1.2200 1.2380 1.2200 1.2182
1.2200 1.2072 1.2200 1.1764
1.2100 1.2316 1.2100 1.2229
1.2100 1.2007 1.2100 1.1780
1.2100 1.2211 1.2100 1.2121
1.2100 1.1900 1.2100 1.1687
1.2000 1.2118 1.2000 1.2050
1.2000 1.2132 1.2000 1.2056
1.2000 1.1801 1.2000 1.1527
1.1900 1.2029 1.1900 1.1971
1.2100 1.2056 1.2100 1.2001
1.2200 1.2034 1.2200 1.1888
1.2300 1.1712 1.2300 1.1448
1.2200 1.1953 1.2200 1.1916
1.2200 1.1967 1.2200 1.1916
1.2200 1.1622 1.2200 1.1365
1.2200 1.2491 1.2200 1.2707
1.2200 1.2388 1.2200 1.2294
1.2100 1.2437 1.2100 1.2167
1.2100 1.1923 1.2100 1.1487
1.2100 1.2177 1.2100 1.2044
1.2100 1.2185 1.2100 1.2097
1.2100 1.2143 1.2100 1.1975
1.2100 1.2126 1.2100 1.1965
1.2100 1.1818 1.2100 1.1549
1.2100 1.2045 1.2100 1.1987
1.2200 1.2058 1.2200 1.1994
1.2100 1.2034 1.2100 1.1888
1.2000 1.2034 1.2000 1.1894
1.2000 1.2049 1.2000 1.1918
1.2100 1.2050 1.2100 1.1911
1.2100 1.2050 1.2100 1.1911
1.2100 1.2372 1.2100 1.2357
1.1900 1.1824 1.1900 1.1466
1.1800 1.1717 1.1800 1.1458
1.1800 1.1978 1.1800 1.2016
1.1700 1.2289 1.1700 1.2356
1.1600 1.2024 1.1600 1.1788
1.1500 1.2025 1.1500 1.1817
1.1500 1.1423 1.1500 1.1049
1.1400 1.1554 1.1400 1.1479
1.1500 1.1789 1.1500 1.1913
1.1600 1.1433 1.1600 1.1271
1.1700 1.1313 1.1700 1.1175
1.1700 1.1259 1.1700 1.1234
1.1500 1.1491 1.1500 1.1586
1.1300 1.1162 1.1300 1.1045
1.1300 1.1696 1.1300 1.1851
1.1400 1.1822 1.1400 1.1887
1.1500 1.1899 1.1500 1.1792
1.1400 1.1686 1.1400 1.1446
1.1300 1.1072 1.1300 1.0674
1.1100 1.0890 1.1100 1.0738
1.1100 1.1347 1.1100 1.1612
1.0800 1.1630 1.0800 1.1845
1.0000 1.1677 1.0000 1.1658
0.8800 1.1150 0.8800 1.0825
0.7600 1.1097 0.7600 1.0949
0.7200 1.0722 0.7200 1.0598
0.7500 1.1142 0.7500 1.1348
0.8500 1.0176 0.8500 0.9931
0.9200 0.8717 0.9200 0.7713
0.9700 0.7963 0.9700 0.7217
0.9800 0.7647 0.9800 0.7392
0.9500 0.8200 0.9500 0.8538
0.8900 0.8611 0.8900 1.0207
0.8100 1.0668 0.8100 1.2116
0.7500 1.0814 0.7500 1.1061
0.7000 1.0954 0.7000 1.0600
0.6700 1.0380 0.6700 0.9817
0.6600 0.9280 0.6600 0.8633
0.6600 0.8483 0.6600 0.7877
0.6800 0.8042 0.6800 0.7603
0.7000 0.7983 0.7000 0.7921
0.7300 0.7718 0.7300 0.7704
0.7600 0.7597 0.7600 0.7667
0.8200 0.7627 0.8200 0.8080
0.9000 0.7631 0.9000 0.8180
0.9700 0.7909 0.9700 0.8771
1.0300 0.8113 1.0300 0.8757
1.0900 0.8559 1.0900 0.9145
1.1600 0.8833 1.1600 0.9320
1.2300 0.9948 1.2300 1.0659
1.3000 1.1165 1.3000 1.1754
1.3700 1.1587 1.3700 1.1605
1.4300 1.1921 1.4300 1.1668
1.4700 1.2545 1.4700 1.2382
1.5000 1.3445 1.5000 1.3382
1.5300 1.4064 1.5300 1.3809
1.5600 1.4679 1.5600 1.4259
1.5700 1.5337 1.5700 1.4832
1.5700 1.5671 1.5700 1.4935
1.5700 1.5567 1.5700 1.4556
1.5700 1.5613 1.5700 1.4662
1.5700 1.5889 1.5700 1.5128
1.5600 1.6123 1.5600 1.5377
1.5700 1.5682 1.5700 1.4629
1.5700 1.5425 1.5700 1.4422
1.5700 1.5440 1.5700 1.4694
1.5600 1.5411 1.5600 1.4728
1.5300 1.5360 1.5300 1.4669
1.4900 1.5008 1.4900 1.4207
1.4400 1.5580 1.4400 1.5154
1.4200 1.5344 1.4200 1.4671
1.4200 1.5313 1.4200 1.4564
1.4200 1.5008 1.4200 1.4224
1.4100 1.4269 1.4100 1.3334
1.4200 1.3659 1.4200 1.2882
1.4300 1.2960 1.4300 1.2363
1.4300 1.3442 1.4300 1.3454
1.4200 1.3872 1.4200 1.3984
1.3800 1.3817 1.3800 1.3535
1.3400 1.3511 1.3400 1.2978
1.3000 1.4157 1.3000 1.4002
1.2800 1.4296 1.2800 1.4003
1.2800 1.4031 1.2800 1.3413
1.2600 1.3720 1.2600 1.3076
1.2200 1.2686 1.2200 1.1848
1.1800 1.2310 1.1800 1.1842
1.1500 1.1933 1.1500 1.1747
1.1500 1.2148 1.1500 1.2255
1.1300 1.2570 1.1300 1.2795
1.1300 1.1913 1.1300 1.1597
1.1300 1.1101 1.1300 1.0588
1.1500 1.0810 1.1500 1.0679
1.1700 1.0787 1.1700 1.0950
1.2200 1.1418 1.2200 1.1876
1.2700 1.0755 1.2700 1.0668
1.3000 1.1192 1.3000 1.1331
1.3000 1.1284 1.3000 1.1433
1.3000 1.1929 1.3000 1.2150
1.3100 1.2126 1.3100 1.2150
1.3100 1.3288 1.3100 1.3524
1.3100 1.3796 1.3100 1.3719
1.3200 1.3614 1.3200 1.2986
1.3400 1.2959 1.3400 1.2077
1.3600 1.3015 1.3600 1.2538
1.3500 1.3335 1.3500 1.3178
1.3300 1.3020 1.3300 1.2618
1.3300 1.2956 1.3300 1.2579
1.3300 1.3301 1.3300 1.3160
1.3200 1.3720 1.3200 1.3601
1.2900 1.3883 1.2900 1.3566
1.2600 1.3097 1.2600 1.2309
1.2300 1.2706 1.2300 1.2066
1.2300 1.3212 1.2300 1.3163
1.2100 1.3175 1.2100 1.3002
1.2000 1.2769 1.2000 1.2310
1.1700 1.2039 1.1700 1.1468
1.1400 1.1799 1.1400 1.1523
1.1200 1.1527 1.1200 1.1420
1.0800 1.2173 1.0800 1.2465
1.0200 1.1508 1.0200 1.1314
0.9500 1.1615 0.9500 1.1523
0.9000 1.0952 0.9000 1.0715
0.8900 1.0681 0.8900 1.0555
0.9000 1.0731 0.9000 1.0897
0.9300 0.9903 0.9300 0.9773
0.9400 0.9074 0.9400 0.8646
0.9600 0.8690 0.9600 0.8235
0.9700 0.8713 0.9700 0.8816
0.9800 0.8944 0.9800 0.9955
0.9800 0.9333 0.9800 1.0193
0.9800 1.0016 0.9800 1.0621
0.9800 0.9757 0.9800 0.9820
0.9600 1.0223 0.9600 1.0387
0.9300 1.0183 0.9300 1.0255
0.9000 1.0263 0.9000 1.0299
0.8900 1.0031 0.8900 0.9998
0.8800 1.0020 0.8800 1.0075
0.8800 1.0012 0.8800 1.0134
0.8800 0.9368 0.8800 0.9274
0.8800 0.8841 0.8800 0.8871
0.8700 0.8726 0.8700 0.8940
0.8800 0.8965 0.8800 0.9597
0.9000 0.8845 0.9000 0.9330
0.9200 0.9012 0.9200 0.9492
0.9100 0.9047 0.9100 0.9475
0.8900 0.9062 0.8900 0.9419
0.8700 0.8787 0.8700 0.9020
0.8600 0.9304 0.8600 0.9850
0.8900 0.9725 0.8900 1.0260
0.9700 0.9886 0.9700 1.0117
1.1400 0.9133 1.1400 0.8969
1.3400 0.8749 1.3400 0.8779
1.5200 0.8663 1.5200 0.8992
1.6000 0.8770 1.6000 0.9278
1.6500 0.9801 1.6500 1.0685
1.6300 1.1655 1.6300 1.2623
1.5200 1.5149 1.5200 1.6287
1.3000 1.7851 1.3000 1.8391
1.0300 1.9206 1.0300 1.8268
0.8200 1.7765 0.8200 1.5167
0.6600 1.7747 0.6600 1.5616
0.5800 1.6010 0.5800 1.3855
0.5300 1.2685 0.5300 1.0175
0.5200 0.9695 0.5200 0.7580
0.5400 0.8110 0.5400 0.7031
0.6100 0.7915 0.6100 0.8085
0.7200 0.7221 0.7200 0.7448
0.8500 0.7010 0.8500 0.7306
1.0200 0.6634 1.0200 0.6952
1.1800 0.6766 1.1800 0.7307
1.3700 0.7091 1.3700 0.8096
1.5000 0.8365 1.5000 0.9804
1.5900 1.0117 1.5900 1.1369
1.6700 1.1770 1.6700 1.2453
1.7800 1.4325 1.7800 1.4916
1.8900 1.5733 1.8900 1.5552
1.9200 1.8249 1.9200 1.7974
1.8900 1.8170 1.8900 1.6654
1.8000 1.8074 1.8000 1.6066
1.7400 1.8686 1.7400 1.7201
1.6800 2.0440 1.6800 1.9597
1.6200 2.1297 1.6200 1.9983
1.5500 1.9482 1.5500 1.6678
1.4600 1.7808 1.4600 1.4959
1.3700 1.5648 1.3700 1.3291
1.2600 1.5762 1.2600 1.4941
1.1700 1.4976 1.1700 1.4384
1.0900 1.4184 1.0900 1.3479
1.0300 1.3255 1.0300 1.2612
0.9700 1.2004 0.9700 1.1360
0.9200 1.1200 0.9200 1.0917
0.8800 1.0230 0.8800 0.9475
0.8500 0.9896 0.8500 0.9619
0.8100 0.9428 0.8100 0.9422
