2.3400 2.3419 2.3400 2.3914
2.2500 2.3592 2.2500 2.3913
2.2100 2.3848 2.2100 2.4043
2.2100 2.4100 2.2100 2.4269
2.1700 2.3685 2.1700 2.3955
2.1500 2.0740 2.1500 2.1458
2.0600 2.1238 2.0600 2.1590
2.0000 1.9752 2.0000 2.0157
1.9500 2.0373 1.9500 2.0613
1.8700 2.1252 1.8700 2.1429
1.8100 1.9883 1.8100 2.0243
1.7500 2.0238 1.7500 2.0550
1.6600 1.7922 1.6600 1.8503
1.6800 1.8100 1.6800 1.8441
1.6200 1.7871 1.6200 1.8186
1.6800 1.6264 1.6800 1.6700
1.9400 1.6142 1.9400 1.6548
2.1900 1.5677 2.1900 1.6061
2.3800 1.4035 2.3800 1.4685
2.3900 1.6948 2.3900 1.7181
2.4100 1.4387 2.4100 1.4881
2.4600 1.7810 2.4600 1.8076
2.4000 2.5095 2.4000 2.4926
2.3800 2.6468 2.3800 2.6452
2.2800 2.6769 2.2800 2.6952
2.1800 2.3776 2.1800 2.4670
2.1500 2.4647 2.1500 2.4872
2.0500 2.5681 2.0500 2.5689
1.9000 2.2078 1.9000 2.2706
1.7700 2.2592 1.7700 2.2905
1.7400 1.9926 1.7400 2.0547
1.7300 1.8821 1.7300 1.9374
1.7300 2.0167 1.7300 2.0367
1.6000 1.7435 1.6000 1.7899
1.5100 1.5049 1.5100 1.6094
1.4400 1.4124 1.4400 1.4894
1.3400 1.6356 1.3400 1.6516
1.2800 1.6441 1.2800 1.6754
1.1600 1.6546 1.1600 1.6964
1.1100 1.3119 1.1100 1.4061
1.1300 1.2825 1.1300 1.3652
1.1400 1.2743 1.1400 1.3097
1.1400 1.0803 1.1400 1.1580
1.1100 1.1096 1.1100 1.1587
1.1000 0.9131 1.1000 0.9807
1.1200 0.9914 1.1200 1.0269
1.1500 1.1908 1.1500 1.2204
1.1800 1.1647 1.1800 1.2086
1.2300 1.1282 1.2300 1.1814
1.2600 1.0499 1.2600 1.1242
1.2700 1.1009 1.2700 1.1410
1.2900 1.1904 1.2900 1.2278
1.2500 1.2329 1.2500 1.2755
1.1800 1.2517 1.1800 1.2997
1.1700 1.3510 1.1700 1.3966
1.3600 1.3321 1.3600 1.3810
1.4800 1.2931 1.4800 1.3467
1.5300 1.3434 1.5300 1.3895
1.5400 1.1721 1.5400 1.2575
1.5400 1.0670 1.5400 1.1507
1.5600 1.1677 1.5600 1.2033
1.5900 1.8274 1.5900 1.8435
1.6400 1.7076 1.6400 1.7588
1.5700 1.5752 1.5700 1.6633
1.5100 1.5600 1.5100 1.6462
1.5500 1.5675 1.5500 1.6071
1.5800 1.6108 1.5800 1.6479
1.6200 1.6480 1.6200 1.6868
1.6100 1.7340 1.6100 1.7718
1.6300 1.4193 1.6300 1.5146
1.6600 1.3736 1.6600 1.4628
1.6600 1.6591 1.6600 1.6809
1.6200 1.6313 1.6200 1.6670
1.6000 1.6644 1.6000 1.7111
1.5900 1.5582 1.5900 1.6109
1.6700 1.6699 1.6700 1.7073
1.7200 1.7207 1.7200 1.7557
1.7200 1.6364 1.7200 1.6808
1.7200 1.5022 1.7200 1.5850
1.7100 1.5471 1.7100 1.5871
1.7100 1.5584 1.7100 1.5956
1.7100 1.8365 1.7100 1.8601
1.7100 1.7938 1.7100 1.8333
1.6500 1.6760 1.6500 1.7282
1.4900 1.7057 1.4900 1.7483
1.4200 1.6848 1.4200 1.7214
1.5500 1.6929 1.5500 1.7294
1.5400 1.6852 1.5400 1.7238
1.4700 1.6835 1.4700 1.7224
1.4500 1.4817 1.4500 1.5660
1.4400 1.2041 1.4400 1.3039
1.4600 1.2550 1.4600 1.2962
1.4700 1.8670 1.4700 1.8680
1.4700 1.4513 1.4700 1.5098
1.4300 1.3252 1.4300 1.4161
1.4100 1.4151 1.4100 1.4554
1.4200 1.4368 1.4200 1.4689
1.5300 1.4844 1.5300 1.5270
1.5500 1.4672 1.5500 1.5159
1.5500 1.4526 1.5500 1.5013
1.5300 1.3252 1.5300 1.4050
1.5200 1.3631 1.5200 1.4072
1.5200 1.4438 1.5200 1.4825
1.4600 1.7760 1.4600 1.8035
1.4200 1.5550 1.4200 1.6107
1.4200 1.5196 1.4200 1.5913
1.3500 1.4869 1.3500 1.5447
1.3400 1.5049 1.3400 1.5437
1.3100 1.5091 1.3100 1.5511
1.3000 1.3052 1.3000 1.3940
1.2200 1.3152 1.2200 1.3739
1.2200 1.4211 1.2200 1.4576
1.2500 1.1736 1.2500 1.2591
1.2700 1.3033 1.2700 1.3476
1.2900 1.2390 1.2900 1.2837
1.3500 1.2704 1.3500 1.3152
1.4000 1.0650 1.4000 1.1476
1.2800 1.2303 1.2800 1.2677
1.2000 1.3315 1.2000 1.3681
1.2400 1.3069 1.2400 1.3555
1.2600 1.3206 1.2600 1.3734
1.2300 1.4935 1.2300 1.5350
1.2200 1.5105 1.2200 1.5564
1.2000 1.1192 1.2000 1.2173
1.2100 1.0796 1.2100 1.1634
1.0700 1.3775 1.0700 1.3962
1.0400 1.3082 1.0400 1.3490
1.0400 1.1520 1.0400 1.2336
1.0500 1.1976 1.0500 1.2462
1.0600 1.1741 1.0600 1.2160
1.0800 1.2424 1.0800 1.2842
1.2100 0.8727 1.2100 0.9568
1.2400 0.9917 1.2400 1.0303
1.2300 1.0817 1.2300 1.1068
1.2200 1.0949 1.2200 1.1335
1.1500 1.0834 1.1500 1.1318
1.1600 1.1481 1.1600 1.1904
1.2000 1.5326 1.2000 1.5659
1.1900 1.2997 1.1900 1.3557
1.1600 1.2284 1.1600 1.3152
1.1500 1.2152 1.1500 1.2873
1.1900 1.0368 1.1900 1.1198
1.1900 1.2001 1.1900 1.2361
1.1900 1.3107 1.1900 1.3470
1.2400 1.1601 1.2400 1.2136
1.1900 1.1064 1.1900 1.1853
1.1600 1.1495 1.1600 1.1901
1.1200 1.3064 1.1200 1.3418
1.1100 1.1898 1.1100 1.2397
1.3000 1.1880 1.3000 1.2436
1.4200 1.3706 1.4200 1.4104
1.4800 1.0997 1.4800 1.1834
1.3900 1.1055 1.3900 1.1847
1.4500 1.0491 1.4500 1.1093
1.7100 1.1105 1.7100 1.1471
1.8900 1.7572 1.8900 1.7807
1.9700 1.6611 1.9700 1.7120
1.9600 1.5552 1.9600 1.6321
1.7400 1.3061 1.7400 1.4083
1.7300 1.6372 1.7300 1.6593
1.7100 2.3331 1.7100 2.3245
1.6700 2.2032 1.6700 2.2372
1.6900 2.0522 1.6900 2.1293
1.7200 1.9438 1.7200 2.0391
1.8100 1.4517 1.8100 1.5791
1.8600 1.7330 1.8600 1.7422
1.8900 1.6624 1.8900 1.6829
1.9300 1.5056 1.9300 1.5550
1.9900 1.6804 1.9900 1.7201
1.9600 1.7675 1.9600 1.7959
1.9000 1.9780 1.9000 2.0017
1.9000 1.9278 1.9000 1.9653
1.8800 1.9221 1.8800 1.9602
1.8000 2.0034 1.8000 2.0315
1.7400 2.1083 1.7400 2.1261
1.7500 1.8505 1.7500 1.9126
1.6000 1.7305 1.6000 1.8204
1.6100 1.8903 1.6100 1.9112
1.7900 1.8041 1.7900 1.8344
2.0000 1.5622 2.0000 1.6560
2.0400 1.5661 2.0400 1.6120
2.0300 1.7572 2.0300 1.7770
2.0600 1.2744 2.0600 1.3747
2.1800 1.6039 2.1800 1.6316
2.2200 2.2049 2.2200 2.1952
2.1900 2.3886 2.1900 2.3963
2.2200 2.0117 2.2200 2.0973
2.2900 1.9884 2.2900 2.0725
2.2100 2.1564 2.2100 2.1703
2.1600 2.4437 2.1600 2.4296
2.1200 2.2367 2.1200 2.2656
2.2700 2.0532 2.2700 2.1243
2.2400 2.2620 2.2400 2.2753
2.1100 2.4167 2.1100 2.4121
2.0800 1.9519 2.0800 2.0556
2.1700 1.9852 2.1700 2.0363
2.2600 1.9993 2.2600 2.0232
2.1400 2.5640 2.1400 2.5292
2.1300 2.0655 2.1300 2.1162
2.1100 1.8093 2.1100 1.9160
2.1400 1.9924 2.1400 2.0133
2.1700 2.3630 2.1700 2.3374
2.2000 2.3622 2.2000 2.3702
2.1600 1.8450 2.1600 1.9513
2.1200 2.0716 2.1200 2.0949
2.0600 2.0539 2.0600 2.0692
2.0900 2.1475 2.0900 2.1586
2.1800 2.1568 2.1800 2.1820
2.2100 2.2012 2.2100 2.2206
2.2300 2.0070 2.2300 2.0508
2.2200 1.9842 2.2200 2.0190
2.2300 1.8835 2.2300 1.9200
2.1600 2.1152 2.1600 2.1222
2.1600 2.3212 2.1600 2.3203
2.1200 2.1868 2.1200 2.2158
2.0700 2.2026 2.0700 2.2331
1.9800 2.1579 1.9800 2.1869
1.9800 2.2123 1.9800 2.2298
1.9600 1.9441 1.9600 2.0086
1.9500 2.1082 1.9500 2.1265
1.9600 1.9750 1.9600 2.0079
1.9100 1.8897 1.9100 1.9270
1.8300 1.7127 1.8300 1.7865
1.7900 1.9406 1.7900 1.9546
1.7800 1.8589 1.7800 1.8888
1.7600 1.8591 1.7600 1.8927
1.7600 1.9303 1.7600 1.9587
1.7700 1.7490 1.7700 1.7924
1.6900 1.6022 1.6900 1.6894
1.7700 1.6745 1.7700 1.7059
1.8300 1.7288 1.8300 1.7550
1.8700 1.6624 1.8700 1.7024
1.8700 1.7140 1.8700 1.7513
1.8100 1.7604 1.8100 1.7939
1.8000 1.4768 1.8000 1.5695
1.8400 1.9413 1.8400 1.9539
1.8800 1.9420 1.8800 1.9653
1.8800 1.8997 1.8800 1.9389
1.8000 1.8292 1.8000 1.8760
1.7700 1.6600 1.7700 1.7342
1.7800 1.7684 1.7800 1.7976
1.8300 1.9160 1.8300 1.9337
1.8500 1.9230 1.8500 1.9518
1.8800 1.8239 1.8800 1.8682
1.8300 1.6008 1.8300 1.6952
1.8000 1.6922 1.8000 1.7240
1.7500 1.7913 1.7500 1.8133
1.8000 1.9026 1.8000 1.9263
1.8500 1.8370 1.8500 1.8775
1.8900 1.9088 1.8900 1.9419
1.8300 1.6860 1.8300 1.7577
1.7800 1.7129 1.7800 1.7501
1.7200 1.6167 1.7200 1.6567
1.6500 1.8940 1.6500 1.9096
1.5800 1.9196 1.5800 1.9470
1.5500 1.9236 1.5500 1.9588
1.5500 1.6642 1.5500 1.7574
1.5400 1.6535 1.5400 1.7070
1.4900 1.5731 1.4900 1.6140
1.4400 1.4610 1.4400 1.5130
1.4800 1.3813 1.4800 1.4411
1.4700 1.4548 1.4700 1.4913
1.4900 1.5219 1.4900 1.5585
1.5700 1.4800 1.5700 1.5261
1.7300 1.3416 1.7300 1.4166
1.7200 1.3114 1.7200 1.3724
1.7700 1.5761 1.7700 1.6046
1.8700 1.4249 1.8700 1.4728
1.7900 1.5068 1.7900 1.5543
1.8500 1.7455 1.8500 1.7783
1.9300 2.0773 1.9300 2.0965
2.0400 1.6507 2.0400 1.7461
2.1100 1.8675 2.1100 1.9062
2.2100 2.1145 2.2100 2.1265
2.2400 1.6137 2.2400 1.7170
2.2600 1.9671 2.2600 1.9902
2.1700 2.1134 2.1700 2.1222
2.0500 2.2356 2.0500 2.2479
1.9900 2.1998 1.9900 2.2316
1.9100 2.3985 1.9100 2.4065
1.8700 2.2695 1.8700 2.2972
1.8300 2.2658 1.8300 2.2905
1.7000 1.9408 1.7000 2.0465
1.5900 1.7557 1.5900 1.8633
1.5200 1.8209 1.5200 1.8467
1.4900 1.6739 1.4900 1.7097
1.5100 1.7060 1.5100 1.7408
1.5500 1.6763 1.5500 1.7137
1.5700 1.3686 1.5700 1.4636
1.5900 1.3017 1.5900 1.3898
1.5700 1.3384 1.5700 1.3717
1.5400 1.3895 1.5400 1.4243
1.5400 1.5136 1.5400 1.5522
1.5400 1.6030 1.5400 1.6440
1.5500 1.5794 1.5500 1.6279
1.5500 1.6144 1.5500 1.6599
1.5600 1.5120 1.5600 1.5624
1.5600 1.4622 1.5600 1.5191
1.5800 1.5362 1.5800 1.5743
1.6200 1.5272 1.6200 1.5679
1.6900 1.5495 1.6900 1.5931
1.7300 1.5289 1.7300 1.5749
1.7600 1.5681 1.7600 1.6104
1.7300 1.5446 1.7300 1.5891
1.7100 1.6120 1.7100 1.6520
1.6700 1.6963 1.6700 1.7333
1.6500 1.8289 1.6500 1.8617
1.7200 1.7897 1.7200 1.8319
1.6700 1.8037 1.6700 1.8446
1.7200 1.6450 1.7200 1.7148
1.8000 1.6565 1.8000 1.6958
1.8900 1.5659 1.8900 1.6093
2.0000 1.5846 2.0000 1.6222
2.0800 1.8611 2.0800 1.8821
2.0700 1.5091 2.0700 1.5816
2.0400 1.8053 2.0400 1.8365
1.9100 1.9729 1.9100 1.9930
1.8800 2.0536 1.8800 2.0777
1.7900 2.1974 1.7900 2.2212
1.7000 2.2241 1.7000 2.2471
1.6800 2.0125 1.6800 2.0719
1.7200 1.9548 1.7200 2.0111
1.7500 1.6421 1.7500 1.7503
1.8100 1.7931 1.8100 1.8141
1.8200 1.5425 1.8200 1.5939
1.8600 1.4334 1.8600 1.5011
1.8900 1.5943 1.8900 1.6254
1.9300 1.7812 1.9300 1.8014
1.9600 1.7581 1.9600 1.7973
1.9500 1.8975 1.9500 1.9309
1.9600 1.8094 1.9600 1.8512
2.0000 1.9294 2.0000 1.9584
2.0800 1.9372 2.0800 1.9673
2.1600 1.9917 2.1600 2.0182
2.2000 1.9928 2.2000 2.0234
2.2300 1.8927 2.2300 1.9311
2.2400 1.9551 2.2400 1.9835
2.2400 2.0648 2.2400 2.0822
2.2000 2.2174 2.2000 2.2277
1.8900 2.2799 1.8900 2.2957
1.7500 2.2310 1.7500 2.2580
1.7400 2.2543 1.7400 2.2779
1.7900 2.2262 1.7900 2.2500
1.8600 2.1950 1.8600 2.2198
1.9100 2.0562 1.9100 2.0937
1.9700 1.3731 1.9700 1.5168
2.2300 1.3874 2.2300 1.4834
2.4000 1.7118 2.4000 1.7065
2.4000 1.8238 2.4000 1.8427
2.3700 1.8995 2.3700 1.9407
2.3400 1.9551 2.3400 1.9906
2.3200 2.0716 2.3200 2.0971
2.0900 2.7923 2.0900 2.7548
2.0200 2.6928 2.0200 2.6924
2.0300 2.3257 2.0300 2.4181
2.2400 2.2869 2.2400 2.3690
2.3000 2.2770 2.3000 2.2977
2.2800 2.2304 2.2800 2.2506
2.2600 1.6323 2.2600 1.7680
2.2500 1.8009 2.2500 1.8261
2.2400 2.0201 2.2400 2.0177
2.3200 2.6272 2.3200 2.5890
2.3500 2.2827 2.3500 2.3225
2.3600 2.1409 2.3600 2.2027
2.3600 2.1969 2.3600 2.2287
2.3300 2.2134 2.3300 2.2266
2.2800 2.1572 2.2800 2.1821
2.2900 2.4310 2.2900 2.4275
2.2700 2.3345 2.2700 2.3542
2.2600 2.2972 2.2600 2.3256
2.2600 2.2993 2.2600 2.3253
2.2700 2.2074 2.2700 2.2369
2.3600 2.1016 2.3600 2.1390
2.4000 2.2515 2.4000 2.2636
2.4000 2.1513 2.4000 2.1781
2.3700 2.1541 2.3700 2.1814
2.2800 2.1895 2.2800 2.2122
2.2400 2.2255 2.2400 2.2432
2.2100 2.4907 2.2100 2.4850
2.2100 2.4049 2.2100 2.4224
2.2100 2.3153 2.2100 2.3480
2.2100 2.2435 2.2100 2.2793
2.2100 2.0245 2.2100 2.0886
2.2100 2.0921 2.2100 2.1177
2.2100 2.0778 2.2100 2.1006
2.2100 2.1278 2.2100 2.1473
2.2100 2.1251 2.2100 2.1510
2.2300 2.1355 2.2300 2.1602
2.2800 2.1437 2.2800 2.1687
2.2900 2.1491 2.2900 2.1727
2.3000 2.1486 2.3000 2.1728
2.3000 2.1486 2.3000 2.1728
2.3000 2.1486 2.3000 2.1728
2.2400 2.2145 2.2400 2.2319
2.2300 2.3292 2.2300 2.3382
2.1900 2.2396 2.1900 2.2658
2.2300 2.2549 2.2300 2.2796
2.3200 2.2442 2.3200 2.2678
2.3400 2.2408 2.3400 2.2623
2.2900 2.0366 2.2900 2.0807
2.2700 2.1483 2.2700 2.1691
2.2600 2.0389 2.2600 2.0703
2.2800 2.2527 2.2800 2.2590
2.2800 2.4478 2.2800 2.4450
2.3000 2.2922 2.3000 2.3196
2.3000 2.0995 2.3000 2.1677
2.2400 2.1853 2.2400 2.2097
2.1300 2.1947 2.1300 2.2112
2.0600 2.2533 2.0600 2.2676
2.2100 2.1974 2.2100 2.2246
2.2800 2.2712 2.2800 2.2892
2.2600 2.2321 2.2600 2.2569
2.2500 2.0359 2.2500 2.0801
2.2900 1.8186 2.2900 1.9225
2.3300 1.8546 2.3300 1.8855
2.3500 2.5116 2.3500 2.4737
2.3700 2.3289 2.3700 2.3443
2.3500 2.0945 2.3500 2.1549
2.3300 2.1836 2.3300 2.2156
2.2600 2.3619 2.2600 2.3602
2.2200 2.3554 2.2200 2.3666
2.2200 2.3103 2.2200 2.3352
2.2200 2.3449 2.2200 2.3654
2.2300 2.2427 2.2300 2.2732
2.2400 2.2214 2.2400 2.2494
2.2700 2.0371 2.2700 2.0807
2.2800 2.0659 2.2800 2.0939
2.2700 2.1566 2.2700 2.1718
2.2400 2.1412 2.2400 2.1626
2.2500 2.1687 2.2500 2.1929
2.3000 2.1925 2.3000 2.2148
2.2900 2.2735 2.2900 2.2881
2.3000 2.2353 2.3000 2.2588
2.3600 2.1810 2.3600 2.2105
2.3200 2.1131 2.3200 2.1462
2.2900 2.2191 2.2900 2.2341
2.2200 2.3497 2.2200 2.3544
2.1200 2.1842 2.1200 2.2169
2.2100 2.2487 2.2100 2.2728
2.4100 2.4403 2.4100 2.4411
2.5300 2.1559 2.5300 2.1963
2.6200 2.1489 2.6200 2.1849
2.6100 2.0095 2.6100 2.0501
2.4600 1.8330 2.4600 1.8938
2.4900 2.3629 2.4900 2.3453
2.5800 2.7792 2.5800 2.7384
2.6800 2.6463 2.6800 2.6571
2.7300 2.7093 2.7300 2.7266
2.7000 2.5430 2.7000 2.5786
2.6500 2.1412 2.6500 2.2705
2.6700 2.5133 2.6700 2.5094
2.7100 2.7174 2.7100 2.6907
2.6800 2.7574 2.6800 2.7525
2.6200 2.7005 2.6200 2.7250
2.5400 2.5437 2.5400 2.5851
2.4000 2.4656 2.4000 2.5074
2.3800 2.6406 2.3800 2.6454
2.3500 2.6971 2.3500 2.6987
2.2200 2.4843 2.2200 2.5251
2.1300 2.3731 2.1300 2.4232
2.1300 2.2739 2.1300 2.3198
2.1800 1.9937 2.1800 2.0861
2.2400 2.2449 2.2400 2.2573
2.2200 2.1861 2.2200 2.2080
2.2100 1.8037 2.2100 1.9078
2.2700 1.8348 2.2700 1.8807
2.4300 2.0811 2.4300 2.0841
2.6700 2.2137 2.6700 2.2174
2.6600 2.2681 2.6600 2.2857
2.6300 2.0870 2.6300 2.1299
2.6800 2.1358 2.6800 2.1645
2.8000 2.3707 2.8000 2.3692
2.7900 2.7242 2.7900 2.6955
2.8200 3.0847 2.8200 3.0429
2.9100 2.5186 2.9100 2.5799
3.0100 2.4989 3.0100 2.5710
3.0300 2.7689 3.0300 2.7644
3.0700 2.9948 3.0700 2.9594
3.1700 2.6313 3.1700 2.6739
3.2400 2.7659 3.2400 2.7874
3.2600 3.0187 3.2600 3.0038
3.1900 3.1077 3.1900 3.0915
3.0400 2.9292 3.0400 2.9606
3.0700 3.0310 3.0700 3.0482
3.1200 3.2696 3.1200 3.2536
3.0800 3.2485 3.0800 3.2489
3.1200 3.1442 3.1200 3.1759
3.0500 2.9009 3.0500 2.9694
3.1100 2.5850 3.1100 2.7056
3.0800 3.0036 3.0800 3.0050
3.1000 3.0820 3.1000 3.0733
3.0900 2.7968 3.0900 2.8489
3.0800 3.0296 3.0800 3.0510
3.0400 2.7667 3.0400 2.8214
3.0300 3.0893 3.0300 3.0874
3.0300 2.8700 3.0300 2.9118
3.0600 2.9826 3.0600 3.0008
3.1000 2.9187 3.1000 2.9555
3.1100 2.9124 3.1100 2.9407
3.1600 2.8040 3.1600 2.8515
3.1000 2.8649 3.1000 2.8924
3.1100 2.8846 3.1100 2.9085
3.0300 2.9710 3.0300 2.9835
3.1700 3.0287 3.1700 3.0416
3.2200 2.9770 3.2200 3.0042
3.0500 3.1174 3.0500 3.1274
2.9600 2.8303 2.9600 2.8872
2.9300 2.9845 2.9300 3.0089
2.8900 2.7218 2.8900 2.7827
2.8600 3.3205 2.8600 3.2789
2.8000 3.1633 2.8000 3.1733
2.7900 2.5446 2.7900 2.6927
2.7800 2.6176 2.7800 2.6951
2.7600 2.7703 2.7600 2.7835
2.7700 2.6536 2.7700 2.6821
2.7700 2.6159 2.7700 2.6590
2.8400 2.5212 2.8400 2.5687
2.8800 2.6360 2.8800 2.6577
2.8600 2.6293 2.8600 2.6527
2.8500 2.5807 2.8500 2.6112
2.8500 2.6637 2.8500 2.6833
2.8700 2.6505 2.8700 2.6720
2.8600 2.8691 2.8600 2.8641
2.8300 2.8395 2.8300 2.8516
2.8200 2.6863 2.8200 2.7255
2.8200 2.7148 2.8200 2.7465
2.8000 2.7473 2.8000 2.7658
2.6800 2.7921 2.6800 2.8052
2.5200 2.7050 2.5200 2.7361
2.3800 2.6355 2.3800 2.6737
2.2700 2.6798 2.2700 2.7055
2.1300 2.7016 2.1300 2.7209
1.9900 2.6267 1.9900 2.6583
1.8400 2.2878 1.8400 2.3772
1.7900 2.0498 1.7900 2.1789
1.9200 1.9688 1.9200 2.0250
2.0800 1.9221 2.0800 1.9594
2.0900 1.6913 2.0900 1.7511
2.0900 1.5566 2.0900 1.6244
2.0900 1.4042 2.0900 1.4766
2.1100 1.6081 2.1100 1.6307
2.1400 2.1616 2.1400 2.1511
2.1700 2.3365 2.1700 2.3422
2.2200 1.9926 2.2200 2.0515
2.2000 2.0529 2.2000 2.0940
2.2900 2.0974 2.2900 2.1180
2.2300 2.1319 2.2300 2.1470
2.1300 2.1533 2.1300 2.1745
2.0600 2.1791 2.0600 2.2002
2.0300 2.2762 2.0300 2.2905
2.1700 2.0963 2.1700 2.1335
2.3100 2.4450 2.3100 2.4403
2.2400 2.0352 2.2400 2.0895
2.2600 1.8574 2.2600 1.9612
2.3500 1.8656 2.3500 1.9006
2.3500 1.9265 2.3500 1.9418
2.4100 2.4226 2.4100 2.4033
2.3900 2.5195 2.3900 2.5170
2.3400 2.0102 2.3400 2.1081
2.2700 2.2675 2.2700 2.2898
2.1700 2.5491 2.1700 2.5298
2.0900 2.2735 2.0900 2.3014
2.0500 2.4554 2.0500 2.4700
2.0700 2.2867 2.0700 2.3188
2.0500 2.1621 2.0500 2.2012
2.0000 2.0516 2.0000 2.0977
1.9200 1.8843 1.9200 1.9339
1.8700 1.8393 1.8700 1.8768
1.7900 1.8926 1.7900 1.9171
1.7300 2.0433 1.7300 2.0569
1.6600 1.9190 1.6600 1.9558
1.5800 1.8139 1.5800 1.8590
1.4900 1.6919 1.4900 1.7517
1.4200 1.7236 1.4200 1.7542
1.4100 1.5607 1.4100 1.6068
1.5300 1.5430 1.5300 1.5833
1.6600 1.4547 1.6600 1.4988
1.7200 1.3544 1.7200 1.4063
1.6500 1.2443 1.6500 1.3184
1.5500 1.2321 1.5500 1.2747
1.5300 1.3684 1.5300 1.4035
1.6900 1.7890 1.6900 1.8117
1.8100 1.9045 1.8100 1.9410
1.8800 1.7898 1.8800 1.8459
1.9400 1.5453 1.9400 1.6456
2.1200 1.3914 2.1200 1.4895
2.2500 1.5093 2.2500 1.5344
2.3200 2.0619 2.3200 2.0619
2.3700 2.0071 2.3700 2.0420
2.4900 1.9541 2.4900 2.0051
2.6600 2.0573 2.6600 2.0917
2.7200 2.5312 2.7200 2.5161
2.7900 2.4902 2.7900 2.4980
2.8300 2.4069 2.8300 2.4344
2.8100 2.4485 2.8100 2.4699
2.8900 2.7328 2.8900 2.7156
2.8600 2.9680 2.8600 2.9382
2.9000 2.7488 2.9000 2.7684
2.9100 2.8555 2.9100 2.8663
2.9900 2.8526 2.9900 2.8645
2.9900 2.6821 2.9900 2.7153
3.0900 2.9652 3.0900 2.9579
3.2000 2.6876 3.2000 2.7246
3.2700 2.8586 3.2700 2.8692
3.3400 2.8162 3.3400 2.8390
3.3900 3.0363 3.3900 3.0255
3.3900 2.8524 3.3900 2.8861
3.4100 3.1676 3.4100 3.1543
3.4400 3.2999 3.4400 3.2847
3.4600 3.2631 3.4600 3.2684
3.4700 3.3329 3.4700 3.3455
3.5100 3.3567 3.5100 3.3697
3.5600 3.2418 3.5600 3.2779
3.6100 3.2941 3.6100 3.3221
3.6900 3.3427 3.6900 3.3615
3.6900 3.3253 3.6900 3.3504
3.7000 3.3061 3.7000 3.3403
3.8300 3.4120 3.8300 3.4303
3.8900 3.4804 3.8900 3.4932
3.8900 3.5199 3.8900 3.5362
3.8900 3.6581 3.8900 3.6635
3.8500 3.4992 3.8500 3.5410
3.7600 3.5240 3.7600 3.5646
3.7300 3.9038 3.7300 3.8830
3.7100 3.8080 3.7100 3.8162
3.6900 3.6614 3.6900 3.7139
3.6300 3.6821 3.6300 3.7358
3.5900 3.5746 3.5900 3.6334
3.5500 3.3613 3.5500 3.4477
3.5300 3.4456 3.5300 3.5023
3.5200 3.4525 3.5200 3.4946
3.5000 3.4156 3.5000 3.4623
3.4900 3.2748 3.4900 3.3470
3.5000 3.2899 3.5000 3.3480
3.4700 3.2605 3.4700 3.3138
3.4500 3.2780 3.4500 3.3206
3.4100 3.2877 3.4100 3.3283
3.3900 3.2509 3.3900 3.2959
3.4200 3.2657 3.4200 3.3073
3.4100 3.3248 3.4100 3.3550
3.4000 3.2123 3.4000 3.2615
3.3900 3.2118 3.3900 3.2585
3.3900 3.1405 3.3900 3.1931
3.3800 3.1609 3.3800 3.2012
3.3700 3.2941 3.3700 3.3119
3.3600 3.1971 3.3600 3.2345
3.3600 3.1829 3.3600 3.2258
3.3500 3.1891 3.3500 3.2289
3.3700 3.2131 3.3700 3.2437
3.4100 3.1756 3.4100 3.2140
3.3900 3.1652 3.3900 3.2037
3.3600 3.1586 3.3600 3.1964
3.3100 3.1805 3.3100 3.2125
3.2900 3.1484 3.2900 3.1858
3.2800 3.2307 3.2800 3.2546
3.2800 3.3138 3.2800 3.3287
3.2600 3.1648 3.2600 3.2096
3.2100 3.1154 3.2100 3.1675
3.1900 3.0378 3.1900 3.0929
3.2000 3.0783 3.2000 3.1142
3.2000 3.0816 3.2000 3.1146
3.2000 3.0962 3.2000 3.1263
3.1700 3.0357 3.1700 3.0779
3.1300 2.9303 3.1300 2.9845
3.1200 2.9820 3.1200 3.0194
3.1300 3.0595 3.1300 3.0796
3.1000 3.0268 3.1000 3.0554
3.0900 3.0245 3.0900 3.0576
3.0800 2.9432 3.0800 2.9876
3.1100 2.8872 3.1100 2.9333
3.1700 2.9448 3.1700 2.9747
3.1500 2.9947 3.1500 3.0144
3.1200 2.8693 3.1200 2.9118
3.0800 2.9064 3.0800 2.9407
3.0700 2.9101 3.0700 2.9401
2.9800 3.0212 2.9800 3.0331
2.9700 3.1382 2.9700 3.1417
2.9600 2.9450 2.9600 2.9871
2.9600 2.9003 2.9600 2.9480
2.9700 2.8585 2.9700 2.9023
2.9600 2.9075 2.9600 2.9324
2.9000 2.6309 2.9000 2.6964
2.8700 2.7942 2.8700 2.8212
2.8700 2.7968 2.8700 2.8210
2.8900 2.8039 2.8900 2.8267
2.9400 2.8364 2.9400 2.8620
3.0000 2.7971 3.0000 2.8266
2.9800 2.6310 2.9800 2.6835
2.9800 2.6757 2.9800 2.7101
2.9600 2.7463 2.9600 2.7633
2.9600 2.7940 2.9600 2.8071
2.9100 2.9008 2.9100 2.9081
2.9100 2.9868 2.9100 2.9912
2.9200 2.7983 2.9200 2.8391
2.9200 2.8519 2.9200 2.8814
2.9000 2.8008 2.9000 2.8324
2.8600 2.8302 2.8600 2.8518
2.8400 2.6626 2.8400 2.7103
2.8500 2.7739 2.8500 2.7959
2.8500 2.8097 2.8500 2.8273
2.8500 2.7772 2.8500 2.8016
2.8200 2.7143 2.8200 2.7515
2.8000 2.6447 2.8000 2.6850
2.7900 2.6728 2.7900 2.7014
2.7900 2.7462 2.7900 2.7613
2.7800 2.7139 2.7800 2.7374
2.7600 2.7125 2.7600 2.7390
2.7400 2.6280 2.7400 2.6652
2.6800 2.6361 2.6800 2.6657
2.7500 2.6500 2.7500 2.6741
2.7900 2.6662 2.7900 2.6868
2.8200 2.6299 2.8200 2.6580
2.8200 2.5926 2.8200 2.6240
2.8000 2.5792 2.8000 2.6086
2.8000 2.4329 2.8000 2.4773
2.8200 2.7934 2.8200 2.7818
2.8700 2.7567 2.8700 2.7634
2.8900 2.7438 2.8900 2.7630
2.8900 2.7001 2.8900 2.7320
2.8700 2.6546 2.8700 2.6845
2.8900 2.6935 2.8900 2.7151
2.8700 2.7505 2.8700 2.7627
2.8400 2.8519 2.8400 2.8560
2.8300 2.8004 2.8300 2.8215
2.8300 2.7622 2.8300 2.7915
2.8000 2.7105 2.8000 2.7447
2.7900 2.8195 2.7900 2.8320
2.7700 2.7021 2.7700 2.7341
2.7900 2.6420 2.7900 2.6796
2.7900 2.6855 2.7900 2.7119
2.8500 2.7085 2.8500 2.7275
2.8400 2.6019 2.8400 2.6385
2.8200 2.6405 2.8200 2.6677
2.7200 2.6073 2.7200 2.6360
2.7200 2.7116 2.7200 2.7238
2.7800 2.6643 2.7800 2.6887
2.7700 2.8544 2.7700 2.8542
2.7600 2.6931 2.7600 2.7255
2.7500 2.6529 2.7500 2.6878
2.7300 2.3910 2.7300 2.4561
2.8100 2.6184 2.8100 2.6298
2.7900 2.8015 2.7900 2.7921
2.7900 2.6031 2.7900 2.6342
2.7700 2.5994 2.7700 2.6360
2.7300 2.6265 2.7300 2.6511
2.7300 2.5810 2.7300 2.6071
2.7100 2.8695 2.7100 2.8586
2.6800 2.6210 2.6800 2.6560
2.6600 2.6606 2.6600 2.6892
2.6800 2.6220 2.6800 2.6538
2.6400 2.5361 2.6400 2.5694
2.5300 2.6148 2.5300 2.6358
2.4600 2.5516 2.4600 2.5785
2.3600 2.4911 2.3600 2.5253
2.3000 2.5024 2.3000 2.5311
2.2100 2.6172 2.2100 2.6265
2.1100 2.4345 2.1100 2.4733
2.0600 2.1705 2.0600 2.2564
1.9900 2.2130 1.9900 2.2514
1.9300 2.0498 1.9300 2.0926
1.7100 2.0635 1.7100 2.0950
1.5100 1.9049 1.5100 1.9510
1.3100 1.7894 1.3100 1.8355
1.1100 1.8703 1.1100 1.8985
0.9900 1.7571 0.9900 1.7940
0.9100 1.7162 0.9100 1.7557
0.8300 1.2568 0.8300 1.3678
0.8000 1.0774 0.8000 1.1745
0.7700 0.9772 0.7700 1.0478
0.7500 0.8949 0.7500 0.9625
0.7200 0.9033 0.7200 0.9409
0.7000 0.9161 0.7000 0.9507
0.7000 0.8279 0.7000 0.8688
0.7700 0.8647 0.7700 0.9024
0.9300 0.8385 0.9300 0.8722
1.0300 0.8277 1.0300 0.8599
1.0900 0.7822 1.0900 0.8277
1.1200 0.8008 1.1200 0.8270
1.1000 0.8353 1.1000 0.8588
1.1200 1.0353 1.1200 1.0516
1.1300 1.3705 1.1300 1.3986
1.1700 1.2735 1.1700 1.3230
1.2600 1.2186 1.2600 1.2957
1.2500 1.2050 1.2500 1.2764
1.2900 1.0956 1.2900 1.1761
1.2400 1.1920 1.2400 1.2294
1.2400 1.1764 1.2400 1.2167
1.2700 1.2749 1.2700 1.3173
1.3100 1.4734 1.3100 1.5145
1.3500 1.2188 1.3500 1.3042
1.3600 1.3821 1.3600 1.4299
1.3700 1.1587 1.3700 1.2451
1.3700 1.2547 1.3700 1.2962
1.3700 1.3515 1.3700 1.3905
1.3700 1.4029 1.3700 1.4465
1.3800 1.4250 1.3800 1.4760
1.3600 1.3755 1.3600 1.4279
1.3500 1.3935 1.3500 1.4416
1.4000 1.3733 1.4000 1.4201
1.4600 1.3699 1.4600 1.4162
1.6000 1.3666 1.6000 1.4133
1.7800 1.3999 1.7800 1.4449
2.0100 1.3053 2.0100 1.3615
2.2000 1.3229 2.2000 1.3701
2.3300 1.5200 2.3300 1.5564
2.4100 1.5876 2.4100 1.6288
2.4100 1.8956 2.4100 1.9289
2.4800 2.1525 2.4800 2.1786
2.5200 2.4720 2.5200 2.4831
2.5100 2.5601 2.5100 2.5742
2.5400 2.5755 2.5400 2.5923
2.5600 2.5689 2.5600 2.5867
2.5000 2.3940 2.5000 2.4306
2.4400 2.6086 2.4400 2.6076
2.5300 2.5560 2.5300 2.5658
2.5600 2.4034 2.5600 2.4357
2.5700 2.5301 2.5700 2.5445
2.5900 2.5326 2.5900 2.5444
2.6000 2.2730 2.6000 2.3205
2.5600 2.2204 2.5600 2.2634
2.5200 2.6667 2.5200 2.6421
2.5000 2.5235 2.5000 2.5353
2.5200 2.4648 2.5200 2.4957
2.5400 2.5466 2.5400 2.5660
2.5100 2.5465 2.5100 2.5608
2.4500 2.3774 2.4500 2.4170
2.3800 2.3417 2.3800 2.3768
2.3400 2.3733 2.3400 2.3952
2.3600 2.4723 2.3600 2.4808
2.3300 2.4775 2.3300 2.4936
2.3100 2.3362 2.3100 2.3738
2.3300 2.2259 2.3300 2.2701
2.3100 2.1484 2.3100 2.1877
2.3000 2.1746 2.3000 2.1992
2.2700 2.3203 2.2700 2.3275
2.2500 2.1609 2.2500 2.1952
2.2600 2.1709 2.2600 2.2022
2.2900 2.3062 2.2900 2.3181
2.3300 2.1893 2.3300 2.2173
2.4900 2.1964 2.4900 2.2244
2.7300 2.1349 2.7300 2.1660
2.9400 2.1393 2.9400 2.1642
2.9900 2.2151 2.9900 2.2320
3.1400 2.2848 3.1400 2.2973
3.2700 2.3390 3.2700 2.3534
3.1400 2.7697 3.1400 2.7426
3.1300 3.1564 3.1300 3.1066
3.1600 3.2557 3.1600 3.2265
3.2800 2.9882 3.2800 3.0192
3.4900 3.3881 3.4900 3.3641
3.5500 3.4684 3.5500 3.4434
3.5200 2.7744 3.5200 2.9149
3.4700 2.9778 3.4700 3.0241
3.5400 3.1290 3.5400 3.1292
3.5500 3.3758 3.5500 3.3420
3.4100 3.7224 3.4100 3.6759
3.2600 3.4809 3.2600 3.5001
3.1100 3.2883 3.1100 3.3535
3.0000 3.2290 3.0000 3.2954
2.8600 3.5428 2.8600 3.5348
2.8100 3.3893 2.8100 3.4147
2.7700 2.9086 2.7700 3.0186
2.6900 2.7494 2.6900 2.8638
2.6200 2.6287 2.6200 2.7150
2.5500 2.5894 2.5500 2.6471
2.4800 2.3635 2.4800 2.4416
2.4600 2.5198 2.4600 2.5545
2.4100 2.5190 2.4100 2.5507
2.2800 2.3492 2.2800 2.4023
2.1800 2.3204 2.1800 2.3694
2.1600 2.2793 2.1600 2.3181
2.2200 2.2090 2.2200 2.2478
2.3100 2.3041 2.3100 2.3253
2.3900 2.1885 2.3900 2.2239
2.4900 1.8771 2.4900 1.9786
2.5900 1.8700 2.5900 1.9146
2.6500 2.0546 2.6500 2.0640
2.7300 2.2728 2.7300 2.2702
2.8300 2.4003 2.8300 2.4059
2.9400 2.4642 2.9400 2.4765
3.0000 2.6341 3.0000 2.6343
3.0500 2.7427 3.0500 2.7389
3.0900 2.7056 3.0900 2.7167
3.1400 2.8284 3.1400 2.8292
3.1800 2.9674 3.1800 2.9567
3.2100 3.0752 3.2100 3.0627
3.1300 3.0138 3.1300 3.0258
3.0000 3.0457 3.0000 3.0592
2.9800 3.0673 2.9800 3.0810
2.8700 3.1254 2.8700 3.1329
2.7700 3.1286 2.7700 3.1433
2.7400 3.1290 2.7400 3.1487
2.6800 2.8154 2.6800 2.8846
2.6500 2.5776 2.6500 2.6754
2.6500 2.8074 2.6500 2.8314
2.6700 2.4901 2.6700 2.5498
2.6500 2.3806 2.6500 2.4445
2.6000 2.5333 2.6000 2.5608
2.5500 2.4140 2.5500 2.4493
2.5100 2.4364 2.5100 2.4698
2.4200 2.5249 2.4200 2.5437
2.3400 2.5936 2.3400 2.6048
2.2400 2.4810 2.2400 2.5152
2.1700 2.3786 2.1700 2.4215
2.0500 2.3452 2.0500 2.3813
2.0100 2.3294 2.0100 2.3574
1.9200 2.1154 1.9200 2.1654
1.8500 2.0607 1.8500 2.1037
1.8600 1.9260 1.8600 1.9714
1.9400 1.9261 1.9400 1.9587
2.0900 1.6866 2.0900 1.7523
2.2500 1.8442 2.2500 1.8685
2.3300 1.6404 2.3300 1.6855
2.3600 1.6182 2.3600 1.6587
2.4800 1.8339 2.4800 1.8540
2.5500 2.0732 2.5500 2.0809
2.6000 2.3518 2.6000 2.3554
2.5400 2.5229 2.5400 2.5269
2.5200 2.4361 2.5200 2.4605
2.5700 2.3878 2.5700 2.4171
2.6400 2.7268 2.6400 2.7107
2.7100 2.6508 2.7100 2.6544
2.7700 2.6237 2.7700 2.6404
2.8200 2.3350 2.8200 2.4093
2.8600 2.4174 2.8600 2.4414
2.8900 2.6180 2.8900 2.6122
2.9100 2.6931 2.9100 2.6880
2.9200 2.7372 2.9200 2.7449
2.9800 2.7917 2.9800 2.8005
3.0100 2.8313 3.0100 2.8404
3.0200 2.8482 3.0200 2.8604
3.0100 2.8508 3.0100 2.8663
2.9900 2.8429 2.9900 2.8619
2.9900 2.8259 2.9900 2.8485
2.9900 2.9889 2.9900 2.9893
2.9900 2.9445 2.9900 2.9600
3.0000 2.9021 3.0000 2.9293
3.0100 2.8586 3.0100 2.8930
3.0000 2.8216 3.0000 2.8545
3.0000 2.8580 3.0000 2.8819
3.0200 2.8513 3.0200 2.8755
3.0100 2.8443 3.0100 2.8708
2.9800 2.8780 2.9800 2.9008
2.9600 2.8908 2.9600 2.9128
2.9400 2.8363 2.9400 2.8682
2.9400 2.8605 2.9400 2.8874
2.9500 2.9266 2.9500 2.9430
2.9700 2.8458 2.9700 2.8769
2.9700 2.7705 2.9700 2.8120
2.9500 2.7821 2.9500 2.8151
2.9200 2.7634 2.9200 2.7931
2.8900 2.7986 2.8900 2.8217
2.8500 2.8286 2.8500 2.8492
2.8100 2.8696 2.8100 2.8873
2.8000 2.8281 2.8000 2.8564
2.7900 2.7702 2.7900 2.8061
2.7900 2.7252 2.7900 2.7626
2.7900 2.6968 2.7900 2.7309
2.8000 2.6308 2.8000 2.6687
2.8100 2.5888 2.8100 2.6262
2.8200 2.6477 2.8200 2.6710
2.8200 2.6368 2.8200 2.6613
2.8300 2.6559 2.8300 2.6791
2.8100 2.6622 2.8100 2.6862
2.8100 2.6991 2.8100 2.7180
2.8300 2.7100 2.8300 2.7301
2.8200 2.7202 2.8200 2.7406
2.8200 2.6995 2.8200 2.7245
2.8300 2.7332 2.8300 2.7529
2.8400 2.6473 2.8400 2.6796
2.8400 2.6903 2.8400 2.7131
2.8500 2.7560 2.8500 2.7698
2.8500 2.6726 2.8500 2.7007
2.8400 2.6931 2.8400 2.7190
2.8100 2.7348 2.8100 2.7532
2.8200 2.7403 2.8200 2.7590
2.8500 2.7133 2.8500 2.7393
2.8800 2.7492 2.8800 2.7696
2.9000 2.7288 2.9000 2.7528
2.9200 2.6944 2.9200 2.7229
2.9300 2.6225 2.9300 2.6588
2.9500 2.7234 2.9500 2.7397
2.9500 2.7931 2.9500 2.8022
2.9800 2.8105 2.9800 2.8245
2.9800 2.8095 2.9800 2.8310
2.9700 2.8394 2.9700 2.8582
3.0000 2.8299 3.0000 2.8519
3.0200 2.8681 3.0200 2.8857
3.0500 2.8218 3.0500 2.8485
3.0400 2.9135 3.0400 2.9269
3.0300 2.8475 3.0300 2.8747
3.0200 2.8118 3.0200 2.8434
3.0300 2.9328 3.0300 2.9460
3.0400 2.9285 3.0400 2.9447
3.0400 2.9674 3.0400 2.9843
3.0400 2.8764 3.0400 2.9115
3.0400 2.8714 3.0400 2.9033
3.0400 2.8647 3.0400 2.8947
3.0400 2.9126 3.0400 2.9320
3.0300 2.9144 3.0300 2.9371
3.0100 2.8907 3.0100 2.9190
2.9800 2.8946 2.9800 2.9230
2.9600 2.8990 2.9600 2.9254
2.9600 2.8969 2.9600 2.9234
2.9500 2.8950 2.9500 2.9222
2.9100 2.8636 2.9100 2.8950
2.8800 2.8230 2.8800 2.8582
2.8900 2.7737 2.8900 2.8119
2.9000 2.7767 2.9000 2.8085
2.8900 2.8191 2.8900 2.8417
2.8900 2.7832 2.8900 2.8120
2.8800 2.6780 2.8800 2.7215
2.8800 2.6796 2.8800 2.7156
2.8900 2.7838 2.8900 2.7988
2.9100 2.7842 2.9100 2.8025
2.8900 2.7235 2.8900 2.7555
2.7800 2.7566 2.7800 2.7827
2.6800 2.7336 2.6800 2.7607
2.6500 2.7515 2.6500 2.7748
2.7100 2.7821 2.7100 2.8022
2.7200 2.8219 2.7200 2.8381
2.7500 2.7129 2.7500 2.7485
2.7900 2.4114 2.7900 2.4885
2.8100 2.3446 2.8100 2.4028
2.7500 2.4817 2.7500 2.4994
2.6700 2.7208 2.6700 2.7081
2.5900 2.5881 2.5900 2.6139
2.4500 2.6750 2.4500 2.6944
2.3600 2.7699 2.3600 2.7793
2.3000 2.7456 2.3000 2.7614
2.2800 2.5039 2.2800 2.5571
2.3200 2.3909 2.3200 2.4443
2.2700 2.3188 2.2700 2.3624
2.2300 2.0307 2.2300 2.1133
2.2200 2.0479 2.2200 2.0891
2.3000 2.0664 2.3000 2.0937
2.2300 2.1284 2.2300 2.1482
2.2200 2.3028 2.2200 2.3116
2.1100 2.0533 2.1100 2.0982
2.0100 2.0575 2.0100 2.0947
1.9900 2.1455 1.9900 2.1642
1.9400 2.4209 1.9400 2.4108
1.9700 1.9762 1.9700 2.0471
1.9700 2.1248 1.9700 2.1532
2.0600 1.8139 2.0600 1.8977
2.0600 1.7293 2.0600 1.7888
2.0500 1.8960 2.0500 1.9150
2.1800 1.7630 2.1800 1.7961
2.2500 1.9648 2.2500 1.9861
2.3000 1.9078 2.3000 1.9400
2.3300 2.2110 2.3300 2.2173
2.3100 1.9996 2.3100 2.0389
2.2200 1.9784 2.2200 2.0146
2.1000 2.4526 2.1000 2.4389
1.9700 2.3518 1.9700 2.3626
1.8700 2.3278 1.8700 2.3545
1.7800 2.3491 1.7800 2.3726
1.7000 2.2264 1.7000 2.2564
1.6000 1.9645 1.6000 2.0685
1.4900 1.7781 1.4900 1.8863
1.3900 1.6223 1.3900 1.7079
1.3300 1.5820 1.3300 1.6185
1.3200 1.5040 1.3200 1.5442
1.2500 1.4455 1.2500 1.4886
1.1800 1.3065 1.1800 1.3676
1.1500 1.1870 1.1500 1.2655
1.1900 1.1232 1.1900 1.1861
1.2800 1.1667 1.2800 1.2051
1.3700 1.2759 1.3700 1.3134
1.4100 1.0572 1.4100 1.1335
1.4000 1.0175 1.4000 1.0926
1.3900 1.0920 1.3900 1.1288
1.3700 1.3009 1.3700 1.3329
1.3200 1.4815 1.3200 1.5228
1.3900 1.5499 1.3900 1.6011
1.6400 1.4755 1.6400 1.5339
1.7600 1.3767 1.7600 1.4669
1.7900 1.3811 1.7900 1.4389
1.7900 1.3341 1.7900 1.3831
1.8000 1.2032 1.8000 1.2894
2.0700 1.5583 2.0700 1.5890
2.3200 2.2096 2.3200 2.2181
2.5300 1.9434 2.5300 1.9960
2.5700 1.8180 2.5700 1.9125
2.5600 1.8095 2.5600 1.8740
2.5800 1.8515 2.5800 1.8770
2.6800 2.6817 2.6800 2.6447
2.7500 2.7834 2.7500 2.7691
2.9100 2.8561 2.9100 2.8589
3.1400 2.6047 3.1400 2.6546
3.3100 2.5345 3.3100 2.5715
3.3600 2.6103 3.3600 2.6225
3.4600 2.8464 3.4600 2.8235
3.5300 2.7924 3.5300 2.7968
3.5700 3.1326 3.5700 3.1049
3.5600 3.5081 3.5600 3.4520
3.5000 3.5212 3.5000 3.4947
3.4400 3.3302 3.4400 3.3587
3.3400 3.5577 3.3400 3.5561
3.3000 3.5608 3.3000 3.5625
3.2700 3.4953 3.2700 3.5152
3.1900 3.3687 3.1900 3.4181
3.1000 3.2077 3.1000 3.2740
3.0600 3.1398 3.0600 3.2032
3.0100 2.9499 3.0100 3.0261
2.9500 3.0252 2.9500 3.0705
2.9200 3.0178 2.9200 3.0568
2.8700 2.8233 2.8700 2.8882
2.8200 2.7179 2.8200 2.7899
2.7600 2.8102 2.7600 2.8481
2.6900 2.7392 2.6900 2.7796
2.6400 2.6467 2.6400 2.6975
2.5800 2.6958 2.5800 2.7316
2.5200 2.6143 2.5200 2.6550
2.5200 2.5630 2.5200 2.6053
2.4900 2.4909 2.4900 2.5357
2.4400 2.4060 2.4400 2.4509
2.4300 2.4042 2.4300 2.4395
2.4000 2.3253 2.4000 2.3638
2.3700 2.2659 2.3700 2.3049
2.3600 2.4108 2.3600 2.4252
2.3300 2.3130 2.3300 2.3425
2.3300 2.2159 2.3300 2.2564
2.2900 2.3172 2.2900 2.3382
2.2800 2.2473 2.2800 2.2740
2.2400 2.2080 2.2400 2.2390
2.2000 2.2531 2.2000 2.2757
2.1300 2.1807 2.1300 2.2098
2.1300 2.2478 2.1300 2.2680
2.1000 2.1206 2.1000 2.1558
2.0900 2.1826 2.0900 2.2052
2.0600 2.0781 2.0600 2.1121
1.9900 2.0384 1.9900 2.0704
1.8900 1.9026 1.8900 1.9450
1.8400 2.0730 1.8400 2.0877
1.8200 1.9644 1.8200 1.9958
1.7700 1.9948 1.7700 2.0230
1.7400 1.9298 1.7400 1.9651
1.7100 1.7754 1.7100 1.8191
1.6700 1.6104 1.6700 1.6978
1.6000 1.6902 1.6000 1.7190
1.6300 1.7320 1.6300 1.7586
1.6900 1.5926 1.6900 1.6377
1.7100 1.6202 1.7100 1.6610
1.7000 1.6087 1.7000 1.6465
1.6700 1.5435 1.6700 1.5861
1.6600 1.4032 1.6600 1.4773
1.6500 1.6847 1.6500 1.7096
1.6200 1.8027 1.6200 1.8294
1.6100 1.7019 1.6100 1.7490
1.5800 1.6393 1.5800 1.6924
1.5200 1.5936 1.5200 1.6374
1.4800 1.6315 1.4800 1.6670
1.4100 1.6083 1.4100 1.6471
1.3600 1.5218 1.3600 1.5681
1.3200 1.5646 1.3200 1.6054
1.2800 1.4909 1.2800 1.5354
1.2700 1.3569 1.2700 1.4336
1.2300 1.3728 1.2300 1.4166
1.2100 1.2337 1.2100 1.3009
1.1800 1.2280 1.1800 1.2745
1.1900 1.2156 1.1900 1.2594
1.1800 1.1760 1.1800 1.2216
1.1900 1.2381 1.1900 1.2818
1.2000 1.1307 1.2000 1.1836
1.2200 1.1622 1.2200 1.2079
1.1900 1.1155 1.1900 1.1608
1.1700 1.2234 1.1700 1.2637
1.1500 1.1597 1.1500 1.2067
1.1500 1.2178 1.1500 1.2632
1.1400 1.2298 1.1400 1.2755
1.1900 1.2740 1.1900 1.3190
1.1700 1.1272 1.1700 1.2081
1.1300 1.1341 1.1300 1.1950
1.1300 1.1212 1.1300 1.1632
1.1400 1.1659 1.1400 1.2065
1.3100 1.1240 1.3100 1.1697
1.4400 1.3183 1.4400 1.3580
1.4300 1.1256 1.4300 1.1943
1.4300 1.0660 1.4300 1.1450
1.5200 1.1532 1.5200 1.1914
1.7100 1.1892 1.7100 1.2266
1.8100 1.7114 1.8100 1.7412
1.8800 1.7056 1.8800 1.7545
1.9700 1.4155 1.9700 1.5125
2.0500 1.4437 2.0500 1.5340
2.1200 1.7708 2.1200 1.7908
2.1700 2.1359 2.1700 2.1493
2.2400 1.9643 2.2400 2.0125
2.3000 1.9939 2.3000 2.0398
2.3700 2.1783 2.3700 2.1991
2.4400 2.2230 2.4400 2.2391
2.5000 2.2419 2.5000 2.2637
2.5800 2.2470 2.5800 2.2701
2.6400 2.3636 2.6400 2.3741
2.7000 2.3900 2.7000 2.4026
2.7400 2.4705 2.7400 2.4790
2.7600 2.5351 2.7600 2.5427
2.8000 2.5669 2.8000 2.5761
2.7700 2.6861 2.7700 2.6868
2.8500 2.6950 2.8500 2.7023
2.8900 2.7464 2.8900 2.7534
2.8800 2.7409 2.8800 2.7545
2.8600 2.7131 2.8600 2.7321
2.8100 2.7923 2.8100 2.8019
2.7700 2.6025 2.7700 2.6400
2.7600 2.9168 2.7600 2.9072
2.7600 2.8640 2.7600 2.8732
2.7600 2.7250 2.7600 2.7595
2.7600 2.6977 2.7600 2.7366
2.7500 2.5982 2.7500 2.6374
2.7400 2.5671 2.7400 2.6020
2.7300 2.6183 2.7300 2.6400
2.7200 2.6327 2.7200 2.6521
2.7000 2.6269 2.7000 2.6512
2.6800 2.6348 2.6800 2.6590
2.6600 2.6106 2.6600 2.6375
2.6500 2.6035 2.6500 2.6296
2.6200 2.5951 2.6200 2.6204
2.5900 2.5840 2.5900 2.6091
2.5600 2.5410 2.5600 2.5707
2.5200 2.5232 2.5200 2.5519
2.5100 2.5058 2.5100 2.5334
2.5100 2.5179 2.5100 2.5412
2.5000 2.4424 2.5000 2.4748
2.4700 2.4151 2.4700 2.4466
2.4300 2.3914 2.4300 2.4210
2.4000 2.3295 2.4000 2.3619
2.3600 2.3875 2.3600 2.4086
2.3500 2.4109 2.3500 2.4292
2.3400 2.3738 2.3400 2.3993
2.3300 2.3045 2.3300 2.3382
2.3200 2.2538 2.3200 2.2870
2.3300 2.2511 2.3300 2.2779
2.3100 2.1851 2.3100 2.2162
2.2600 2.2415 2.2600 2.2625
2.2000 2.2321 2.2000 2.2553
2.1600 2.2209 2.1600 2.2459
2.1400 2.2167 2.1400 2.2425
2.1100 2.2789 2.1100 2.2960
2.0900 2.1881 2.0900 2.2180
2.0800 2.0718 2.0800 2.1113
2.0700 2.0003 2.0700 2.0382
2.0500 2.0111 2.0500 2.0378
2.0200 2.0285 2.0200 2.0522
2.0000 1.9669 2.0000 1.9991
1.9900 1.9751 1.9900 2.0052
1.9800 1.9985 1.9800 2.0246
1.9600 1.9890 1.9600 2.0167
1.9500 1.9460 1.9500 1.9788
1.9300 1.8994 1.9300 1.9337
1.9000 1.9082 1.9000 1.9379
1.8600 1.9206 1.8600 1.9483
1.8300 1.9058 1.8300 1.9363
1.8000 1.8631 1.8000 1.8979
1.7800 1.8831 1.7800 1.9137
1.7500 1.8418 1.7500 1.8755
1.7200 1.7876 1.7200 1.8247
1.6900 1.7281 1.6900 1.7670
1.6700 1.7258 1.6700 1.7604
1.6300 1.6936 1.6300 1.7299
1.6000 1.6949 1.6000 1.7309
1.5800 1.6421 1.5800 1.6826
1.5700 1.6163 1.5700 1.6567
1.5600 1.5908 1.5600 1.6312
1.5500 1.5962 1.5500 1.6348
1.5500 1.5068 1.5500 1.5522
1.5400 1.5045 1.5400 1.5472
1.5400 1.5128 1.5400 1.5533
1.5200 1.5240 1.5200 1.5648
1.5400 1.5109 1.5400 1.5550
1.5500 1.5047 1.5500 1.5491
1.5400 1.5324 1.5400 1.5747
1.5200 1.4989 1.5200 1.5439
1.5100 1.5232 1.5100 1.5665
1.5200 1.4572 1.5200 1.5044
1.5400 1.5747 1.5400 1.6131
1.5600 1.5567 1.5600 1.5996
1.5800 1.4943 1.5800 1.5430
1.6200 1.4582 1.6200 1.5066
1.6500 1.4814 1.6500 1.5233
1.6800 1.5331 1.6800 1.5728
1.7000 1.5679 1.7000 1.6096
1.7300 1.5839 1.7300 1.6281
1.7400 1.6073 1.7400 1.6510
1.7300 1.6981 1.7300 1.7362
1.7100 1.7005 1.7100 1.7413
1.6900 1.7280 1.6900 1.7685
1.7000 1.7280 1.7000 1.7685
1.7200 1.7832 1.7200 1.8187
1.7700 1.7421 1.7700 1.7821
1.7200 1.6846 1.7200 1.7277
1.5300 1.6461 1.5300 1.6880
1.3100 1.6279 1.3100 1.6669
1.1400 1.7035 1.1400 1.7365
1.0500 1.7379 1.0500 1.7726
0.9800 1.8516 0.9800 1.8825
0.9500 1.5656 0.9500 1.6541
0.9200 1.2282 0.9200 1.3356
0.9400 0.9702 0.9400 1.0408
0.9000 0.9373 0.9000 1.0004
0.9000 1.0077 0.9000 1.0291
0.9000 0.9407 0.9000 0.9809
0.9800 0.9342 0.9800 0.9792
1.0700 0.8861 1.0700 0.9284
1.1300 1.0256 1.1300 1.0570
1.2100 0.8527 1.2100 0.9120
1.3200 0.9445 1.3200 0.9767
1.4200 0.9525 1.4200 0.9821
1.5300 1.2180 1.5300 1.2468
1.7000 1.3006 1.7000 1.3419
1.8300 1.2696 1.8300 1.3213
1.9300 1.3950 1.9300 1.4427
2.0900 1.5831 2.0900 1.6231
2.2200 1.6382 2.2200 1.6837
2.2500 1.7616 2.2500 1.8061
2.2800 2.0737 2.2800 2.1011
2.2800 2.0924 2.2800 2.1259
2.3400 2.1213 2.3400 2.1566
2.3800 2.4393 2.3800 2.4447
2.4100 2.4840 2.4100 2.4913
2.4300 2.2690 2.4300 2.3077
2.4400 2.3233 2.4400 2.3486
2.4100 2.2628 2.4100 2.2860
2.3500 2.4331 2.3500 2.4344
2.3500 2.4027 2.3500 2.4174
2.4200 2.3986 2.4200 2.4175
2.4500 2.4042 2.4500 2.4253
2.4900 2.3975 2.4900 2.4167
2.3900 2.2710 2.3900 2.3054
2.4300 2.1438 2.4300 2.1852
2.4000 2.2859 2.4000 2.2996
2.4600 2.5037 2.4600 2.4952
2.4300 2.4115 2.4300 2.4306
2.4000 2.4784 2.4000 2.4962
2.3200 2.0908 2.3200 2.1908
2.3200 2.4634 2.3200 2.4619
2.3700 2.2678 2.3700 2.2953
2.3300 2.4998 2.3300 2.4986
2.2500 2.2663 2.2500 2.3077
2.1900 2.2498 2.1900 2.2810
2.2000 2.0686 2.2000 2.1213
2.2400 2.2591 2.2400 2.2677
2.1600 2.4052 2.1600 2.4057
2.1100 2.1359 2.1100 2.1782
2.1100 1.9797 2.1100 2.0588
2.1600 2.0043 2.1600 2.0360
2.1500 2.1733 2.1500 2.1785
2.1700 2.2489 2.1700 2.2590
2.1200 1.8803 2.1200 1.9596
2.0600 1.9324 2.0600 1.9709
2.1000 2.0778 2.1000 2.0897
2.1300 2.2158 2.1300 2.2201
2.2500 2.0385 2.2500 2.0773
2.3000 2.1495 2.3000 2.1728
2.3300 1.9581 2.3300 1.9995
2.3300 1.8762 2.3300 1.9154
2.3400 2.1547 2.3400 2.1598
2.3600 2.1404 2.3600 2.1556
2.3700 2.4396 2.3700 2.4372
2.3000 2.3329 2.3000 2.3564
2.2500 2.3313 2.2500 2.3557
2.1900 2.2853 2.1900 2.3141
2.1700 2.3205 2.1700 2.3367
2.1500 2.3454 2.1500 2.3612
2.2200 2.3202 2.2200 2.3408
2.2500 2.0649 2.2500 2.1257
2.3900 2.0747 2.3900 2.1091
2.4200 1.9988 2.4200 2.0312
2.4000 2.0575 2.4000 2.0781
2.4200 2.0270 2.4200 2.0553
2.4800 2.3060 2.4800 2.3063
2.4800 2.2359 2.4800 2.2577
2.4600 2.6251 2.4600 2.6103
2.4300 2.4082 2.4300 2.4354
2.4300 2.2844 2.4300 2.3235
2.5100 2.4215 2.5100 2.4373
2.5300 2.5654 2.5300 2.5585
2.5400 2.3875 2.5400 2.4165
2.5500 2.3254 2.5500 2.3610
2.5600 2.2954 2.5600 2.3255
2.5400 2.3613 2.5400 2.3759
2.5300 2.6048 2.5300 2.5952
2.5000 2.4689 2.5000 2.4906
2.4200 2.4593 2.4200 2.4862
2.3600 2.4963 2.3600 2.5162
2.3300 2.5063 2.3300 2.5214
2.3200 2.4045 2.3200 2.4357
2.2700 2.4185 2.2700 2.4431
2.1800 2.3461 2.1800 2.3764
2.0500 2.1491 2.0500 2.1974
1.9900 2.1401 1.9900 2.1763
1.9500 2.1853 1.9500 2.2062
1.8800 2.2072 1.8800 2.2267
1.8400 2.0582 1.8400 2.0990
1.8400 1.8918 1.8400 1.9487
1.7900 1.6873 1.7900 1.7842
1.7800 1.8013 1.7800 1.8258
1.7800 1.7973 1.7800 1.8234
1.7700 1.6375 1.7700 1.6835
1.7300 1.6833 1.7300 1.7212
1.7100 1.7994 1.7100 1.8237
1.6700 1.6213 1.6700 1.6666
1.6200 1.7122 1.6200 1.7480
1.5900 1.7509 1.5900 1.7822
1.6200 1.7089 1.6200 1.7467
1.6000 1.5978 1.6000 1.6487
1.5900 1.6416 1.5900 1.6785
1.6000 1.5542 1.6000 1.5962
1.5700 1.4751 1.5700 1.5228
1.5300 1.4973 1.5300 1.5378
1.4700 1.6718 1.4700 1.7007
1.4000 1.5164 1.4000 1.5651
1.3700 1.5345 1.3700 1.5816
1.3300 1.6112 1.3300 1.6491
1.3200 1.4824 1.3200 1.5295
1.3000 1.4148 1.3000 1.4829
1.2800 1.3197 1.2800 1.3905
1.2800 1.2270 1.2800 1.2999
1.2700 1.2914 1.2700 1.3316
1.2500 1.2237 1.2500 1.2690
1.2600 1.2815 1.2600 1.3261
1.2600 1.2420 1.2600 1.2899
1.2600 1.2269 1.2600 1.2747
1.2800 1.2787 1.2800 1.3234
1.2800 1.2468 1.2800 1.2934
1.2700 1.1999 1.2700 1.2533
1.2900 1.2879 1.2900 1.3311
1.3200 1.2634 1.3200 1.3093
1.3800 1.2573 1.3800 1.3057
1.3900 1.3285 1.3900 1.3734
1.3800 1.2811 1.3800 1.3294
1.3900 1.2445 1.3900 1.2996
1.3800 1.3429 1.3800 1.3859
1.3900 1.3934 1.3900 1.4365
1.4000 1.5112 1.4000 1.5550
1.4100 1.3974 1.4100 1.4518
1.4000 1.3496 1.4000 1.4203
1.4100 1.4210 1.4100 1.4641
1.4000 1.3595 1.4000 1.4054
1.3900 1.4061 1.3900 1.4515
1.3700 1.4170 1.3700 1.4627
1.3700 1.4248 1.3700 1.4713
1.3900 1.3661 1.3900 1.4166
1.3800 1.4304 1.3800 1.4745
1.3900 1.3714 1.3900 1.4192
1.3900 1.3591 1.3900 1.4069
1.4100 1.3179 1.4100 1.3662
1.4100 1.3686 1.4100 1.4120
1.4100 1.4313 1.4100 1.4739
1.4200 1.3432 1.4200 1.3942
1.4000 1.4041 1.4000 1.4510
1.3900 1.3873 1.3900 1.4337
1.3800 1.4516 1.3800 1.4953
1.3900 1.3993 1.3900 1.4485
1.3900 1.4022 1.3900 1.4499
1.3800 1.4390 1.3800 1.4838
1.3500 1.3463 1.3500 1.3963
1.3600 1.3598 1.3600 1.4071
1.3800 1.3547 1.3800 1.3999
1.3800 1.4089 1.3800 1.4519
1.4100 1.3786 1.4100 1.4266
1.3900 1.3463 1.3900 1.3959
1.4000 1.2742 1.4000 1.3383
1.3700 1.3863 1.3700 1.4272
1.3500 1.4236 1.3500 1.4660
1.3900 1.3646 1.3900 1.4153
1.4000 1.4701 1.4000 1.5152
1.3700 1.3370 1.3700 1.3930
1.3900 1.4193 1.3900 1.4642
1.4000 1.2966 1.4000 1.3601
1.4100 1.3011 1.4100 1.3477
1.4800 1.4845 1.4800 1.5216
1.6800 1.4124 1.6800 1.4596
1.8600 1.2826 1.8600 1.3688
2.0200 1.4387 2.0200 1.4804
2.1500 1.4270 2.1500 1.4692
2.2900 1.4189 2.2900 1.4671
2.4400 1.6335 2.4400 1.6716
2.5600 2.1283 2.5600 2.1438
2.6700 2.2050 2.6700 2.2342
2.7600 2.3088 2.7600 2.3395
