1.7300 1.6856 1.7300 1.7571
1.7200 1.6583 1.7200 1.7192
1.6900 1.6298 1.6900 1.6943
1.6600 1.6343 1.6600 1.7261
1.6300 1.6486 1.6300 1.7520
1.6100 1.6718 1.6100 1.7757
1.6000 1.6423 1.6000 1.6997
1.6100 1.6360 1.6100 1.7071
1.6200 1.5682 1.6200 1.5988
1.6500 1.5402 1.6500 1.5868
1.6700 1.5127 1.6700 1.5761
1.6700 1.5117 1.6700 1.5874
1.6700 1.5225 1.6700 1.6094
1.6500 1.5751 1.6500 1.7000
1.6200 1.5873 1.6200 1.6800
1.5900 1.6630 1.5900 1.7990
1.5900 1.6669 1.5900 1.7596
1.6300 1.6245 1.6300 1.6499
1.6800 1.6301 1.6800 1.7079
1.7100 1.5684 1.7100 1.6041
1.7000 1.5135 1.7000 1.5227
1.6900 1.4819 1.6900 1.5321
1.7000 1.5433 1.7000 1.6777
1.7000 1.6670 1.7000 1.8582
1.6800 1.7337 1.6800 1.8683
1.6800 1.7200 1.6800 1.7706
1.7200 1.6319 1.7200 1.6284
1.7500 1.6332 1.7500 1.7129
1.7700 1.6905 1.7700 1.8356
1.7900 1.6581 1.7900 1.7001
1.8200 1.5846 1.8200 1.5709
1.8500 1.6293 1.8500 1.7520
1.8700 1.7604 1.8700 1.9796
1.8900 1.7631 1.8900 1.8406
1.9000 1.7567 1.9000 1.7989
1.9300 1.7850 1.9300 1.9039
1.9700 1.8428 1.9700 1.9851
2.0000 1.8716 2.0000 1.9698
2.0400 1.8642 2.0400 1.9271
2.0700 1.8836 2.0700 1.9781
2.0800 1.8718 2.0800 1.9499
2.0700 1.9446 2.0700 2.0829
2.0900 2.0052 2.0900 2.1517
2.1100 2.0067 2.1100 2.0792
2.1500 2.0698 2.1500 2.1971
2.2000 2.0800 2.2000 2.1888
2.2800 2.0430 2.2800 2.0792
2.3600 1.9876 2.3600 2.0170
2.4200 2.0748 2.4200 2.2451
2.4300 2.0903 2.4300 2.2075
2.4000 2.1658 2.4000 2.2908
2.3200 2.2393 2.3200 2.3992
2.2400 2.3717 2.2400 2.5516
2.1600 2.4527 2.1600 2.5933
2.1000 2.4867 2.1000 2.5638
2.0500 2.3869 2.0500 2.3717
2.0300 2.2667 2.0300 2.2425
2.0000 2.0694 2.0000 1.9912
1.9700 1.9778 1.9700 1.9829
1.9200 1.8843 1.9200 1.9147
1.8700 1.8532 1.8700 1.9140
1.8000 1.8199 1.8000 1.8951
1.7400 1.8675 1.7400 2.0132
1.6700 1.8226 1.6700 1.8958
1.6200 1.7995 1.6200 1.8632
1.5900 1.7174 1.5900 1.7544
1.5800 1.6740 1.5800 1.7279
1.5700 1.5657 1.5700 1.5691
1.5400 1.5272 1.5400 1.5741
1.4900 1.4388 1.4900 1.4616
1.4300 1.4317 1.4300 1.5017
1.3700 1.4502 1.3700 1.5632
1.3300 1.4847 1.3300 1.5984
1.3100 1.4801 1.3100 1.5538
1.3300 1.4141 1.3300 1.4322
1.3900 1.3329 1.3900 1.3339
1.4400 1.2619 1.4400 1.2761
1.5100 1.2065 1.5100 1.2259
1.5600 1.2078 1.5600 1.2688
1.6300 1.2283 1.6300 1.3110
1.7300 1.3308 1.7300 1.4783
1.8700 1.4782 1.8700 1.6888
1.9800 1.5092 1.9800 1.6057
2.0400 1.6279 2.0400 1.7787
2.0500 1.6475 2.0500 1.7581
1.9900 1.7639 1.9900 1.9152
1.9100 1.9224 1.9100 2.1240
1.8400 2.1040 1.8400 2.3202
1.8400 2.1663 1.8400 2.2728
1.8600 2.1432 1.8600 2.1303
1.9000 2.0518 1.9000 2.0462
1.9300 1.8358 1.9300 1.7273
1.9500 1.7014 1.9500 1.6403
1.9200 1.6372 1.9200 1.6804
1.8500 1.7703 1.8500 1.9729
1.8000 1.8188 1.8000 1.9580
1.7900 1.8939 1.7900 2.0199
1.8200 1.9142 1.8200 2.0338
1.8600 1.9255 1.8600 2.0255
1.8900 1.7962 1.8900 1.7671
1.8700 1.6405 1.8700 1.5712
1.8500 1.6372 1.8500 1.7280
1.8300 1.7078 1.8300 1.8800
1.8600 1.8119 1.8600 1.9759
1.8800 1.8664 1.8800 1.9920
1.9000 1.8785 1.9000 1.9707
1.9100 1.7609 1.9100 1.7445
1.9200 1.7531 1.9200 1.8223
1.9500 1.7393 1.9500 1.8377
1.9600 1.8707 1.9600 2.0581
1.9500 1.8599 1.9500 1.9419
1.9300 1.8715 1.9300 1.9352
1.9400 1.8689 1.9400 1.9654
1.9600 1.8838 1.9600 1.9882
2.0100 1.9621 2.0100 2.1126
2.0400 1.9226 2.0400 1.9771
2.0700 1.8636 2.0700 1.8699
2.0700 1.8248 2.0700 1.8839
2.0700 1.9025 2.0700 2.0687
2.0700 1.9406 2.0700 2.0679
2.1200 2.0500 2.1200 2.2123
2.1700 2.0355 2.1700 2.1176
2.2100 2.0682 2.2100 2.1641
2.2200 2.0096 2.2200 2.0582
2.2300 2.0097 2.2300 2.0850
2.2700 2.0100 2.2700 2.1063
2.2900 2.1661 2.2900 2.3694
2.2900 2.2110 2.2900 2.3477
2.3100 2.2208 2.3100 2.2832
2.3800 2.1699 2.3800 2.2132
2.5300 2.1864 2.5300 2.2954
2.7200 2.2988 2.7200 2.4872
2.8700 2.2627 2.8700 2.3178
2.9400 2.2076 2.9400 2.2083
2.9500 2.2775 2.9500 2.4444
2.9500 2.4493 2.9500 2.6652
2.9700 2.7026 2.9700 2.9653
2.9600 2.9400 2.9600 3.1602
2.8900 3.0372 2.8900 3.1146
2.8000 3.0144 2.8000 2.9847
2.7200 2.9179 2.7200 2.9115
2.6900 2.8945 2.6900 2.9842
2.7000 2.9398 2.7000 3.0634
2.7100 2.8265 2.7100 2.7916
2.7300 2.5929 2.7300 2.4407
2.7400 2.4550 2.7400 2.4469
2.7600 2.3994 2.7600 2.4991
2.8000 2.4775 2.8000 2.6563
2.8000 2.5715 2.8000 2.7472
2.8000 2.5771 2.8000 2.6740
2.7800 2.6317 2.7800 2.7765
2.8000 2.6351 2.8000 2.7679
2.8400 2.6889 2.8400 2.8330
2.8900 2.7801 2.8900 2.9304
2.9700 2.6838 2.9700 2.6891
3.0600 2.6834 3.0600 2.7490
3.1700 2.6207 3.1700 2.6996
3.2400 2.7314 3.2400 2.9021
3.2600 2.8085 3.2600 2.9562
3.2200 2.8647 3.2200 2.9764
3.1600 2.9920 3.1600 3.1599
3.1200 3.0969 3.1200 3.2543
3.1300 3.2404 3.1300 3.3942
3.1700 3.2522 3.1700 3.3132
3.2300 3.1904 3.2300 3.1672
3.2300 3.0089 3.2300 2.9550
3.1800 2.8949 3.1800 2.9040
3.1000 2.8903 3.1000 3.0029
3.0500 3.0004 3.0500 3.1640
3.0300 3.0752 3.0300 3.2119
3.0000 3.1622 3.0000 3.2968
2.9500 3.0649 2.9500 3.0507
2.8800 2.9071 2.8800 2.8569
2.8200 2.7695 2.8200 2.7914
2.7900 2.7879 2.7900 2.9325
2.7700 2.8270 2.7700 2.9738
2.7700 2.7572 2.7700 2.7781
2.7800 2.6593 2.7800 2.6644
2.7700 2.5532 2.7700 2.5945
2.7500 2.5263 2.7500 2.6315
2.7000 2.5694 2.7000 2.7321
2.6600 2.5688 2.6600 2.6758
2.6300 2.6162 2.6300 2.7520
2.6200 2.6581 2.6200 2.8158
2.6000 2.6082 2.6000 2.6681
2.5900 2.5730 2.5900 2.6358
2.5800 2.4590 2.5800 2.4780
2.5700 2.4434 2.5700 2.5287
2.5500 2.4358 2.5500 2.5519
2.5400 2.4656 2.5400 2.5884
2.5300 2.4204 2.5300 2.4805
2.5300 2.4361 2.5300 2.5471
2.5300 2.4345 2.5300 2.5550
2.5300 2.4270 2.5300 2.5188
2.5200 2.3867 2.5200 2.4493
2.5200 2.4018 2.5200 2.5179
2.5100 2.3940 2.5100 2.4981
2.5100 2.4159 2.5100 2.5273
2.5200 2.4172 2.5200 2.5211
2.5200 2.4178 2.5200 2.5145
2.5200 2.3875 2.5200 2.4599
2.4900 2.4129 2.4900 2.5337
2.4600 2.3808 2.4600 2.4597
2.4200 2.4022 2.4200 2.5069
2.3800 2.4371 2.3800 2.5765
2.3300 2.4116 2.3300 2.4842
2.2800 2.4127 2.2800 2.4982
2.2300 2.3151 2.2300 2.3375
2.1900 2.2858 2.1900 2.3475
2.1500 2.2238 2.1500 2.2858
2.1200 2.1781 2.1200 2.2304
2.0600 2.1028 2.0600 2.1373
2.0100 2.0507 2.0100 2.1067
1.9600 2.0027 1.9600 2.0699
1.9200 1.9861 1.9200 2.0764
1.8900 1.9480 1.8900 2.0200
1.8600 1.9427 1.8600 2.0365
1.8400 1.8195 1.8400 1.8172
1.8200 1.7967 1.8200 1.8621
1.8000 1.7547 1.8000 1.8422
1.7700 1.7358 1.7700 1.8085
1.7500 1.7303 1.7500 1.8194
1.7300 1.7019 1.7300 1.7760
1.7100 1.7096 1.7100 1.8048
1.6900 1.6957 1.6900 1.7836
1.6700 1.6797 1.6700 1.7504
1.6600 1.6324 1.6600 1.6788
1.6500 1.6380 1.6500 1.7279
1.6500 1.6215 1.6500 1.7014
1.6300 1.6007 1.6300 1.6585
1.6100 1.5829 1.6100 1.6493
1.5900 1.5653 1.5900 1.6356
1.5700 1.5798 1.5700 1.6727
1.5600 1.5713 1.5600 1.6481
1.5500 1.5936 1.5500 1.6866
1.5500 1.5329 1.5500 1.5635
1.5400 1.5148 1.5400 1.5641
1.5300 1.5003 1.5300 1.5763
1.5200 1.4796 1.5200 1.5360
1.5000 1.4906 1.5000 1.5686
1.4700 1.4802 1.4700 1.5518
1.4500 1.5022 1.4500 1.5896
1.4400 1.4735 1.4400 1.5273
1.4300 1.4651 1.4300 1.5222
1.4200 1.4594 1.4200 1.5321
1.4100 1.4187 1.4100 1.4542
1.4000 1.3682 1.4000 1.3849
1.3800 1.3710 1.3800 1.4438
1.3700 1.3832 1.3700 1.4695
1.3600 1.3709 1.3600 1.4214
1.3500 1.3609 1.3500 1.4127
1.3400 1.3546 1.3400 1.4195
1.3300 1.3483 1.3300 1.4084
1.3300 1.3095 1.3300 1.3372
1.3300 1.3217 1.3300 1.3894
1.3300 1.3139 1.3300 1.3777
1.3300 1.3026 1.3300 1.3458
1.3300 1.2941 1.3300 1.3449
1.3300 1.2858 1.3300 1.3407
1.3200 1.3086 1.3200 1.3852
1.3100 1.3094 1.3100 1.3720
1.3100 1.3089 1.3100 1.3605
1.3200 1.3108 1.3200 1.3712
1.3400 1.3125 1.3400 1.3733
1.3600 1.3134 1.3600 1.3699
1.3800 1.2828 1.3800 1.3124
1.4000 1.2732 1.4000 1.3159
1.4300 1.2954 1.4300 1.3750
1.4600 1.3249 1.4600 1.4088
1.4700 1.3632 1.4700 1.4496
1.4700 1.3823 1.4700 1.4584
1.4700 1.4033 1.4700 1.4790
1.4700 1.4259 1.4700 1.5080
1.4800 1.4777 1.4800 1.5847
1.4900 1.5067 1.4900 1.5969
1.4800 1.4710 1.4800 1.4966
1.4500 1.4497 1.4500 1.4865
1.4300 1.4517 1.4300 1.5262
1.4300 1.4491 1.4300 1.5122
1.4400 1.4751 1.4400 1.5558
1.4400 1.4812 1.4400 1.5565
1.4400 1.4263 1.4400 1.4403
1.4500 1.3559 1.4500 1.3528
1.4600 1.3611 1.4600 1.4355
1.4600 1.4036 1.4600 1.5166
1.4400 1.4284 1.4400 1.5100
1.4300 1.4029 1.4300 1.4381
1.4300 1.4055 1.4300 1.4711
1.4400 1.4433 1.4400 1.5530
1.4400 1.4546 1.4400 1.5329
1.4500 1.4314 1.4500 1.4667
1.4400 1.3696 1.4400 1.3782
1.4300 1.3834 1.4300 1.4587
1.4400 1.4059 1.4400 1.5023
1.4600 1.4316 1.4600 1.5114
1.4900 1.4075 1.4900 1.4476
1.5200 1.4392 1.5200 1.5282
1.5500 1.3917 1.5500 1.4283
1.5700 1.3816 1.5700 1.4222
1.5800 1.4370 1.5800 1.5583
1.5800 1.4752 1.5800 1.5826
1.5500 1.5222 1.5500 1.6161
1.5200 1.5518 1.5200 1.6484
1.4900 1.5841 1.4900 1.6809
1.4600 1.5857 1.4600 1.6569
1.4200 1.5746 1.4200 1.6298
1.3900 1.5531 1.3900 1.6030
1.3500 1.4566 1.3500 1.4401
1.3100 1.4243 1.3100 1.4532
1.2700 1.3935 1.2700 1.4495
1.2200 1.3577 1.2200 1.3884
1.1800 1.2940 1.1800 1.2992
1.1500 1.2856 1.1500 1.3433
1.1100 1.2294 1.1100 1.2545
1.0800 1.1911 1.0800 1.2074
1.0400 1.1568 1.0400 1.1891
1.0000 1.0904 1.0000 1.1000
0.9700 1.0758 0.9700 1.1046
0.9200 1.0716 0.9200 1.1240
0.8900 1.0147 0.8900 1.0270
0.8700 1.0093 0.8700 1.0363
0.8800 0.9581 0.8800 0.9970
0.9000 0.9238 0.9000 0.9605
0.9300 0.9212 0.9300 0.9874
0.9800 0.8514 0.9800 0.8911
1.0200 0.8528 1.0200 0.9406
1.0700 0.8595 1.0700 0.9847
1.1100 0.9357 1.1100 1.0474
1.1800 0.9820 1.1800 1.0776
1.2600 1.0319 1.2600 1.1251
1.3400 1.1241 1.3400 1.2652
1.4000 1.1344 1.4000 1.2090
1.4400 1.2001 1.4400 1.2816
1.4600 1.2214 1.4600 1.2869
1.5100 1.3482 1.5100 1.4876
1.5400 1.4468 1.5400 1.5910
1.5700 1.5166 1.5700 1.6175
1.5900 1.5319 1.5900 1.5931
1.6200 1.5295 1.6200 1.5825
1.6600 1.5088 1.6600 1.5482
1.6900 1.6185 1.6900 1.7712
1.7200 1.5974 1.7200 1.6563
1.7400 1.6132 1.7400 1.6584
1.7800 1.6112 1.7800 1.6883
1.8100 1.6597 1.8100 1.7727
1.8400 1.7201 1.8400 1.8446
1.8500 1.7213 1.8500 1.7918
1.8400 1.7487 1.8400 1.8334
1.8500 1.7478 1.8500 1.8312
1.8900 1.8309 1.8900 1.9741
1.9500 1.8368 1.9500 1.9276
1.9900 1.8604 1.9900 1.9396
2.0100 1.8268 2.0100 1.8803
2.0000 1.7707 2.0000 1.7949
2.0400 1.8260 2.0400 1.9541
2.0900 1.9290 2.0900 2.1199
2.1400 2.0253 2.1400 2.1822
2.1500 2.0153 2.1500 2.0755
2.1500 1.9938 2.1500 2.0458
2.1400 1.9256 2.1400 1.9594
2.1500 2.0810 2.1500 2.3015
2.1900 2.1493 2.1900 2.3150
2.2600 2.1836 2.2600 2.2572
2.3100 2.1025 2.3100 2.1074
2.3100 2.0847 2.3100 2.1555
2.2900 2.0586 2.2900 2.1409
2.2500 2.1067 2.2500 2.2307
2.2200 2.2079 2.2200 2.3874
2.1900 2.3282 2.1900 2.4982
2.1600 2.3411 2.1600 2.4207
2.1300 2.2291 2.1300 2.1960
2.1100 2.1747 2.1100 2.2182
2.0900 2.0925 2.0900 2.1356
2.0900 2.0754 2.0900 2.1392
2.0900 2.0333 2.0900 2.0919
2.0800 1.9925 2.0800 2.0429
2.0300 1.9617 2.0300 2.0322
1.9600 1.9664 1.9600 2.0754
1.8800 1.9494 1.8800 2.0355
1.8200 1.9964 1.8200 2.1290
1.7900 1.9998 1.7900 2.1081
1.7700 1.9682 1.7700 2.0233
1.7500 1.8330 1.7500 1.8034
1.7300 1.7233 1.7300 1.7145
1.7300 1.6258 1.7300 1.6468
1.7600 1.6058 1.7600 1.6811
1.8100 1.6367 1.8100 1.7596
1.9100 1.6336 1.9100 1.7217
2.0400 1.6161 2.0400 1.6815
2.1700 1.6064 2.1700 1.6930
2.2600 1.6612 2.2600 1.8043
2.3400 1.7635 2.3400 1.9464
2.3800 1.8581 2.3800 2.0236
2.4100 2.0514 2.4100 2.2685
2.4100 2.2221 2.4100 2.4406
2.4000 2.3559 2.4000 2.5105
2.4100 2.4007 2.4100 2.4822
2.4000 2.4782 2.4000 2.5991
2.3800 2.4429 2.3800 2.4929
2.3600 2.4398 2.3600 2.4875
2.3700 2.3588 2.3700 2.3720
2.4100 2.3091 2.4100 2.3359
2.4300 2.3565 2.4300 2.4921
2.4500 2.2874 2.4500 2.3261
2.4300 2.2353 2.4300 2.2515
2.4100 2.2164 2.4100 2.3111
2.3700 2.2955 2.3700 2.4747
2.3200 2.4035 2.3200 2.5760
2.2500 2.3716 2.2500 2.4260
2.2100 2.3951 2.2100 2.4875
2.2100 2.2919 2.2100 2.3199
2.2100 2.2744 2.2100 2.3390
2.2500 2.1888 2.2500 2.2260
2.3200 2.1060 2.3200 2.1160
2.4100 1.9864 2.4100 1.9787
2.4400 2.0110 2.4400 2.1376
2.4300 2.1025 2.4300 2.3071
2.3700 2.0964 2.3700 2.1839
2.3100 2.2316 2.3100 2.4221
2.2300 2.3684 2.2300 2.5759
2.1400 2.4932 2.1400 2.6620
2.0600 2.4246 2.0600 2.4037
1.9800 2.3296 1.9800 2.3068
1.9200 2.1659 1.9200 2.1400
1.8900 2.0999 1.8900 2.1321
1.8800 1.9609 1.8800 1.9393
1.8900 1.8292 1.8900 1.7899
1.8900 1.7666 1.8900 1.8170
1.9100 1.6845 1.9100 1.7310
1.9400 1.6705 1.9400 1.7513
1.9800 1.7126 1.9800 1.8647
2.0100 1.7522 2.0100 1.8925
2.0500 1.8141 2.0500 1.9584
2.1000 1.8016 2.1000 1.8902
2.1900 1.8769 2.1900 2.0266
2.2500 1.9403 2.2500 2.1041
2.2900 2.0042 2.2900 2.1381
2.3100 2.0140 2.3100 2.1012
2.3200 2.0789 2.3200 2.2161
2.3100 2.1564 2.3100 2.3193
2.2800 2.3140 2.2800 2.5070
2.2300 2.3260 2.2300 2.3992
2.1700 2.3169 2.1700 2.3513
2.1000 2.2997 2.1000 2.3842
2.0400 2.2854 2.0400 2.3638
1.9700 2.2222 1.9700 2.2421
1.9100 2.1347 1.9100 2.1364
1.8400 2.0321 1.8400 2.0331
1.7800 1.9435 1.7800 1.9622
1.7300 1.8459 1.7300 1.8593
1.6800 1.8037 1.6800 1.8634
1.6200 1.7091 1.6200 1.7324
1.5500 1.6708 1.5500 1.7261
1.4900 1.5842 1.4900 1.6185
1.4500 1.5502 1.4500 1.6101
1.4300 1.5300 1.4300 1.6162
1.4200 1.4836 1.4200 1.5350
1.4200 1.4083 1.4200 1.4224
1.4100 1.3253 1.4100 1.3380
1.4000 1.2962 1.4000 1.3542
1.3800 1.3048 1.3800 1.3959
1.3500 1.3289 1.3500 1.4219
1.3300 1.3425 1.3300 1.4234
1.3100 1.3694 1.3100 1.4626
1.2900 1.3470 1.2900 1.4014
1.2600 1.3442 1.2600 1.4017
1.2400 1.3105 1.2400 1.3516
1.2100 1.2619 1.2100 1.2758
1.1900 1.2649 1.1900 1.3238
1.1700 1.2454 1.1700 1.2953
1.1600 1.2238 1.1600 1.2520
1.1600 1.1752 1.1600 1.1878
1.1600 1.1790 1.1600 1.2339
1.1400 1.1336 1.1400 1.1532
1.1200 1.1345 1.1200 1.1717
1.1100 1.1187 1.1100 1.1594
1.1000 1.1297 1.1000 1.1801
1.1000 1.1532 1.1000 1.2192
1.1000 1.1542 1.1000 1.2014
1.1000 1.0965 1.1000 1.0854
1.1000 1.0810 1.1000 1.1026
1.0900 1.0971 1.0900 1.1598
1.0900 1.0867 1.0900 1.1148
1.0800 1.1042 1.0800 1.1454
1.0800 1.1050 1.0800 1.1501
1.0800 1.1060 1.0800 1.1412
1.0800 1.1088 1.0800 1.1480
1.0800 1.0806 1.0800 1.0948
1.0800 1.1018 1.0800 1.1491
1.0800 1.0735 1.0800 1.0930
1.0800 1.0914 1.0800 1.1294
1.0700 1.0931 1.0700 1.1364
1.0600 1.0913 1.0600 1.1209
1.0500 1.0925 1.0500 1.1255
1.0300 1.0931 1.0300 1.1308
1.0200 1.0941 1.0200 1.1277
1.0100 1.0941 1.0100 1.1277
1.0000 1.0644 1.0000 1.0725
0.9900 1.0549 0.9900 1.0744
0.9800 1.0469 0.9800 1.0756
0.9700 1.0070 0.9700 1.0108
0.9700 1.0170 0.9700 1.0460
0.9600 1.0090 0.9600 1.0389
0.9600 0.9983 0.9600 1.0088
0.9700 0.9900 0.9700 1.0067
0.9700 0.9822 0.9700 1.0043
0.9700 0.9747 0.9700 0.9942
0.9700 0.9955 0.9700 1.0441
0.9600 0.9672 0.9600 0.9791
0.9500 0.9865 0.9500 1.0224
0.9400 1.0191 0.9400 1.0962
0.9300 0.9984 0.9300 1.0065
0.9300 0.9980 0.9300 1.0085
0.9200 1.0009 0.9200 1.0371
0.9100 0.9724 0.9100 0.9803
0.9100 0.9624 0.9100 0.9752
0.9000 0.9537 0.9000 0.9863
0.9100 0.9436 0.9100 0.9752
0.9200 0.9628 0.9200 1.0076
0.9300 0.9337 0.9300 0.9616
0.9200 0.9238 0.9200 0.9532
0.9100 0.9468 0.9100 1.0074
0.8900 0.9186 0.8900 0.9571
0.8600 0.9661 0.8600 1.0331
0.8400 0.9779 0.8400 1.0453
0.8300 0.9849 0.8300 1.0177
0.8300 0.9378 0.8300 0.9306
0.8300 0.9296 0.8300 0.9607
0.8200 0.8954 0.8200 0.9364
0.8100 0.8457 0.8100 0.8874
0.8000 0.8462 0.8000 0.9268
0.7900 0.8572 0.7900 0.9635
0.7800 0.8823 0.7800 0.9617
0.7600 0.8845 0.7600 0.9454
0.7500 0.8544 0.7500 0.9103
0.7500 0.8475 0.7500 0.9208
0.7700 0.8422 0.7700 0.9293
0.8200 0.8345 0.8200 0.9132
0.9000 0.8269 0.9000 0.9046
0.9900 0.7974 0.9900 0.8690
1.0400 0.8070 1.0400 0.9060
1.0500 0.8325 1.0500 0.9423
1.0200 0.8964 1.0200 0.9863
0.9900 1.0098 0.9900 1.1484
0.9800 1.1487 0.9800 1.3300
0.9800 1.2455 0.9800 1.3928
0.9900 1.1833 0.9900 1.1778
1.0100 1.1097 1.0100 1.0693
1.0100 1.0098 1.0100 0.9899
1.0200 0.9811 1.0200 1.0170
1.0200 1.0044 1.0200 1.0553
1.0100 1.0104 1.0100 1.0315
0.9900 1.0297 0.9900 1.0697
0.9600 1.0678 0.9600 1.1557
0.9500 1.0309 0.9500 1.0338
0.9400 1.0632 0.9400 1.1057
0.9500 1.0485 0.9500 1.0800
0.9500 1.0166 0.9500 1.0063
0.9500 0.9780 0.9500 0.9812
0.9400 0.9295 0.9400 0.9558
0.9400 0.9598 0.9400 1.0139
0.9200 0.9498 0.9200 0.9973
0.9000 0.9945 0.9000 1.0645
0.8800 0.9766 0.8800 1.0068
0.8800 0.9766 0.8800 0.9998
0.8700 0.9533 0.8700 0.9693
0.8700 0.9744 0.8700 1.0191
0.8600 0.9181 0.8600 0.9286
0.8500 0.8963 0.8500 0.9247
0.8400 0.8810 0.8400 0.9467
0.8300 0.9194 0.8300 1.0093
0.8300 0.8905 0.8300 0.9376
0.8300 0.9095 0.8300 0.9632
0.8300 0.8832 0.8300 0.9429
0.8300 0.8747 0.8300 0.9365
0.8400 0.8690 0.8400 0.9375
0.8500 0.8610 0.8500 0.9363
0.8600 0.8852 0.8600 0.9593
0.8600 0.8875 0.8600 0.9548
0.8700 0.8871 0.8700 0.9408
0.8700 0.8882 0.8700 0.9471
0.8700 0.9210 0.8700 0.9886
0.8600 0.9301 0.8600 0.9779
0.8500 0.9363 0.8500 0.9682
0.8300 0.9123 0.8300 0.9417
0.8300 0.9429 0.8300 0.9972
0.8300 0.9214 0.8300 0.9592
0.8300 0.9181 0.8300 0.9486
0.8200 0.8900 0.8200 0.9276
0.8100 0.8797 0.8100 0.9364
0.8000 0.8427 0.8000 0.8993
0.7900 0.8837 0.7900 0.9734
0.7800 0.8880 0.7800 0.9635
0.7700 0.8860 0.7700 0.9345
0.7900 0.8556 0.7900 0.9059
0.8100 0.8484 0.8100 0.9251
0.8500 0.8422 0.8500 0.9240
0.8700 0.8345 0.8700 0.9132
0.9200 0.8269 0.9200 0.9046
0.9900 0.8203 0.9900 0.9055
1.1200 0.9084 1.1200 1.0121
1.2900 0.9291 1.2900 0.9947
1.4900 1.0048 1.4900 1.0927
1.6900 0.9758 1.6900 1.0020
1.8600 1.0833 1.8600 1.2052
2.0000 1.1941 2.0000 1.3654
2.1200 1.4355 2.1200 1.6905
2.1700 1.6260 2.1700 1.8734
2.1700 1.8390 2.1700 2.0662
2.1600 2.0373 2.1600 2.2358
2.1500 2.1716 2.1500 2.3145
2.1500 2.2801 2.1500 2.4007
2.1500 2.3730 2.1500 2.4968
2.1700 2.2953 2.1700 2.2423
2.1900 2.1655 2.1900 2.0776
2.2100 2.1203 2.2100 2.1664
2.2200 2.0891 2.2200 2.1522
2.1900 2.0878 2.1900 2.1494
2.1400 2.0709 2.1400 2.1393
2.1100 2.1303 2.1100 2.2705
2.1100 2.1514 2.1100 2.2722
2.1600 2.1715 2.1600 2.2686
2.1900 2.1627 2.1900 2.2464
2.2200 2.0425 2.2200 2.0254
2.2200 1.9489 2.2200 1.9450
2.1900 1.9651 2.1900 2.0914
2.1300 2.0264 2.1300 2.1874
2.0900 2.1812 2.0900 2.3755
2.1100 2.1613 2.1100 2.2381
2.1500 2.1957 2.1500 2.2884
2.1800 2.1431 2.1800 2.2134
2.1800 2.0491 2.1800 2.0482
2.1400 1.9231 2.1400 1.8971
2.1000 1.9228 2.1000 2.0212
2.0400 2.0725 2.0400 2.3137
2.0000 2.1461 2.0000 2.3058
1.9900 2.1471 1.9900 2.2070
2.0300 2.0890 2.0300 2.1303
2.0900 1.9724 2.0900 1.9712
2.1100 1.9405 2.1100 2.0049
2.0900 1.8318 2.0900 1.8426
2.0200 1.8253 2.0200 1.8915
1.9400 1.8781 1.9400 2.0354
1.8800 2.0259 1.8800 2.2437
1.8100 2.1330 1.8100 2.3024
1.7300 2.0650 1.7300 2.0813
1.6400 1.9681 1.6400 1.9536
1.5900 1.8010 1.5900 1.7630
1.5600 1.7012 1.5600 1.7001
1.5500 1.6784 1.5500 1.7572
1.5200 1.5709 1.5200 1.5664
1.4800 1.4603 1.4800 1.4279
1.4300 1.3541 1.4300 1.3610
1.4000 1.3987 1.4000 1.5350
1.3500 1.4182 1.3500 1.5378
1.3100 1.4499 1.3100 1.5429
1.2700 1.3849 1.2700 1.4104
1.2400 1.3346 1.2400 1.3616
1.2100 1.2794 1.2100 1.3141
1.1900 1.2973 1.1900 1.3820
1.1700 1.2078 1.1700 1.1997
1.1600 1.1866 1.1600 1.2078
1.1500 1.1545 1.1500 1.2018
1.1500 1.1479 1.1500 1.1949
1.1400 1.1234 1.1400 1.1532
1.1300 1.1267 1.1300 1.1783
1.1300 1.1132 1.1300 1.1536
1.1600 1.1271 1.1600 1.1813
1.1900 1.1222 1.1900 1.1664
1.2300 1.1446 1.2300 1.2037
1.2700 1.1183 1.2700 1.1427
1.3200 1.1099 1.3200 1.1361
1.3600 1.1345 1.3600 1.2002
1.4200 1.2254 1.4200 1.3506
1.5000 1.2531 1.5000 1.3253
1.6100 1.3089 1.6100 1.3906
1.7300 1.3524 1.7300 1.4502
1.8200 1.4242 1.8200 1.5389
1.8900 1.4440 1.8900 1.5177
1.9800 1.5430 1.9800 1.6773
2.0600 1.6659 2.0600 1.8468
2.0900 1.8203 2.0900 2.0099
2.0600 1.9463 2.0600 2.1186
2.0600 1.9934 2.0600 2.0743
2.0900 2.0281 2.0900 2.1058
2.1200 2.1605 2.1200 2.3408
2.0900 2.2151 2.0900 2.3413
2.0900 2.1258 2.0900 2.0739
2.0700 1.9539 2.0700 1.8581
2.0800 2.0219 2.0800 2.1766
2.0900 2.1123 2.0900 2.3129
2.1200 2.1185 2.1200 2.1753
2.1500 1.9403 2.1500 1.8405
2.0900 2.0138 2.0900 2.1659
2.0500 1.9585 2.0500 2.0565
2.0300 2.0261 2.0300 2.1343
2.0300 2.0344 2.0300 2.1459
1.9800 2.1037 1.9800 2.2470
1.8700 2.1394 1.8700 2.2649
1.8700 1.8738 1.8700 1.7204
1.9900 1.8869 1.9900 1.9540
2.2100 1.9205 2.2100 2.1170
2.4500 1.9497 2.4500 2.0437
2.6700 1.7770 2.6700 1.6887
2.8400 1.5338 2.8400 1.3954
2.9400 1.7938 2.9400 2.1390
2.9700 2.1314 2.9700 2.4991
2.9100 2.4696 2.9100 2.7640
2.9000 2.7392 2.9000 2.9507
2.9300 2.9589 2.9300 3.1229
3.0000 3.0977 3.0000 3.2074
3.0000 3.1168 3.0000 3.1487
2.9800 3.0236 2.9800 2.9535
2.9800 2.7287 2.9800 2.5351
3.0400 2.8107 3.0400 2.9611
3.1200 2.9045 3.1200 3.0720
3.2000 2.9955 3.2000 3.1153
3.2200 2.8550 3.2200 2.7623
3.1800 2.7921 3.1800 2.8174
3.1100 2.8601 3.1100 3.0631
3.0600 3.0267 3.0600 3.2326
3.0100 3.1204 3.0100 3.2506
2.9900 3.1944 2.9900 3.2942
2.9600 3.1286 2.9600 3.1239
2.9300 2.9540 2.9300 2.8945
2.8700 2.8198 2.8700 2.8253
2.8100 2.8092 2.8100 2.9243
2.7400 2.7414 2.7400 2.7841
2.6900 2.7764 2.6900 2.8878
2.7000 2.7207 2.7000 2.7971
2.7400 2.6932 2.7400 2.7678
2.7900 2.5726 2.7900 2.5900
2.8300 2.5180 2.8300 2.5801
2.8100 2.4299 2.8100 2.4808
2.7400 2.4242 2.7400 2.5258
2.6100 2.5770 2.6100 2.7994
2.5100 2.6775 2.5100 2.8454
2.5000 2.7493 2.5000 2.8712
2.5800 2.7902 2.5800 2.9027
2.6900 2.6436 2.6900 2.6164
2.8200 2.4658 2.8200 2.3935
2.9800 2.1992 2.9800 2.0825
3.1200 2.1611 3.1200 2.2345
3.1900 2.3487 3.1900 2.6301
3.2000 2.5766 3.2000 2.8258
3.2100 2.7249 3.2100 2.8952
3.2500 2.9036 3.2500 3.0846
3.2800 3.1362 3.2800 3.3704
3.3000 3.2643 3.3000 3.3974
3.2700 3.2433 3.2700 3.2314
3.2000 3.1407 3.2000 3.0986
3.1400 3.1474 3.1400 3.2744
3.0800 3.2274 3.0800 3.3679
3.0900 3.2105 3.0900 3.2615
3.0800 3.1961 3.0800 3.2372
3.0900 3.0439 3.0900 3.0268
3.0700 2.8795 3.0700 2.8361
3.0200 2.8456 3.0200 2.9438
2.9700 2.7774 2.9700 2.8473
2.9200 2.9434 2.9200 3.1326
2.8600 2.8811 2.8600 2.9563
2.7900 2.9375 2.7900 3.0523
2.7200 2.8622 2.7200 2.9432
2.6600 2.7465 2.6600 2.7436
2.6300 2.7063 2.6300 2.7858
2.6400 2.6545 2.6400 2.7423
2.6600 2.5650 2.6600 2.5785
2.6900 2.4681 2.6900 2.4865
2.7100 2.4003 2.7100 2.4639
2.7300 2.3670 2.7300 2.4606
2.7400 2.4092 2.7400 2.5636
2.7300 2.5157 2.7300 2.7120
2.7100 2.5628 2.7100 2.7083
2.6900 2.6244 2.6900 2.7626
2.6700 2.6341 2.6700 2.7556
2.6500 2.6638 2.6500 2.7875
2.6300 2.6563 2.6300 2.7523
2.6200 2.5975 2.6200 2.6353
2.6100 2.5526 2.6100 2.6054
2.5900 2.5301 2.5900 2.6193
2.5700 2.5052 2.5700 2.5839
2.5500 2.4802 2.5500 2.5534
2.5100 2.4581 2.5100 2.5416
2.4700 2.4723 2.4700 2.5909
2.4300 2.4636 2.4300 2.5631
2.3900 2.4206 2.3900 2.4778
2.3500 2.4038 2.3500 2.4906
2.3200 2.3868 2.3200 2.4848
2.2900 2.2997 2.2900 2.3209
2.2600 2.2598 2.2600 2.3182
2.2300 2.2217 2.2300 2.3081
2.1900 2.1798 2.1900 2.2439
2.1500 2.1394 2.1500 2.2036
2.1100 2.1336 2.1100 2.2370
2.0700 2.1063 2.0700 2.1910
2.0400 2.0783 2.0400 2.1507
2.0200 2.0528 2.0200 2.1352
2.0000 1.9935 2.0000 2.0454
1.9800 1.9568 1.9800 2.0206
1.9700 1.9197 1.9700 1.9946
1.9500 1.8804 1.9500 1.9439
1.9300 1.8744 1.9300 1.9664
1.9100 1.8789 1.9100 1.9872
1.8900 1.8608 1.8900 1.9396
1.8600 1.8444 1.8600 1.9210
1.8300 1.8624 1.8300 1.9776
1.8000 1.8237 1.8000 1.8878
1.7800 1.8055 1.7800 1.8691
1.7700 1.7894 1.7700 1.8742
1.7400 1.7703 1.7400 1.8445
1.7300 1.7188 1.7300 1.7587
1.7200 1.6896 1.7200 1.7497
1.7200 1.6622 1.7200 1.7329
1.7000 1.6646 1.7000 1.7529
1.6800 1.6772 1.6800 1.7772
1.6600 1.6034 1.6600 1.6229
1.6500 1.6405 1.6500 1.7457
1.6400 1.6369 1.6400 1.7429
1.6400 1.6574 1.6400 1.7443
1.6400 1.5962 1.6400 1.6247
1.6400 1.5777 1.6400 1.6350
1.6500 1.5642 1.6500 1.6439
1.6600 1.5750 1.6600 1.6631
1.6600 1.5642 1.6600 1.6312
1.6600 1.5844 1.6600 1.6769
1.6500 1.5872 1.6500 1.6736
1.6300 1.5885 1.6300 1.6636
1.6000 1.6234 1.6000 1.7315
1.5900 1.6348 1.5900 1.7282
1.5700 1.6128 1.5700 1.6622
1.5600 1.6144 1.5600 1.6887
1.5400 1.5846 1.5400 1.6426
1.5200 1.5420 1.5200 1.5729
1.5000 1.4903 1.5000 1.5188
1.4800 1.5227 1.4800 1.6276
1.4800 1.4799 1.4800 1.5276
1.4700 1.4872 1.4700 1.5491
1.4700 1.4492 1.4700 1.5020
1.4500 1.4304 1.4500 1.4815
1.4400 1.4151 1.4400 1.4761
1.4400 1.3956 1.4400 1.4511
1.4500 1.4394 1.4500 1.5438
1.4500 1.4086 1.4500 1.4606
1.4300 1.4293 1.4300 1.5003
1.4000 1.3722 1.4000 1.4030
1.3700 1.3847 1.3700 1.4513
1.3700 1.4107 1.3700 1.5116
1.3900 1.4387 1.3900 1.5281
1.3900 1.4166 1.3900 1.4572
1.3900 1.3550 1.3900 1.3626
1.3800 1.3100 1.3800 1.3340
1.3700 1.2839 1.3700 1.3294
1.3600 1.3453 1.3600 1.4581
1.3500 1.4033 1.3500 1.5229
1.3400 1.3557 1.3400 1.3694
1.3200 1.3584 1.3200 1.4088
1.3100 1.3373 1.3100 1.4020
1.3100 1.3298 1.3100 1.3780
1.3000 1.3201 1.3000 1.3688
1.2800 1.3072 1.2800 1.3552
1.2500 1.2967 1.2500 1.3435
1.2300 1.2562 1.2300 1.2798
1.2200 1.2683 1.2200 1.3310
1.2300 1.2913 1.2300 1.3771
1.2200 1.2590 1.2200 1.2846
1.2100 1.2188 1.2100 1.2280
1.1900 1.1731 1.1900 1.1922
1.1800 1.1774 1.1800 1.2322
1.1700 1.1889 1.1700 1.2521
1.1600 1.2367 1.1600 1.3229
1.1600 1.1853 1.1600 1.1946
1.1500 1.1765 1.1500 1.2033
1.1400 1.1449 1.1400 1.1792
1.1100 1.1571 1.1100 1.2088
1.0900 1.1485 1.0900 1.1871
1.0800 1.1355 1.0800 1.1627
1.0900 1.1571 1.0900 1.2172
1.1000 1.1286 1.1000 1.1544
1.1000 1.1195 1.1000 1.1426
1.1100 1.0535 1.1100 1.0463
1.1000 1.0555 1.1000 1.0853
1.1000 1.0693 1.1000 1.1259
1.0900 1.1161 1.0900 1.1886
1.0900 1.1247 1.0900 1.1689
1.0800 1.1038 1.0800 1.1195
1.0700 1.1389 1.0700 1.2056
1.0700 1.0934 1.0700 1.1047
1.1000 1.1124 1.1000 1.1469
1.1500 1.0849 1.1500 1.1094
1.2000 1.1016 1.2000 1.1413
1.2600 1.0729 1.2600 1.0876
1.3300 1.0607 1.3300 1.0773
1.4100 1.0836 1.4100 1.1383
1.4900 1.1728 1.4900 1.3031
1.6000 1.2608 1.6000 1.3948
1.6900 1.3053 1.6900 1.3837
1.7700 1.3860 1.7700 1.4990
1.8100 1.4810 1.8100 1.6275
1.8500 1.5821 1.8500 1.7252
1.8600 1.6598 1.8600 1.7827
1.8700 1.8208 1.8700 2.0116
1.8900 1.8772 1.8900 1.9961
1.9400 1.9319 1.9400 2.0149
2.0000 1.8867 2.0000 1.9202
2.0400 1.9244 2.0400 2.0171
2.0500 1.8642 2.0500 1.8939
2.0400 1.8600 2.0400 1.9084
2.0100 1.8953 2.0100 2.0117
1.9900 2.0018 1.9900 2.1785
1.9500 2.0781 1.9500 2.2228
1.8900 2.0676 1.8900 2.1267
1.8300 2.0139 1.8300 2.0382
1.8100 1.9652 1.8100 2.0123
1.7800 1.8903 1.7800 1.9138
1.7400 1.8852 1.7400 1.9593
1.6900 1.7910 1.6900 1.8020
1.6900 1.6774 1.6900 1.6457
1.6800 1.6185 1.6800 1.6613
1.6700 1.6875 1.6700 1.8560
1.6200 1.6329 1.6200 1.6822
1.5800 1.5668 1.5800 1.5657
1.5300 1.5049 1.5300 1.5495
1.4900 1.6224 1.4900 1.8244
1.4500 1.5943 1.4500 1.6723
1.4200 1.5783 1.4200 1.6087
1.4100 1.4509 1.4100 1.4317
1.3900 1.4398 1.3900 1.5044
1.3900 1.3774 1.3900 1.4186
1.3900 1.3533 1.3900 1.3902
1.4000 1.3142 1.4000 1.3532
1.4300 1.3048 1.4300 1.3667
1.5500 1.3422 1.5500 1.4461
1.7400 1.3042 1.7400 1.3451
1.9800 1.3497 1.9800 1.4397
2.1700 1.3572 2.1700 1.4480
2.2800 1.3895 2.2800 1.4727
2.2900 1.4658 2.2900 1.5986
2.2400 1.7573 2.2400 2.0356
2.1800 2.0292 2.1800 2.3268
2.1900 2.3299 2.1900 2.5908
2.2500 2.4590 2.2500 2.5753
2.3100 2.4831 2.3100 2.4869
2.3400 2.3195 2.3400 2.2129
2.3300 2.1345 2.3300 2.0409
2.3400 2.0321 2.3400 2.0222
2.3500 2.1656 2.3500 2.3677
2.3800 2.3006 2.3800 2.4785
2.4200 2.3393 2.4200 2.4294
2.4400 2.3075 2.4400 2.3465
2.4300 2.2230 2.4300 2.2542
2.3900 2.2940 2.3900 2.4591
2.3400 2.3027 2.3400 2.4224
2.2800 2.3646 2.2800 2.4780
2.2300 2.4226 2.2300 2.5669
2.1500 2.3927 2.1500 2.4546
2.0800 2.3164 2.0800 2.3248
2.0300 2.2112 2.0300 2.2190
1.9900 2.1382 1.9900 2.1744
1.9600 2.0488 1.9600 2.0710
1.9200 2.0118 1.9200 2.0713
1.8800 1.8574 1.8800 1.8259
1.8300 1.8079 1.8300 1.8500
1.8100 1.8091 1.8100 1.9415
1.7900 1.7906 1.7900 1.8785
1.7500 1.7851 1.7500 1.8662
1.7100 1.7287 1.7100 1.7859
1.6800 1.6977 1.6800 1.7636
1.6800 1.6348 1.6800 1.6824
1.6900 1.6852 1.6900 1.8188
1.6800 1.6683 1.6800 1.7591
1.6500 1.5820 1.6500 1.5750
1.6300 1.5493 1.6300 1.6017
1.6700 1.5490 1.6700 1.6561
1.7600 1.6164 1.7600 1.7578
1.8800 1.6467 1.8800 1.7577
1.9900 1.5919 1.9900 1.6151
2.0700 1.5259 2.0700 1.5405
2.1200 1.5376 2.1200 1.6389
2.1400 1.7119 2.1400 1.9564
2.1900 1.8960 2.1900 2.1131
2.2500 2.0476 2.2500 2.2359
2.3200 2.1485 2.3200 2.2932
2.3500 2.2022 2.3500 2.2968
2.3700 2.2036 2.3700 2.2747
2.3700 2.1598 2.3700 2.1982
2.3800 2.2725 2.3800 2.4423
2.3900 2.3420 2.3900 2.4823
2.3900 2.4091 2.3900 2.5245
2.3600 2.3495 2.3600 2.3630
2.3100 2.3468 2.3100 2.4164
2.2900 2.3058 2.2900 2.3779
2.3100 2.3317 2.3100 2.4342
2.3600 2.3338 2.3600 2.4269
2.4200 2.2994 2.4200 2.3493
2.5200 2.1969 2.5200 2.1911
2.6500 2.1007 2.6500 2.1111
2.7800 2.1514 2.7800 2.3068
2.9000 2.2591 2.9000 2.4663
3.0100 2.3699 3.0100 2.5258
3.1100 2.4451 3.1100 2.5833
3.2400 2.6108 3.2400 2.8170
3.3500 2.7906 3.3500 3.0024
3.4300 2.9248 3.4300 3.0631
3.4700 3.0373 3.4700 3.1516
3.4500 3.1360 3.4500 3.2586
3.4200 3.2184 3.4200 3.3276
3.3400 3.3810 3.3400 3.5481
3.2900 3.4409 3.2900 3.5317
3.2500 3.4645 3.2500 3.5029
3.2100 3.4381 3.2100 3.4809
3.1700 3.2751 3.1700 3.2250
3.1400 3.2109 3.1400 3.2485
3.1400 2.9964 3.1400 2.9292
3.1300 3.0009 3.1300 3.0861
3.1300 2.9767 3.1300 3.1007
3.1100 2.9238 3.1100 2.9652
2.9600 2.8859 2.9600 2.9588
2.9200 2.8861 2.9200 3.0241
2.8500 2.9658 2.8500 3.1338
2.9200 2.9347 2.9200 3.0218
2.9000 2.9616 2.9000 3.0763
2.9000 2.9023 2.9000 2.9806
2.9200 2.4454 2.9200 2.1294
2.9300 2.6755 2.9300 2.9765
2.9600 2.5390 2.9600 2.6613
3.0000 2.8806 3.0000 3.1188
3.0300 2.6874 3.0300 2.6477
2.9900 2.7308 2.9900 2.7885
2.8900 2.8370 2.8900 3.0588
2.7800 2.8212 2.7800 2.9249
2.6900 2.9014 2.6900 3.0133
2.6300 2.9534 2.6300 3.0980
2.5700 2.9701 2.5700 3.0559
2.5400 2.7635 2.5400 2.6619
2.5200 2.5243 2.5200 2.4025
2.5200 2.3959 2.5200 2.4191
2.5200 2.3438 2.5200 2.4307
2.5100 2.3370 2.5100 2.4288
2.4800 2.2657 2.4800 2.3045
2.4300 2.3085 2.4300 2.4551
2.3900 2.3252 2.3900 2.4825
2.3600 2.3811 2.3600 2.5329
2.3300 2.3920 2.3300 2.5123
2.3000 2.3655 2.3000 2.4416
2.2700 2.2977 2.2700 2.3384
2.2300 2.2061 2.2300 2.2296
2.2000 2.1915 2.2000 2.2841
2.1600 2.1819 2.1600 2.2877
2.1300 2.1457 2.1300 2.2051
2.1000 2.1149 2.1000 2.1832
2.0800 2.0890 2.0800 2.1771
2.0700 2.0306 2.0700 2.0832
2.0600 2.0269 2.0600 2.1213
2.0400 1.9667 2.0400 2.0250
2.0200 1.9595 2.0200 2.0418
1.9900 1.9330 1.9900 2.0195
1.9600 1.9362 1.9600 2.0341
1.9200 1.9527 1.9200 2.0676
1.8900 1.9444 1.8900 2.0348
1.8600 1.9055 1.8600 1.9598
1.8400 1.8903 1.8400 1.9714
1.8100 1.8418 1.8100 1.9002
1.7800 1.8122 1.7800 1.8717
1.7400 1.7506 1.7400 1.7919
1.7000 1.7422 1.7000 1.8228
1.6700 1.7137 1.6700 1.7884
1.6300 1.7149 1.6300 1.8005
1.5900 1.6655 1.5900 1.7151
1.5600 1.6378 1.5600 1.6957
1.5300 1.5818 1.5300 1.6266
1.5000 1.5441 1.5000 1.5936
1.4800 1.5390 1.4800 1.6216
1.4600 1.4776 1.4600 1.5100
1.4300 1.4389 1.4300 1.4732
1.4000 1.4356 1.4000 1.5210
1.3800 1.4088 1.3800 1.4681
1.3500 1.3809 1.3500 1.4222
1.3200 1.3862 1.3200 1.4670
1.2900 1.3706 1.2900 1.4355
1.2700 1.3224 1.2700 1.3428
1.2500 1.2970 1.2500 1.3388
1.2300 1.3031 1.2300 1.3813
1.2100 1.2543 1.2100 1.2763
1.1900 1.2251 1.1900 1.2476
1.1600 1.2001 1.1600 1.2443
1.1200 1.2038 1.1200 1.2637
1.0900 1.1864 1.0900 1.2261
1.0500 1.1676 1.0500 1.1990
1.0200 1.1520 1.0200 1.1902
1.0000 1.1362 1.0000 1.1730
0.9800 1.0898 0.9800 1.0944
0.9600 1.0333 0.9600 1.0391
0.9400 1.0283 0.9400 1.0670
0.9200 0.9727 0.9200 1.0036
0.9000 0.9636 0.9000 0.9959
0.8900 0.9684 0.8900 1.0239
0.8700 0.9509 0.8700 0.9927
0.8500 0.9348 0.8500 0.9661
0.8300 0.9205 0.8300 0.9740
0.8000 0.9063 0.8000 0.9637
0.7700 0.8907 0.7700 0.9492
0.7300 0.9031 0.7300 0.9778
0.7000 0.8670 0.7000 0.9258
0.6800 0.8489 0.6800 0.9129
0.6800 0.8347 0.6800 0.9246
0.6800 0.8035 0.6800 0.8768
0.7100 0.7908 0.7100 0.8637
0.7600 0.7682 0.7600 0.8334
0.8500 0.7706 0.8500 0.8550
0.9400 0.7780 0.9400 0.8777
1.0000 0.7998 1.0000 0.9173
1.0100 0.7935 1.0100 0.8878
0.9900 0.8791 0.9900 0.9841
0.9500 0.9725 0.9500 1.1086
0.9100 1.1392 0.9100 1.3313
0.8800 1.2129 0.8800 1.3446
0.8600 1.1804 0.8600 1.1875
0.8500 1.0783 0.8500 1.0266
0.8400 1.0056 0.8400 0.9895
0.8400 0.9299 0.8400 0.9567
0.8300 0.8833 0.8300 0.9270
0.8300 0.8670 0.8300 0.9243
0.8400 0.8570 0.8400 0.9398
0.8500 0.8653 0.8500 0.9524
0.8600 0.8619 0.8600 0.9415
0.8700 0.8888 0.8700 0.9706
0.8800 0.8615 0.8800 0.9287
0.8900 0.8847 0.8900 0.9560
0.8900 0.9205 0.8900 0.9984
0.8800 0.9289 0.8800 0.9769
0.8800 0.9354 0.8800 0.9662
0.8800 0.9442 0.8800 0.9895
0.8800 0.9520 0.8800 0.9932
0.8800 0.9588 0.8800 0.9953
0.8700 0.9374 0.8700 0.9538
0.8700 0.9075 0.8700 0.9264
0.8600 0.9277 0.8600 0.9838
0.8400 0.9277 0.8400 0.9814
0.8200 0.9239 0.8200 0.9564
0.8300 0.9231 0.8300 0.9640
0.8400 0.8948 0.8400 0.9363
0.8500 0.9153 0.8500 0.9739
0.8700 0.8881 0.8700 0.9406
0.8900 0.8478 0.8900 0.8886
0.9000 0.8310 0.9000 0.9059
0.9000 0.9092 0.9000 1.0254
0.9000 0.9211 0.9000 0.9845
0.9100 0.9255 0.9100 0.9479
0.9200 0.9676 0.9200 1.0461
0.9300 0.9863 0.9300 1.0546
0.9400 0.9674 0.9400 0.9771
0.9300 0.9467 0.9300 0.9503
0.9300 0.9479 0.9300 0.9792
0.9300 0.9769 0.9300 1.0324
0.9100 0.9831 0.9100 1.0175
0.9000 0.9884 0.9000 1.0153
0.8800 0.9976 0.8800 1.0374
0.9000 0.9492 0.9000 0.9465
0.9100 0.9690 0.9100 0.9951
0.9300 0.9712 0.9300 1.0107
0.9400 0.9091 0.9400 0.9076
0.9500 0.9180 0.9500 0.9546
0.9800 0.8826 0.9800 0.9463
1.0200 0.9805 1.0200 1.0983
1.0600 0.9710 1.0600 1.0235
1.1200 1.0057 1.1200 1.0541
1.1900 0.9963 1.1900 1.0364
1.2700 1.0066 1.2700 1.0453
1.3500 1.0783 1.3500 1.1785
1.4400 1.1345 1.4400 1.2389
1.5800 1.1679 1.5800 1.2208
1.7100 1.2645 1.7100 1.3909
1.8000 1.3544 1.8000 1.4892
1.8900 1.4505 1.8900 1.5737
1.9700 1.5278 1.9700 1.6455
2.0900 1.6370 2.0900 1.7863
2.1500 1.8478 2.1500 2.0812
2.2200 1.9524 2.2200 2.1122
2.2600 1.9852 2.2600 2.0040
2.3200 2.0812 2.3200 2.2263
2.3800 2.1431 2.3800 2.2880
2.4700 2.3074 2.4700 2.4919
2.5600 2.2606 2.5600 2.2555
2.6300 2.3416 2.6300 2.4308
2.6700 2.3180 2.6700 2.4149
2.7000 2.4133 2.7000 2.5474
2.7500 2.4653 2.7500 2.5881
2.8100 2.5820 2.8100 2.7412
2.8700 2.6644 2.8700 2.7970
2.9300 2.7014 2.9300 2.7838
2.9800 2.6919 2.9800 2.7389
3.0300 2.6992 3.0300 2.7971
3.0300 2.7877 3.0300 2.9296
3.0300 2.8447 3.0300 2.9664
3.0400 2.8922 3.0400 2.9878
3.0800 2.9473 3.0800 3.0585
3.0700 2.9808 3.0700 3.0817
3.0300 3.0294 3.0300 3.1360
2.9800 2.9194 2.9800 2.9017
2.9100 2.9142 2.9100 2.9846
2.8200 2.9462 2.8200 3.0932
2.7100 3.0335 2.7100 3.1716
2.6100 2.9061 2.6100 2.8642
2.5200 2.7898 2.5200 2.7562
2.4700 2.7254 2.4700 2.8121
2.4500 2.6049 2.4500 2.6191
2.4700 2.4598 2.4700 2.4154
2.5100 2.2972 2.5100 2.2679
2.5400 2.2193 2.5400 2.2740
2.5700 2.1525 2.5700 2.2241
2.6200 2.1941 2.6200 2.3442
2.6700 2.2480 2.6700 2.4240
2.6900 2.3675 2.6900 2.5662
2.7300 2.4677 2.7300 2.6376
2.8100 2.4866 2.8100 2.6003
2.8900 2.5321 2.8900 2.6634
2.9400 2.6388 2.9400 2.8058
2.9400 2.6884 2.9400 2.8104
2.9200 2.6402 2.9200 2.6575
2.9200 2.7289 2.9200 2.8732
2.9000 2.8665 2.9000 3.0698
2.8700 2.9354 2.8700 3.0475
2.8800 2.9407 2.8800 2.9741
2.9400 2.8345 2.9400 2.8237
3.0300 2.7719 3.0300 2.8221
3.1200 2.8165 3.1200 2.9714
3.1800 2.7331 3.1800 2.7548
3.2200 2.6644 3.2200 2.6658
3.2500 2.7686 3.2500 2.9605
3.2800 2.9153 3.2800 3.1218
3.3200 3.0441 3.3200 3.2026
3.3800 3.1373 3.3800 3.2568
3.4100 3.1654 3.4100 3.2440
3.4500 3.1894 3.4500 3.2761
3.4500 3.2058 3.4500 3.3032
3.4700 3.2250 3.4700 3.3185
3.4800 3.2647 3.4800 3.3712
3.5100 3.3396 3.5100 3.4731
3.5400 3.3163 3.5400 3.3677
3.5500 3.3719 3.5500 3.4790
3.5800 3.2937 3.5800 3.3450
3.6400 3.3566 3.6400 3.4684
3.7300 3.3406 3.7300 3.4381
3.8100 3.3929 3.8100 3.5049
3.8400 3.4170 3.8400 3.5232
3.8600 3.3910 3.8600 3.4528
3.8300 3.4566 3.8300 3.5895
3.8000 3.5538 3.8000 3.7301
3.7500 3.6795 3.7500 3.8389
3.6800 3.7390 3.6800 3.8369
3.6000 3.6976 3.6000 3.7233
3.5300 3.7101 3.5300 3.8063
3.4800 3.5654 3.4800 3.5838
3.4300 3.5252 3.4300 3.5835
3.3700 3.4197 3.3700 3.4655
3.3200 3.2899 3.3200 3.2778
3.2800 3.1842 3.2800 3.2110
3.2600 3.1381 3.2600 3.2381
3.2600 3.1375 3.2600 3.2669
3.3100 3.0877 3.3100 3.1636
3.3400 3.0081 3.3400 3.0516
3.3500 2.9924 3.3500 3.1141
3.3300 2.9858 3.3300 3.1221
3.3000 3.0181 3.3000 3.1626
3.2500 3.0705 3.2500 3.2138
3.1800 3.2114 3.1800 3.4041
3.1100 3.2164 3.1100 3.3036
3.0600 3.1998 3.0600 3.2457
3.0100 3.1206 3.0100 3.1840
2.9500 3.0710 2.9500 3.1499
2.8900 2.9714 2.8900 2.9940
3.3100 3.7555 3.3100 3.8557
3.1700 3.5902 3.1700 3.5677
3.0200 3.1677 3.0200 2.8966
2.8800 3.0868 2.8800 3.1586
2.7400 3.0215 2.7400 3.1698
2.6400 2.9544 2.6400 2.9727
2.5700 2.7494 2.5700 2.6674
2.5100 2.5949 2.5100 2.5948
2.4300 2.4423 2.4300 2.4746
2.3400 2.3366 2.3400 2.3828
2.2600 2.2042 2.2600 2.2214
2.2000 2.2036 2.2000 2.3347
2.1600 2.2145 2.1600 2.3767
2.1200 2.1862 2.1200 2.2794
2.0900 2.0749 2.0900 2.0918
2.0400 1.9800 2.0400 2.0215
1.9800 1.9403 1.9800 2.0413
1.9200 1.9328 1.9200 2.0486
1.8700 1.9399 1.8700 2.0515
1.8400 1.9028 1.8400 1.9755
1.8200 1.9037 1.8200 2.0067
1.8000 1.8199 1.8000 1.8613
1.7700 1.7453 1.7700 1.7687
1.7300 1.6940 1.7300 1.7565
1.7000 1.6685 1.7000 1.7492
1.6800 1.6832 1.6800 1.7885
1.6700 1.6854 1.6700 1.7836
1.6600 1.6685 1.6600 1.7408
1.6500 1.6239 1.6500 1.6747
1.6400 1.5704 1.6400 1.6127
1.6300 1.5690 1.6300 1.6561
1.6000 1.5731 1.6000 1.6685
1.5700 1.5833 1.5700 1.6690
1.5600 1.5740 1.5600 1.6461
1.5600 1.5673 1.5600 1.6417
1.5600 1.5630 1.5600 1.6419
1.5700 1.5565 1.5700 1.6305
1.5700 1.4852 1.5700 1.4979
1.5500 1.4567 1.5500 1.4986
1.5300 1.4930 1.5300 1.6119
1.5200 1.5126 1.5200 1.6098
1.5200 1.5092 1.5200 1.5681
1.5000 1.5426 1.5000 1.6455
1.4800 1.5261 1.4800 1.5964
1.4500 1.4659 1.4500 1.4753
1.4300 1.4500 1.4300 1.5046
1.4100 1.4634 1.4100 1.5584
1.4100 1.4816 1.4100 1.5654
1.4100 1.4150 1.4100 1.4213
1.4100 1.3954 1.4100 1.4370
1.4000 1.3507 1.4000 1.3957
1.3900 1.3527 1.3900 1.4152
1.3800 1.3336 1.3800 1.3862
1.3700 1.3732 1.3700 1.4678
1.3700 1.3751 1.3700 1.4496
1.3600 1.3749 1.3600 1.4319
1.3600 1.3489 1.3600 1.3920
1.3700 1.3425 1.3700 1.4001
1.3800 1.3360 1.3800 1.3951
1.3800 1.3251 1.3800 1.3745
1.3800 1.3453 1.3800 1.4207
1.3700 1.3142 1.3700 1.3529
1.3500 1.3350 1.3500 1.4029
1.3300 1.3690 1.3300 1.4698
1.3000 1.3778 1.3000 1.4459
1.2700 1.3568 1.2700 1.3912
1.2300 1.3587 1.2300 1.4210
1.2000 1.3309 1.2000 1.3733
1.1800 1.2895 1.1800 1.3051
1.1700 1.2699 1.1700 1.3086
1.1700 1.2191 1.1700 1.2360
1.1600 1.1883 1.1600 1.2075
1.1600 1.1296 1.1600 1.1346
1.1500 1.1212 1.1500 1.1582
1.1600 1.1250 1.1600 1.1820
1.1700 1.1353 1.1700 1.1885
1.1900 1.1574 1.1900 1.2199
1.2000 1.1302 1.2000 1.1561
1.2000 1.1547 1.2000 1.2125
1.1800 1.1304 1.1800 1.1646
1.1400 1.1811 1.1400 1.2567
1.1100 1.1934 1.1100 1.2582
1.0900 1.2300 1.0900 1.2971
1.0800 1.2212 1.0800 1.2627
1.0900 1.2006 1.0900 1.2246
1.1000 1.1439 1.1000 1.1395
1.1000 1.0654 1.1000 1.0538
1.0900 1.0575 1.0900 1.0876
1.0800 1.0570 1.0800 1.1013
1.0800 1.0622 1.0800 1.0936
1.0900 1.1104 1.0900 1.1905
1.1100 1.1218 1.1100 1.1796
1.1300 1.1038 1.1300 1.1195
1.1300 1.0793 1.1300 1.0947
1.1200 1.0745 1.1200 1.1090
1.0900 1.0963 1.0900 1.1493
1.0600 1.1236 1.0600 1.1810
1.0400 1.1600 1.0400 1.2247
1.0300 1.1784 1.0300 1.2344
1.0400 1.1386 1.0400 1.1431
1.0600 1.1115 1.0600 1.1205
1.0800 1.0462 1.0800 1.0445
1.0900 1.0166 1.0900 1.0350
1.0800 1.0166 1.0800 1.0535
1.0700 1.0229 1.0700 1.0573
1.0700 1.0700 1.0700 1.1470
1.0700 1.1095 1.0700 1.1997
1.0700 1.1298 1.0700 1.1836
1.0600 1.1226 1.0600 1.1516
1.0600 1.0768 1.0600 1.0735
1.0600 1.0706 1.0600 1.0943
1.0500 1.0920 1.0500 1.1486
1.0400 1.0877 1.0400 1.1149
1.0400 1.0831 1.0400 1.1028
1.0400 1.0533 1.0400 1.0638
1.0400 1.0750 1.0400 1.1230
1.0500 1.0774 1.0500 1.1192
1.0600 1.0454 1.0600 1.0435
1.0500 1.0362 1.0500 1.0530
1.0400 1.0584 1.0400 1.1143
1.0300 1.0585 1.0300 1.0900
1.0300 1.0564 1.0300 1.0770
1.0400 1.0868 1.0400 1.1449
1.0700 1.0979 1.0700 1.1454
1.1100 1.0475 1.1100 1.0310
1.1500 1.0390 1.1500 1.0541
1.1700 1.0331 1.1700 1.0683
1.1500 1.0515 1.1500 1.0907
1.1300 1.0790 1.1300 1.1300
1.1500 1.1455 1.1500 1.2502
1.2100 1.2044 1.2100 1.3066
1.2900 1.2422 1.2900 1.3123
1.3000 1.2225 1.3000 1.2465
1.3000 1.1243 1.3000 1.0775
1.3000 1.1086 1.3000 1.1255
1.3500 1.2106 1.3500 1.3508
1.4100 1.3427 1.4100 1.5146
1.4200 1.4502 1.4200 1.5845
1.4000 1.3089 1.4000 1.2386
1.3700 1.2956 1.3700 1.3088
1.3700 1.3130 1.3700 1.4206
1.4000 1.4612 1.4000 1.6375
1.4600 1.5303 1.4600 1.6469
1.4900 1.4183 1.4900 1.3622
1.5200 1.3399 1.5200 1.3110
1.5300 1.3018 1.5300 1.3552
1.5400 1.3645 1.5400 1.4782
1.5300 1.4472 1.5300 1.5775
1.5200 1.5571 1.5200 1.7080
1.5300 1.5194 1.5300 1.5539
1.5700 1.5532 1.5700 1.6315
1.6100 1.5334 1.6100 1.6076
1.6500 1.5432 1.6500 1.6084
1.6800 1.4886 1.6800 1.5066
1.7400 1.4712 1.7400 1.5136
1.8000 1.5225 1.8000 1.6417
1.8600 1.6215 1.8600 1.7859
1.8900 1.6561 1.8900 1.7539
1.9600 1.6937 1.9600 1.7863
2.0000 1.7085 2.0000 1.8032
2.0200 1.8391 2.0200 2.0281
2.0100 1.9006 2.0100 2.0424
1.9800 1.9536 1.9800 2.0521
1.9100 1.9174 1.9100 1.9595
1.8600 2.0791 1.8600 2.2750
1.7800 2.0530 1.7800 2.1359
1.7400 2.0159 1.7400 2.0137
1.6600 1.9405 1.6600 1.9605
1.6300 1.8619 1.6300 1.8827
1.5700 1.6986 1.5700 1.6316
1.5300 1.6838 1.5300 1.7471
1.4400 1.5321 1.4400 1.5104
1.3900 1.5696 1.3900 1.6594
1.3700 1.4054 1.3700 1.3798
1.4400 1.4806 1.4400 1.5990
1.5600 1.3692 1.5600 1.3984
1.7200 1.3698 1.7200 1.4171
1.8500 1.1894 1.8500 1.1480
1.9600 1.2268 1.9600 1.3110
1.9800 1.2838 1.9800 1.4373
1.9800 1.5374 1.9800 1.8220
1.9700 1.7381 1.9700 1.9757
1.9900 1.9485 1.9900 2.1764
2.0400 2.0529 2.0400 2.1950
2.0900 2.1561 2.0900 2.2869
2.1700 2.0163 2.1700 1.9516
2.2300 1.9738 2.2300 1.9753
2.2700 1.9380 2.2700 2.0101
2.3100 2.0003 2.3100 2.1217
2.3700 2.0982 2.3700 2.2572
2.4300 2.1316 2.4300 2.2381
2.5100 2.2695 2.5100 2.4421
2.6000 2.3022 2.6000 2.4266
2.7100 2.2988 2.7100 2.3501
2.7100 2.3462 2.7100 2.4747
2.6200 2.4494 2.6200 2.6096
2.4600 2.4992 2.4600 2.6134
2.3000 2.5993 2.3000 2.7408
2.1200 2.6977 2.1200 2.8505
1.9800 2.8334 1.9800 2.9934
1.9100 2.6307 1.9100 2.4691
1.9500 2.3287 1.9500 2.0902
2.0200 2.0166 2.0200 1.8780
2.0600 1.8436 2.0600 1.8098
2.0800 1.5947 2.0800 1.5284
2.0800 1.5187 2.0800 1.5313
2.0700 1.6009 2.0700 1.8151
2.0500 1.8893 2.0500 2.1982
2.0300 2.0256 2.0300 2.2291
2.0200 2.0238 2.0200 2.0789
2.0000 2.0333 2.0000 2.1358
1.9700 2.0182 1.9700 2.1314
1.9400 1.9940 1.9400 2.0528
1.9500 1.9452 1.9500 1.9800
2.0300 1.9154 2.0300 1.9728
2.1900 1.9221 2.1900 2.0197
2.3600 1.8747 2.3600 1.9253
2.4800 1.8202 2.4800 1.8512
2.5200 1.7934 2.5200 1.8672
2.4700 1.8953 2.4700 2.0863
2.4100 2.1209 2.4100 2.3655
2.3400 2.3830 2.3400 2.6647
2.3000 2.5661 2.3000 2.7512
2.2500 2.6322 2.2500 2.6998
2.1900 2.5647 2.1900 2.5193
2.1400 2.3217 2.1400 2.1926
2.0800 2.2364 2.0800 2.2456
2.0200 2.1205 2.0200 2.1306
1.9900 2.1154 1.9900 2.1732
1.9700 2.0222 1.9700 2.0396
1.9600 1.9297 1.9600 1.9336
1.9300 1.9110 1.9300 2.0095
1.8600 1.8342 1.8600 1.8901
1.7900 1.7773 1.7900 1.8123
1.7400 1.8195 1.7400 1.9676
1.6900 1.8246 1.6900 1.9445
1.6400 1.8383 1.6400 1.9296
1.5600 1.7701 1.5600 1.8094
1.4800 1.6193 1.4800 1.5737
1.4200 1.5603 1.4200 1.5975
1.3800 1.5591 1.3800 1.6721
1.3700 1.5038 1.3700 1.5384
1.3600 1.4497 1.3600 1.4685
1.3500 1.3110 1.3500 1.2814
1.3400 1.2411 1.3400 1.2530
1.3400 1.2347 1.3400 1.3199
1.3300 1.2388 1.3300 1.3169
1.3000 1.2922 1.3000 1.3971
1.2700 1.2862 1.2700 1.3570
1.2300 1.2835 1.2300 1.3383
1.2300 1.2859 1.2300 1.3579
1.2700 1.3146 1.2700 1.4052
1.4000 1.2876 1.4000 1.3241
1.5800 1.2164 1.5800 1.2016
1.7300 1.1909 1.7300 1.2210
1.8000 1.1348 1.8000 1.1493
1.8000 1.2156 1.8000 1.3234
1.7100 1.3375 1.7100 1.5172
1.5900 1.6246 1.5900 1.9202
1.4500 1.8600 1.4500 2.1249
1.3600 1.9689 1.3600 2.1012
1.3400 1.9306 1.3400 1.8827
1.3400 1.8010 1.3400 1.7532
1.3700 1.5272 1.3700 1.3633
1.3700 1.3325 1.3700 1.2701
1.3400 1.1386 1.3400 1.1601
1.2700 1.1229 1.2700 1.2143
1.2000 1.2358 1.2000 1.4104
1.1400 1.2674 1.1400 1.3681
1.1100 1.3632 1.1100 1.5026
1.0900 1.3187 1.0900 1.3765
1.0900 1.2435 1.0900 1.2274
1.0900 1.1109 1.0900 1.0882
1.0900 1.0491 1.0900 1.0975
1.1100 1.0122 1.1100 1.0786
1.1400 1.0358 1.1400 1.0935
1.1900 1.0332 1.1900 1.0706
1.2400 1.0734 1.2400 1.1595
1.2900 1.0820 1.2900 1.1476
1.3500 1.0886 1.3500 1.1300
1.4100 1.1564 1.4100 1.2577
1.4900 1.2097 1.4900 1.3082
1.5600 1.2981 1.5600 1.4085
1.6200 1.3470 1.6200 1.4420
1.6100 1.3954 1.6100 1.4825
1.6100 1.4787 1.6100 1.6061
1.6400 1.5384 1.6400 1.6533
1.7400 1.6577 1.7400 1.8117
1.8200 1.7036 1.8200 1.8140
1.9300 1.7371 1.9300 1.8148
2.0500 1.5762 2.0500 1.5002
2.2300 1.5972 2.2300 1.6592
2.3700 1.6944 2.3700 1.8872
2.4800 1.9152 2.4800 2.1402
2.5500 1.9502 2.5500 2.0394
2.5500 2.0995 2.5500 2.2692
2.5500 2.2405 2.5500 2.4463
2.5400 2.5055 2.5400 2.7600
2.5700 2.5862 2.5700 2.6898
