0.7000 0.7977 0.7000 0.7552
0.7300 0.7983 0.7300 0.7703
0.7200 0.8137 0.7200 0.8147
0.7100 0.8060 0.7100 0.8205
0.7200 0.7928 0.7200 0.8069
0.7200 0.7791 0.7200 0.7793
0.7200 0.7952 0.7200 0.7903
0.7300 0.8507 0.7300 0.8670
0.7500 0.7886 0.7500 0.7931
0.7600 0.7794 0.7600 0.7758
0.7600 0.8197 0.7600 0.8230
0.7900 0.8060 0.7900 0.8069
0.8700 0.8020 0.8700 0.8005
0.9600 0.8213 0.9600 0.8286
1.0500 0.8442 1.0500 0.8683
1.1000 0.8335 1.1000 0.8630
1.1000 0.8188 1.1000 0.8448
1.0800 0.9023 1.0800 0.9237
1.1400 1.1049 1.1400 1.0909
1.3200 1.2051 1.3200 1.1820
1.4400 1.2789 1.4400 1.2675
1.4200 1.2247 1.4200 1.2781
1.4300 1.0938 1.4300 1.1983
1.4500 1.0299 1.4500 1.1260
1.4500 1.3040 1.4500 1.2881
1.4400 1.7199 1.4400 1.5776
1.4300 1.6742 1.4300 1.6177
1.4000 1.2697 1.4000 1.4454
1.3900 1.4214 1.3900 1.5028
1.3700 1.5024 1.3700 1.5265
1.3700 1.3948 1.3700 1.4459
1.4400 1.3478 1.4400 1.4018
1.4900 1.3560 1.4900 1.3747
1.4800 1.2703 1.4800 1.3190
1.4600 1.3145 1.4600 1.3263
1.4800 1.2731 1.4800 1.2885
1.5000 1.3216 1.5000 1.3095
1.4900 1.5909 1.4900 1.5045
1.5300 1.5720 1.5300 1.5334
1.5300 1.3711 1.5300 1.4372
1.5300 1.3496 1.5300 1.4203
1.5400 1.5028 1.5400 1.4847
1.5900 1.5046 1.5900 1.4947
1.6200 1.3889 1.6200 1.4301
1.6300 1.5822 1.6300 1.5459
1.6200 1.4759 1.6200 1.4888
1.5100 1.4556 1.5100 1.4867
1.4600 1.5122 1.4600 1.5090
1.4400 1.6738 1.4400 1.6240
1.4500 1.6300 1.4500 1.6296
1.4500 1.5729 1.4500 1.6015
1.4700 1.5210 1.4700 1.5712
1.4600 1.2032 1.4600 1.3400
1.4500 1.2960 1.4500 1.3431
1.4300 1.3570 1.4300 1.3276
1.5000 1.4147 1.5000 1.3541
1.5700 1.3789 1.5700 1.3546
1.6000 1.4644 1.6000 1.4236
1.5800 1.3775 1.5800 1.3920
1.6000 1.3641 1.6000 1.3911
1.5900 1.3273 1.5900 1.3615
1.5900 1.6489 1.5900 1.5620
1.5700 1.7091 1.5700 1.6298
1.5700 1.5909 1.5700 1.6184
1.5300 1.4452 1.5300 1.5376
1.5000 1.6058 1.5000 1.6070
1.4800 1.5071 1.4800 1.5444
1.4500 1.5115 1.4500 1.5387
1.4400 1.4471 1.4400 1.4869
1.4200 1.5046 1.4200 1.5015
1.4000 1.3529 1.4000 1.4157
1.4000 1.3501 1.4000 1.3917
1.4200 1.3737 1.4200 1.3809
1.4500 1.3100 1.4500 1.3324
1.5100 1.3535 1.5100 1.3494
1.5200 1.3143 1.5200 1.3189
1.5700 1.2902 1.5700 1.3056
1.6000 1.3531 1.6000 1.3348
1.6800 1.4289 1.6800 1.3901
1.7400 1.4771 1.7400 1.4493
1.7000 1.6178 1.7000 1.5659
1.7900 1.4824 1.7900 1.5149
1.8800 1.6427 1.8800 1.6276
1.9400 1.6295 1.9400 1.6374
1.9900 1.8341 1.9900 1.7615
1.9500 1.8330 1.9500 1.7999
1.9500 1.4849 1.9500 1.6302
1.9800 1.9792 1.9800 1.8789
2.0300 2.0444 2.0300 1.9520
2.0700 1.9813 2.0700 1.9709
2.0800 2.0186 2.0800 2.0192
2.0200 1.7327 2.0200 1.8797
2.0100 1.8546 2.0100 1.9230
2.0300 1.9919 2.0300 1.9570
2.0700 2.0647 2.0700 2.0037
2.1100 2.0580 2.1100 2.0321
2.1900 1.9846 2.1900 2.0118
2.2200 1.7446 2.2200 1.8869
2.2500 1.8848 2.2500 1.9259
2.2800 2.0032 2.2800 1.9573
2.2400 2.0651 2.2400 2.0063
2.2400 2.0959 2.2400 2.0500
2.2600 2.2734 2.2600 2.1806
2.2900 2.1779 2.2900 2.1723
2.2900 2.2015 2.2900 2.2108
2.3200 2.2540 2.3200 2.2424
2.3400 1.9845 2.3400 2.1321
2.3400 2.1128 2.3400 2.1695
2.3300 2.2139 2.3300 2.1794
2.3200 2.2410 2.3200 2.2032
2.2700 2.1386 2.2700 2.1847
2.2600 2.2784 2.2600 2.2382
2.2200 2.2727 2.2200 2.2547
2.1000 2.1926 2.1000 2.2412
1.9000 2.1606 1.9000 2.2284
1.8600 2.1614 1.8600 2.2093
1.8700 1.9859 1.8700 2.1023
1.9400 2.1010 1.9400 2.1279
1.9700 1.9752 1.9700 2.0373
1.9400 1.6750 1.9400 1.8122
1.8900 1.3673 1.8900 1.5124
1.8900 1.6765 1.8900 1.6226
1.8900 1.8305 1.8900 1.6667
1.8800 2.0051 1.8800 1.8395
1.8700 1.9173 1.8700 1.8608
1.8500 1.7258 1.8500 1.7991
1.8400 1.6629 1.8400 1.7656
1.8200 1.8175 1.8200 1.8108
1.7900 1.7974 1.7900 1.7900
1.7600 1.7332 1.7600 1.7575
1.7300 1.7374 1.7300 1.7525
1.7000 1.6985 1.7000 1.7250
1.6600 1.7162 1.6600 1.7311
1.6200 1.6685 1.6200 1.6960
1.5900 1.6072 1.5900 1.6518
1.5400 1.5851 1.5400 1.6214
1.4900 1.5605 1.4900 1.5874
1.4400 1.5299 1.4400 1.5558
1.4100 1.4638 1.4100 1.5032
1.3700 1.4295 1.3700 1.4641
1.3500 1.4355 1.3500 1.4467
1.3200 1.3300 1.3200 1.3746
1.2900 1.2893 1.2900 1.3284
1.2800 1.2487 1.2800 1.2805
1.2700 1.2762 1.2700 1.2739
1.2700 1.2098 1.2700 1.2274
1.2600 1.2453 1.2600 1.2367
1.2600 1.1973 1.2600 1.2057
1.2600 1.1664 1.2600 1.1844
1.2300 1.2187 1.2300 1.2063
1.2100 1.2107 1.2100 1.1996
1.2000 1.2318 1.2000 1.2191
1.2100 1.1994 1.2100 1.2052
1.2100 1.2271 1.2100 1.2228
1.2100 1.2309 1.2100 1.2284
1.2200 1.1174 1.2200 1.1656
1.2200 1.1281 1.2200 1.1594
1.2200 1.1564 1.2200 1.1566
1.2100 1.2122 1.2100 1.1917
1.2100 1.1808 1.2100 1.1800
1.2100 1.1798 1.2100 1.1847
1.2000 1.2236 1.2000 1.2204
1.2000 1.1956 1.2000 1.2072
1.2000 1.1911 1.2000 1.2047
1.2000 1.1594 1.2000 1.1819
1.2000 1.1862 1.2000 1.1911
1.2000 1.1874 1.2000 1.1911
1.2000 1.1468 1.2000 1.1663
1.2000 1.1753 1.2000 1.1790
1.2100 1.1795 1.2100 1.1812
1.2000 1.1746 1.2000 1.1810
1.2000 1.1755 1.2000 1.1823
1.2000 1.1770 1.2000 1.1839
1.1900 1.1766 1.1900 1.1847
1.2000 1.1766 1.2000 1.1847
1.2000 1.2132 1.2000 1.2124
1.2000 1.1489 1.2000 1.1714
1.2100 1.1739 1.2100 1.1836
1.2100 1.1811 1.2100 1.1857
1.2100 1.1393 1.2100 1.1595
1.2100 1.2027 1.2100 1.1982
1.2200 1.1796 1.2200 1.1856
1.2200 1.1721 1.2200 1.1837
1.2200 1.2140 1.2200 1.2137
1.2200 1.1869 1.2200 1.1989
1.2300 1.1824 1.2300 1.1964
1.2300 1.1873 1.2300 1.1966
1.2300 1.2230 1.2300 1.2231
1.2100 1.1938 1.2100 1.2064
1.1900 1.1915 1.1900 1.2039
1.1900 1.1960 1.1900 1.2049
1.1900 1.2318 1.1900 1.2314
1.1500 1.2025 1.1500 1.2147
1.1400 1.2002 1.1400 1.2122
1.1300 1.1316 1.1300 1.1694
1.1200 1.1132 1.1200 1.1475
1.1200 1.1721 1.1200 1.1663
1.1400 1.1690 1.1400 1.1638
1.1600 1.0169 1.1600 1.0792
1.1400 1.0944 1.1400 1.1060
1.1300 1.0986 1.1300 1.0944
1.1300 1.0741 1.1300 1.0833
1.1200 1.1029 1.1200 1.0991
1.1100 1.1803 1.1100 1.1625
1.0900 1.1947 1.0900 1.1926
1.0800 1.0642 1.0800 1.1118
1.0600 1.0870 1.0600 1.1184
0.9500 1.1263 0.9500 1.1295
0.8900 1.0796 0.8900 1.0981
0.8600 1.0659 0.8600 1.0873
0.8600 1.0284 0.8600 1.0550
0.8900 1.0454 0.8900 1.0571
1.0700 1.0024 1.0700 1.0263
1.1200 0.8409 1.1200 0.8409
1.1100 0.8633 1.1100 0.8374
1.1200 0.8687 1.1200 0.8155
1.0700 0.8923 1.0700 0.8396
1.0800 0.9725 1.0800 0.9369
1.0700 1.4745 1.0700 1.3245
1.0900 1.2390 1.0900 1.2568
1.1100 1.0348 1.1100 1.1658
1.1300 1.1596 1.1300 1.2178
1.1400 0.9585 1.1400 1.0607
1.1600 1.0914 1.1600 1.1162
1.1900 1.0479 1.1900 1.0555
1.2500 1.1246 1.2500 1.1154
1.2600 1.1521 1.2600 1.1482
1.2600 1.1671 1.2600 1.1747
1.2400 1.1497 1.2400 1.1742
1.2500 1.1985 1.2500 1.2113
1.2800 1.2542 1.2800 1.2597
1.2900 1.3873 1.2900 1.3695
1.2800 1.2539 1.2800 1.2990
1.2600 1.2215 1.2600 1.2714
1.2300 1.1675 1.2300 1.2240
1.2100 1.2554 1.2100 1.2573
1.2000 1.3351 1.2000 1.3161
1.1900 1.2767 1.1900 1.2882
1.1600 1.2104 1.1600 1.2489
1.1600 1.1781 1.1600 1.2200
1.1400 1.1261 1.1400 1.1750
1.1300 1.1321 1.1300 1.1579
1.1300 1.1506 1.1300 1.1505
1.1200 1.1373 1.1200 1.1383
1.1200 1.0550 1.1200 1.0911
1.0900 1.1406 1.0900 1.1292
1.0600 1.0746 1.0600 1.0896
1.0200 1.0813 1.0200 1.0934
0.9800 1.1175 0.9800 1.1096
0.9400 1.0794 0.9400 1.0878
0.8900 1.1026 0.8900 1.1063
0.8300 1.0015 0.8300 1.0442
0.8000 0.9713 0.8000 1.0168
0.7800 0.9181 0.7800 0.9657
0.7800 0.8962 0.7800 0.9210
0.7700 0.8778 0.7700 0.8814
0.7600 0.8434 0.7600 0.8231
0.7400 0.8122 0.7400 0.7918
0.7300 0.8212 0.7300 0.7852
0.7000 0.8234 0.7000 0.7729
0.6700 0.8409 0.6700 0.7979
0.6300 0.8181 0.6300 0.7896
0.6000 0.8097 0.6000 0.7918
0.5800 0.7903 0.5800 0.7664
0.6000 0.7996 0.6000 0.7750
0.6300 0.7605 0.6300 0.7436
0.6300 0.7444 0.6300 0.7301
0.6400 0.7186 0.6400 0.7076
0.6600 0.7140 0.6600 0.6943
0.6900 0.7176 0.6900 0.6867
0.7600 0.7737 0.7600 0.7329
0.7500 0.7963 0.7500 0.7728
0.8200 0.7486 0.8200 0.7385
0.8400 0.7671 0.8400 0.7660
0.9200 0.7975 0.9200 0.8099
0.9800 0.8239 0.9800 0.8534
1.0400 0.9744 1.0400 0.9878
1.0700 0.7932 1.0700 0.8510
1.0600 1.0190 1.0600 1.0390
1.1100 0.9398 1.1100 0.9914
1.2500 1.1340 1.2500 1.1444
1.3200 1.1543 1.3200 1.1831
1.3800 1.1940 1.3800 1.2246
1.3900 1.1472 1.3900 1.2138
1.4000 1.0337 1.4000 1.1195
1.3900 1.2418 1.3900 1.2516
1.3900 1.5893 1.3900 1.4781
1.3900 1.4662 1.3900 1.4608
1.3600 1.4766 1.3600 1.5126
1.3900 1.3873 1.3900 1.4714
1.4500 1.3930 1.4500 1.4564
1.5300 1.3262 1.5300 1.3929
1.5900 1.3465 1.5900 1.3732
1.6500 1.3466 1.6500 1.3584
1.7200 1.2296 1.7200 1.2829
1.7200 1.4282 1.7200 1.3878
1.7100 1.5787 1.7100 1.5108
1.6500 1.6866 1.6500 1.6104
1.5700 1.6816 1.5700 1.6582
1.5100 1.7463 1.5100 1.7237
1.5000 1.8517 1.5000 1.8106
1.5400 1.6356 1.5400 1.7265
1.5200 1.5952 1.5200 1.6898
1.5100 1.4364 1.5100 1.5496
1.5200 1.3219 1.5200 1.4172
1.5200 1.3108 1.5200 1.3539
1.5400 1.4202 1.5400 1.3737
1.5700 1.5875 1.5700 1.4818
1.5800 1.3813 1.5800 1.3929
1.5900 1.4044 1.5900 1.4227
1.6200 1.5035 1.6200 1.4717
1.6600 1.4614 1.6600 1.4598
1.6800 1.5262 1.6800 1.5089
1.6800 1.5928 1.6800 1.5659
1.6500 1.5362 1.6500 1.5469
1.6400 1.5455 1.6400 1.5578
1.6000 1.6426 1.6000 1.6253
1.5800 1.7037 1.5800 1.6820
1.6000 1.6526 1.6000 1.6694
1.6100 1.5961 1.6100 1.6372
1.5800 1.4909 1.5800 1.5703
1.5900 1.5445 1.5900 1.5732
1.5800 1.4198 1.5800 1.4828
1.5700 1.4492 1.5700 1.4735
1.5600 1.5952 1.5600 1.5350
1.5200 1.5643 1.5200 1.5340
1.5200 1.4083 1.5200 1.4690
1.5800 1.5526 1.5800 1.5342
1.5400 1.4953 1.5400 1.5006
1.5000 1.4646 1.5000 1.4899
1.5500 1.4657 1.5500 1.4805
1.4600 1.3442 1.4600 1.4010
1.4100 1.4584 1.4100 1.4492
1.3800 1.6979 1.3800 1.6066
1.3400 1.3461 1.3400 1.4200
1.3000 1.3233 1.3000 1.3974
1.2600 1.6592 1.2600 1.5700
1.2300 1.1707 1.2300 1.2877
1.2100 1.2323 1.2100 1.2900
1.1900 1.2802 1.1900 1.2707
1.1900 1.1871 1.1900 1.2044
1.1700 1.1446 1.1700 1.1756
1.1600 1.1189 1.1600 1.1325
1.1600 1.1195 1.1600 1.1255
1.1700 1.1283 1.1700 1.1237
1.1700 1.1090 1.1700 1.1098
1.1700 1.1639 1.1700 1.1413
1.1600 1.0946 1.1600 1.1079
1.1300 1.1089 1.1300 1.1177
1.0700 1.1451 1.0700 1.1357
1.0600 1.1775 1.0600 1.1679
1.0800 1.1465 1.0800 1.1559
1.1200 1.1476 1.1200 1.1586
1.1800 1.1165 1.1800 1.1378
1.2600 1.0343 1.2600 1.0856
1.3200 0.9315 1.3200 0.9918
1.3200 1.0308 1.3200 1.0295
1.3200 1.1341 1.3200 1.0921
1.3500 1.2054 1.3500 1.1738
1.3500 1.3139 1.3500 1.2880
1.3400 1.4493 1.3400 1.3961
1.3000 1.4468 1.3000 1.4449
1.2700 1.2761 1.2700 1.3648
1.2700 1.2874 1.2700 1.3483
1.2900 1.4123 1.2900 1.4151
1.3400 1.3112 1.3400 1.3438
1.3100 1.2604 1.3100 1.3081
1.3200 1.1570 1.3200 1.2279
1.3000 1.1590 1.3000 1.2014
1.2800 1.2445 1.2800 1.2269
1.2400 1.3105 1.2400 1.2732
1.2100 1.4318 1.2100 1.3871
1.2300 1.1803 1.2300 1.2416
1.2400 1.3023 1.2400 1.3117
1.2300 1.2276 1.2300 1.2579
1.2100 1.1861 1.2100 1.2272
1.1800 1.1059 1.1800 1.1630
1.1600 1.1046 1.1600 1.1319
1.1300 1.2618 1.1300 1.2130
1.1000 1.2381 1.1000 1.2168
1.0800 1.1603 1.0800 1.1821
1.0600 1.1292 1.0600 1.1633
1.0300 1.0836 1.0300 1.1248
1.0100 1.0892 1.0100 1.1138
1.0400 1.0350 1.0400 1.0662
1.0600 1.0044 1.0600 1.0341
1.0600 1.0180 1.0600 1.0272
1.0900 1.0008 1.0900 1.0090
1.0900 0.9444 1.0900 0.9741
1.0800 0.9559 1.0800 0.9703
1.1100 1.1200 1.1100 1.0815
1.1200 1.1081 1.1200 1.1000
1.1300 1.0423 1.1300 1.0709
1.1500 1.1622 1.1500 1.1614
1.1100 1.0896 1.1100 1.1201
1.0900 1.0389 1.0900 1.0838
1.0700 1.1848 1.0700 1.1768
1.0700 1.1408 1.0700 1.1559
1.0900 1.1329 1.0900 1.1574
1.1200 1.1905 1.1200 1.1978
1.1800 0.9927 1.1800 1.0693
1.2300 1.0222 1.2300 1.0726
1.2700 1.0229 1.2700 1.0427
1.3300 1.0619 1.3300 1.0557
1.3800 1.1314 1.3800 1.1131
1.4300 1.1852 1.4300 1.1710
1.4800 1.3195 1.4800 1.2975
1.5100 1.3403 1.5100 1.3422
1.6100 1.3433 1.6100 1.3743
1.6500 1.4627 1.6500 1.4568
1.6500 1.4825 1.6500 1.4896
1.6600 1.5179 1.6600 1.5334
1.6700 1.5691 1.6700 1.5755
1.6700 1.5380 1.6700 1.5755
1.6700 1.8257 1.6700 1.7410
1.6700 1.6948 1.6700 1.7070
1.6600 1.5544 1.6600 1.6443
1.6500 1.6257 1.6500 1.6647
1.6400 1.6408 1.6400 1.6533
1.6100 1.5888 1.6100 1.6251
1.5400 1.5897 1.5400 1.6108
1.5100 1.5955 1.5100 1.6036
1.5300 1.5539 1.5300 1.5795
1.5200 1.5443 1.5200 1.5669
1.5200 1.5386 1.5200 1.5532
1.5100 1.4502 1.5100 1.4969
1.4900 1.2990 1.4900 1.3788
1.4800 1.3686 1.4800 1.3884
1.4600 1.5388 1.4600 1.4564
1.4500 1.4185 1.4500 1.4104
1.4500 1.4401 1.4500 1.4379
1.4400 1.4268 1.4400 1.4290
1.4400 1.3750 1.4400 1.4046
1.4400 1.3948 1.4400 1.4091
1.4300 1.3509 1.4300 1.3711
1.4200 1.3650 1.4200 1.3722
1.4000 1.3979 1.4000 1.3837
1.3900 1.3566 1.3900 1.3635
1.3700 1.3837 1.3700 1.3809
1.3500 1.3898 1.3500 1.3836
1.3300 1.3480 1.3300 1.3648
1.3200 1.3399 1.3200 1.3577
1.3100 1.2977 1.3100 1.3249
1.3000 1.3153 1.3000 1.3250
1.2900 1.2705 1.2900 1.2915
1.2900 1.2489 1.2900 1.2704
1.2400 1.2350 1.2400 1.2518
1.2100 1.2541 1.2100 1.2525
1.2100 1.2439 1.2100 1.2450
1.2200 1.2329 1.2200 1.2378
1.2400 1.2262 1.2400 1.2328
1.2500 1.2556 1.2500 1.2472
1.2600 1.0751 1.2600 1.1446
1.2600 1.0984 1.2600 1.1389
1.2700 1.1967 1.2700 1.1685
1.2800 1.2202 1.2800 1.1935
1.2800 1.2563 1.2800 1.2381
1.2900 1.2446 1.2900 1.2456
1.2900 1.2552 1.2900 1.2650
1.3000 1.2316 1.3000 1.2513
1.3000 1.2671 1.3000 1.2743
1.3000 1.2771 1.3000 1.2828
1.3000 1.2447 1.3000 1.2614
1.2900 1.2826 1.2900 1.2863
1.2800 1.2584 1.2800 1.2699
1.2800 1.2905 1.2800 1.2934
1.2600 1.2657 1.2600 1.2767
1.2400 1.2626 1.2400 1.2734
1.2300 1.2657 1.2300 1.2736
1.2300 1.2282 1.2300 1.2492
1.2200 1.2179 1.2200 1.2386
1.2100 1.2491 1.2100 1.2468
1.2000 1.1734 1.2000 1.2024
1.1900 1.1523 1.1900 1.1832
1.1800 1.1790 1.1800 1.1834
1.1800 1.2042 1.1800 1.1923
1.1700 1.1626 1.1700 1.1734
1.1700 1.1540 1.1700 1.1669
1.1700 1.1509 1.1700 1.1608
1.1700 1.1409 1.1700 1.1519
1.1500 1.1307 1.1500 1.1430
1.1400 1.1588 1.1400 1.1543
1.1300 1.1227 1.1300 1.1346
1.1400 1.1476 1.1400 1.1488
1.1300 1.1522 1.1300 1.1541
1.1300 1.1489 1.1300 1.1556
1.1200 1.0769 1.1200 1.1129
1.1000 1.0967 1.1000 1.1141
1.0900 1.0929 1.0900 1.1029
1.0700 1.1502 1.0700 1.1406
1.0700 1.0869 1.0700 1.1018
1.0600 1.1107 1.0600 1.1179
1.0700 1.0833 1.0700 1.0992
1.0900 1.0344 1.0900 1.0677
1.0900 1.0541 1.0900 1.0699
1.0700 1.0124 1.0700 1.0351
1.0800 1.0605 1.0800 1.0576
1.1100 1.0292 1.1100 1.0371
1.1200 1.0862 1.1200 1.0823
1.1500 1.1364 1.1500 1.1296
1.1600 1.0780 1.1600 1.1007
1.1800 1.0055 1.1800 1.0544
1.2000 1.1039 1.2000 1.1057
1.2100 1.1872 1.2100 1.1737
1.2000 1.1282 1.2000 1.1484
1.1800 1.2081 1.1800 1.2129
1.1900 1.1751 1.1900 1.1984
1.1900 1.2120 1.1900 1.2308
1.2000 1.2358 1.2000 1.2505
1.2000 1.2132 1.2000 1.2380
1.2000 1.1478 1.2000 1.1900
1.2100 1.1068 1.2100 1.1536
1.2100 1.2010 1.2100 1.1945
1.2000 1.1714 1.2000 1.1758
1.1900 1.1965 1.1900 1.1980
1.1600 1.1769 1.1600 1.1871
1.1400 1.1759 1.1400 1.1882
1.1200 1.2147 1.1200 1.2169
1.1100 1.1865 1.1100 1.1997
1.1000 1.1459 1.1000 1.1741
1.0900 1.1419 1.0900 1.1632
1.1000 1.0624 1.1000 1.1082
1.1500 1.0688 1.1500 1.0965
1.1700 1.0561 1.1700 1.0723
1.2000 1.0689 1.2000 1.0708
1.2300 1.0603 1.2300 1.0639
1.2200 1.0511 1.2200 1.0573
1.2200 1.1157 1.2200 1.1052
1.2200 1.2712 1.2200 1.2353
1.1800 1.2016 1.1800 1.2164
1.1800 1.2489 1.1800 1.2654
1.1600 1.2932 1.1600 1.3062
1.1500 1.1679 1.1500 1.2226
1.1900 1.1925 1.1900 1.2275
1.2200 1.2050 1.2200 1.2183
1.2200 1.0485 1.2200 1.1214
1.2500 1.1560 1.2500 1.1612
1.2700 1.0969 1.2700 1.1104
1.2600 1.0973 1.2600 1.1100
1.2500 1.2793 1.2500 1.2352
1.2400 1.2785 1.2400 1.2642
1.2800 1.1801 1.2800 1.2163
1.2900 1.3043 1.2900 1.3034
1.3100 1.3050 1.3100 1.3148
1.2900 1.1951 1.2900 1.2440
1.2400 1.1918 1.2400 1.2319
1.2200 1.1932 1.2200 1.2123
1.2100 1.3608 1.2100 1.3261
1.1900 1.2823 1.1900 1.2892
1.1800 1.3165 1.1800 1.3237
1.1900 1.2035 1.1900 1.2519
1.1800 1.0846 1.1800 1.1667
1.1700 1.1460 1.1700 1.1754
1.1700 1.1675 1.1700 1.1587
1.2000 1.1045 1.2000 1.1230
1.2200 1.1251 1.2200 1.1277
1.1900 1.1983 1.1900 1.1736
1.1600 1.1299 1.1600 1.1398
1.1300 1.1164 1.1300 1.1370
1.1300 1.1543 1.1300 1.1526
1.1200 1.2620 1.1200 1.2386
1.1100 1.2468 1.1100 1.2481
1.1200 1.0767 1.1200 1.1448
1.1500 1.0597 1.1500 1.1212
1.2000 1.0471 1.2000 1.0845
1.2800 1.1173 1.2800 1.1065
1.3200 1.0773 1.3200 1.0801
1.4200 1.0629 1.4200 1.0717
1.4800 1.1344 1.4800 1.1219
1.5200 1.2176 1.5200 1.1978
1.5500 1.3106 1.5500 1.2923
1.5400 1.4662 1.5400 1.4133
1.5500 1.3894 1.5500 1.4151
1.5400 1.6496 1.5400 1.5795
1.5300 1.6056 1.5300 1.5963
1.5200 1.5621 1.5200 1.6087
1.5000 1.5784 1.5000 1.6271
1.4500 1.4573 1.4500 1.5308
1.3900 1.5178 1.3900 1.5502
1.3400 1.4574 1.3400 1.4937
1.3200 1.4349 1.3200 1.4682
1.2900 1.4317 1.2900 1.4515
1.2200 1.3845 1.2200 1.4115
1.1500 1.2592 1.1500 1.3271
1.1200 1.1938 1.1200 1.2513
1.1000 1.1707 1.1000 1.2058
1.1000 1.2284 1.1000 1.2118
1.1000 1.1666 1.1000 1.1704
1.1100 1.0127 1.1100 1.0655
1.1000 0.9724 1.1000 1.0083
1.1100 1.0340 1.1100 1.0241
1.0700 1.0355 1.0700 1.0149
1.0200 1.0767 1.0200 1.0443
0.9600 1.0840 0.9600 1.0641
0.9100 1.1212 0.9100 1.1103
0.8900 1.0616 0.8900 1.0806
0.9000 1.1236 0.9000 1.1269
0.8700 0.9600 0.8700 1.0246
0.8400 0.9108 0.8400 0.9633
0.8100 0.8844 0.8100 0.8905
0.8000 0.8615 0.8000 0.8408
0.8000 0.8840 0.8000 0.8506
0.7900 0.9391 0.7900 0.9048
0.7800 0.8418 0.7800 0.8317
0.7800 0.8236 0.7800 0.8197
0.7700 0.8193 0.7700 0.8011
0.7800 0.8416 0.7800 0.8152
0.7900 0.8526 0.7900 0.8360
0.7900 0.8274 0.7900 0.8157
0.7700 0.8210 0.7700 0.8128
0.7700 0.8370 0.7700 0.8371
0.7700 0.8187 0.7700 0.8151
0.8000 0.8484 0.8000 0.8571
0.8100 0.8539 0.8100 0.8738
0.8300 0.8363 0.8300 0.8585
0.8500 0.8011 0.8500 0.8062
0.8700 0.8315 0.8700 0.8366
0.8600 0.8350 0.8600 0.8385
0.8700 0.9049 0.8700 0.9145
0.9000 0.8665 0.9000 0.8988
0.9300 0.9038 0.9300 0.9350
0.9600 0.9308 0.9600 0.9618
0.9800 0.9453 0.9800 0.9799
0.9900 0.8578 0.9900 0.9161
0.9900 0.9178 0.9900 0.9500
0.9800 1.0036 0.9800 1.0140
0.9900 1.0210 0.9900 1.0413
1.0200 1.0429 1.0200 1.0702
0.9700 1.0405 0.9700 1.0763
1.0100 1.0235 1.0100 1.0669
1.0600 0.9980 1.0600 1.0425
1.0500 0.9629 1.0500 1.0052
1.0800 1.0236 1.0800 1.0390
1.1000 1.1040 1.1000 1.1014
1.1000 0.8648 1.1000 0.9321
1.0900 1.1097 1.0900 1.0937
1.0600 1.2109 1.0600 1.1839
1.0700 1.0050 1.0700 1.0645
1.0900 1.1422 1.0900 1.1575
1.0700 1.1630 1.0700 1.1751
1.0300 1.0849 1.0300 1.1301
1.0300 1.0517 1.0300 1.0972
1.0600 0.9809 1.0600 1.0356
1.1300 1.0929 1.1300 1.0889
1.0900 1.1404 1.0900 1.1279
1.1200 1.0010 1.1200 1.0408
1.1200 0.9232 1.1200 0.9883
1.2300 1.0379 1.2300 1.0309
1.2500 1.1437 1.2500 1.1164
1.3500 1.2983 1.3500 1.2598
1.4100 0.9628 1.4100 1.0482
1.4800 1.1776 1.4800 1.1854
1.5500 1.1343 1.5500 1.1537
1.6300 1.5013 1.6300 1.4046
1.6900 1.2755 1.6900 1.3189
1.7400 1.5696 1.7400 1.5039
1.8100 1.5484 1.8100 1.5357
1.8300 1.6152 1.8300 1.6021
1.7900 1.6917 1.7900 1.6797
1.7700 1.7946 1.7700 1.7481
1.7500 1.7847 1.7500 1.7855
1.7300 1.8013 1.7300 1.8114
1.7800 1.9349 1.7800 1.8944
1.8300 1.7976 1.8300 1.8481
1.7500 1.5852 1.7500 1.7251
1.6800 1.6374 1.6800 1.7103
1.6300 1.6260 1.6300 1.6590
1.6000 1.5820 1.6000 1.6172
1.6000 1.8400 1.6000 1.7505
1.5900 1.8863 1.5900 1.8071
1.6000 1.4328 1.6000 1.5772
1.6800 1.4436 1.6800 1.5348
1.7300 1.4501 1.7300 1.4882
1.7300 1.4471 1.7300 1.4540
1.8100 1.5177 1.8100 1.4797
1.8600 1.4838 1.8600 1.4582
1.8500 1.5505 1.8500 1.5139
1.8600 1.8397 1.8600 1.7155
1.8900 1.7885 1.8900 1.7413
1.9500 1.6208 1.9500 1.6867
1.9600 1.9649 1.9600 1.8751
1.8900 1.9314 1.8900 1.8875
1.8400 1.6981 1.8400 1.8053
1.8200 1.7968 1.8200 1.8389
1.8700 1.9063 1.8700 1.8759
1.9600 2.0256 1.9600 1.9609
1.9900 1.8688 1.9900 1.9073
1.9900 1.6009 1.9900 1.7446
1.9700 1.6312 1.9700 1.7145
1.9700 1.6967 1.9700 1.7005
1.9800 1.9240 1.9800 1.8180
2.0000 2.0907 2.0000 1.9582
2.0000 1.9426 2.0000 1.9320
2.0000 1.8636 2.0000 1.9343
1.9800 1.8210 1.9800 1.9026
1.9800 1.8801 1.9800 1.9108
1.9800 1.9078 1.9800 1.9120
1.9900 1.9451 1.9900 1.9284
1.9900 1.8825 1.9900 1.9060
1.9900 1.8875 1.9900 1.9113
1.9700 1.8154 1.9700 1.8693
1.9400 1.8755 1.9400 1.8878
1.9100 1.8765 1.9100 1.8817
1.8800 1.9071 1.8800 1.8996
1.9000 1.8774 1.9000 1.8918
1.9200 1.8789 1.9200 1.8946
1.9300 1.8027 1.9300 1.8538
1.9400 1.7452 1.9400 1.8080
1.9500 1.7231 1.9500 1.7714
1.9600 1.6947 1.9600 1.7307
1.9700 1.8625 1.9700 1.8057
1.9900 1.8765 1.9900 1.8268
2.0000 1.8404 2.0000 1.8377
2.0000 1.8624 2.0000 1.8652
2.0000 1.8805 2.0000 1.8817
1.9800 1.8847 1.9800 1.8952
1.9500 1.8926 1.9500 1.9025
1.9200 1.9426 1.9200 1.9328
1.9000 1.9195 1.9000 1.9308
1.9000 1.8862 1.9000 1.9196
1.9200 1.8926 1.9200 1.9188
1.9300 1.8137 1.9300 1.8690
1.9300 1.7532 1.9300 1.8206
1.9400 1.7321 1.9400 1.7807
1.9500 1.7435 1.9500 1.7621
1.9500 1.7998 1.9500 1.7813
1.9500 1.8753 1.9500 1.8270
1.9500 1.8486 1.9500 1.8351
1.9700 1.8186 1.9700 1.8371
1.9800 1.8694 1.9800 1.8683
2.0000 1.8795 2.0000 1.8793
2.0100 1.8409 2.0100 1.8668
2.0100 1.8435 2.0100 1.8656
2.0300 1.8481 2.0300 1.8628
2.0400 1.9257 2.0400 1.9053
2.0400 1.9005 2.0400 1.9026
2.0500 1.9457 2.0500 1.9380
2.0200 1.9303 2.0200 1.9405
2.0200 1.8971 2.0200 1.9296
2.0100 1.9822 2.0100 1.9748
2.0200 1.9601 2.0200 1.9675
2.0300 1.9196 2.0300 1.9552
2.0400 1.9684 2.0400 1.9771
2.0500 1.8180 2.0500 1.8938
2.0600 1.9083 2.0600 1.9270
2.0800 1.8784 2.0800 1.8961
2.0900 1.9342 2.0900 1.9245
2.1000 1.9463 2.1000 1.9388
2.1000 1.9528 2.1000 1.9507
2.0900 1.9641 2.0900 1.9709
2.0800 1.9763 2.0800 1.9830
2.0800 2.0251 2.0800 2.0160
2.0800 2.0016 2.0800 2.0163
2.0800 2.0089 2.0800 2.0277
2.0800 1.9828 2.0800 2.0154
2.0900 1.9419 2.0900 1.9896
2.0900 1.9350 2.0900 1.9747
2.0700 1.9675 2.0700 1.9787
2.0700 1.9627 2.0700 1.9741
2.0500 1.9590 2.0500 1.9736
2.0300 1.9620 2.0300 1.9760
1.8800 2.0040 1.8800 2.0007
1.7500 1.9708 1.7500 1.9908
1.7000 1.8877 1.7000 1.9477
1.7200 1.9582 1.7200 1.9713
1.6700 1.8796 1.6700 1.9209
1.6700 1.8509 1.6700 1.8971
1.6600 1.4299 1.6600 1.5883
1.6400 1.3857 1.6400 1.4674
1.6000 1.5084 1.6000 1.4807
1.5500 1.7015 1.5500 1.5556
1.5100 1.4087 1.5100 1.4373
1.4300 1.5696 1.4300 1.5270
1.3700 1.5717 1.3700 1.5375
1.3400 1.4994 1.3400 1.5209
1.3200 1.4101 1.3200 1.4706
1.3400 1.3465 1.3400 1.4025
1.3400 1.3390 1.3400 1.3736
1.3300 1.1806 1.3300 1.2406
1.3200 1.1717 1.3200 1.2008
1.3000 1.2227 1.3000 1.2022
1.2600 1.2219 1.2600 1.1944
1.2100 1.3449 1.2100 1.2771
1.1900 1.2948 1.1900 1.2711
1.1600 1.2518 1.1600 1.2666
1.1800 1.2563 1.1800 1.2711
1.1400 1.2131 1.1400 1.2399
1.1400 1.1170 1.1400 1.1772
1.1500 1.0582 1.1500 1.1112
1.1600 1.1168 1.1600 1.1189
1.1400 1.0615 1.1400 1.0741
1.1200 1.2056 1.1200 1.1590
1.0900 1.0145 1.0900 1.0542
1.0600 1.1123 1.0600 1.1095
1.0600 1.1719 1.0600 1.1508
1.0600 1.1651 1.0600 1.1635
1.1000 1.0621 1.1000 1.1062
1.1500 1.0527 1.1500 1.0870
1.1600 1.0066 1.1600 1.0480
1.1200 0.9745 1.1200 1.0122
1.1600 1.0547 1.1600 1.0412
1.1700 1.0552 1.1700 1.0455
1.1900 1.1905 1.1900 1.1611
1.2000 1.2696 1.2000 1.2491
1.2200 1.1614 1.2200 1.2007
1.2500 1.0012 1.2500 1.0942
1.2500 1.2621 1.2500 1.2419
1.2200 1.1947 1.2200 1.2048
1.1700 1.2050 1.1700 1.2222
1.1500 1.2052 1.1500 1.2212
1.1200 1.2527 1.1200 1.2599
1.1000 1.3056 1.1000 1.3090
1.1200 1.2191 1.1200 1.2537
1.1500 1.1071 1.1500 1.1823
1.1500 1.0332 1.1500 1.1056
1.1700 1.0865 1.1700 1.1063
1.2200 1.0296 1.2200 1.0531
1.2600 1.0263 1.2600 1.0391
1.2900 1.1604 1.2900 1.1195
1.3100 1.2151 1.3100 1.1859
1.3500 1.1224 1.3500 1.1458
1.3700 1.2010 1.3700 1.2068
1.3500 1.3426 1.3500 1.3219
1.3300 1.3393 1.3300 1.3487
1.3200 1.3301 1.3200 1.3587
1.3200 1.3314 1.3200 1.3625
1.3000 1.4272 1.3000 1.4340
1.2900 1.3859 1.2900 1.4138
1.2900 1.2461 1.2900 1.3201
1.2900 1.2376 1.2900 1.2948
1.2800 1.2661 1.2800 1.2818
1.2700 1.2833 1.2700 1.2808
1.2600 1.2030 1.2600 1.2325
1.2500 1.2236 1.2500 1.2341
1.2500 1.2601 1.2500 1.2479
1.2600 1.2543 1.2600 1.2485
1.2600 1.2141 1.2600 1.2315
1.2900 1.2093 1.2900 1.2239
1.3100 1.2038 1.3100 1.2156
1.3000 1.1927 1.3000 1.2048
1.2800 1.2197 1.2800 1.2155
1.2400 1.2570 1.2400 1.2443
1.2100 1.2264 1.2100 1.2318
1.1900 1.3368 1.1900 1.3178
1.1900 1.3320 1.1900 1.3314
1.1800 1.2291 1.1800 1.2696
1.1900 1.1906 1.1900 1.2427
1.1700 1.1092 1.1700 1.1734
1.2000 1.1052 1.2000 1.1457
1.1600 1.1160 1.1600 1.1264
1.1200 1.1654 1.1200 1.1428
1.1600 1.1271 1.1600 1.1263
1.1600 1.1898 1.1600 1.1737
1.2000 1.0968 1.2000 1.1226
1.1900 1.2558 1.1900 1.2319
1.1800 1.0377 1.1800 1.0989
1.1500 0.9967 1.1500 1.0603
1.1500 1.2639 1.1500 1.2081
1.1500 1.1488 1.1500 1.1497
1.1800 1.2645 1.1800 1.2518
1.1600 1.1456 1.1600 1.1759
1.1300 1.1271 1.1300 1.1643
1.1300 1.0590 1.1300 1.1174
1.1300 1.1370 1.1300 1.1356
1.1200 1.1359 1.1200 1.1327
1.1100 1.2357 1.1100 1.2127
1.0800 1.0842 1.0800 1.1210
1.0400 1.0267 1.0400 1.0867
1.0100 1.1254 1.0100 1.1226
1.0100 1.1224 1.0100 1.1192
1.0100 1.0706 1.0100 1.0918
0.9800 1.0682 0.9800 1.0836
0.9400 0.9941 0.9400 1.0347
0.9200 0.9317 0.9200 0.9863
0.9100 0.9340 0.9100 0.9646
0.9400 1.0136 0.9400 0.9928
0.9600 1.0088 0.9600 1.0004
0.9400 0.8976 0.9400 0.9384
0.8700 0.8686 0.8700 0.8992
0.8400 0.8917 0.8400 0.9038
0.8400 0.9022 0.8400 0.9022
0.8500 1.0244 0.8500 1.0015
0.8800 1.0189 0.8800 1.0204
0.8900 0.8905 0.8900 0.9407
0.9300 0.8191 0.9300 0.8291
0.9500 0.8390 0.9500 0.8386
0.9200 0.8872 0.9200 0.8645
0.9700 0.8921 0.9700 0.8877
1.0100 0.9671 1.0100 0.9605
1.0200 0.9337 1.0200 0.9567
1.0500 1.0446 1.0500 1.0554
1.0600 1.0194 1.0600 1.0523
1.1400 0.8565 1.1400 0.9338
1.1700 1.1106 1.1700 1.1038
1.2100 1.1359 1.2100 1.1379
1.2400 1.0323 1.2400 1.0838
1.2700 1.1234 1.2700 1.1464
1.2800 1.0946 1.2800 1.1283
1.3000 1.3413 1.3000 1.3113
1.3100 1.2378 1.3100 1.2713
1.3000 1.2818 1.3000 1.3162
1.3000 1.3040 1.3000 1.3352
1.2500 1.3265 1.2500 1.3559
1.1800 1.2753 1.1800 1.3197
1.1600 1.3222 1.1600 1.3426
1.1800 1.3064 1.1800 1.3288
1.2700 1.2347 1.2700 1.2766
1.2900 1.2654 1.2900 1.2832
1.2700 1.0909 1.2700 1.1687
1.2400 0.9994 1.2400 1.0719
1.2100 1.0956 1.2100 1.0972
1.2000 1.2223 1.2000 1.1605
1.1700 1.4779 1.1700 1.3760
1.2300 1.2965 1.2300 1.3141
1.2400 1.1628 1.2400 1.2404
1.2200 1.1434 1.2200 1.2150
1.2100 1.1193 1.2100 1.1690
1.1900 1.1503 1.1900 1.1654
1.1700 1.0660 1.1700 1.0977
1.2000 1.3641 1.2000 1.2914
1.2200 1.2435 1.2200 1.2419
1.2200 1.1174 1.2200 1.1767
1.2600 1.1636 1.2600 1.1926
1.3200 1.1268 1.3200 1.1516
1.3800 1.0921 1.3800 1.1287
1.5200 1.2601 1.5200 1.2214
1.6200 1.2511 1.6200 1.2368
1.6200 1.1810 1.6200 1.2049
1.7800 1.3408 1.7800 1.3227
1.9500 1.4603 1.9500 1.4216
2.0900 1.4967 2.0900 1.4815
2.1400 1.8079 2.1400 1.7037
2.1700 1.8077 2.1700 1.7590
2.0900 1.5210 2.0900 1.6605
2.0700 2.1036 2.0700 1.9932
2.0600 2.2543 2.0600 2.1558
2.0900 2.2742 2.0900 2.2548
2.1300 2.1424 2.1300 2.2155
2.1000 2.1569 2.1000 2.2146
2.1800 1.8013 2.1800 2.0240
2.1900 1.9157 2.1900 2.0182
2.1700 1.9445 2.1700 1.9633
2.2500 2.0548 2.2500 2.0030
2.3200 2.1184 2.3200 2.0557
2.3800 1.8715 2.3800 1.9542
2.4100 2.2874 2.4100 2.1715
2.4400 2.1089 2.4400 2.1064
2.4600 1.9523 2.4600 2.0697
2.4300 2.3673 2.4300 2.2511
2.4400 2.3722 2.4400 2.2934
2.4300 2.3904 2.4300 2.3554
2.4200 2.3524 2.4200 2.3579
2.3800 2.4002 2.3800 2.3880
2.3900 2.3858 2.3900 2.4062
2.3700 2.1877 2.3700 2.3233
2.3400 2.3339 2.3400 2.3575
2.3200 2.2676 2.3200 2.3091
2.2600 2.2342 2.2600 2.2925
2.1900 2.1112 2.1900 2.2136
2.1400 2.2887 2.1400 2.2692
2.1100 2.1704 2.1100 2.2166
2.0800 2.0928 2.0800 2.1714
2.1000 2.1266 2.1000 2.1670
2.1100 1.9477 2.1100 2.0489
2.0900 1.8742 2.0900 1.9642
2.0600 1.8762 2.0600 1.9233
2.0500 1.9047 2.0500 1.9045
2.0700 1.8618 2.0700 1.8750
2.1000 2.0380 2.1000 1.9649
2.1400 2.0182 2.1400 1.9798
2.1500 1.8929 2.1500 1.9448
2.1800 1.8522 2.1800 1.9191
2.2000 1.9193 2.2000 1.9304
2.2100 2.0217 2.2100 1.9822
2.2200 2.0662 2.2200 2.0211
2.2200 2.1300 2.2200 2.0751
2.2200 2.0502 2.2200 2.0672
2.2200 2.1476 2.2200 2.1254
2.2200 2.1429 2.2200 2.1381
2.2200 2.1084 2.2200 2.1377
2.2200 2.1228 2.2200 2.1483
2.2100 2.0953 2.2100 2.1311
2.2000 2.0916 2.2000 2.1306
2.1800 2.0938 2.1800 2.1235
2.1700 2.0917 2.1700 2.1178
2.1500 2.0904 2.1500 2.1156
2.1400 2.0910 2.1400 2.1140
2.1300 2.0498 2.1300 2.0913
2.1200 2.0419 2.1200 2.0802
2.1200 1.9947 2.1200 2.0446
2.1000 2.0159 2.1000 2.0424
2.0900 1.9664 2.0900 2.0062
2.0900 1.9852 2.0900 2.0058
2.0800 1.9792 2.0800 1.9963
2.0700 1.9664 2.0700 1.9866
2.0600 1.9988 2.0600 2.0031
2.0500 1.9180 2.0500 1.9601
2.0500 1.9392 2.0500 1.9655
2.0400 1.9781 2.0400 1.9773
2.0300 1.9296 2.0300 1.9538
2.0100 1.9182 2.0100 1.9476
2.0000 1.9168 2.0000 1.9376
1.9900 1.9059 1.9900 1.9279
1.9800 1.9356 1.9800 1.9403
1.9700 1.8946 1.9700 1.9178
1.9300 1.8836 1.9300 1.9101
1.8900 1.8395 1.8900 1.8790
1.8800 1.8614 1.8800 1.8791
1.8600 1.8526 1.8600 1.8674
1.8400 1.8387 1.8400 1.8557
1.8200 1.8309 1.8200 1.8482
1.8100 1.7033 1.8100 1.7726
1.7900 1.6696 1.7900 1.7325
1.7700 1.7616 1.7700 1.7517
1.7600 1.7034 1.7600 1.7132
1.7500 1.6741 1.7500 1.6967
1.7400 1.6676 1.7400 1.6819
1.7300 1.6904 1.7300 1.6879
1.7300 1.6386 1.7300 1.6609
1.7200 1.6191 1.7200 1.6426
1.7000 1.6457 1.7000 1.6469
1.6500 1.6350 1.6500 1.6375
1.6300 1.6215 1.6300 1.6311
1.6300 1.6153 1.6300 1.6242
1.6200 1.6468 1.6200 1.6391
1.6200 1.6065 1.6200 1.6202
1.6000 1.5563 1.6000 1.5908
1.5800 1.4333 1.5800 1.5065
1.5600 1.5026 1.5600 1.5168
1.5500 1.5655 1.5500 1.5334
1.5500 1.5102 1.5500 1.5092
1.5500 1.5386 1.5500 1.5305
1.5500 1.4728 1.5500 1.4943
1.5600 1.4520 1.5600 1.4811
1.5300 1.4399 1.5300 1.4618
1.5100 1.4578 1.5100 1.4585
1.4800 1.4842 1.4800 1.4704
1.4700 1.4820 1.4700 1.4720
1.4600 1.4814 1.4600 1.4788
1.4600 1.5232 1.4600 1.5062
1.4500 1.3790 1.4500 1.4334
1.4300 1.3890 1.4300 1.4268
1.3600 1.3460 1.3600 1.3805
1.2900 1.3857 1.2900 1.3855
1.2800 1.3763 1.2800 1.3742
1.3000 1.4008 1.3000 1.3853
1.3400 1.3653 1.3400 1.3722
1.3400 1.3190 1.3400 1.3458
1.3400 1.1451 1.3400 1.2240
1.3100 1.0940 1.3100 1.1509
1.3000 1.2304 1.3000 1.1978
1.2300 1.3231 1.2300 1.2513
1.1800 1.3950 1.1800 1.3412
1.1700 1.2865 1.1700 1.2969
1.2200 1.2945 1.2200 1.3115
1.2500 1.1986 1.2500 1.2564
1.2500 1.2393 1.2500 1.2615
1.2100 1.0383 1.2100 1.1164
1.2200 1.0336 1.2200 1.0785
1.2100 1.1338 1.2100 1.1070
1.1900 1.3326 1.1900 1.2510
1.1500 1.2904 1.1500 1.2679
1.1400 1.2028 1.1400 1.2307
1.1300 1.0782 1.1300 1.1588
1.1100 1.2329 1.1100 1.2253
1.1200 1.1689 1.1200 1.1807
1.0900 1.1007 1.0900 1.1402
1.1000 1.0254 1.1000 1.0803
1.0900 1.1014 1.0900 1.0993
1.0900 1.0925 1.0900 1.0898
1.0700 1.0364 1.0700 1.0575
1.0400 1.1307 1.0400 1.1123
1.0300 1.0031 1.0300 1.0367
1.0300 1.1089 1.0300 1.1013
1.0300 1.0615 1.0300 1.0699
1.0100 1.0743 1.0100 1.0830
0.9600 1.0102 0.9600 1.0438
0.9400 0.9565 0.9400 1.0007
0.9300 1.0042 0.9300 1.0152
0.9300 1.0324 0.9300 1.0261
0.9000 1.0238 0.9000 1.0282
0.9000 0.9540 0.9000 0.9855
0.9100 0.8716 0.9100 0.9098
0.9300 0.9013 0.9300 0.9240
0.9400 0.9235 0.9400 0.9192
0.9300 0.9360 0.9300 0.9348
0.9100 0.8573 0.9100 0.8730
0.8900 0.9133 0.8900 0.9175
0.9100 0.9586 0.9100 0.9581
0.9500 0.9912 0.9500 0.9976
1.0200 0.9737 1.0200 0.9973
1.0700 0.9156 1.0700 0.9574
1.1000 0.8754 1.1000 0.9238
1.1400 0.8709 1.1400 0.8999
1.1400 0.9800 1.1400 0.9749
1.1500 1.0667 1.1500 1.0541
1.1900 1.1999 1.1900 1.1836
1.2200 1.1942 1.2200 1.2161
1.2000 1.1661 1.2000 1.2169
1.2000 1.2396 1.2000 1.2741
1.2200 1.1336 1.2200 1.1972
1.2600 1.1592 1.2600 1.2009
1.3100 1.2881 1.3100 1.2840
1.3600 1.2790 1.3600 1.2917
1.3900 1.1117 1.3900 1.1822
1.4000 1.1776 1.4000 1.2037
1.4000 1.2647 1.4000 1.2562
1.4100 1.3395 1.4100 1.3248
1.4300 1.4062 1.4300 1.3951
1.4300 1.4538 1.4300 1.4473
1.4300 1.4260 1.4300 1.4579
1.4600 1.3812 1.4600 1.4287
1.5000 1.3583 1.5000 1.3994
1.5800 1.3968 1.5800 1.4107
1.6100 1.4397 1.6100 1.4368
1.6700 1.3754 1.6700 1.3947
1.7200 1.3749 1.7200 1.3936
1.7600 1.4977 1.7600 1.4727
1.8000 1.5588 1.8000 1.5361
1.8200 1.7385 1.8200 1.6608
1.8300 1.6192 1.8300 1.6396
1.8800 1.7607 1.8800 1.7352
1.9100 1.7974 1.9100 1.7772
1.9100 1.7885 1.9100 1.7974
1.9300 1.8277 1.9300 1.8357
1.9400 1.7910 1.9400 1.8207
2.0000 1.7661 2.0000 1.8079
2.0300 1.9407 2.0300 1.8964
2.0500 1.9016 2.0500 1.8940
2.0700 1.7939 2.0700 1.8541
2.0800 1.8920 2.0800 1.8984
2.0800 1.8775 2.0800 1.8869
2.0500 2.0721 2.0500 1.9988
2.0500 2.0056 2.0500 1.9915
2.0500 1.9824 2.0500 2.0005
2.0400 2.0210 2.0400 2.0292
2.1100 2.0007 2.1100 2.0230
2.1500 1.9615 2.1500 2.0118
2.1200 1.8441 2.1200 1.9330
2.0900 1.9423 2.0900 1.9582
2.0500 1.9444 2.0500 1.9467
2.0100 1.8869 2.0100 1.9185
1.9600 2.2025 1.9600 2.0811
1.9300 2.1501 1.9300 2.0891
1.8600 1.8761 1.8600 2.0042
1.8000 1.8858 1.8000 1.9859
1.7800 1.8407 1.7800 1.9145
1.7300 1.7800 1.7300 1.8537
1.6900 1.7074 1.6900 1.7710
1.6500 1.7371 1.6500 1.7516
1.6400 1.5671 1.6400 1.6334
1.6400 1.5409 1.6400 1.5858
1.5900 1.6425 1.5900 1.6127
1.5200 1.4954 1.5200 1.5255
1.5200 1.4776 1.5200 1.5090
1.4800 1.4621 1.4800 1.4760
1.3500 1.5376 1.3500 1.5068
1.3200 1.5631 1.3200 1.5284
1.3800 1.3637 1.3800 1.4280
1.3600 1.2818 1.3600 1.3491
1.3100 1.4743 1.3100 1.4281
1.2300 1.3147 1.2300 1.3349
1.1500 1.0392 1.1500 1.1092
1.1000 1.2036 1.1000 1.1947
0.9900 1.5361 0.9900 1.3820
0.9500 1.2357 0.9500 1.2414
0.9900 1.1234 0.9900 1.1881
0.9600 1.0282 0.9600 1.0928
0.9200 0.9723 0.9200 1.0133
0.8600 0.9766 0.8600 0.9866
0.8000 0.8707 0.8000 0.8485
0.7700 0.8974 0.7700 0.8540
0.7000 1.1105 0.7000 1.0016
0.6800 0.8880 0.6800 0.8828
0.6700 0.8557 0.6700 0.8647
0.6400 0.8169 0.6400 0.8053
0.6900 0.7969 0.6900 0.7813
0.7200 0.8108 0.7200 0.7808
0.7300 0.7377 0.7300 0.7202
0.7700 0.7676 0.7700 0.7306
0.8600 0.7800 0.8600 0.7290
0.9400 0.7276 0.9400 0.6999
0.9900 0.8538 0.9900 0.8334
1.0000 0.8490 1.0000 0.8603
1.0800 0.8063 1.0800 0.8391
1.1700 0.9083 1.1700 0.9363
1.2000 1.1280 1.2000 1.1019
1.2000 1.1620 1.2000 1.1675
1.2200 1.1179 1.2200 1.1815
1.2700 1.0337 1.2700 1.1222
1.3200 1.3005 1.3200 1.2916
1.3700 1.4138 1.3700 1.3751
1.4100 1.2456 1.4100 1.3229
1.4700 1.1692 1.4700 1.2558
1.5000 1.2682 1.5000 1.3003
1.5500 1.3914 1.5500 1.3878
1.6000 1.4184 1.6000 1.4245
1.6200 1.4582 1.6200 1.4649
1.5900 1.4747 1.5900 1.4928
1.5800 1.5897 1.5800 1.5717
1.6000 1.5299 1.6000 1.5665
1.6400 1.6273 1.6400 1.6288
1.6400 1.6833 1.6400 1.6715
1.6400 1.6025 1.6400 1.6478
1.6600 1.4288 1.6600 1.5388
1.6400 1.4932 1.6400 1.5380
1.6100 1.6055 1.6100 1.5751
1.6500 1.6804 1.6500 1.6425
1.6200 1.5509 1.6200 1.5761
1.6400 1.5588 1.6400 1.5841
1.6600 1.6548 1.6600 1.6361
1.6800 1.5081 1.6800 1.5588
1.6800 1.4428 1.6800 1.5145
1.6200 1.7053 1.6200 1.6357
1.6000 1.4620 1.6000 1.5073
1.6000 1.6055 1.6000 1.5919
1.7500 1.6568 1.7500 1.6220
1.8500 1.6538 1.8500 1.6442
1.9000 1.5934 1.9000 1.6239
1.9400 1.3864 1.9400 1.4897
2.0600 1.4783 2.0600 1.5143
2.1100 1.5482 2.1100 1.5197
2.2000 2.0359 2.2000 1.8548
2.1700 1.9947 2.1700 1.9039
2.0800 1.9006 2.0800 1.9153
1.9900 1.9629 1.9900 1.9768
1.8700 2.2657 1.8700 2.1782
1.8000 2.1400 1.8000 2.1466
1.8100 2.3089 1.8100 2.2657
1.9900 1.9568 1.9900 2.1101
2.0400 1.7517 2.0400 1.9429
2.0800 1.7061 2.0800 1.8227
2.1000 1.5036 2.1000 1.6018
2.1200 1.5341 2.1200 1.5529
2.2000 1.7568 2.2000 1.6305
2.1700 2.2893 2.1700 2.0365
2.1500 2.0273 2.1500 1.9709
2.0300 2.0291 2.0300 2.0457
1.9800 2.0756 1.9800 2.0842
1.9300 2.0830 1.9300 2.0967
1.9100 2.3204 1.9100 2.2390
1.9100 1.9409 1.9100 2.0697
1.9100 1.9501 1.9100 2.0624
1.9100 1.6487 1.9100 1.8070
1.9000 1.7486 1.9000 1.8039
1.9300 1.6969 1.9300 1.7255
1.9200 1.7350 1.9200 1.7130
1.9100 1.7988 1.9100 1.7516
1.8900 1.8018 1.8900 1.7631
1.8800 1.7998 1.8800 1.7930
1.8600 1.7682 1.8600 1.7849
1.8400 1.9213 1.8400 1.8723
1.7500 1.7864 1.7500 1.8170
1.5900 1.7671 1.5900 1.8108
1.4800 1.7380 1.4800 1.7799
1.5100 1.7564 1.5100 1.7729
1.5500 1.7029 1.5500 1.7378
1.5600 1.6824 1.5600 1.7108
1.6700 1.4370 1.6700 1.5379
1.6600 1.1746 1.6600 1.2935
1.6000 1.1962 1.6000 1.2231
1.5900 1.5616 1.5900 1.3838
1.6600 1.5896 1.6600 1.4535
1.5900 1.4753 1.5900 1.4412
1.5000 1.8715 1.5000 1.7325
1.3800 1.5603 1.3800 1.6199
1.3000 1.3705 1.3000 1.5072
1.2300 1.5196 1.2300 1.5497
1.2100 1.8202 1.2100 1.7015
1.2000 1.3135 1.2000 1.4355
1.1800 1.2291 1.1800 1.3262
1.1700 1.0969 1.1700 1.1699
1.1500 1.0833 1.1500 1.1090
1.1200 1.0372 1.1200 1.0372
1.1100 1.1182 1.1100 1.0607
1.1200 1.1412 1.1200 1.0821
1.1400 1.0911 1.1400 1.0759
1.1500 1.1166 1.1500 1.1070
1.1700 1.0814 1.1700 1.0905
1.1800 1.0227 1.1800 1.0593
1.2000 1.0713 1.2000 1.0743
1.2100 1.1373 1.2100 1.1150
1.2300 1.1745 1.2300 1.1597
1.2400 1.1541 1.2400 1.1619
1.2400 1.2029 1.2400 1.2073
1.2300 1.1900 1.2300 1.2078
1.2300 1.2310 1.2300 1.2425
1.2300 1.2151 1.2300 1.2350
1.2400 1.2575 1.2400 1.2675
1.2600 1.2414 1.2600 1.2600
1.2800 1.2103 1.2800 1.2368
1.3000 1.1766 1.3000 1.2101
1.3100 1.2064 1.3100 1.2151
1.3200 1.2056 1.3200 1.2108
1.3400 1.2372 1.3400 1.2345
1.3600 1.2842 1.3600 1.2755
1.3700 1.3009 1.3700 1.3009
1.3800 1.3176 1.3800 1.3249
1.4400 1.3011 1.4400 1.3198
1.4700 1.3107 1.4700 1.3271
1.4900 1.3591 1.4900 1.3618
1.5000 1.3747 1.5000 1.3794
1.5100 1.3512 1.5100 1.3684
1.5100 1.3626 1.5100 1.3755
1.5200 1.5646 1.5200 1.5198
1.5100 1.5007 1.5100 1.5106
1.5100 1.4755 1.5100 1.5065
1.4900 1.4746 1.4900 1.5008
1.4700 1.4858 1.4700 1.5033
1.4800 1.4515 1.4800 1.4799
1.4800 1.4881 1.4800 1.4902
1.4700 1.4222 1.4700 1.4509
1.4500 1.4478 1.4500 1.4585
1.4200 1.3776 1.4200 1.4126
1.4000 1.3552 1.4000 1.3878
1.3900 1.4563 1.3900 1.4300
1.3800 1.4242 1.3800 1.4136
1.3600 1.3757 1.3600 1.3971
1.2800 1.3391 1.2800 1.3704
1.1800 1.2881 1.1800 1.3288
1.1200 1.2977 1.1200 1.3180
1.0900 1.3174 1.0900 1.3134
1.1100 1.3031 1.1100 1.3022
1.1300 1.2557 1.1300 1.2754
1.1500 1.0546 1.1500 1.1340
1.1600 0.9809 1.1600 1.0154
0.9100 0.9798 0.9100 0.9903
0.9600 1.0045 0.9600 0.9800
1.0400 1.1400 1.0400 1.0634
1.2000 1.1594 1.2000 1.1144
1.3200 1.1751 1.3200 1.1629
1.2700 1.1676 1.2700 1.1803
1.2200 0.7445 1.2200 0.7846
1.2100 1.0837 1.2100 1.0137
1.2200 1.3193 1.2200 1.1773
1.2400 1.5219 1.2400 1.3920
1.2400 1.5694 1.2400 1.4970
1.2300 1.0841 1.2300 1.2572
1.2300 1.1106 1.2300 1.2426
1.2400 1.2069 1.2400 1.2372
1.2300 1.2309 1.2300 1.2250
1.1500 1.2502 1.1500 1.2377
1.2400 1.2036 1.2400 1.2091
1.2700 1.1726 1.2700 1.1961
1.2900 1.2081 1.2900 1.2141
1.2700 1.2438 1.2700 1.2403
1.2600 1.1722 1.2600 1.1963
1.2700 0.9539 1.2700 1.0403
1.2400 1.4660 1.2400 1.3587
1.2200 1.3425 1.2200 1.3182
1.2100 1.2714 1.2100 1.3049
1.2000 1.1833 1.2000 1.2454
1.2000 1.2146 1.2000 1.2400
1.2000 1.2746 1.2000 1.2741
1.1900 1.1271 1.1900 1.1785
1.1800 1.1304 1.1800 1.1683
1.1700 1.1664 1.1700 1.1655
1.1600 1.1493 1.1600 1.1523
1.1500 1.1714 1.1500 1.1668
1.1500 1.1762 1.1500 1.1711
1.1400 1.1379 1.1400 1.1532
1.1300 1.1306 1.1300 1.1480
1.1200 1.1255 1.1200 1.1384
1.1100 1.1145 1.1100 1.1277
1.0900 1.1047 1.0900 1.1174
1.0800 1.1326 1.0800 1.1297
1.0700 1.0967 1.0700 1.1091
1.0600 1.0854 1.0600 1.1019
1.0500 1.0811 1.0500 1.0941
1.0500 1.0716 1.0500 1.0840
1.0300 1.0257 1.0300 1.0543
1.0200 1.0443 1.0200 1.0553
1.0400 1.0385 1.0400 1.0457
1.0400 1.0255 1.0400 1.0367
1.0500 1.0178 1.0500 1.0300
1.0200 1.0461 1.0200 1.0478
1.0000 0.9752 1.0000 1.0042
1.0200 0.9902 1.0200 1.0079
1.0200 1.0952 1.0200 1.0801
1.0200 1.0375 1.0200 1.0524
1.0100 1.0645 1.0100 1.0784
0.9900 0.9439 0.9900 0.9969
0.9800 0.9485 0.9800 0.9888
0.9800 1.0813 0.9800 1.0651
1.0000 1.0216 1.0000 1.0334
1.0300 1.0084 1.0300 1.0298
1.0500 0.9878 1.0500 1.0108
1.0800 0.9437 1.0800 0.9795
1.1100 0.9600 1.1100 0.9810
1.1500 0.9883 1.1500 0.9930
1.1900 1.0542 1.1900 1.0486
1.2200 1.1069 1.2200 1.1037
1.2300 1.0963 1.2300 1.1149
1.2200 1.1512 1.2200 1.1670
1.2200 1.1840 1.2200 1.2023
1.2200 1.2428 1.2200 1.2577
1.2100 1.2789 1.2100 1.2973
1.1900 1.2765 1.1900 1.3070
1.1500 1.2309 1.1500 1.2765
1.1200 1.1698 1.1200 1.2224
1.0800 1.2001 1.0800 1.2240
1.0300 1.2002 1.0300 1.2125
0.9800 1.1554 0.9800 1.1808
0.9400 1.1108 0.9400 1.1468
0.9300 1.0254 0.9300 1.0826
0.9200 1.0267 0.9200 1.0614
0.9100 0.9676 0.9100 1.0059
0.8800 0.9160 0.8800 0.9431
0.8500 0.8941 0.8500 0.8958
0.8200 0.8796 0.8200 0.8680
0.7900 0.9138 0.7900 0.8946
0.7700 0.9041 0.7700 0.8926
0.7600 0.8908 0.7600 0.8951
0.7600 0.8476 0.7600 0.8563
0.7500 0.8354 0.7500 0.8352
0.7600 0.8258 0.7600 0.8094
0.7600 0.8102 0.7600 0.7846
0.7600 0.8123 0.7600 0.7772
0.7700 0.8186 0.7700 0.7791
0.8000 0.8282 0.8000 0.8047
0.8400 0.8069 0.8400 0.7883
0.8700 0.8368 0.8700 0.8373
0.9500 0.8251 0.9500 0.8309
0.9800 0.8217 0.9800 0.8309
0.9800 0.8424 0.9800 0.8603
1.0100 0.9109 1.0100 0.9263
1.0200 0.9689 1.0200 0.9870
1.0500 0.9673 1.0500 1.0032
1.1100 1.1703 1.1100 1.1619
1.1500 1.0727 1.1500 1.1257
1.2000 0.9775 1.2000 1.0596
1.2400 1.1014 1.2400 1.1322
1.3000 1.0615 1.3000 1.1008
1.4300 1.1208 1.4300 1.1445
1.5600 1.2653 1.5600 1.2559
1.6500 1.2423 1.6500 1.2655
1.6900 1.3069 1.6900 1.3305
1.7300 1.3285 1.7300 1.3576
1.7300 1.4346 1.7300 1.4326
1.7500 1.7209 1.7500 1.6272
1.8300 1.8153 1.8300 1.7453
1.9400 1.8094 1.9400 1.7928
2.0500 1.7224 2.0500 1.7844
2.0900 1.7812 2.0900 1.8175
2.1300 1.6620 2.1300 1.7486
2.1600 1.7269 2.1600 1.7611
2.2300 1.9896 2.2300 1.8926
2.3300 2.1163 2.3300 2.0174
2.4000 2.1975 2.4000 2.1310
2.4800 2.0746 2.4800 2.1034
2.5400 2.1350 2.5400 2.1531
2.5500 2.1527 2.5500 2.1662
2.5500 2.3165 2.5500 2.2583
2.5600 2.4549 2.5600 2.3767
2.5500 2.4313 2.5500 2.4021
2.5100 2.5342 2.5100 2.5023
2.4900 2.5559 2.4900 2.5424
2.4500 2.4246 2.4500 2.4997
2.4200 2.4036 2.4200 2.4920
2.3900 2.4594 2.3900 2.4859
2.3700 2.3683 2.3700 2.4400
2.3600 2.2279 2.3600 2.3604
2.3500 2.2864 2.3500 2.3480
2.2800 2.1865 2.2800 2.2672
2.2400 2.1767 2.2400 2.2394
2.1900 2.1564 2.1900 2.2026
2.1400 2.1662 2.1400 2.1905
2.0900 2.1870 2.0900 2.1985
2.0600 2.1759 2.0600 2.1926
2.0100 1.9393 2.0100 2.0567
1.9500 1.9892 1.9500 2.0539
1.8500 1.9264 1.8500 1.9808
1.7100 1.8574 1.7100 1.9190
1.6600 1.8184 1.6600 1.8672
1.6600 1.8557 1.6600 1.8569
1.5800 1.7433 1.5800 1.7903
1.5300 1.6670 1.5300 1.7235
1.4500 1.5052 1.4500 1.5803
1.4400 1.3088 1.4400 1.3899
1.4100 1.4540 1.4100 1.4326
1.4000 1.5975 1.4000 1.4784
1.3700 1.2668 1.3700 1.3163
1.3200 1.3174 1.3200 1.3332
1.3200 1.2002 1.3200 1.2361
1.2700 1.3582 1.2700 1.3137
1.2700 1.2763 1.2700 1.2675
1.2600 1.3077 1.2600 1.2849
1.2000 1.2388 1.2000 1.2551
1.1500 1.1390 1.1500 1.1913
1.1500 1.2844 1.1500 1.2586
1.1000 1.1039 1.1000 1.1484
1.0700 1.2245 1.0700 1.2099
1.0500 1.2095 1.0500 1.1933
0.9700 1.0127 0.9700 1.0812
0.9900 1.0114 0.9900 1.0562
0.9700 1.1465 0.9700 1.1038
0.9600 0.9529 0.9600 0.9982
0.9400 0.9655 0.9400 0.9972
0.9300 1.0003 0.9300 0.9942
0.9200 0.8586 0.9200 0.8547
0.9100 1.0372 0.9100 0.9919
0.9200 0.9391 0.9200 0.9300
0.9100 0.9210 0.9100 0.9354
0.9100 0.8990 0.9100 0.9220
0.9100 0.9191 0.9100 0.9274
0.9500 0.9077 0.9500 0.9234
1.0100 0.8975 1.0100 0.9136
1.0600 0.9589 1.0600 0.9616
1.1000 0.9005 1.1000 0.9257
1.1300 0.9205 1.1300 0.9418
1.1900 0.9293 1.1900 0.9481
1.2500 1.0654 1.2500 1.0568
1.3200 1.1729 1.3200 1.1616
1.4200 1.1832 1.4200 1.2021
1.5200 1.1930 1.5200 1.2307
1.6400 1.2023 1.6400 1.2457
1.7100 1.3395 1.7100 1.3449
1.7800 1.3927 1.7800 1.3941
1.8600 1.4735 1.8600 1.4627
1.9400 1.6521 1.9400 1.5869
2.0200 1.7314 2.0200 1.6791
2.1000 1.8720 2.1000 1.8178
2.1800 1.8312 2.1800 1.8302
2.2700 1.8966 2.2700 1.8945
2.3600 2.0117 2.3600 1.9758
2.4400 2.0707 2.4400 2.0353
2.4400 2.1387 2.4400 2.1034
2.5400 2.2059 2.5400 2.1696
2.6200 2.2766 2.6200 2.2428
2.6400 2.3773 2.6400 2.3379
2.5200 2.4543 2.5200 2.4211
2.5100 2.5031 2.5100 2.4845
2.5700 2.2855 2.5700 2.3960
2.5800 2.6629 2.5800 2.5914
2.5800 2.6775 2.5800 2.6334
2.5300 2.5076 2.5300 2.5764
2.5100 2.0813 2.5100 2.3420
2.5300 2.3732 2.5300 2.4202
2.5100 2.6282 2.5100 2.4987
2.4500 2.4145 2.4500 2.4343
2.3400 2.3848 2.3400 2.4450
2.2500 2.2342 2.2500 2.3540
2.2100 2.3125 2.2100 2.3757
2.1900 2.4590 2.1900 2.4192
2.2000 2.2819 2.2000 2.3459
2.2100 2.1186 2.2100 2.2450
2.2300 1.9339 2.2300 2.0689
2.2100 1.9037 2.2100 1.9825
2.1700 1.9764 2.1700 1.9749
2.1500 1.9957 2.1500 1.9605
2.1600 2.0847 2.1600 2.0197
2.1800 2.1023 2.1800 2.0571
2.1900 2.1543 2.1900 2.1139
2.1900 2.0146 2.1900 2.0777
2.1800 1.9194 2.1800 2.0210
2.1500 1.9795 2.1500 2.0199
2.1100 2.0785 2.1100 2.0506
2.0600 2.1089 2.0600 2.0792
2.0100 2.0807 2.0100 2.0836
1.9700 2.0584 1.9700 2.0858
1.9400 2.0270 1.9400 2.0728
