2.2300 2.0212 2.2300 2.0025
2.1900 2.1570 2.1900 2.0741
2.1100 2.3284 2.1100 2.1801
2.0100 2.3178 2.0100 2.2122
1.9100 2.1339 1.9100 2.1324
1.7600 2.2035 1.7600 2.1563
1.7100 2.1682 1.7100 2.1405
1.6500 2.0177 1.6500 2.0624
1.6200 1.8345 1.6200 1.8943
1.5700 1.6926 1.5700 1.7315
1.5800 1.5967 1.5800 1.6042
1.5400 1.3565 1.5400 1.3630
1.5100 1.5355 1.5100 1.4245
1.4400 1.4364 1.4400 1.3412
1.4300 1.4711 1.4300 1.3756
1.4400 1.3943 1.4400 1.3277
1.3800 1.5700 1.3800 1.4594
1.3200 1.4007 1.3200 1.3780
1.2900 1.3974 1.2900 1.3768
1.2500 1.2432 1.2500 1.2545
1.2900 1.3861 1.2900 1.3334
1.2200 1.4483 1.2200 1.3812
1.1400 1.1928 1.1400 1.2140
1.0800 1.1548 1.0800 1.1641
1.0500 1.2144 1.0500 1.1760
1.0400 1.1374 1.0400 1.1263
1.0200 1.3773 1.0200 1.2916
1.0100 1.0362 1.0100 1.0605
1.0000 0.9643 1.0000 0.9789
0.9800 0.9940 0.9800 0.9599
0.9300 1.0235 0.9300 0.9712
0.9000 1.0187 0.9000 0.9836
0.8800 0.9803 0.8800 0.9513
0.8400 1.0008 0.8400 0.9776
0.8400 0.9971 0.8400 0.9869
0.8000 0.9543 0.8000 0.9651
0.7400 0.8754 0.7400 0.8755
0.7700 0.8881 0.7700 0.8708
0.7800 0.8924 0.7800 0.8657
0.7900 0.8492 0.7900 0.8160
0.7900 0.8740 0.7900 0.8612
0.8500 0.8269 0.8500 0.7853
0.8900 0.7866 0.8900 0.7384
0.8700 0.8798 0.8700 0.8513
0.8700 0.8587 0.8700 0.8477
0.9000 0.8585 0.9000 0.8748
0.9000 0.8494 0.9000 0.8639
0.8900 1.0340 0.8900 1.0186
0.8900 1.0309 0.8900 1.0462
0.9200 0.8691 0.9200 0.9389
0.9500 0.9154 0.9500 0.9577
1.0100 1.0134 1.0100 1.0225
1.1500 0.9379 1.1500 0.9795
1.3300 0.9036 1.3300 0.9444
1.5300 0.9303 1.5300 0.9488
1.6500 1.0256 1.6500 1.0247
1.7900 1.0539 1.7900 1.0592
1.8800 1.1812 1.8800 1.1658
1.9900 1.4942 1.9900 1.4086
2.0700 1.7234 2.0700 1.6207
2.1700 1.9262 2.1700 1.8293
2.2400 1.8632 2.2400 1.8466
2.2800 2.0681 2.2800 2.0151
2.2900 2.0736 2.2900 2.0429
2.2800 2.2343 2.2800 2.1639
2.2900 2.2495 2.2900 2.1797
2.3500 2.3934 2.3500 2.2772
2.3600 2.3926 2.3600 2.2929
2.4300 2.3404 2.4300 2.2842
2.4500 2.2823 2.4500 2.2555
2.4300 2.2164 2.4300 2.2140
2.4300 2.2854 2.4300 2.2352
2.4100 2.4771 2.4100 2.3274
2.3900 2.3012 2.3900 2.2577
2.4000 2.5702 2.4000 2.3958
2.3800 2.4433 2.3800 2.3552
2.3700 2.2911 2.3700 2.3030
2.3700 2.4031 2.3700 2.3351
2.3700 2.3008 2.3700 2.2814
2.3700 2.2669 2.3700 2.2575
2.3900 2.3768 2.3900 2.2859
2.3700 2.2451 2.3700 2.2232
2.4000 2.2723 2.4000 2.2305
2.3900 2.3166 2.3900 2.2415
2.3400 2.2998 2.3400 2.2424
2.3000 2.3016 2.3000 2.2443
2.3000 2.3864 2.3000 2.2852
2.3600 2.2377 2.3600 2.2222
2.3600 2.4323 2.3600 2.3156
2.4300 2.2961 2.4300 2.2555
2.5000 2.1167 2.5000 2.1672
2.5500 2.1505 2.5500 2.1468
2.5700 2.2586 2.5700 2.1847
2.5600 2.4658 2.5600 2.3010
2.5600 2.2542 2.5600 2.2145
2.5500 2.5665 2.5500 2.3760
2.5500 2.6471 2.5500 2.4521
2.5500 2.5971 2.5500 2.4871
2.5500 2.5619 2.5500 2.4826
2.5500 2.4783 2.5500 2.4430
2.5300 2.5209 2.5300 2.4626
2.5300 2.4658 2.5300 2.4263
2.5400 2.4827 2.5400 2.4224
2.5100 2.4820 2.5100 2.4103
2.5400 2.4752 2.5400 2.4058
2.5400 2.4797 2.5400 2.4076
2.5300 2.3985 2.5300 2.3663
2.5500 2.4696 2.5500 2.3934
2.5400 2.5053 2.5400 2.4108
2.5300 2.3347 2.5300 2.3330
2.5200 2.5737 2.5200 2.4354
2.5600 2.4673 2.5600 2.3942
2.4900 2.4110 2.4900 2.3787
2.4600 2.5596 2.4600 2.4363
2.4800 2.4337 2.4800 2.3879
2.4700 2.4269 2.4700 2.3862
2.4500 2.4352 2.4500 2.3730
2.3600 2.6169 2.3600 2.4672
2.3200 2.1847 2.3200 2.2680
2.3100 2.3179 2.3100 2.2965
2.2300 2.5162 2.2300 2.3702
2.1700 2.3390 2.1700 2.3133
2.0900 2.3059 2.0900 2.2837
1.9600 2.0363 1.9600 2.0955
1.8500 2.1698 1.8500 2.1376
1.7000 2.2384 1.7000 2.1607
1.5600 1.9002 1.5600 1.9442
1.4300 1.9408 1.4300 1.9193
1.2500 1.8211 1.2500 1.7982
1.1200 1.5319 1.1200 1.5851
1.0600 1.5072 1.0600 1.4928
1.0200 1.3289 1.0200 1.3133
0.9800 1.2465 0.9800 1.2202
0.9500 1.1725 0.9500 1.1270
0.9100 0.9945 0.9100 1.0150
0.8900 0.9623 0.8900 0.9570
0.8700 1.0117 0.8700 0.9324
0.9000 0.9699 0.9000 0.8941
0.9100 0.9022 0.9100 0.8548
0.8900 0.8957 0.8900 0.8503
0.8400 0.8766 0.8400 0.8385
0.8300 0.8870 0.8300 0.8551
0.8500 0.8754 0.8500 0.8496
0.9600 0.9982 0.9600 0.9647
1.0800 0.9685 1.0800 0.9629
1.1800 0.8786 1.1800 0.9115
1.3400 0.8287 1.3400 0.8217
1.5000 0.8726 1.5000 0.8630
1.6200 0.9347 1.6200 0.9278
1.7500 1.2464 1.7500 1.1764
1.8100 1.3830 1.8100 1.3189
1.8700 1.4178 1.8700 1.3916
1.9300 1.6862 1.9300 1.6140
1.9300 1.8398 1.9300 1.7683
1.9500 1.8579 1.9500 1.8361
1.9500 2.0175 1.9500 1.9624
2.0000 1.9404 2.0000 1.9294
2.0200 2.0168 2.0200 1.9857
1.9700 2.0871 1.9700 2.0228
2.0500 1.8918 2.0500 1.9321
2.1700 1.9810 2.1700 1.9616
2.2300 1.9251 2.2300 1.9173
2.2300 2.1005 2.2300 2.0132
2.2100 2.0261 2.2100 1.9804
2.1900 1.7680 2.1900 1.8403
2.1800 2.2644 2.1800 2.0833
2.1600 2.4685 2.1600 2.2296
2.1300 2.2857 2.1300 2.2070
2.1100 2.1644 2.1100 2.1459
2.0900 2.1357 2.0900 2.1252
2.0500 2.1130 2.0500 2.1218
2.0100 2.1104 2.0100 2.1038
1.9800 2.0453 1.9800 2.0415
1.9400 1.9861 1.9400 1.9770
1.8800 2.0046 1.8800 1.9692
1.8200 1.9806 1.8200 1.9468
1.8000 1.8781 1.8000 1.8734
1.7700 1.8489 1.7700 1.8308
1.7500 1.8524 1.7500 1.8127
1.7300 1.7759 1.7300 1.7536
1.7100 1.6620 1.7100 1.6592
1.6900 1.6145 1.6900 1.5949
1.6700 1.7086 1.6700 1.6353
1.6500 1.6375 1.6500 1.5904
1.6200 1.6441 1.6200 1.5938
1.6100 1.6369 1.6100 1.5860
1.6000 1.6161 1.6000 1.5788
1.5900 1.6008 1.5900 1.5711
1.5700 1.5824 1.5700 1.5533
1.5500 1.5638 1.5500 1.5374
1.5200 1.5082 1.5200 1.4930
1.4900 1.5554 1.4900 1.5157
1.4600 1.5443 1.4600 1.5079
1.4500 1.5306 1.4500 1.5025
1.4500 1.4897 1.4500 1.4723
1.4500 1.4730 1.4500 1.4551
1.4400 1.4189 1.4400 1.4117
1.4300 1.3895 1.4300 1.3784
1.4200 1.3620 1.4200 1.3451
1.4200 1.4037 1.4200 1.3644
1.4100 1.4286 1.4100 1.3843
1.4100 1.4267 1.4100 1.3926
1.4100 1.3951 1.4100 1.3778
1.4200 1.3897 1.4200 1.3753
1.4300 1.3816 1.4300 1.3696
1.4300 1.4059 1.4300 1.3852
1.4300 1.3691 1.4300 1.3593
1.4200 1.3956 1.4200 1.3754
1.4100 1.3980 1.4100 1.3780
1.4100 1.4312 1.4100 1.4068
1.3900 1.4421 1.3900 1.4215
1.3600 1.4151 1.3600 1.4086
1.3500 1.4182 1.3500 1.4116
1.3500 1.3833 1.3500 1.3845
1.3500 1.3724 1.3500 1.3714
1.3400 1.3991 1.3400 1.3821
1.3400 1.3246 1.3400 1.3272
1.3300 1.2710 1.3300 1.2795
1.3100 1.3179 1.3100 1.2958
1.2900 1.3396 1.2900 1.3103
1.2700 1.3354 1.2700 1.3140
1.2600 1.3035 1.2600 1.2924
1.2500 1.3329 1.2500 1.3134
1.2400 1.2983 1.2400 1.2933
1.2300 1.2516 1.2300 1.2583
1.2200 1.2358 1.2200 1.2352
1.2200 1.2161 1.2200 1.2110
1.2100 1.2303 1.2100 1.2154
1.2100 1.2207 1.2100 1.2051
1.2000 1.2112 1.2000 1.1984
1.1900 1.2042 1.1900 1.1933
1.1800 1.1954 1.1800 1.1873
1.1800 1.2210 1.1800 1.2064
1.1800 1.1866 1.1800 1.1839
1.1800 1.2116 1.1800 1.2016
1.1800 1.1795 1.1800 1.1787
1.1700 1.1683 1.1700 1.1701
1.1600 1.1612 1.1600 1.1606
1.1700 1.1848 1.1700 1.1748
1.1500 1.1848 1.1500 1.1774
1.1500 1.1845 1.1500 1.1792
1.1400 1.1864 1.1400 1.1826
1.1300 1.1524 1.1300 1.1596
1.1200 1.1431 1.1200 1.1499
1.1100 1.2028 1.1100 1.1885
1.1000 1.1080 1.1000 1.1237
1.1000 1.1565 1.1000 1.1533
1.1000 1.1273 1.1000 1.1274
1.1000 1.1127 1.1000 1.1185
1.0800 1.1066 1.0800 1.1093
1.0500 1.0963 1.0500 1.0967
0.9600 1.0871 0.9600 1.0898
0.9500 1.1119 0.9500 1.1048
0.9700 1.1125 0.9700 1.1081
0.9300 1.1123 0.9300 1.1119
0.9100 1.0466 0.9100 1.0646
0.9100 0.9944 0.9100 1.0187
0.9300 0.8668 0.9300 0.8605
0.9400 0.9633 0.9400 0.9298
0.9600 1.0402 0.9600 0.9934
0.9900 0.8755 0.9900 0.8773
1.0500 0.8894 1.0500 0.8937
1.0600 0.9449 1.0600 0.9279
1.0700 1.0051 1.0700 0.9965
1.0800 0.9937 1.0800 0.9999
1.1200 1.0377 1.1200 1.0368
1.1700 1.0930 1.1700 1.0920
1.1800 1.2202 1.1800 1.2050
1.0800 1.1104 1.0800 1.1463
1.0400 1.1171 1.0400 1.1530
1.0400 1.1321 1.0400 1.1559
1.0600 1.2354 1.0600 1.2341
1.0800 1.3068 1.0800 1.2972
1.0900 1.2146 1.0900 1.2424
1.1400 0.8851 1.1400 0.9742
1.2200 0.9851 1.2200 1.0010
1.3000 1.0622 1.3000 1.0406
1.3400 1.1119 1.3400 1.0849
1.3700 1.1373 1.3700 1.1080
1.4500 1.1296 1.4500 1.1135
1.4600 1.2786 1.4600 1.2480
1.4300 1.4315 1.4300 1.3893
1.5000 1.5037 1.5000 1.4626
1.5400 1.4429 1.5400 1.4523
1.6600 1.4525 1.6600 1.4721
1.7300 1.6641 1.7300 1.6049
1.7500 1.4762 1.7500 1.5269
1.7900 1.3399 1.7900 1.4224
1.8300 1.6917 1.8300 1.6148
1.8900 1.6294 1.8900 1.6082
1.9700 1.9431 1.9700 1.8068
1.9500 1.8879 1.9500 1.7964
1.9200 1.7626 1.9200 1.7699
1.8500 1.8942 1.8500 1.8456
1.8000 1.9228 1.8000 1.8772
1.7800 2.0190 1.7800 1.9496
1.7700 2.1537 1.7700 2.0269
1.7300 1.8361 1.7300 1.8837
1.6500 1.8085 1.6500 1.8580
1.6000 1.6492 1.6000 1.7129
1.5700 1.6369 1.5700 1.6569
1.5400 1.6951 1.5400 1.6508
1.4600 1.6909 1.4600 1.6296
1.4000 1.5685 1.4000 1.5494
1.3500 1.3968 1.3500 1.4144
1.3100 1.4466 1.3100 1.4159
1.2700 1.4646 1.2700 1.4124
1.2800 1.4200 1.2800 1.3797
1.2600 1.2163 1.2600 1.2251
1.2100 1.2256 1.2100 1.1998
1.1900 1.2086 1.1900 1.1710
1.1800 1.1855 1.1800 1.1494
1.1600 1.1513 1.1600 1.1157
1.1300 1.2919 1.1300 1.2118
1.1000 1.1988 1.1000 1.1695
1.0700 1.0761 1.0700 1.0912
1.0400 1.1453 1.0400 1.1235
1.0000 1.1586 1.0000 1.1323
0.9500 1.1083 0.9500 1.1054
0.9000 1.0603 0.9000 1.0605
0.8700 1.0360 0.8700 1.0333
0.8100 1.0081 0.8100 1.0095
0.7900 0.9794 0.7900 0.9809
0.7800 0.9361 0.7800 0.9269
0.7400 0.8938 0.7400 0.8747
0.6900 0.8749 0.6900 0.8453
0.6500 0.8786 0.6500 0.8420
0.6000 0.8258 0.6000 0.7784
0.6400 0.8439 0.6400 0.7941
0.6800 0.8457 0.6800 0.7943
0.7000 0.7992 0.7000 0.7474
0.7000 0.7686 0.7000 0.7093
0.6900 0.7704 0.6900 0.7009
0.6800 0.7468 0.6800 0.6770
0.7100 0.8203 0.7100 0.7602
0.7200 0.8422 0.7200 0.8191
0.7300 0.8243 0.7300 0.8333
0.7400 0.7987 0.7400 0.8148
0.7400 0.7898 0.7400 0.7925
0.7400 0.7960 0.7400 0.7825
0.7800 0.8433 0.7800 0.8585
0.8100 0.8243 0.8100 0.8389
0.8300 0.8273 0.8300 0.8486
0.8400 0.8352 0.8400 0.8574
0.8300 0.8213 0.8300 0.8442
0.8000 0.8218 0.8000 0.8426
0.8100 0.9242 0.8100 0.9330
0.8700 0.9332 0.8700 0.9526
0.8900 0.9264 0.8900 0.9607
0.9100 0.9151 0.9100 0.9536
1.0200 0.8598 1.0200 0.9110
1.2400 0.8314 1.2400 0.8450
1.4400 0.8776 1.4400 0.8976
1.6400 1.0501 1.6400 1.0270
1.6800 0.9784 1.6800 0.9975
1.6400 0.9959 1.6400 1.0212
1.6100 1.3185 1.6100 1.2670
1.6400 1.7302 1.6400 1.5976
1.7200 1.8391 1.7200 1.7539
1.7300 2.0042 1.7300 1.9335
1.7600 1.7247 1.7600 1.7913
1.7400 1.5365 1.7400 1.6914
1.7300 1.5652 1.7300 1.6726
1.7300 1.7235 1.7300 1.7323
1.7100 1.9030 1.7100 1.8178
1.7200 1.6997 1.7200 1.7046
1.7200 1.8077 1.7200 1.7595
1.7200 1.6691 1.7200 1.6938
1.7400 1.6763 1.7400 1.6971
1.7600 1.7114 1.7600 1.6983
1.7800 1.6186 1.7800 1.6214
1.7800 1.7156 1.7800 1.6759
1.7600 1.6872 1.7600 1.6537
1.7500 1.6806 1.7500 1.6595
1.7200 1.7650 1.7200 1.7175
1.7100 1.7786 1.7100 1.7404
1.7000 1.7955 1.7000 1.7659
1.7100 1.7448 1.7100 1.7413
1.7200 1.6740 1.7200 1.6895
1.7000 1.6987 1.7000 1.6902
1.6800 1.6082 1.6800 1.6150
1.6500 1.6504 1.6500 1.6256
1.6500 1.6413 1.6500 1.6075
1.6300 1.6990 1.6300 1.6487
1.6000 1.7106 1.6000 1.6674
1.5900 1.6065 1.5900 1.6058
1.5700 1.5988 1.5700 1.5931
1.5500 1.5464 1.5500 1.5429
1.5400 1.6226 1.5400 1.5845
1.5300 1.5438 1.5300 1.5271
1.5000 1.4853 1.5000 1.4784
1.4800 1.5417 1.4800 1.5027
1.4900 1.4896 1.4900 1.4669
1.4900 1.4676 1.4900 1.4512
1.4900 1.4909 1.4900 1.4562
1.4900 1.4786 1.4900 1.4492
1.4800 1.3958 1.4800 1.3936
1.4800 1.4086 1.4800 1.3892
1.4700 1.4995 1.4700 1.4474
1.4700 1.4646 1.4700 1.4366
1.4700 1.4652 1.4700 1.4437
1.4500 1.4736 1.4500 1.4496
1.4600 1.4361 1.4600 1.4299
1.4500 1.4638 1.4500 1.4482
1.4500 1.4273 1.4500 1.4188
1.4400 1.4518 1.4400 1.4334
1.4200 1.4538 1.4200 1.4333
1.4100 1.3789 1.4100 1.3818
1.4000 1.4721 1.4000 1.4400
1.4000 1.4086 1.4000 1.3978
1.3900 1.4302 1.3900 1.4157
1.3800 1.4013 1.3800 1.3906
1.3700 1.3523 1.3700 1.3531
1.3600 1.3728 1.3600 1.3596
1.3600 1.3613 1.3600 1.3445
1.3400 1.3846 1.3400 1.3612
1.3000 1.3503 1.3000 1.3370
1.2600 1.3413 1.2600 1.3297
1.2600 1.3350 1.2600 1.3229
1.2800 1.3239 1.2800 1.3131
1.2700 1.3499 1.2700 1.3297
1.2500 1.2786 1.2500 1.2788
1.2300 1.1903 1.2300 1.2081
1.2300 1.1575 1.2300 1.1635
1.2100 1.2572 1.2100 1.2192
1.2100 1.3222 1.2100 1.2727
1.2100 1.2331 1.2100 1.2248
1.2000 1.1969 1.2000 1.1992
1.1800 1.1852 1.1800 1.1847
1.1500 1.2315 1.1500 1.2177
1.1300 1.1595 1.1300 1.1656
1.1200 1.2091 1.1200 1.1926
1.1100 1.2139 1.1100 1.1959
1.1000 1.1755 1.1000 1.1763
1.0900 1.1353 1.0900 1.1449
1.0800 1.0837 1.0800 1.0967
1.0600 1.0889 1.0600 1.0903
1.0400 1.1032 1.0400 1.0923
1.0200 1.0923 1.0200 1.0833
1.0000 1.0846 1.0000 1.0776
1.0000 1.0777 1.0000 1.0731
0.9800 1.0691 0.9800 1.0692
1.0000 1.0266 1.0000 1.0377
0.9900 1.0082 0.9900 1.0178
0.9800 0.9905 0.9800 0.9974
0.9700 0.9711 0.9700 0.9779
0.9600 1.0194 0.9600 1.0091
0.9400 0.9550 0.9400 0.9642
0.9200 1.0677 0.9200 1.0487
0.9000 0.9929 0.9000 1.0023
0.8800 0.9788 0.8800 0.9978
0.8700 0.9755 0.8700 0.9892
0.8800 0.9632 0.8800 0.9778
0.8700 0.9209 0.8700 0.9450
0.8500 0.9023 0.8500 0.9199
0.8200 0.8920 0.8200 0.9000
0.8300 0.8792 0.8300 0.8810
0.8500 0.8824 0.8500 0.8875
0.8500 0.9375 0.8500 0.9308
0.8300 0.8844 0.8300 0.9006
0.8100 0.8540 0.8100 0.8714
0.8200 0.8410 0.8200 0.8278
0.8200 0.8926 0.8200 0.8951
0.7900 0.9372 0.7900 0.9349
0.7600 0.8911 0.7600 0.9119
0.7600 0.8429 0.7600 0.8666
0.7400 0.8427 0.7400 0.8459
0.7300 0.8866 0.7300 0.8994
0.7100 0.8661 0.7100 0.8856
0.6900 0.8197 0.6900 0.8123
0.6800 0.8125 0.6800 0.7788
0.6800 0.8447 0.6800 0.8207
0.6800 0.8179 0.6800 0.7784
0.6900 0.8125 0.6900 0.7828
0.6800 0.7978 0.6800 0.7502
0.7000 0.7928 0.7000 0.7428
0.7500 0.7957 0.7500 0.7448
0.7900 0.8019 0.7900 0.7612
0.8100 0.7970 0.8100 0.7685
0.8100 0.8049 0.8100 0.7973
0.8100 0.7861 0.8100 0.7655
0.7800 0.8232 0.7800 0.8297
0.7800 0.9233 0.7800 0.9263
0.7800 0.9397 0.7800 0.9607
0.7900 0.9129 0.7900 0.9555
0.7900 0.8676 0.7900 0.9222
0.7900 0.8635 0.7900 0.9160
0.7800 0.8248 0.7800 0.8329
0.7700 0.8491 0.7700 0.8600
0.7600 0.8484 0.7600 0.8522
0.7500 0.8610 0.7500 0.8766
0.7500 0.8487 0.7500 0.8653
0.7400 0.8483 0.7400 0.8669
0.7300 0.8329 0.7300 0.8464
0.7200 0.8318 0.7200 0.8344
0.7200 0.8290 0.7200 0.8223
0.7100 0.8247 0.7100 0.8102
0.7100 0.8304 0.7100 0.8245
0.7000 0.8171 0.7000 0.8024
0.6900 0.8120 0.6900 0.7948
0.6700 0.8096 0.6700 0.7859
0.6400 0.8180 0.6400 0.8019
0.6200 0.8043 0.6200 0.7812
0.6000 0.8100 0.6000 0.7959
0.5900 0.7991 0.5900 0.7745
0.5900 0.7956 0.5900 0.7664
0.5800 0.7813 0.5800 0.7331
0.5700 0.7645 0.5700 0.7087
0.5700 0.7656 0.5700 0.7049
0.5600 0.7580 0.5600 0.6920
0.5500 0.7573 0.5500 0.6908
0.5400 0.7604 0.5400 0.6949
0.5300 0.7465 0.5300 0.6815
0.5300 0.7412 0.5300 0.6777
0.5200 0.7506 0.5200 0.6880
0.5100 0.7404 0.5100 0.6772
0.5000 0.7345 0.5000 0.6728
0.5000 0.7316 0.5000 0.6691
0.4700 0.7290 0.4700 0.6666
0.5000 0.7347 0.5000 0.6704
0.5500 0.7223 0.5500 0.6613
0.6100 0.7171 0.6100 0.6575
0.6700 0.7146 0.6700 0.6544
0.7100 0.7227 0.7100 0.6599
0.7400 0.6889 0.7400 0.6352
0.7700 0.7410 0.7700 0.6799
0.7900 0.7817 0.7900 0.7654
0.8000 0.8295 0.8000 0.8520
0.8100 0.8864 0.8100 0.9178
0.8500 0.8797 0.8500 0.9310
0.9100 0.8800 0.9100 0.9452
1.0300 0.9040 1.0300 0.9630
1.1300 0.8965 1.1300 0.9556
1.2700 0.8793 1.2700 0.9370
1.3900 0.8864 1.3900 0.9325
1.4500 0.9899 1.4500 1.0064
1.5000 1.0933 1.5000 1.0946
1.5000 1.3444 1.5000 1.2973
1.5600 1.3861 1.5600 1.3608
1.6400 1.5833 1.6400 1.5341
1.7700 1.6568 1.7700 1.6205
1.8700 1.5931 1.8700 1.6100
1.9500 1.6377 1.9500 1.6439
2.0400 1.5063 2.0400 1.5771
2.1000 1.7163 2.1000 1.6913
2.1600 1.8426 2.1600 1.7612
2.2600 2.0656 2.2600 1.9215
2.2900 2.0723 2.2900 1.9682
2.3000 2.1080 2.3000 2.0247
2.3000 2.2448 2.3000 2.1346
2.2700 2.2319 2.2700 2.1553
2.2600 2.2896 2.2600 2.2079
2.2700 2.5036 2.2700 2.3345
2.2400 2.3072 2.2400 2.2644
2.2100 2.2731 2.2100 2.2520
2.2000 2.2778 2.2000 2.2362
2.1800 2.1380 2.1800 2.1664
2.1300 2.1900 2.1300 2.1689
2.0600 2.2506 2.0600 2.1778
1.9700 2.0774 1.9700 2.0911
1.9000 2.0660 1.9000 2.0606
1.8300 2.1307 1.8300 2.0784
1.7800 2.0605 1.7800 2.0384
1.7500 1.9221 1.7500 1.9380
1.7100 1.8143 1.7100 1.8279
1.6800 1.6776 1.6800 1.6958
1.6700 1.6659 1.6700 1.6404
1.6200 1.5883 1.6200 1.5512
1.5600 1.5880 1.5600 1.5240
1.5000 1.6181 1.5000 1.5327
1.4300 1.5482 1.4300 1.4924
1.3700 1.5553 1.3700 1.5007
1.3200 1.6082 1.3200 1.5386
1.2700 1.4453 1.2700 1.4397
1.2100 1.3695 1.2100 1.3723
1.1600 1.3239 1.1600 1.3090
1.1000 1.2238 1.1000 1.2179
1.0600 1.1925 1.0600 1.1686
1.0200 1.1722 1.0200 1.1290
0.9800 1.1239 0.9800 1.0869
0.9800 1.0549 0.9800 1.0239
0.9200 1.0396 0.9200 1.0014
0.9200 0.9896 0.9200 0.9575
0.9000 0.9874 0.9000 0.9478
0.9500 0.9561 0.9500 0.9191
1.0700 0.9241 1.0700 0.8927
1.1700 0.9951 1.1700 0.9538
1.2700 0.8646 1.2700 0.8391
1.3100 0.9403 1.3100 0.9210
1.3000 0.8933 1.3000 0.8819
1.2700 1.0890 1.2700 1.0477
1.2600 1.3837 1.2600 1.2950
1.2200 1.4233 1.2200 1.3706
1.2000 1.5019 1.2000 1.4700
1.1900 1.4288 1.1900 1.4435
1.1800 1.2885 1.1800 1.3919
1.1800 1.2134 1.1800 1.3051
1.1700 1.2463 1.1700 1.2834
1.1800 1.1218 1.1800 1.1652
1.1700 1.1479 1.1700 1.1492
1.1500 1.1682 1.1500 1.1439
1.1300 1.1535 1.1300 1.1372
1.1100 1.1816 1.1100 1.1613
1.1000 1.1499 1.1000 1.1414
1.0800 1.2094 1.0800 1.1911
1.0300 1.1526 1.0300 1.1564
1.0000 1.1068 1.0000 1.1231
0.9900 1.0924 0.9900 1.1014
0.9600 1.0715 0.9600 1.0772
0.9400 1.0851 0.9400 1.0813
0.9200 1.0425 0.9200 1.0447
0.9100 0.9352 0.9100 0.9515
0.9000 0.9525 0.9000 0.9497
0.8900 0.9857 0.8900 0.9694
0.8600 0.9187 0.8600 0.9163
0.8200 0.9146 0.8200 0.9149
0.8000 0.9031 0.8000 0.8999
0.8300 0.9143 0.8300 0.9150
0.8300 0.9076 0.8300 0.9126
0.8300 0.8993 0.8300 0.9073
0.8300 0.8564 0.8300 0.8549
0.8200 0.8366 0.8200 0.8058
0.8200 0.8489 0.8200 0.8121
0.8200 0.9371 0.8200 0.9143
0.8100 0.8733 0.8100 0.8834
0.8000 0.8722 0.8000 0.8913
0.8200 0.8783 0.8200 0.8966
0.8400 0.8540 0.8400 0.8783
0.8600 0.8654 0.8600 0.8930
0.8500 0.8663 0.8500 0.8879
0.8200 0.8470 0.8200 0.8644
0.8200 0.8427 0.8200 0.8534
0.8300 0.9109 0.8300 0.9157
0.8700 0.9317 0.8700 0.9417
0.9100 0.9494 0.9100 0.9667
0.9500 0.8744 0.9500 0.9153
0.9800 0.8350 0.9800 0.8541
1.0400 0.8682 1.0400 0.8901
1.0900 0.8969 1.0900 0.9099
1.0900 1.0008 1.0900 0.9948
1.1100 1.0440 1.1100 1.0404
1.1500 1.0818 1.1500 1.0900
1.1800 1.0889 1.1800 1.1134
1.2600 1.2155 1.2600 1.2189
1.3500 1.2395 1.3500 1.2554
1.4000 1.1132 1.4000 1.1754
1.4100 1.1827 1.4100 1.2134
1.4400 1.2708 1.4400 1.2715
1.5400 1.2646 1.5400 1.2814
1.6800 1.4671 1.6800 1.4272
1.7600 1.5835 1.7600 1.5127
1.7400 1.5207 1.7400 1.5165
1.6800 1.4355 1.6800 1.4825
1.6400 1.5250 1.6400 1.5340
1.5500 1.8018 1.5500 1.7027
1.4800 2.0029 1.4800 1.8625
1.4400 1.9142 1.4400 1.8507
1.4100 1.6531 1.4100 1.7232
1.4000 1.5234 1.4000 1.6387
1.3600 1.5422 1.3600 1.5933
1.3200 1.2915 1.3200 1.3709
1.2800 1.2700 1.2800 1.2806
1.2900 1.3161 1.2900 1.2553
1.2900 1.2994 1.2900 1.2390
1.3400 1.3446 1.3400 1.2774
1.4000 1.2349 1.4000 1.2068
1.3800 1.2030 1.3800 1.1878
1.3400 1.1731 1.3400 1.1579
1.3000 1.3060 1.3000 1.2483
1.2700 1.2786 1.2700 1.2426
1.2500 1.4528 1.2500 1.3821
1.2500 1.5458 1.2500 1.4809
1.2600 1.3122 1.2600 1.3557
1.2300 1.2377 1.2300 1.2937
1.1800 1.2093 1.1800 1.2370
1.1800 1.1919 1.1800 1.2048
1.2200 1.1922 1.2200 1.1817
1.2500 1.2418 1.2500 1.2009
1.2400 1.2783 1.2400 1.2361
1.1800 1.1502 1.1800 1.1591
1.1600 1.0585 1.1600 1.0860
1.1800 1.1883 1.1800 1.1592
1.2600 1.3212 1.2600 1.2630
1.2300 1.3171 1.2300 1.2882
1.1700 1.2129 1.1700 1.2271
1.1200 1.0414 1.1200 1.0976
1.0900 1.1241 1.0900 1.1335
1.0600 1.2378 1.0600 1.2039
1.0300 1.4539 1.0300 1.3752
1.0500 1.1497 1.0500 1.1866
1.0500 1.0266 1.0500 1.0887
1.1100 1.0248 1.1100 1.0491
1.1200 1.0503 1.1200 1.0352
1.0600 0.9990 1.0600 0.9949
1.0000 0.9657 1.0000 0.9520
1.0100 1.1098 1.0100 1.0563
0.9800 1.0651 0.9800 1.0466
0.9400 1.2657 0.9400 1.2152
0.9000 1.1630 0.9000 1.1663
0.8900 0.9308 0.8900 1.0104
0.8600 0.9135 0.8600 0.9426
0.8200 1.0570 0.8200 1.0355
0.8000 0.9458 0.8000 0.9451
0.8200 0.8808 0.8200 0.8831
0.8200 0.8717 0.8200 0.8431
0.8200 0.9121 0.8200 0.8832
0.8000 0.8648 0.8000 0.8374
0.8100 0.8338 0.8100 0.7972
0.8300 0.8444 0.8300 0.8023
0.8600 0.9050 0.8600 0.8844
0.8700 0.8651 0.8700 0.8718
0.9000 0.8635 0.9000 0.8796
0.9100 0.8307 0.9100 0.8370
0.8900 0.8782 0.8900 0.8940
0.8900 0.9224 0.8900 0.9324
0.9100 0.9717 0.9100 0.9791
0.9500 0.9384 0.9500 0.9649
0.9900 1.0113 0.9900 1.0249
1.0600 0.9768 1.0600 1.0092
1.1300 0.8837 1.1300 0.9418
1.1900 0.9292 1.1900 0.9599
1.1700 0.9943 1.1700 1.0006
1.2500 1.0755 1.2500 1.0719
1.3600 1.1157 1.3600 1.1146
1.3900 1.2554 1.3900 1.2361
1.4400 1.3258 1.4400 1.3158
1.5000 1.3556 1.5000 1.3613
1.5000 1.1408 1.5000 1.2281
1.5000 1.4667 1.5000 1.4367
1.5100 1.6533 1.5100 1.5623
1.5000 1.4482 1.5000 1.4898
1.5400 1.5677 1.5400 1.5508
1.5200 1.6655 1.5200 1.6142
1.4700 1.4843 1.4700 1.5539
1.4100 1.4915 1.4100 1.5372
1.3600 1.5350 1.3600 1.5342
1.3400 1.4563 1.3400 1.4783
1.3400 1.6281 1.3400 1.5854
1.3500 1.4454 1.3500 1.4604
1.3500 1.3161 1.3500 1.3631
1.3500 1.2526 1.3500 1.2779
1.3400 1.2223 1.3400 1.2230
1.3400 1.2737 1.3400 1.2386
1.3500 1.3204 1.3500 1.2607
1.3600 1.3555 1.3600 1.2987
1.3500 1.3352 1.3500 1.3038
1.3400 1.3408 1.3400 1.3220
1.3200 1.3091 1.3200 1.3074
1.3200 1.3338 1.3200 1.3247
1.3200 1.3692 1.3200 1.3492
1.3300 1.3753 1.3300 1.3590
1.3400 1.3150 1.3400 1.3207
1.3500 1.3090 1.3500 1.3104
1.3500 1.2659 1.3500 1.2729
1.3300 1.3140 1.3300 1.2991
1.3200 1.3132 1.3200 1.2959
1.2500 1.3453 1.2500 1.3217
1.2300 1.3583 1.2300 1.3379
1.2100 1.3676 1.2100 1.3535
1.2200 1.3438 1.2200 1.3439
1.2300 1.2738 1.2300 1.2920
1.2100 1.2919 1.2100 1.2929
1.1900 1.0715 1.1900 1.1223
1.1700 1.1776 1.1700 1.1660
1.1500 1.1624 1.1500 1.1370
1.1300 1.2346 1.1300 1.1937
1.1300 1.2522 1.1300 1.2155
1.1400 1.1579 1.1400 1.1595
1.1500 1.1457 1.1500 1.1536
1.1400 1.1294 1.1400 1.1326
1.1600 1.1057 1.1600 1.1115
1.1800 1.0868 1.1800 1.0871
1.2000 1.1367 1.2000 1.1151
1.2100 1.1716 1.2100 1.1470
1.2200 1.1807 1.2200 1.1664
1.2100 1.1249 1.2100 1.1344
1.2200 1.2200 1.2200 1.2041
1.2300 1.2403 1.2300 1.2294
1.2200 1.2540 1.2200 1.2531
1.2300 1.2427 1.2300 1.2495
1.2500 1.2525 1.2500 1.2585
1.2800 1.1930 1.2800 1.2179
1.3000 1.2508 1.3000 1.2511
1.3200 1.2607 1.3200 1.2558
1.3400 1.1958 1.3400 1.2121
1.3500 1.2591 1.3500 1.2504
1.3600 1.3045 1.3600 1.2843
1.3600 1.3533 1.3600 1.3352
1.3700 1.3488 1.3700 1.3438
1.3700 1.3695 1.3700 1.3665
1.3800 1.3911 1.3800 1.3901
1.3800 1.3724 1.3800 1.3827
1.3900 1.3818 1.3900 1.3882
1.3900 1.3560 1.3900 1.3653
1.4000 1.3897 1.4000 1.3850
1.3900 1.3632 1.3900 1.3643
1.3900 1.3963 1.3900 1.3857
1.3900 1.3720 1.3900 1.3685
1.3900 1.4056 1.3900 1.3924
1.3800 1.3813 1.3800 1.3773
1.3700 1.4148 1.3700 1.4012
1.3500 1.3548 1.3500 1.3602
1.3400 1.3796 1.3400 1.3725
1.3300 1.3823 1.3300 1.3708
1.3200 1.3774 1.3200 1.3679
1.3100 1.3435 1.3100 1.3424
1.3000 1.3349 1.3000 1.3293
1.2800 1.2908 1.2800 1.2930
1.2700 1.3059 1.2700 1.2948
1.2600 1.2965 1.2600 1.2825
1.2500 1.2846 1.2500 1.2720
1.2300 1.2773 1.2300 1.2643
1.2200 1.2684 1.2200 1.2561
1.2100 1.2243 1.2100 1.2239
1.2100 1.2411 1.2100 1.2293
1.1900 1.2323 1.1900 1.2198
1.1800 1.2207 1.1800 1.2116
1.1700 1.1787 1.1700 1.1783
1.1700 1.1953 1.1700 1.1842
1.1600 1.1867 1.1600 1.1769
1.1500 1.2099 1.1500 1.1944
1.1400 1.1428 1.1400 1.1473
1.1200 1.1587 1.1200 1.1540
1.1000 1.1523 1.1000 1.1463
1.0500 1.1738 1.0500 1.1629
1.0000 1.1412 1.0000 1.1409
0.9800 1.1318 0.9800 1.1317
0.9600 1.1249 0.9600 1.1247
0.9500 1.0804 0.9500 1.0901
0.9700 1.0618 0.9700 1.0696
0.9500 0.9544 0.9500 0.9718
0.9200 0.9308 0.9200 0.9175
0.9300 0.9626 0.9300 0.9370
0.9500 0.9405 0.9500 0.9198
0.9800 0.9453 0.9800 0.9331
1.0200 1.0407 1.0200 1.0071
0.9900 0.9308 0.9900 0.9454
0.9700 0.8784 0.9700 0.9107
0.9500 0.9857 0.9500 0.9779
0.9300 1.0269 0.9300 1.0184
0.9200 1.0762 0.9200 1.0716
0.9200 1.1430 0.9200 1.1310
0.9300 0.9500 0.9300 1.0058
0.9100 0.9521 0.9100 0.9988
0.9100 0.9371 0.9100 0.9662
0.9200 0.9238 0.9200 0.9371
0.9200 0.9241 0.9200 0.9341
0.9100 0.9492 0.9100 0.9441
0.9000 0.9831 0.9000 0.9783
0.9000 0.8968 0.9000 0.9223
0.9100 0.9425 0.9100 0.9542
0.9200 0.9789 0.9200 0.9817
0.9300 0.9524 0.9300 0.9714
0.9300 0.9209 0.9300 0.9476
0.9400 0.9128 0.9400 0.9344
0.9600 0.9352 0.9600 0.9502
0.9800 0.9673 0.9800 0.9751
1.0200 0.9771 1.0200 0.9865
1.0400 0.9874 1.0400 0.9996
1.0900 0.9652 1.0900 0.9880
1.1400 0.9970 1.1400 1.0134
1.2200 1.0398 1.2200 1.0479
1.2600 1.0573 1.2600 1.0686
1.4400 1.1428 1.4400 1.1398
1.6400 1.1157 1.6400 1.1328
1.7900 1.2330 1.7900 1.2303
1.7300 1.2846 1.7300 1.2829
1.6800 1.4304 1.6800 1.4023
1.6700 1.3714 1.6700 1.3898
1.7100 1.8505 1.7100 1.7130
1.7300 2.0636 1.7300 1.9161
1.7200 2.0544 1.7200 1.9933
1.6800 1.5356 1.6800 1.6991
1.6600 1.5699 1.6600 1.6905
1.6400 1.6786 1.6400 1.7174
1.6000 1.7882 1.6000 1.7665
1.5700 1.7326 1.5700 1.7123
1.5600 1.6465 1.5600 1.6367
1.5400 1.5489 1.5400 1.5679
1.5600 1.5899 1.5600 1.5804
1.5600 1.5618 1.5600 1.5494
1.5500 1.4575 1.5500 1.4616
1.5500 1.4635 1.5500 1.4395
1.5300 1.5095 1.5300 1.4584
1.5000 1.4556 1.5000 1.4289
1.4900 1.5849 1.4900 1.5191
1.4800 1.5324 1.4800 1.4973
1.4800 1.4933 1.4800 1.4848
1.4600 1.5335 1.4600 1.5089
1.4600 1.4564 1.4600 1.4564
1.4600 1.3999 1.4600 1.4105
1.4500 1.4488 1.4500 1.4223
1.4400 1.4335 1.4400 1.4079
1.4200 1.4560 1.4200 1.4256
1.4200 1.3873 1.4200 1.3767
1.4100 1.4425 1.4100 1.4127
1.3900 1.4450 1.3900 1.4185
1.4000 1.4032 1.4000 1.3953
1.4000 1.3989 1.4000 1.3879
1.3800 1.3549 1.3800 1.3504
1.3600 1.4065 1.3600 1.3824
1.3600 1.3697 1.3600 1.3555
1.3500 1.3218 1.3500 1.3199
1.3300 1.4158 1.3300 1.3781
1.3100 1.3867 1.3100 1.3651
1.2900 1.3118 1.2900 1.3198
1.2800 1.3014 1.2800 1.2990
1.2700 1.3536 1.2700 1.3277
1.2500 1.3127 1.2500 1.3040
1.2500 1.2669 1.2500 1.2669
1.2400 1.2536 1.2400 1.2458
1.2300 1.2342 1.2300 1.2263
1.2300 1.2486 1.2300 1.2326
1.2300 1.2389 1.2300 1.2223
1.2200 1.1946 1.2200 1.1899
1.2100 1.2481 1.2100 1.2244
1.2100 1.2140 1.2100 1.2036
1.2000 1.2022 1.2000 1.1983
1.1900 1.2318 1.1900 1.2158
1.1800 1.2305 1.1800 1.2185
1.1700 1.1953 1.1700 1.1982
1.1500 1.1881 1.1500 1.1880
1.1300 1.2142 1.1300 1.2037
1.1100 1.1779 1.1100 1.1799
1.0900 1.1681 1.0900 1.1696
1.0800 1.1611 1.0800 1.1586
1.1100 1.1505 1.1100 1.1493
1.1400 1.1070 1.1400 1.1149
1.1400 1.0887 1.1400 1.0929
1.1500 1.0709 1.1500 1.0722
1.1200 1.0512 1.1200 1.0522
1.1100 1.0667 1.1100 1.0583
1.1000 1.1935 1.1000 1.1527
1.0900 1.2229 1.0900 1.1950
1.1000 1.1487 1.1000 1.1622
1.1000 1.1889 1.1000 1.1934
1.1100 1.0641 1.1100 1.1037
1.1300 1.0979 1.1300 1.1181
1.1000 1.0914 1.1000 1.0967
1.0700 1.0753 1.0700 1.0799
1.0500 1.1362 1.0500 1.1207
1.0600 1.1129 1.0600 1.1075
1.0800 1.1460 1.0800 1.1411
1.1100 1.1932 1.1100 1.1808
1.1900 1.0409 1.1900 1.0795
1.3000 1.0132 1.3000 1.0468
1.3000 1.0224 1.3000 1.0314
1.3200 1.0976 1.3200 1.0821
1.4000 1.1408 1.4000 1.1193
1.4800 1.1944 1.4800 1.1699
1.4300 1.3991 1.4300 1.3425
1.3700 1.5771 1.3700 1.4902
1.3500 1.2989 1.3500 1.3689
1.4000 1.3789 1.4000 1.4191
1.4400 1.6248 1.4400 1.5587
1.4000 1.6751 1.4000 1.6293
1.4200 1.2783 1.4200 1.3984
1.4000 1.2208 1.4000 1.2999
1.4100 1.3164 1.4100 1.3171
1.3800 1.5173 1.3800 1.4551
1.3800 1.5156 1.3800 1.4704
1.3700 1.2703 1.3700 1.3055
1.3600 1.4706 1.3600 1.4341
1.3300 1.3478 1.3300 1.3572
1.3600 1.4168 1.3600 1.4120
1.3600 1.2950 1.3600 1.3091
1.2900 1.3667 1.2900 1.3451
1.2100 1.3378 1.2100 1.3254
1.1500 1.3191 1.1500 1.3102
1.1500 1.2454 1.1500 1.2527
1.1700 1.4293 1.1700 1.3717
1.2200 1.3495 1.2200 1.3336
1.2700 1.0971 1.2700 1.1587
1.3100 1.0296 1.3100 1.0578
1.3400 1.0562 1.3400 1.0185
1.3400 1.1465 1.3400 1.0939
1.3600 1.2120 1.3600 1.1445
1.4000 1.3362 1.4000 1.2584
1.4000 1.3947 1.4000 1.3421
1.4400 1.4105 1.4400 1.3964
1.5000 1.4193 1.5000 1.4289
1.5300 1.3427 1.5300 1.3821
1.5600 1.4130 1.5600 1.4244
1.5800 1.5018 1.5800 1.4830
1.6000 1.3868 1.6000 1.4121
1.6100 1.5345 1.6100 1.5103
1.6000 1.6505 1.6000 1.5898
1.6200 1.5843 1.6200 1.5850
1.6400 1.6222 1.6400 1.6124
1.6600 1.6224 1.6600 1.6175
1.7100 1.6356 1.7100 1.6400
1.7900 1.6176 1.7900 1.6275
1.8400 1.5515 1.8400 1.5714
1.9600 1.6558 1.9600 1.6301
2.1000 1.6699 2.1000 1.6424
2.1900 1.6801 2.1900 1.6612
2.2800 1.8187 2.2800 1.7454
2.2800 1.9765 2.2800 1.8539
2.2500 1.9306 2.2500 1.8678
2.1700 2.2358 2.1700 2.0671
2.1300 2.4038 2.1300 2.2210
2.1300 2.3439 2.1300 2.2482
2.1200 2.4570 2.1200 2.3428
2.0900 2.2374 2.0900 2.2400
2.0900 2.1330 2.0900 2.1896
2.0700 1.9301 2.0700 2.0436
2.0600 1.9945 2.0600 2.0060
2.0200 2.0906 2.0200 2.0233
2.0200 2.0100 2.0200 1.9645
2.0200 1.9320 2.0200 1.9100
2.0100 2.0447 2.0100 1.9717
2.0100 1.9597 2.0100 1.9340
1.9600 1.9744 1.9600 1.9467
1.9000 1.8579 1.9000 1.8571
1.8300 1.9759 1.8300 1.9186
1.7700 1.9724 1.7700 1.9213
1.7500 1.9176 1.7500 1.8941
1.7100 1.9629 1.7100 1.9205
1.6300 1.7694 1.6300 1.7904
1.5600 1.6931 1.5600 1.7164
1.5000 1.6092 1.5000 1.6149
1.4500 1.5677 1.4500 1.5491
1.4200 1.6553 1.4200 1.5805
1.3600 1.5489 1.3600 1.5035
1.2500 1.3663 1.2500 1.3724
1.1100 1.3492 1.1100 1.3257
0.9900 1.3186 0.9900 1.2812
0.9100 1.2871 0.9100 1.2476
0.8700 1.3122 0.8700 1.2499
0.8300 1.1788 0.8300 1.1537
0.8000 1.0152 0.8000 1.0143
0.7600 0.9195 0.7600 0.9141
0.7200 0.9039 0.7200 0.8687
0.6600 0.8971 0.6600 0.8407
0.6300 0.8876 0.6300 0.8170
0.6200 0.8460 0.6200 0.7749
0.6300 0.8301 0.6300 0.7640
0.6300 0.8076 0.6300 0.7440
0.6100 0.7953 0.6100 0.7334
0.6100 0.7588 0.6100 0.6899
0.6100 0.7708 0.6100 0.6966
0.6200 0.7789 0.6200 0.7044
0.6200 0.7870 0.6200 0.7207
0.6400 0.7687 0.6400 0.7192
0.6600 0.7453 0.6600 0.6846
0.6500 0.7661 0.6500 0.7182
0.6300 0.7714 0.6300 0.7235
0.6700 0.7782 0.6700 0.7511
0.7000 0.7664 0.7000 0.7380
0.7300 0.7898 0.7300 0.7865
0.7500 0.8035 0.7500 0.8113
0.7500 0.7698 0.7500 0.7617
0.7400 0.7572 0.7400 0.7229
0.7600 0.8333 0.7600 0.8387
0.7600 0.8416 0.7600 0.8610
0.7700 0.8606 0.7700 0.8938
0.7800 0.8610 0.7800 0.8973
0.7800 0.8282 0.7800 0.8688
0.7900 0.8141 0.7900 0.8407
0.8000 0.8608 0.8000 0.8904
0.8000 0.8338 0.8000 0.8577
0.8000 0.8498 0.8000 0.8773
0.8100 0.8581 0.8100 0.8838
0.8300 0.8435 0.8300 0.8705
0.8500 0.8645 0.8500 0.8945
0.8600 0.8748 0.8600 0.9012
0.8700 0.8548 0.8700 0.8873
0.8500 0.8545 0.8500 0.8841
0.8700 0.8821 0.8700 0.9053
0.8900 0.9230 0.8900 0.9405
0.9100 0.9419 0.9100 0.9616
0.9700 0.9288 0.9700 0.9577
1.0200 0.9376 1.0200 0.9670
1.0300 0.8566 1.0300 0.9012
1.0400 0.9559 1.0400 0.9719
1.0500 0.9784 1.0500 0.9889
1.0500 0.9925 1.0500 1.0099
1.0400 1.1461 1.0400 1.1308
1.0500 1.1728 1.0500 1.1728
1.0400 1.0830 1.0400 1.1316
1.0300 1.0949 1.0300 1.1347
1.0100 1.1039 1.0100 1.1343
1.0100 1.0729 1.0100 1.1104
1.0000 1.0378 1.0000 1.0710
1.0200 1.0951 1.0200 1.0986
1.0300 1.0371 1.0300 1.0564
1.0300 1.0247 1.0300 1.0436
1.0200 0.9856 1.0200 1.0046
1.0200 1.0308 1.0200 1.0315
1.0100 0.9987 1.0100 1.0084
1.0100 1.0870 1.0100 1.0729
1.0000 1.0770 1.0000 1.0745
1.0000 1.0505 1.0000 1.0655
1.0100 1.0210 1.0100 1.0437
1.0100 1.0439 1.0100 1.0555
1.0100 1.0097 1.0100 1.0301
1.0000 1.0313 1.0000 1.0401
1.0000 1.0003 1.0000 1.0135
0.9900 1.0223 0.9900 1.0282
0.9600 1.0577 0.9600 1.0554
0.9600 1.0329 0.9600 1.0433
0.9800 1.0333 0.9800 1.0462
1.0200 1.0020 1.0200 1.0209
1.0300 1.0241 1.0300 1.0354
1.0400 0.9917 1.0400 1.0095
1.0400 0.9146 1.0400 0.9470
1.0600 0.9860 1.0600 0.9872
1.0700 1.0537 1.0700 1.0375
1.0900 1.1367 1.0900 1.1161
1.1100 1.0783 1.1100 1.0905
1.1700 1.0884 1.1700 1.1056
1.2400 1.0680 1.2400 1.0935
1.3800 1.1300 1.3800 1.1398
1.5100 1.1152 1.5100 1.1308
1.7400 1.1553 1.7400 1.1601
2.0200 1.1773 2.0200 1.1803
2.2800 1.3309 2.2800 1.3030
2.4200 1.4245 2.4200 1.3961
2.5200 1.7081 2.5200 1.6019
2.5300 1.7936 2.5300 1.7076
2.5500 2.2099 2.5500 2.0443
2.5800 2.5710 2.5800 2.3678
2.6100 2.7302 2.6100 2.5874
2.6500 2.5892 2.6500 2.5813
2.6700 2.6870 2.6700 2.6544
2.6600 2.5527 2.6600 2.5690
2.6500 2.6022 2.6500 2.5845
2.6300 2.6538 2.6300 2.5752
2.6400 2.6300 2.6400 2.5515
2.6600 2.6966 2.6600 2.5743
2.6300 2.6514 2.6300 2.5553
2.6600 2.5556 2.6600 2.5173
2.6600 2.5693 2.6600 2.5129
2.6600 2.5148 2.6600 2.4776
2.6500 2.6073 2.6500 2.5132
2.6300 2.6436 2.6300 2.5290
2.5900 2.4412 2.5900 2.4367
2.5700 2.6944 2.5700 2.5449
2.5500 2.5883 2.5500 2.5067
2.5400 2.5676 2.5400 2.5115
2.5100 2.5592 2.5100 2.4918
2.4800 2.5005 2.4800 2.4604
2.4700 2.4056 2.4700 2.4047
2.4500 2.4536 2.4500 2.4027
2.4200 2.4233 2.4200 2.3763
2.3900 2.4308 2.3900 2.3724
2.3600 2.3434 2.3600 2.3192
2.3300 2.3222 2.3300 2.2958
2.3000 2.3830 2.3000 2.3143
2.2600 2.3161 2.2600 2.2810
2.2200 2.2564 2.2200 2.2424
2.1900 2.2418 2.1900 2.2160
2.1700 2.2113 2.1700 2.1852
2.1400 2.1781 2.1400 2.1535
2.1100 2.1485 2.1100 2.1189
2.0700 2.0798 2.0700 2.0608
2.0300 2.0452 2.0300 2.0207
2.0000 2.0481 2.0000 2.0052
1.9500 2.0517 1.9500 2.0002
1.9100 1.9882 1.9100 1.9569
1.8600 1.9653 1.8600 1.9322
1.8200 1.9036 1.8200 1.8810
1.7700 1.8656 1.7700 1.8422
1.7300 1.8674 1.7300 1.8267
1.6900 1.7553 1.6900 1.7406
1.6500 1.7500 1.6500 1.7168
1.6100 1.6773 1.6100 1.6496
1.5700 1.6633 1.5700 1.6252
1.5300 1.5895 1.5300 1.5612
1.5000 1.5783 1.5000 1.5368
1.4400 1.5430 1.4400 1.5023
1.3600 1.5022 1.3600 1.4660
1.3000 1.4679 1.3000 1.4333
1.2300 1.4312 1.2300 1.3977
1.1600 1.3944 1.1600 1.3641
1.1300 1.3939 1.1300 1.3543
1.2000 1.2573 1.2000 1.2526
1.1800 1.1338 1.1800 1.1444
1.1400 1.1394 1.1400 1.1120
1.0100 1.0801 1.0100 1.0444
0.9200 1.0220 0.9200 0.9913
0.7900 1.0513 0.7900 0.9960
0.6700 1.3670 0.6700 1.2313
0.5800 1.1226 0.5800 1.1098
0.5300 1.0399 0.5300 1.0648
0.5100 0.8550 0.5100 0.8529
0.4900 0.8848 0.4900 0.8582
0.4800 0.8046 0.4800 0.7635
0.4900 0.7646 0.4900 0.7120
0.4800 0.7397 0.4800 0.6812
0.5000 0.7328 0.5000 0.6658
0.5400 0.7265 0.5400 0.6515
0.5700 0.7030 0.5700 0.6334
0.6400 0.6999 0.6400 0.6309
0.6800 0.7192 0.6800 0.6498
0.8100 0.7022 0.8100 0.6425
0.9600 0.7283 0.9600 0.6726
1.1200 0.7619 1.1200 0.7458
1.2900 0.7674 1.2900 0.7718
1.3700 0.8748 1.3700 0.8986
1.4100 0.8538 1.4100 0.8996
1.4100 1.1555 1.4100 1.1536
1.4300 1.3242 1.4300 1.3022
1.4300 1.4729 1.4300 1.4547
1.4200 1.6415 1.4200 1.6129
1.4400 1.5425 1.4400 1.5803
1.4600 1.5238 1.4600 1.5777
1.4700 1.4321 1.4700 1.5227
1.4700 1.4906 1.4700 1.5489
1.4900 1.4281 1.4900 1.4777
1.5000 1.3814 1.5000 1.4124
1.4800 1.4847 1.4800 1.4603
1.4900 1.4978 1.4900 1.4723
1.5000 1.4754 1.5000 1.4704
1.5000 1.4561 1.5000 1.4547
1.5100 1.5309 1.5100 1.5064
1.5200 1.5102 1.5200 1.5023
1.5300 1.4075 1.5300 1.4313
1.5200 1.5052 1.5200 1.4828
1.5100 1.5123 1.5100 1.4880
1.5800 1.4755 1.5800 1.4724
1.6300 1.5190 1.6300 1.4970
1.6000 1.5290 1.6000 1.5065
1.5400 1.5354 1.5400 1.5218
1.5000 1.4741 1.5000 1.4795
1.5000 1.4669 1.5000 1.4659
1.5000 1.7522 1.5000 1.6592
1.4900 1.7317 1.4900 1.6755
1.5000 1.4775 1.5000 1.5386
1.5300 1.3736 1.5300 1.4333
1.5100 1.3972 1.5100 1.4072
1.4900 1.4844 1.4900 1.4508
1.5200 1.4682 1.5200 1.4314
1.5300 1.4322 1.5300 1.4024
1.5000 1.5070 1.5000 1.4573
1.4500 1.5902 1.4500 1.5355
1.4000 1.4306 1.4000 1.4488
1.4000 1.4202 1.4000 1.4305
1.3700 1.5924 1.3700 1.5352
1.3700 1.5314 1.3700 1.5137
1.3800 1.3919 1.3800 1.4224
1.3700 1.3095 1.3700 1.3342
1.3700 1.2642 1.3700 1.2751
1.4000 1.3877 1.4000 1.3428
1.4300 1.2715 1.4300 1.2568
1.4200 1.3483 1.4200 1.3049
1.3800 1.3956 1.3800 1.3420
1.3800 1.3268 1.3800 1.3157
1.3500 1.3597 1.3500 1.3445
1.3400 1.4705 1.3400 1.4229
1.3400 1.4926 1.3400 1.4633
1.3300 1.3768 1.3300 1.3971
1.3400 1.2704 1.3400 1.3092
1.3800 1.3805 1.3800 1.3637
1.3600 1.2647 1.3600 1.2778
1.3600 1.2990 1.3600 1.2886
1.4000 1.3334 1.4000 1.2982
1.3800 1.2913 1.3800 1.2764
1.3600 1.3563 1.3600 1.3279
1.3200 1.4749 1.3200 1.4193
1.2700 1.2947 1.2700 1.3177
1.2400 1.3523 1.2400 1.3530
1.2100 1.5047 1.2100 1.4538
1.1700 1.3124 1.1700 1.3421
1.1400 1.2976 1.1400 1.3210
1.1100 1.2208 1.1100 1.2363
1.0900 1.1383 1.0900 1.1633
1.0500 1.1616 1.0500 1.1531
1.0300 1.1298 1.0300 1.1100
1.0600 1.0652 1.0600 1.0583
1.1100 1.0669 1.1100 1.0471
1.1700 1.0412 1.1700 1.0244
1.1400 1.0464 1.1400 1.0293
1.1100 0.9636 1.1100 0.9666
1.1200 0.9938 1.1200 0.9817
1.1300 1.1468 1.1300 1.0953
1.1400 1.2422 1.1400 1.1922
1.1000 1.3251 1.1000 1.2889
1.0900 1.0813 1.0900 1.1374
1.0800 1.0559 1.0800 1.1100
1.0600 1.1687 1.0600 1.1689
1.0700 1.1641 1.0700 1.1679
1.0900 1.1696 1.0900 1.1715
1.1000 1.0160 1.1000 1.0491
1.1000 1.0803 1.1000 1.0849
1.0900 1.0737 1.0900 1.0748
1.0700 1.0222 1.0700 1.0368
0.9900 1.1080 0.9900 1.0898
0.9000 1.1536 0.9000 1.1275
0.8200 1.1364 0.8200 1.1362
0.7300 1.1157 0.7300 1.1268
0.6600 1.0841 0.6600 1.1030
0.6500 1.0397 0.6500 1.0672
0.6300 0.8844 0.6300 0.8901
0.6200 0.8513 0.6200 0.8290
0.6300 0.8391 0.6300 0.7883
0.6700 0.7935 0.6700 0.7295
0.7100 0.7685 0.7100 0.6971
0.7100 0.8002 0.7100 0.7084
0.7100 0.7718 0.7100 0.6876
0.7500 0.7595 0.7500 0.6846
0.8200 0.7768 0.8200 0.7180
0.8400 0.8343 0.8400 0.8235
0.9400 0.8678 0.9400 0.8835
1.0000 0.8054 1.0000 0.8340
1.0400 0.8036 1.0400 0.8318
1.0500 0.9011 1.0500 0.9232
1.0500 1.0344 1.0500 1.0384
1.0700 0.9410 1.0700 0.9881
1.0700 1.2157 1.0700 1.2002
1.0700 1.1902 1.0700 1.2087
1.0600 1.1661 1.0600 1.2225
1.0500 1.1117 1.0500 1.1763
1.0200 1.0814 1.0200 1.1403
1.0100 1.1442 1.0100 1.1757
1.0300 1.0914 1.0300 1.1244
1.0400 1.0874 1.0400 1.1118
1.0600 1.0571 1.0600 1.0773
1.0600 1.0448 1.0600 1.0624
1.0500 0.9688 1.0500 0.9990
1.0400 1.0054 1.0400 1.0108
1.0300 1.0979 1.0300 1.0746
1.0100 1.0814 1.0100 1.0758
0.9900 1.1255 0.9900 1.1188
1.0000 1.0826 1.0000 1.0948
1.0200 1.0468 1.0200 1.0745
1.0300 1.0388 1.0300 1.0616
1.0400 1.0270 1.0400 1.0438
1.0500 0.9827 1.0500 1.0045
1.0700 0.9639 1.0700 0.9786
1.0800 1.0455 1.0800 1.0315
1.0800 1.0888 1.0800 1.0722
1.0500 1.0737 1.0500 1.0760
1.0200 1.0865 1.0200 1.0921
1.0100 1.0980 1.0100 1.1067
1.0100 1.1393 1.0100 1.1450
1.0000 1.1241 1.0000 1.1392
0.9900 1.0986 0.9900 1.1210
0.9900 0.9992 0.9900 1.0415
0.9900 0.9694 0.9900 1.0023
1.0000 1.0075 1.0000 1.0123
1.0100 1.0283 1.0100 1.0224
1.0100 0.9950 1.0100 0.9994
1.0100 0.9883 1.0100 0.9923
1.0000 1.0147 1.0000 1.0131
1.0000 1.0143 1.0000 1.0196
1.0300 1.0472 1.0300 1.0480
1.0300 1.0585 1.0300 1.0608
1.0300 1.0344 1.0300 1.0501
1.0300 1.0351 1.0300 1.0516
0.9900 1.0023 0.9900 1.0251
0.9800 1.0242 0.9800 1.0373
1.0000 1.1247 1.0000 1.1099
1.0300 1.0523 1.0300 1.0683
1.0400 1.0510 1.0400 1.0703
1.0600 1.0563 1.0600 1.0686
1.0800 0.9223 1.0800 0.9682
1.1000 0.9793 1.1000 0.9951
1.1100 1.0725 1.1100 1.0514
1.1100 1.1202 1.1100 1.1028
1.1200 1.0844 1.1200 1.0916
1.1200 1.1307 1.1200 1.1311
1.1100 1.1522 1.1100 1.1592
1.1100 1.1672 1.1100 1.1814
1.1300 1.1526 1.1300 1.1731
1.1300 1.1275 1.1300 1.1517
1.1400 1.1612 1.1400 1.1719
1.1500 1.1352 1.1500 1.1513
1.1600 1.0986 1.1600 1.1209
1.1800 1.1247 1.1800 1.1297
1.1900 1.1919 1.1900 1.1773
1.2100 1.1406 1.2100 1.1498
1.2200 1.1747 1.2200 1.1753
1.2400 1.1886 1.2400 1.1863
1.2400 1.1944 1.2400 1.1989
1.2300 1.2391 1.2300 1.2351
1.2300 1.2235 1.2300 1.2284
1.2200 1.2666 1.2200 1.2651
1.2200 1.2528 1.2200 1.2592
1.2200 1.2945 1.2200 1.2933
1.2300 1.2455 1.2300 1.2613
1.2400 1.2087 1.2400 1.2306
1.2400 1.2366 1.2400 1.2399
1.2600 1.1987 1.2600 1.2073
1.2600 1.2212 1.2600 1.2187
1.2700 1.2232 1.2700 1.2148
1.2600 1.2558 1.2600 1.2414
1.2700 1.2668 1.2700 1.2559
1.2900 1.2411 1.2900 1.2432
1.3100 1.3127 1.3100 1.2969
1.3300 1.2621 1.3300 1.2675
1.3300 1.2942 1.3300 1.2933
1.3300 1.2381 1.3300 1.2503
1.3300 1.2949 1.3300 1.2871
1.3300 1.3414 1.3300 1.3224
1.3200 1.3550 1.3200 1.3419
1.2900 1.3766 1.2900 1.3669
1.2800 1.3271 1.2800 1.3371
1.2700 1.3281 1.2700 1.3379
1.2700 1.3291 1.2700 1.3324
1.2600 1.3248 1.2600 1.3255
1.2600 1.2889 1.2600 1.2945
1.2600 1.2097 1.2600 1.2275
1.2500 1.2530 1.2500 1.2431
1.2600 1.2422 1.2600 1.2292
1.2600 1.2627 1.2600 1.2444
1.2700 1.2312 1.2700 1.2215
1.2600 1.2571 1.2600 1.2405
1.2500 1.2597 1.2500 1.2472
1.2300 1.2228 1.2300 1.2244
1.2200 1.2851 1.2200 1.2671
1.2200 1.2600 1.2200 1.2528
1.2100 1.2922 1.2100 1.2816
1.2000 1.2357 1.2000 1.2424
1.2000 1.2248 1.2000 1.2312
1.1900 1.1835 1.1900 1.1943
1.1800 1.1962 1.1800 1.1933
1.1600 1.2215 1.1600 1.2065
1.1500 1.1846 1.1500 1.1805
1.1400 1.1767 1.1400 1.1736
1.1200 1.2046 1.1200 1.1907
1.0800 1.1688 1.0800 1.1694
1.0200 1.1590 1.0200 1.1611
0.9800 1.1178 0.9800 1.1247
0.9700 1.1321 0.9700 1.1292
0.9700 1.1233 0.9700 1.1195
0.9900 1.0783 0.9900 1.0844
1.0100 0.9940 1.0100 1.0148
1.0400 0.9283 1.0400 0.9218
1.0600 0.9400 1.0600 0.9112
1.0800 0.9688 1.0800 0.9388
1.1000 0.9867 1.1000 0.9610
1.1100 1.0563 1.1100 1.0240
1.1000 1.0813 1.1000 1.0617
1.0900 1.1348 1.0900 1.1250
1.1000 1.1326 1.1000 1.1419
1.1300 1.1503 1.1300 1.1655
1.1400 1.1702 1.1400 1.1852
1.1400 1.1531 1.1400 1.1760
1.1500 1.0937 1.1500 1.1300
1.1500 1.0839 1.1500 1.1096
1.1500 1.1411 1.1500 1.1411
1.1500 1.2156 1.1500 1.1982
1.1300 1.1746 1.1300 1.1798
1.2200 1.1517 1.2200 1.1666
1.3400 1.1900 1.3400 1.1926
1.4100 1.1626 1.4100 1.1772
1.3300 1.1597 1.3300 1.1735
1.2300 1.1614 1.2300 1.1667
1.2000 1.0917 1.2000 1.1132
1.1900 1.4508 1.1900 1.3710
1.2200 1.6443 1.2200 1.5265
1.2400 1.5700 1.2400 1.5345
1.2400 1.1257 1.2400 1.2705
1.2800 1.0205 1.2800 1.1246
1.3000 1.1640 1.3000 1.1640
1.2900 1.1606 1.2900 1.1456
1.2900 1.2783 1.2900 1.2171
1.3300 1.2833 1.3300 1.2256
1.3600 1.2370 1.3600 1.2248
1.3800 1.3858 1.3800 1.3507
1.4400 1.3529 1.4400 1.3487
1.4400 1.2602 1.4400 1.2963
1.4100 1.2950 1.4100 1.3038
1.4200 1.4342 1.4200 1.3982
1.4500 1.4279 1.4500 1.4153
1.5500 1.4193 1.5500 1.4195
1.5500 1.5914 1.5500 1.5381
1.5200 1.4292 1.5200 1.4578
1.5100 1.3208 1.5100 1.3808
1.5000 1.4505 1.5000 1.4373
1.4900 1.5187 1.4900 1.4850
1.4700 1.7894 1.4700 1.6764
1.4400 1.5178 1.4400 1.5439
1.4400 1.4196 1.4400 1.4779
1.5100 1.4934 1.5100 1.4978
1.6000 1.4616 1.6000 1.4684
1.6300 1.4402 1.6300 1.4441
1.7000 1.3976 1.7000 1.3873
1.6700 1.3443 1.6700 1.3398
1.6100 1.4260 1.6100 1.3888
1.5300 1.6762 1.5300 1.5733
1.4700 1.8063 1.4700 1.6893
1.4100 1.6681 1.4100 1.6502
1.3700 1.8705 1.3700 1.7756
1.3600 1.5722 1.3600 1.6433
1.4100 1.4298 1.4100 1.5324
1.4900 1.3226 1.4900 1.3861
1.5100 1.2990 1.5100 1.3085
1.4700 1.2315 1.4700 1.2222
1.3900 1.2391 1.3900 1.1903
1.3000 1.3117 1.3000 1.2339
1.2100 1.5155 1.2100 1.3991
1.1500 1.6721 1.1500 1.5633
1.1100 1.5307 1.1100 1.5231
1.0600 1.3511 1.0600 1.4139
1.0200 1.1900 1.0200 1.2701
0.9800 1.1226 0.9800 1.1390
0.9300 1.0666 0.9300 1.0466
0.8900 1.0521 0.8900 1.0076
0.8500 1.0295 0.8500 0.9764
0.8200 0.9628 0.8200 0.9250
0.7900 0.9442 0.7900 0.9071
0.7700 0.9245 0.7700 0.8888
0.7400 0.8849 0.7400 0.8564
0.7200 0.8750 0.7200 0.8407
0.6900 0.8587 0.6900 0.8168
0.6700 0.8504 0.6700 0.8060
0.6500 0.8336 0.6500 0.7854
0.6300 0.8302 0.6300 0.7811
0.6200 0.8081 0.6200 0.7564
0.6200 0.8067 0.6200 0.7542
0.6600 0.7873 0.6600 0.7304
0.7200 0.7863 0.7200 0.7279
0.8100 0.7770 0.8100 0.7157
0.9000 0.7673 0.9000 0.7041
0.9800 0.7683 0.9800 0.7051
1.0000 0.7742 1.0000 0.7130
1.0200 0.8273 1.0200 0.8178
1.0400 0.9211 1.0400 0.9190
1.1100 1.0747 1.1100 1.0666
1.1500 1.1621 1.1500 1.1672
1.1500 1.2125 1.1500 1.2294
1.2300 1.0938 1.2300 1.1753
1.2800 1.1067 1.2800 1.1785
1.3000 1.1245 1.3000 1.1763
1.3000 1.3024 1.3000 1.3013
1.3300 1.2664 1.3300 1.2852
1.3500 1.1635 1.3500 1.2154
1.3600 1.4473 1.3600 1.4064
1.3700 1.4172 1.3700 1.4164
1.3700 1.3455 1.3700 1.3921
1.3900 1.3105 1.3900 1.3496
1.4300 1.4141 1.4300 1.4122
1.4600 1.4002 1.4600 1.4120
1.4500 1.3766 1.4500 1.3917
1.4600 1.3925 1.4600 1.3934
1.4400 1.3654 1.4400 1.3727
1.4100 1.4347 1.4100 1.4218
1.3600 1.5245 1.3600 1.4891
1.3200 1.5212 1.3200 1.5057
1.2900 1.4086 1.2900 1.4372
1.2700 1.4802 1.2700 1.4764
1.2400 1.3811 1.2400 1.4033
1.2100 1.3179 1.2100 1.3461
1.1900 1.2248 1.1900 1.2488
1.1700 1.2092 1.1700 1.2071
1.1500 1.2051 1.1500 1.1857
1.1400 1.2071 1.1400 1.1760
1.1100 1.1550 1.1100 1.1364
1.1000 1.1300 1.1000 1.1138
1.1100 1.1402 1.1100 1.1181
1.0900 1.1208 1.0900 1.1055
1.0700 1.1023 1.0700 1.0920
1.0400 1.1203 1.0400 1.1019
1.0300 1.0441 1.0300 1.0487
1.0400 1.0840 1.0400 1.0736
1.0900 1.1458 1.0900 1.1180
1.1200 1.0508 1.1200 1.0607
1.1100 1.0341 1.1100 1.0455
1.0800 0.9871 1.0800 0.9997
1.0600 1.0221 1.0600 1.0208
1.0300 1.0807 1.0300 1.0623
0.9800 1.2240 0.9800 1.1776
0.9300 1.2071 0.9300 1.1934
0.8700 1.1005 0.8700 1.1348
0.8000 1.0300 0.8000 1.0767
0.7400 1.0340 0.7400 1.0620
0.7100 0.9799 0.7100 1.0060
0.7000 0.9132 0.7000 0.9123
0.6800 0.8859 0.6800 0.8661
0.6500 0.8581 0.6500 0.8220
0.6100 0.8216 0.6100 0.7707
0.5500 0.8037 0.5500 0.7380
0.5000 0.8116 0.5000 0.7397
0.4800 0.8124 0.4800 0.7437
0.4600 0.7843 0.4600 0.7184
0.4400 0.7609 0.4400 0.6946
0.4400 0.7438 0.4400 0.6778
0.4900 0.7128 0.4900 0.6522
0.5700 0.7034 0.5700 0.6396
0.6300 0.7164 0.6300 0.6441
0.6900 0.7013 0.6900 0.6333
0.7500 0.6830 0.7500 0.6213
0.8300 0.6941 0.8300 0.6298
0.9200 0.7480 0.9200 0.7003
1.0200 0.8358 1.0200 0.8410
1.0500 0.8546 1.0500 0.8879
1.0100 0.9070 1.0100 0.9513
