1.1600 1.1871 1.1600 1.2798
1.1500 1.1625 1.1500 1.2615
1.1400 1.1372 1.1400 1.2375
1.1300 1.1115 1.1300 1.2102
1.0900 1.0858 1.0900 1.1845
1.0500 1.0602 1.0500 1.1590
1.0200 1.0348 1.0200 1.1336
1.0100 1.0734 1.0100 1.2033
1.0100 1.0657 1.0100 1.1734
1.0100 1.0579 1.0100 1.1521
0.9900 0.9580 0.9900 1.0200
0.9700 0.9299 0.9700 1.0185
0.9400 0.9284 0.9400 1.0480
0.9200 0.9550 0.9200 1.0809
0.8900 0.9779 0.8900 1.0917
0.8800 0.9810 0.8800 1.0820
0.8700 0.9231 0.8700 1.0004
0.8600 0.9082 0.8600 1.0112
0.8500 0.8819 0.8500 0.9592
0.8500 0.8825 0.8500 0.9727
0.8500 0.8564 0.8500 0.9142
0.8600 0.8652 0.8600 0.9719
0.8900 0.8567 0.8900 0.9592
0.9100 0.8494 0.9100 0.9334
0.9200 0.8441 0.9200 0.9391
0.9200 0.8561 0.9200 0.9785
0.9200 0.8571 0.9200 0.9670
0.9300 0.8879 0.9300 1.0058
0.9300 0.9593 0.9300 1.1026
0.9200 0.9556 0.9200 1.0580
0.9200 0.9427 0.9200 1.0321
0.9200 0.9226 0.9200 1.0261
0.9200 0.9209 0.9200 1.0333
0.9100 0.9490 0.9100 1.0739
0.8900 0.9250 0.8900 1.0201
0.8800 0.8933 0.8800 0.9787
0.8600 0.9163 0.8600 1.0406
0.8500 0.9156 0.8500 1.0301
0.8400 0.9139 0.8400 1.0143
0.8400 0.8842 0.8400 0.9776
0.8400 0.8600 0.8400 0.9355
0.8500 0.8668 0.8500 0.9786
0.8700 0.8486 0.8700 0.9149
0.8900 0.8506 0.8900 0.9388
0.8800 0.8427 0.8800 0.9365
0.8600 0.8495 0.8600 0.9617
0.8800 0.8487 0.8800 0.9586
0.9400 0.8800 0.9400 0.9992
1.0200 0.9208 1.0200 1.0495
1.0900 0.9387 1.0900 1.0510
1.1600 0.8654 1.1600 0.9324
1.2100 0.8447 1.2100 0.9146
1.2300 0.9305 1.2300 1.1051
1.2400 1.0680 1.2400 1.2487
1.2600 1.1809 1.2600 1.3185
1.2900 1.2257 1.2900 1.3304
1.3100 1.2906 1.3100 1.4232
1.3100 1.2975 1.3100 1.4084
1.3100 1.2434 1.3100 1.3160
1.3200 1.2266 1.3200 1.3275
1.3300 1.2630 1.3300 1.3989
1.3500 1.3062 1.3500 1.4327
1.3700 1.2965 1.3700 1.3852
1.3800 1.2500 1.3800 1.3236
1.3900 1.2519 1.3900 1.3639
1.4100 1.2830 1.4100 1.4157
1.4200 1.2873 1.4200 1.3926
1.4300 1.3279 1.4300 1.4444
1.4400 1.3476 1.4400 1.4628
1.4400 1.3330 1.4400 1.4246
1.4400 1.3438 1.4400 1.4528
1.4400 1.3863 1.4400 1.5180
1.4400 1.3687 1.4400 1.4632
1.4300 1.3772 1.4300 1.4767
1.4200 1.3879 1.4200 1.5036
1.4000 1.3620 1.4000 1.4535
1.3800 1.3614 1.3800 1.4636
1.3600 1.3612 1.3600 1.4723
1.3400 1.3592 1.3400 1.4626
1.3200 1.3253 1.3200 1.4130
1.3100 1.3165 1.3100 1.4179
1.3000 1.2743 1.3000 1.3669
1.2900 1.2548 1.2900 1.3519
1.2600 1.2364 1.2600 1.3411
1.2400 1.2170 1.2400 1.3160
1.2200 1.1990 1.2200 1.2985
1.2100 1.2144 1.2100 1.3315
1.1900 1.2058 1.1900 1.3114
1.1500 1.1974 1.1500 1.2960
1.1200 1.1256 1.1200 1.2000
1.1000 1.1325 1.1000 1.2451
1.0900 1.1150 1.0900 1.2286
1.0800 1.1267 1.0800 1.2348
1.0700 1.0868 1.0700 1.1758
1.0700 1.0063 1.0700 1.0716
1.0600 1.0052 1.0600 1.1203
1.0400 1.0104 1.0400 1.1363
1.0000 1.0220 1.0000 1.1305
0.9600 1.0150 0.9600 1.1148
0.9300 1.0093 0.9300 1.1120
0.9100 1.0349 0.9100 1.1579
0.8900 1.0046 0.8900 1.1000
0.8900 0.9647 0.8900 1.0475
0.8900 0.9024 0.8900 0.9631
0.8700 0.8878 0.8700 0.9486
0.8400 0.8828 0.8400 0.9644
0.8100 0.8764 0.8100 0.9613
0.7900 0.8595 0.7900 0.9304
0.7700 0.8816 0.7700 1.0098
0.7700 0.8855 0.7700 0.9999
0.7500 0.8437 0.7500 0.8969
0.7400 0.8251 0.7400 0.8816
0.7300 0.8167 0.7300 0.8840
0.7200 0.8182 0.7200 0.8898
0.7100 0.8044 0.7100 0.8686
0.7100 0.8151 0.7100 0.9129
0.7300 0.7857 0.7300 0.8424
0.7700 0.7904 0.7700 0.8581
0.8300 0.7873 0.8300 0.8614
0.9500 0.7841 0.9500 0.8504
1.0900 0.7790 1.0900 0.8467
1.2600 0.7855 1.2600 0.8680
1.3800 0.8101 1.3800 0.9455
1.4200 0.8860 1.4200 1.0263
1.4100 0.9817 1.4100 1.1251
1.3900 1.1979 1.3900 1.4307
1.4200 1.3273 1.4200 1.5588
1.4600 1.4979 1.4600 1.7376
1.5600 1.5217 1.5600 1.6806
1.6900 1.4540 1.6900 1.4776
1.8500 1.3532 1.8500 1.4120
1.9700 1.3015 1.9700 1.4187
2.0500 1.4299 2.0500 1.6132
2.0900 1.4745 2.0900 1.5943
2.1300 1.7008 2.1300 1.8853
2.1900 1.8392 2.1900 2.0917
2.2700 2.0092 2.2700 2.2467
2.3700 2.0508 2.3700 2.2020
2.4800 2.0745 2.4800 2.1885
2.5900 2.0851 2.5900 2.1562
2.6600 2.1221 2.6600 2.2301
2.6900 2.2193 2.6900 2.3526
2.6900 2.3327 2.6900 2.4447
2.7000 2.4435 2.7000 2.5833
2.7300 2.5387 2.7300 2.7076
2.8000 2.6312 2.8000 2.7922
2.8500 2.6255 2.8500 2.6772
2.8800 2.5954 2.8800 2.5891
2.8700 2.5188 2.8700 2.5439
2.8200 2.5514 2.8200 2.6305
2.7500 2.6216 2.7500 2.7101
2.6700 2.7848 2.6700 2.8872
2.6100 2.7669 2.6100 2.7740
2.5500 2.7445 2.5500 2.7356
2.5000 2.6377 2.5000 2.6369
2.4700 2.4835 2.4700 2.4634
2.4200 2.3653 2.4200 2.3801
2.3500 2.2580 2.3500 2.2904
2.2100 2.2490 2.2100 2.3222
2.1000 2.1844 2.1000 2.2335
2.0500 2.1624 2.0500 2.2176
2.0500 2.1940 2.0500 2.2954
2.0600 2.0918 2.0600 2.1244
2.0700 1.9784 2.0700 1.9975
2.1100 1.6719 2.1100 1.6372
2.1500 1.6583 2.1500 1.7712
2.1300 1.7658 2.1300 1.9773
2.0900 1.8746 2.0900 2.0109
2.0400 1.9072 2.0400 1.9814
2.0700 1.9316 2.0700 2.0173
2.1300 2.0645 2.1300 2.2263
2.2100 2.1042 2.2100 2.2160
2.2600 1.9255 2.2600 1.8998
2.2500 1.8489 2.2500 1.8966
2.1900 1.7816 2.1900 1.8851
2.1100 2.0086 2.1100 2.2219
2.0300 2.1280 2.0300 2.2758
1.9500 2.2431 1.9500 2.3275
1.8700 2.2196 1.8700 2.2773
1.8000 2.0727 1.8000 2.0651
1.7400 1.8974 1.7400 1.9114
1.7100 1.7714 1.7100 1.8359
1.6900 1.6852 1.6900 1.7648
1.6700 1.5975 1.6700 1.6622
1.6300 1.5179 1.6300 1.5833
1.5800 1.4802 1.5800 1.5754
1.5300 1.4521 1.5300 1.5560
1.4900 1.5019 1.4900 1.6363
1.4700 1.5105 1.4700 1.6240
1.4600 1.4953 1.4600 1.5816
1.4400 1.4166 1.4400 1.4847
1.4200 1.3521 1.4200 1.4341
1.3900 1.3087 1.3900 1.4124
1.3700 1.2940 1.3700 1.4042
1.3400 1.3224 1.3400 1.4463
1.3100 1.3375 1.3100 1.4502
1.2800 1.2976 1.2800 1.3772
1.2800 1.2851 1.2800 1.3845
1.2500 1.2376 1.2500 1.3331
1.2000 1.2431 1.2000 1.3554
1.1300 1.1919 1.1300 1.2823
1.0900 1.1641 1.0900 1.2536
1.0800 1.1392 1.0800 1.2436
1.0700 1.2100 1.0700 1.3559
1.0600 1.1122 1.0600 1.1749
1.0500 1.0223 1.0500 1.0692
1.0500 0.9498 1.0500 1.0003
1.0600 0.9635 1.0600 1.0921
1.0800 1.0089 1.0800 1.1582
1.0900 0.9982 1.0900 1.0859
1.0700 0.9950 1.0700 1.0865
1.0500 0.9937 1.0500 1.1078
1.0300 1.0188 1.0300 1.1430
1.0200 1.0509 1.0200 1.1753
1.0100 1.0917 1.0100 1.2140
1.0000 1.0796 1.0000 1.1759
0.9900 0.9956 0.9900 1.0567
0.9900 0.9792 0.9900 1.0840
0.9800 0.9603 0.9800 1.0770
0.9800 0.9694 0.9800 1.0800
0.9800 0.9599 0.9800 1.0620
0.9600 0.9520 0.9600 1.0518
0.9300 0.9455 0.9300 1.0519
0.9000 0.9690 0.9000 1.0903
0.9100 0.9387 0.9100 1.0332
0.9300 0.9612 0.9300 1.0744
0.9500 0.9632 0.9500 1.0792
0.9700 0.9006 0.9700 0.9736
0.9800 0.8741 0.9800 0.9371
0.9900 0.8631 0.9900 0.9366
1.0000 0.9231 1.0000 1.0834
1.0200 0.9625 1.0200 1.0908
1.0500 0.9806 1.0500 1.0753
1.0900 1.0037 1.0900 1.1185
1.1400 0.9931 1.1400 1.0990
1.1800 1.0013 1.1800 1.1117
1.2300 1.0092 1.2300 1.1248
1.2800 1.0470 1.2800 1.1712
1.3300 1.0951 1.3300 1.2240
1.3800 1.1528 1.3800 1.2811
1.4100 1.2212 1.4100 1.3540
1.4400 1.2355 1.4400 1.3415
1.4600 1.3047 1.4600 1.4352
1.4700 1.3511 1.4700 1.4824
1.4800 1.3942 1.4800 1.5093
1.4900 1.4400 1.4900 1.5604
1.5000 1.4191 1.5000 1.5080
1.5400 1.4458 1.5400 1.5562
1.5800 1.4390 1.5800 1.5470
1.6000 1.4193 1.6000 1.5078
1.5600 1.4269 1.5600 1.5352
1.5100 1.4336 1.5100 1.5446
1.4700 1.4398 1.4700 1.5435
1.4600 1.5493 1.4600 1.7041
1.4700 1.5847 1.4700 1.7038
1.4700 1.5531 1.4700 1.6168
1.4600 1.3750 1.4600 1.3886
1.4600 1.3088 1.4600 1.3934
1.4600 1.2932 1.4600 1.4296
1.4500 1.3444 1.4500 1.4793
1.4500 1.3964 1.4500 1.5187
1.4300 1.3733 1.4300 1.4520
1.4200 1.3471 1.4200 1.4317
1.4000 1.3777 1.4000 1.5100
1.4100 1.3767 1.4100 1.4905
1.4200 1.3408 1.4200 1.4207
1.4100 1.3668 1.4100 1.4847
1.4000 1.3005 1.4000 1.3825
1.3900 1.3145 1.3900 1.4203
1.3900 1.2735 1.3900 1.3735
1.4100 1.3523 1.4100 1.4919
1.4300 1.3617 1.4300 1.4792
1.4400 1.3031 1.4400 1.3626
1.4300 1.2998 1.4300 1.4043
1.4100 1.2925 1.4100 1.4118
1.3700 1.3129 1.3700 1.4283
1.3300 1.3780 1.3300 1.5146
1.2900 1.3959 1.2900 1.5047
1.2700 1.3826 1.2700 1.4684
1.2500 1.3297 1.2500 1.4097
1.2300 1.2888 1.2300 1.3813
1.2200 1.2028 1.2200 1.2786
1.2100 1.1631 1.2100 1.2553
1.2100 1.1247 1.2100 1.2261
1.2100 1.1509 1.2100 1.2731
1.2300 1.1328 1.2300 1.2342
1.2400 1.1162 1.2400 1.2070
1.2400 1.1352 1.2400 1.2561
1.2200 1.1281 1.2200 1.2372
1.1900 1.1522 1.1900 1.2668
1.1700 1.1544 1.1700 1.2648
1.1400 1.2199 1.1400 1.3546
1.1200 1.2073 1.1200 1.3092
1.1000 1.1844 1.1000 1.2678
1.0800 1.1230 1.0800 1.2059
1.0600 1.0722 1.0600 1.1612
1.0400 1.0754 1.0400 1.1950
1.0100 1.0221 1.0100 1.1098
0.9700 1.0255 0.9700 1.1281
0.9400 1.0100 0.9400 1.1186
0.9400 0.9924 0.9400 1.0887
0.9700 0.9769 0.9700 1.0788
1.0000 0.9609 1.0000 1.0641
1.0000 0.9145 1.0000 0.9998
0.9900 0.8876 0.9900 0.9392
0.9600 0.8830 0.9600 0.9686
0.9500 0.9215 0.9500 1.0704
0.9600 1.0150 0.9600 1.1649
0.9800 1.0440 0.9800 1.1511
1.0100 0.9822 1.0100 1.0452
1.0100 0.9558 1.0100 1.0522
1.0200 0.8926 1.0200 0.9778
1.0100 0.9161 1.0100 1.0420
0.9200 0.9672 0.9200 1.1095
0.9000 1.0047 0.9000 1.1195
0.8800 1.0559 0.8800 1.1766
0.9600 0.9928 0.9600 1.0670
0.9300 1.0252 0.9300 1.1422
0.8800 0.9729 0.8800 1.0730
0.8500 0.8262 0.8500 0.8246
0.8400 0.8844 0.8400 1.0263
0.8500 0.8705 0.8500 0.9829
0.8500 1.1071 0.8500 1.3146
0.8500 0.8528 0.8500 0.8564
0.8700 0.8136 0.8700 0.8328
0.8800 0.8379 0.8800 0.9835
0.8700 0.8615 0.8700 0.9637
0.8500 0.8740 0.8500 0.9811
0.8300 0.8527 0.8300 0.9433
0.8300 0.8569 0.8300 0.9592
0.8200 0.9214 0.8200 1.0687
0.8100 0.9084 0.8100 1.0126
0.8000 0.8550 0.8000 0.9246
0.7900 0.8396 0.7900 0.9122
0.7900 0.8363 0.7900 0.9108
0.8200 0.8543 0.8200 0.9721
0.8800 0.8348 0.8800 0.9025
0.9800 0.8254 0.9800 0.8938
1.0900 0.8204 1.0900 0.9082
1.2100 0.8181 1.2100 0.8941
1.3200 0.8268 1.3200 0.9275
1.4000 0.9005 1.4000 1.0534
1.4700 1.0187 1.4700 1.1797
1.5300 1.1960 1.5300 1.3732
1.6000 1.2862 1.6000 1.4720
1.6600 1.3953 1.6600 1.5989
1.7300 1.4769 1.7300 1.6736
1.7800 1.5113 1.7800 1.6372
1.8200 1.5789 1.8200 1.7035
1.8500 1.6165 1.8500 1.7384
1.8800 1.6984 1.8800 1.8306
1.9000 1.7240 1.9000 1.8280
1.9200 1.8109 1.9200 1.9325
1.9400 1.8070 1.9400 1.8979
1.9500 1.8173 1.9500 1.9011
1.9200 1.8211 1.9200 1.9216
1.8900 1.8452 1.8900 1.9499
1.8600 1.8338 1.8600 1.9191
1.8400 1.8497 1.8400 1.9434
1.8100 1.8674 1.8100 1.9704
1.7600 1.8479 1.7600 1.9267
1.7000 1.7162 1.7000 1.7414
1.6500 1.6919 1.6500 1.7807
1.6200 1.6626 1.6200 1.7741
1.6100 1.6606 1.6100 1.7568
1.6000 1.6044 1.6000 1.6758
1.6000 1.5088 1.6000 1.5609
1.5700 1.4331 1.5700 1.5112
1.5600 1.4128 1.5600 1.5275
1.5400 1.4313 1.5400 1.5568
1.5200 1.4687 1.5200 1.5899
1.5000 1.4609 1.5000 1.5545
1.4900 1.4912 1.4900 1.6040
1.4800 1.3947 1.4800 1.4588
1.5000 1.4380 1.5000 1.5607
1.5200 1.3967 1.5200 1.5044
1.5500 1.3737 1.5500 1.4556
1.5500 1.3582 1.5500 1.4628
1.5900 1.3732 1.5900 1.4909
1.6000 1.3636 1.6000 1.4661
1.6000 1.4557 1.6000 1.6018
1.5500 1.4752 1.5500 1.5922
1.4800 1.5278 1.4800 1.6387
1.4200 1.4595 1.4200 1.5301
1.3800 1.5977 1.3800 1.7623
1.3600 1.5326 1.3600 1.6220
1.3600 1.5030 1.3600 1.5600
1.3800 1.3405 1.3800 1.3811
1.4000 1.2264 1.4000 1.2840
1.4000 1.1939 1.4000 1.3153
1.3600 1.1966 1.3600 1.3199
1.3300 1.2208 1.3300 1.3341
1.3200 1.2707 1.3200 1.3950
1.3200 1.3420 1.3200 1.4786
1.3400 1.3653 1.3400 1.4765
1.3500 1.3224 1.3500 1.3979
1.3500 1.1957 1.3500 1.2418
1.3100 1.1943 1.3100 1.3134
1.2600 1.2291 1.2600 1.3789
1.2600 1.2445 1.2600 1.3509
1.3000 1.3102 1.3000 1.4350
1.3300 1.2998 1.3300 1.3990
1.3200 1.2792 1.3200 1.3650
1.2900 1.1524 1.2900 1.2045
1.2800 1.0838 1.2800 1.1640
1.2800 1.1997 1.2800 1.3884
1.2800 1.3230 1.2800 1.4978
1.2700 1.3223 1.2700 1.3952
1.2500 1.2274 1.2500 1.2637
1.2800 1.1634 1.2800 1.2499
1.3300 1.2019 1.3300 1.3546
1.4400 1.2174 1.4400 1.3419
1.5600 1.2117 1.5600 1.2991
1.7100 1.1819 1.7100 1.2681
1.8700 1.1437 1.8700 1.2354
1.9800 1.2895 1.9800 1.4753
2.0500 1.3802 2.0500 1.5387
2.0700 1.6093 2.0700 1.8118
2.1100 1.7046 2.1100 1.9226
2.1500 1.8690 2.1500 2.1025
2.2000 2.0301 2.2000 2.2706
2.1800 2.0493 2.1800 2.1851
2.0800 2.0779 2.0800 2.1676
1.9100 2.0203 1.9100 2.0694
1.7700 2.1032 1.7700 2.2347
1.7000 2.1260 1.7000 2.2333
1.6900 2.1833 1.6900 2.2591
1.6900 1.9776 1.6900 1.9467
1.7100 1.6826 1.7100 1.6158
1.7700 1.3575 1.7700 1.3440
1.8900 1.3007 1.8900 1.4348
2.0200 1.3941 2.0200 1.5959
2.1000 1.5140 2.1000 1.6629
2.1100 1.5387 2.1100 1.6192
2.0700 1.6240 2.0700 1.7503
2.0300 1.7967 2.0300 1.9975
2.0000 2.0131 2.0000 2.2906
1.9600 2.1306 1.9600 2.3350
1.9100 2.1074 1.9100 2.1794
1.8700 2.0137 1.8700 2.0056
1.8400 1.8574 1.8400 1.8941
1.8100 1.8145 1.8100 1.9193
1.8100 1.7940 1.8100 1.8968
1.8400 1.7139 1.8400 1.7591
1.9100 1.6401 1.9100 1.6929
1.9900 1.6334 1.9900 1.7435
2.0600 1.6302 2.0600 1.7433
2.1200 1.5996 2.1200 1.6831
2.2100 1.6789 2.2100 1.8169
2.3500 1.7852 2.3500 1.9439
2.4200 1.9496 2.4200 2.1128
2.4300 2.0449 2.4300 2.1785
2.4000 2.0804 2.4000 2.1836
2.4000 2.1293 2.4000 2.2364
2.4000 2.2812 2.4000 2.4763
2.3800 2.4887 2.3800 2.7598
2.3400 2.4016 2.3400 2.3961
2.2900 2.2961 2.2900 2.2376
2.2600 2.1826 2.2600 2.2390
2.2400 2.2567 2.2400 2.3977
2.2200 2.2338 2.2200 2.3042
2.2000 2.1455 2.2000 2.1417
2.1800 2.0621 2.1800 2.0963
2.1600 1.9945 2.1600 2.0635
2.1500 2.0182 2.1500 2.1295
2.1500 2.0188 2.1500 2.1120
2.1400 1.9953 2.1400 2.0567
2.1300 1.9813 2.1300 2.0585
2.1100 1.9670 2.1100 2.0545
2.0900 1.9496 2.0900 2.0331
2.0800 1.9674 2.0800 2.0669
2.0700 1.9933 2.0700 2.0964
2.0700 1.9562 2.0700 2.0207
2.0500 1.9504 2.0500 2.0302
2.0200 1.9088 2.0200 1.9878
2.0000 1.8898 2.0000 1.9719
1.9800 1.9069 1.9800 2.0133
1.9600 1.8944 1.9600 1.9808
1.9400 1.9203 1.9400 2.0172
1.9100 1.8505 1.9100 1.9104
1.9100 1.7991 1.9100 1.8619
1.8900 1.8110 1.8900 1.9272
1.8800 1.7880 1.8800 1.8812
1.8600 1.7661 1.8600 1.8433
1.8500 1.7497 1.8500 1.8407
1.8400 1.6971 1.8400 1.7732
1.8300 1.7764 1.8300 1.9154
1.8100 1.7040 1.8100 1.7768
1.7900 1.7199 1.7900 1.8058
1.7700 1.6816 1.7700 1.7786
1.7600 1.6965 1.7600 1.7998
1.7500 1.6879 1.7500 1.7898
1.7400 1.6772 1.7400 1.7666
1.7300 1.6350 1.7300 1.7151
1.7200 1.6182 1.7200 1.7132
1.7000 1.6003 1.7000 1.7013
1.6900 1.6147 1.6900 1.7246
1.6800 1.6045 1.6800 1.7023
1.6700 1.5955 1.6700 1.6880
1.6600 1.5888 1.6600 1.6897
1.6500 1.5805 1.6500 1.6810
1.6400 1.5371 1.6400 1.6194
1.6400 1.5540 1.6400 1.6661
1.6300 1.5446 1.6300 1.6515
1.6200 1.5335 1.6200 1.6251
1.5800 1.5261 1.5800 1.6266
1.5500 1.5178 1.5500 1.6197
1.5200 1.5088 1.5200 1.6092
1.5300 1.5341 1.5300 1.6511
1.5400 1.4996 1.5400 1.5875
1.5500 1.4911 1.5500 1.5844
1.5500 1.3823 1.5500 1.4418
1.5500 1.3800 1.5500 1.4854
1.5600 1.3522 1.5600 1.4661
1.5700 1.4544 1.5700 1.6052
1.5900 1.4627 1.5900 1.5732
1.6200 1.4726 1.6200 1.5588
1.6500 1.4563 1.6500 1.5554
1.6500 1.4591 1.6500 1.5686
1.6600 1.4929 1.6600 1.6191
1.6900 1.4994 1.6900 1.6053
1.7600 1.5418 1.7600 1.6572
1.8200 1.5958 1.8200 1.7245
1.8700 1.6232 1.8700 1.7310
1.9200 1.5499 1.9200 1.6065
1.9800 1.5880 1.9800 1.7061
2.0300 1.6659 2.0300 1.8244
2.0700 1.8243 2.0700 1.9902
2.1100 1.8518 2.1100 1.9421
2.1500 1.8773 2.1500 1.9532
2.2000 1.9344 2.2000 2.0591
2.2400 2.0161 2.2400 2.1489
2.2600 2.0320 2.2600 2.1163
2.2600 2.0422 2.2600 2.1156
2.2400 2.0823 2.2400 2.1855
2.2300 2.1174 2.2300 2.2169
2.2300 2.1871 2.2300 2.2917
2.2300 2.1951 2.2300 2.2686
2.2300 2.1601 2.2300 2.2053
2.2300 2.1107 2.2300 2.1652
2.2500 2.0390 2.2500 2.0932
2.2600 2.0538 2.2600 2.1507
2.2500 2.0739 2.2500 2.1757
2.2200 2.0662 2.2200 2.1342
2.1900 2.0672 2.1900 2.1419
2.1700 2.0704 2.1700 2.1572
2.1500 2.1436 2.1500 2.2619
2.1200 2.1234 2.1200 2.1933
2.0900 2.0607 2.0900 2.0945
2.0500 1.9867 2.0500 2.0404
2.0100 1.9608 2.0100 2.0490
1.9800 1.9643 1.9800 2.0655
1.9400 1.9388 1.9400 2.0129
1.9100 1.8833 1.9100 1.9392
1.8800 1.8596 1.8800 1.9433
1.8400 1.7977 1.8400 1.8725
1.8100 1.7600 1.8100 1.8394
1.7800 1.7588 1.7800 1.8649
1.7500 1.6932 1.7500 1.7633
1.7100 1.6925 1.7100 1.7873
1.6800 1.6672 1.6800 1.7675
1.6400 1.6036 1.6400 1.6713
1.6100 1.6049 1.6100 1.7107
1.5700 1.5780 1.5700 1.6802
1.5400 1.5489 1.5400 1.6342
1.5100 1.4892 1.5100 1.5674
1.4800 1.4891 1.4800 1.5987
1.4500 1.4276 1.4500 1.5139
1.4200 1.4245 1.4200 1.5252
1.4000 1.3650 1.4000 1.4530
1.3900 1.3624 1.3900 1.4658
1.3600 1.3371 1.3600 1.4422
1.2700 1.3093 1.2700 1.4010
1.2300 1.2845 1.2300 1.3828
1.2300 1.2588 1.2300 1.3586
1.2800 1.2658 1.2800 1.3802
1.2800 1.2815 1.2800 1.4001
1.2400 1.2069 1.2400 1.2745
1.2000 1.0012 1.2000 1.0041
1.1800 1.0735 1.1800 1.2395
1.1600 1.1656 1.1600 1.3632
1.1400 1.3180 1.1400 1.4693
1.1200 1.2060 1.1200 1.2346
1.1100 1.0876 1.1100 1.1126
1.0700 1.0626 1.0700 1.1936
1.0600 1.0855 1.0600 1.2323
0.9900 1.0586 0.9900 1.1483
0.8700 1.0398 0.8700 1.1248
0.8100 0.9474 0.8100 0.9558
0.8500 0.7362 0.8500 0.7180
0.9500 0.7696 0.9500 0.8505
1.0600 0.8163 1.0600 0.9413
1.1800 0.8440 1.1800 0.9529
1.2300 0.8772 1.2300 0.9784
1.2600 0.8933 1.2600 0.9913
1.2800 0.9570 1.2800 1.0956
1.3200 1.1775 1.3200 1.3999
1.3600 1.2764 1.3600 1.4557
1.4000 1.3779 1.4000 1.5551
1.4500 1.3069 1.4500 1.3622
1.4800 1.3027 1.4800 1.3863
1.5100 1.2971 1.5100 1.4333
1.5400 1.3669 1.5400 1.5087
1.5700 1.3944 1.5700 1.5057
1.5900 1.4270 1.5900 1.5280
1.6100 1.4994 1.6100 1.6343
1.6300 1.4785 1.6300 1.5694
1.6600 1.5058 1.6600 1.6096
1.6900 1.5346 1.6900 1.6600
1.7200 1.5580 1.7200 1.6671
1.7500 1.5498 1.7500 1.6411
1.7500 1.5681 1.7500 1.6747
1.7500 1.5860 1.7500 1.6996
1.8500 1.6361 1.8500 1.7579
2.0600 1.6623 2.0600 1.7713
2.3200 1.6895 2.3200 1.7922
2.5600 1.7190 2.5600 1.8289
2.6800 1.6430 2.6800 1.7016
2.6700 1.6444 2.6700 1.7397
2.5100 1.9842 2.5100 2.2813
2.3100 2.3170 2.3100 2.7076
2.2200 2.5615 2.2200 2.8410
2.2000 2.7024 2.2000 2.8726
2.2200 2.6238 2.2200 2.6465
2.1900 2.4778 2.1900 2.3739
2.1600 1.9622 2.1600 1.8177
2.1200 1.6649 2.1200 1.6612
2.0600 1.8499 2.0600 2.1136
1.9700 1.9636 1.9700 2.1268
1.8400 2.0491 1.8400 2.1106
1.7100 1.9160 1.7100 1.9040
1.6300 1.9183 1.6300 2.0071
1.6700 1.8707 1.6700 1.9899
1.7500 1.7545 1.7500 1.7945
1.8000 1.5931 1.8000 1.6157
1.7500 1.3733 1.7500 1.3887
1.6400 1.2560 1.6400 1.3333
1.5500 1.3049 1.5500 1.4746
1.5100 1.6210 1.5100 1.9141
1.5300 1.7896 1.5300 1.9625
1.5600 1.7784 1.5600 1.7954
1.5800 1.5102 1.5800 1.4646
1.5100 1.2818 1.5100 1.3043
1.4400 1.2495 1.4400 1.4075
1.3800 1.3145 1.3800 1.4891
1.3600 1.4617 1.3600 1.6211
1.3300 1.5127 1.3300 1.6142
1.2800 1.5179 1.2800 1.5956
1.2200 1.2492 1.2200 1.2266
1.1500 1.1950 1.1500 1.2859
1.1200 1.1640 1.1200 1.3175
1.0900 1.2252 1.0900 1.3615
1.0700 1.1693 1.0700 1.2405
1.0200 1.0809 1.0200 1.1270
0.9700 1.0136 0.9700 1.1029
0.9300 0.9629 0.9300 1.0191
0.8700 0.9947 0.8700 1.1429
0.8200 0.9677 0.8200 1.0735
0.7600 0.9735 0.7600 1.0640
0.7200 0.8939 0.7200 0.9333
0.6800 0.8761 0.6800 0.9285
0.6400 0.8719 0.6400 0.9457
0.6100 0.8254 0.6100 0.8668
0.5900 0.8074 0.5900 0.8629
0.5400 0.7673 0.5400 0.8211
0.5000 0.7651 0.5000 0.8309
0.4500 0.7426 0.4500 0.8048
0.4700 0.7205 0.4700 0.7756
0.5000 0.7137 0.5000 0.7808
0.5300 0.7119 0.5300 0.7829
0.5700 0.6665 0.5700 0.7079
0.6200 0.6583 0.6200 0.7179
0.6900 0.6313 0.6900 0.6895
0.8200 0.6931 0.8200 0.7924
1.0100 0.7032 1.0100 0.7861
1.2900 0.7068 1.2900 0.7669
1.6300 0.7358 1.6300 0.8543
1.9700 0.8012 1.9700 0.9351
2.2800 0.9001 2.2800 1.0424
2.4100 1.1143 2.4100 1.3471
2.4500 1.3259 2.4500 1.6193
2.4200 1.6524 2.4200 2.0160
2.4200 2.0048 2.4200 2.3829
2.4800 2.2963 2.4800 2.5847
2.6400 2.5502 2.6400 2.7836
2.8300 2.4020 2.8300 2.4020
2.9900 2.3977 2.9900 2.4051
3.0000 2.2560 3.0000 2.2972
2.9200 2.3004 2.9200 2.4069
2.7800 2.6158 2.7800 2.7372
2.8000 2.6831 2.8000 2.7562
2.8400 2.6512 2.8400 2.6400
2.8900 2.5724 2.8900 2.5645
2.8900 2.4423 2.8900 2.4477
2.8500 2.4627 2.8500 2.5508
2.7600 2.4851 2.7600 2.5779
2.6800 2.6319 2.6800 2.7411
2.6100 2.7192 2.6100 2.7974
2.5700 2.7947 2.5700 2.8404
2.5500 2.6639 2.5500 2.6294
2.5300 2.5304 2.5300 2.5037
2.5100 2.3206 2.5100 2.3067
2.4800 2.2737 2.4800 2.3366
2.4600 2.2251 2.4600 2.3004
2.4200 2.2552 2.4200 2.3318
2.3400 2.2875 2.3400 2.3715
2.2400 2.2688 2.2400 2.3204
2.1400 2.2586 2.1400 2.3201
2.0500 2.2109 2.0500 2.2700
1.9600 2.2231 1.9600 2.3075
1.8700 2.1306 1.8700 2.1711
1.7800 1.9485 1.7800 1.9350
1.7000 1.8115 1.7000 1.8499
1.6200 1.7203 1.6200 1.8054
1.5500 1.6554 1.5500 1.7409
1.4800 1.5664 1.4800 1.6308
1.4200 1.4849 1.4200 1.5537
1.3600 1.4074 1.3600 1.4906
1.3000 1.3631 1.3000 1.4638
1.2500 1.2922 1.2500 1.3791
1.2500 1.2562 1.2500 1.3529
1.2500 1.1970 1.2500 1.2895
1.1900 1.1705 1.1900 1.2717
1.0600 1.1207 1.0600 1.2157
0.9300 1.0701 0.9300 1.1576
0.8300 1.0534 0.8300 1.1624
0.7900 1.1744 0.7900 1.3505
0.8100 1.1757 0.8100 1.2854
0.8400 0.9855 0.8400 0.9749
0.8300 0.8563 0.8300 0.8497
0.7700 0.8176 0.7700 0.8644
0.7200 0.8053 0.7200 0.8761
0.6700 0.8199 0.6700 0.9029
0.6300 0.8466 0.6300 1.0064
0.6000 0.8961 0.6000 1.0109
0.5700 0.8139 0.5700 0.8592
0.5500 0.7506 0.5500 0.7803
0.5300 0.7605 0.5300 0.8326
0.5100 0.7494 0.5100 0.8183
0.4900 0.7338 0.4900 0.7930
0.5100 0.7149 0.5100 0.7806
0.5800 0.6941 0.5800 0.7549
0.6600 0.6921 0.6600 0.7591
0.6400 0.6827 0.6400 0.7478
0.5700 0.6748 0.5700 0.7364
0.5100 0.6665 0.5100 0.7295
0.5800 0.7055 0.5800 0.7961
0.7100 0.7985 0.7100 0.9724
0.8900 0.8900 0.8900 1.0148
1.1200 0.7157 1.1200 0.7261
1.3200 0.6626 1.3200 0.6873
1.4800 0.6698 1.4800 0.7504
1.6000 0.8103 1.6000 1.0646
1.7400 1.0222 1.7400 1.2313
1.8600 1.1901 1.8600 1.4216
1.9500 1.4072 1.9500 1.7040
2.0200 1.5454 2.0200 1.7482
2.0700 1.6530 2.0700 1.8224
2.1200 1.7327 2.1200 1.9243
2.1600 1.9307 2.1600 2.1937
2.2000 2.0156 2.2000 2.1974
2.2200 2.0429 2.2200 2.1220
2.2300 2.0793 2.2300 2.1801
2.2300 2.0894 2.2300 2.1729
2.2300 2.1289 2.2300 2.2239
2.2300 2.1323 2.2300 2.2115
2.2300 2.1637 2.2300 2.2443
2.2400 2.1270 2.2400 2.1843
2.2400 2.1086 2.2400 2.1708
2.2500 2.0824 2.2500 2.1570
2.2800 2.0786 2.2800 2.1593
2.2800 2.0749 2.2800 2.1561
2.2600 2.0717 2.2600 2.1489
2.1700 2.1073 2.1700 2.2043
2.1200 2.0791 2.1200 2.1466
2.1200 2.1162 2.1200 2.2070
2.1800 2.1998 2.1800 2.3270
2.2300 2.1137 2.2300 2.1423
2.2600 2.0460 2.2600 2.0749
2.2600 1.7846 2.2600 1.7660
2.2600 1.8480 2.2600 1.9835
2.2500 1.9728 2.2500 2.1756
2.2400 2.1609 2.2400 2.3158
2.1900 2.1816 2.1900 2.2346
2.1100 2.1700 2.1100 2.2089
2.0100 2.1094 2.0100 2.1722
1.9500 2.1144 1.9500 2.2112
1.9300 2.0731 1.9300 2.1469
1.9300 2.0561 1.9300 2.1215
1.9400 1.9010 1.9400 1.9130
1.9600 1.7503 1.9600 1.7668
1.9900 1.6101 1.9900 1.6685
2.0000 1.6543 2.0000 1.8010
1.9900 1.7288 1.9900 1.8831
1.9700 1.7711 1.9700 1.8682
2.0000 1.8128 2.0000 1.9110
2.0300 1.8686 2.0300 1.9900
2.0500 1.9289 2.0500 2.0521
2.0300 1.8881 2.0300 1.9545
2.0000 1.8309 2.0000 1.8865
1.9800 1.7912 1.9800 1.8782
1.9400 1.9474 1.9400 2.1292
1.9000 1.9647 1.9000 2.0674
1.9000 1.9520 1.9000 1.9950
1.9000 1.8402 1.9000 1.8758
1.9000 1.7933 1.9000 1.8730
1.8600 1.8004 1.8600 1.9238
1.8300 1.7006 1.8300 1.7516
1.8300 1.6610 1.8300 1.7289
1.8200 1.7675 1.8200 1.9361
1.8200 1.7606 1.8200 1.8600
1.8300 1.7590 1.8300 1.8277
1.8500 1.6284 1.8500 1.6675
1.8700 1.6325 1.8700 1.7396
1.9200 1.7098 1.9200 1.8777
1.9700 1.6636 1.9700 1.7341
1.9900 1.6897 1.9900 1.7788
1.9500 1.7317 1.9500 1.8638
1.8600 1.7748 1.8600 1.8908
1.7900 1.7940 1.7900 1.8919
1.7600 1.9208 1.7600 2.0709
1.7900 1.9676 1.7900 2.0818
1.8200 1.9074 1.8200 1.9435
1.8300 1.7234 1.8300 1.7215
1.8300 1.5189 1.8300 1.5354
1.8600 1.5042 1.8600 1.6367
1.9100 1.5635 1.9100 1.7277
1.9400 1.7276 1.9400 1.8937
1.9500 1.7525 1.9500 1.8402
1.9300 1.7203 1.9300 1.7703
1.9400 1.7121 1.9400 1.8144
1.9500 1.8217 1.9500 1.9917
1.9600 1.9131 1.9600 2.0560
1.9700 1.8829 1.9700 1.9337
1.9700 1.8474 1.9700 1.9045
1.9500 1.7590 1.9500 1.8237
1.9300 1.8455 1.9300 1.9929
1.9100 1.8466 1.9100 1.9567
1.8900 1.8469 1.8900 1.9136
1.8800 1.8612 1.8800 1.9588
1.8800 1.8368 1.8800 1.9210
1.8700 1.7670 1.8700 1.8250
1.8600 1.7504 1.8600 1.8435
1.8300 1.7301 1.8300 1.8305
1.7900 1.7066 1.7900 1.7915
1.7500 1.7224 1.7500 1.8279
1.7200 1.7478 1.7200 1.8610
1.7000 1.7120 1.7000 1.7876
1.7000 1.7059 1.7000 1.7959
1.7100 1.6300 1.7100 1.7021
1.7300 1.5679 1.7300 1.6395
1.7300 1.5320 1.7300 1.6312
1.7200 1.5261 1.7200 1.6358
1.7000 1.5297 1.7000 1.6367
1.6900 1.5797 1.6900 1.7043
1.7000 1.6156 1.7000 1.7338
1.7200 1.6617 1.7200 1.7762
1.7900 1.6154 1.7900 1.6897
1.8800 1.5854 1.8800 1.6665
2.0000 1.5452 2.0000 1.6415
2.1200 1.5583 2.1200 1.6731
2.2300 1.6142 2.2300 1.7484
2.3300 1.6539 2.3300 1.7677
2.3900 1.8441 2.3900 2.0269
2.4100 1.9691 2.4100 2.1411
2.3600 2.1067 2.3600 2.3213
2.3000 2.2078 2.3000 2.4036
2.2600 2.2916 2.2600 2.4620
2.2100 2.3824 2.2100 2.5480
2.1900 2.3804 2.1900 2.4374
2.1900 2.3164 2.1900 2.3251
2.2300 2.0819 2.2300 2.0496
2.2900 1.9985 2.2900 2.0492
2.3600 2.0066 2.3600 2.1326
2.4200 1.9117 2.4200 1.9512
2.4500 1.9682 2.4500 2.0644
2.4400 2.0237 2.4400 2.1538
2.4000 2.1648 2.4000 2.3038
2.3600 2.2755 2.3600 2.3995
2.3200 2.3607 2.3200 2.4669
2.3100 2.3964 2.3100 2.4810
2.3000 2.3629 2.3000 2.3961
2.2800 2.2514 2.2800 2.2639
2.2300 2.1365 2.2300 2.1650
2.1600 2.0965 2.1600 2.1731
2.0900 2.0488 2.0900 2.1195
2.0400 2.1114 2.0400 2.2180
2.0000 2.0968 2.0000 2.1721
1.9500 2.0506 1.9500 2.0924
1.8700 1.9328 1.8700 1.9652
1.7800 1.8212 1.7800 1.8693
1.7200 1.7582 1.7200 1.8451
1.7100 1.7587 1.7100 1.8721
1.7600 1.7405 1.7600 1.8320
1.8300 1.6668 1.8300 1.7215
1.8400 1.5223 1.8400 1.5553
1.8200 1.4222 1.8200 1.4948
1.7900 1.4449 1.7900 1.5919
1.7700 1.5553 1.7700 1.7291
1.7700 1.7418 1.7700 1.9308
1.7600 1.8617 1.7600 1.9969
1.7600 1.7325 1.7600 1.7311
1.7800 1.6576 1.7800 1.7097
1.7900 1.6149 1.7900 1.7382
1.7900 1.6107 1.7900 1.7253
1.7500 1.6508 1.7500 1.7689
1.7000 1.6107 1.7000 1.6834
1.6400 1.6385 1.6400 1.7406
1.5900 1.7127 1.5900 1.8605
1.5500 1.6940 1.5500 1.7798
1.5300 1.6705 1.5300 1.7425
1.5200 1.5378 1.5200 1.5813
1.5200 1.4685 1.5200 1.5443
1.5200 1.3871 1.5200 1.4783
1.5300 1.3588 1.5300 1.4577
1.5500 1.3433 1.5500 1.4499
1.5800 1.3727 1.5800 1.4924
1.6500 1.3899 1.6500 1.5043
1.7500 1.4176 1.7500 1.5308
1.8600 1.4225 1.8600 1.5294
1.9400 1.4598 1.9400 1.5809
1.9900 1.5051 1.9900 1.6340
2.0200 1.5575 2.0200 1.6808
2.0000 1.7233 2.0000 1.8987
2.0200 1.8714 2.0200 2.0666
2.0600 1.9691 2.0600 2.1466
2.0900 1.9824 2.0900 2.0917
2.0400 1.9940 2.0400 2.0691
1.9800 1.9876 1.9800 2.0764
1.9600 1.8330 1.9600 1.8540
1.9900 1.9516 1.9900 2.0982
2.0400 2.0320 2.0400 2.1867
2.1100 2.0169 2.1100 2.0587
2.1600 1.7667 2.1600 1.7128
2.1900 1.7003 2.1900 1.7711
2.1900 1.7880 2.1900 1.9857
2.1700 1.9245 2.1700 2.0895
2.1600 2.0107 2.1600 2.1089
2.1300 2.1313 2.1300 2.2505
2.1000 2.1364 2.1000 2.2179
2.0600 2.1238 2.0600 2.1827
2.0500 2.0517 2.0500 2.1070
2.0300 1.9793 2.0300 2.0347
1.9900 1.9932 1.9900 2.0974
1.9300 1.9029 1.9300 1.9542
1.8800 1.8706 1.8800 1.9320
1.8300 1.8091 1.8300 1.8863
1.8000 1.8766 1.8000 2.0059
1.7600 1.8280 1.7600 1.9068
1.7200 1.7372 1.7200 1.7692
1.6900 1.6389 1.6900 1.6996
1.6700 1.6214 1.6700 1.7340
1.6400 1.5706 1.6400 1.6642
1.6100 1.5895 1.6100 1.6968
1.5900 1.5277 1.5900 1.6062
1.5800 1.4933 1.5800 1.5740
1.5800 1.4966 1.5800 1.6165
1.5700 1.5028 1.5700 1.6177
1.5600 1.4498 1.5600 1.5253
1.5500 1.4258 1.5500 1.5169
1.5300 1.4359 1.5300 1.5587
1.5200 1.4503 1.5200 1.5670
1.5100 1.4746 1.5100 1.5868
1.5000 1.4427 1.5000 1.5284
1.4900 1.4369 1.4900 1.5353
1.4900 1.4307 1.4900 1.5420
1.4700 1.3866 1.4700 1.4716
1.4600 1.4021 1.4600 1.5148
1.4400 1.3929 1.4400 1.5024
1.4400 1.3821 1.4400 1.4767
1.4200 1.3747 1.4200 1.4776
1.4100 1.4001 1.4100 1.5206
1.4000 1.3329 1.4000 1.4071
1.4000 1.3491 1.4000 1.4568
1.4000 1.3085 1.4000 1.4100
1.3800 1.3544 1.3800 1.4776
1.3500 1.2883 1.3500 1.3691
1.3000 1.3030 1.3000 1.4051
1.2600 1.2972 1.2600 1.4156
1.2300 1.3190 1.2300 1.4322
1.2300 1.3198 1.2300 1.4261
1.2900 1.2544 1.2900 1.3245
1.3800 1.2059 1.3800 1.2896
1.4700 1.1144 1.4700 1.1919
1.5500 1.0996 1.5500 1.2069
1.5900 1.0942 1.5900 1.2131
1.6300 1.1618 1.6300 1.2987
1.6700 1.3571 1.6700 1.5599
1.7200 1.5136 1.7200 1.6840
1.7400 1.5794 1.7400 1.7139
1.7000 1.6316 1.7000 1.7790
1.6800 1.6136 1.6800 1.6870
1.6800 1.6526 1.6800 1.7699
1.6900 1.6867 1.6900 1.8195
1.6900 1.7481 1.6900 1.8652
1.6800 1.6871 1.6800 1.7438
1.7000 1.5003 1.7000 1.4955
1.7300 1.5374 1.7300 1.6726
1.7600 1.5811 1.7600 1.7444
1.7900 1.5993 1.7900 1.6901
1.8100 1.5741 1.8100 1.6455
1.8300 1.5459 1.8300 1.6321
1.7900 1.6441 1.7900 1.8038
1.7500 1.6939 1.7500 1.8266
1.7000 1.7177 1.7000 1.8052
1.7100 1.7511 1.7100 1.8571
1.7100 1.7478 1.7100 1.8445
1.7000 1.7672 1.7000 1.8701
1.6800 1.5767 1.6800 1.5847
1.6700 1.5417 1.6700 1.6204
1.6500 1.4705 1.6500 1.5786
1.6400 1.6197 1.6400 1.7945
1.6300 1.5873 1.6300 1.6787
1.6300 1.5513 1.6300 1.5978
1.6300 1.5211 1.6300 1.6204
1.5900 1.5396 1.5900 1.6663
1.5500 1.4931 1.5500 1.5797
1.5200 1.5070 1.5200 1.6101
1.5200 1.4992 1.5200 1.6075
1.5300 1.5229 1.5300 1.6339
1.5300 1.5241 1.5300 1.6292
1.5300 1.3888 1.5300 1.4223
1.5200 1.3567 1.5200 1.4467
1.5100 1.3552 1.5100 1.4906
1.5100 1.4211 1.5100 1.5605
1.5200 1.4518 1.5200 1.5652
1.5300 1.4292 1.5300 1.5070
1.5500 1.4365 1.5500 1.5422
1.5700 1.4068 1.5700 1.5079
1.6000 1.3966 1.6000 1.4967
1.6300 1.4206 1.6300 1.5431
1.6600 1.4521 1.6600 1.5726
1.6700 1.4603 1.6700 1.5617
1.6800 1.5052 1.6800 1.6251
1.6900 1.5257 1.6900 1.6403
1.7100 1.5784 1.7100 1.6997
1.7400 1.6073 1.7400 1.7217
1.7600 1.6351 1.7600 1.7411
1.7800 1.5959 1.7800 1.6743
1.8100 1.6063 1.8100 1.7091
1.8600 1.6152 1.8600 1.7308
1.9000 1.6543 1.9000 1.7701
1.9300 1.7052 1.9300 1.8256
1.9300 1.6973 1.9300 1.7835
1.9300 1.7182 1.9300 1.8174
1.9300 1.7741 1.9300 1.9046
1.9500 1.8693 1.9500 2.0089
1.9800 1.8779 1.9800 1.9639
2.0000 1.8821 2.0000 1.9580
2.0200 1.8099 2.0200 1.8710
2.0300 1.8110 2.0300 1.9079
2.0400 1.8081 2.0400 1.9162
2.0500 1.8710 2.0500 1.9901
2.0500 1.9212 2.0500 2.0336
2.0500 1.9121 2.0500 1.9835
2.0400 1.9358 2.0400 2.0293
2.0400 1.9223 2.0400 2.0128
2.0400 1.9305 2.0400 2.0210
2.0300 1.9391 2.0300 2.0355
2.0300 1.9101 2.0300 1.9824
2.0200 1.9103 2.0200 1.9969
2.0100 1.8748 2.0100 1.9541
2.0000 1.8997 2.0000 2.0014
1.9900 1.8983 1.9900 1.9947
1.9900 1.8602 1.9900 1.9254
1.9700 1.8893 1.9700 1.9947
1.9500 1.8537 1.9500 1.9374
1.9300 1.8429 1.9300 1.9225
1.9100 1.8357 1.9100 1.9325
1.9000 1.8249 1.9000 1.9148
1.8900 1.8506 1.8900 1.9566
1.8800 1.7790 1.8800 1.8396
1.8700 1.7624 1.8700 1.8430
1.8700 1.7468 1.8700 1.8518
1.8600 1.7247 1.8600 1.8127
1.8600 1.7405 1.8600 1.8454
1.8400 1.7307 1.8400 1.8265
1.8200 1.7216 1.8200 1.8102
1.8000 1.7150 1.8000 1.8122
1.7800 1.7417 1.7800 1.8554
1.7600 1.7060 1.7600 1.7878
1.7500 1.7326 1.7500 1.8371
1.7300 1.6643 1.7300 1.7381
1.7100 1.6459 1.7100 1.7300
1.6800 1.6296 1.6800 1.7363
1.6600 1.6076 1.6600 1.6995
1.6400 1.5883 1.6400 1.6801
1.6200 1.6050 1.6200 1.7177
1.6000 1.5610 1.6000 1.6442
1.5800 1.5436 1.5800 1.6328
1.5600 1.4935 1.5600 1.5820
1.5400 1.4998 1.5400 1.6096
1.5100 1.4809 1.5100 1.5844
1.4900 1.4609 1.4900 1.5512
1.4800 1.4447 1.4800 1.5438
1.4500 1.4275 1.4500 1.5282
1.4200 1.4098 1.4200 1.5090
1.3800 1.3921 1.3800 1.4915
1.3600 1.3407 1.3600 1.4240
1.3400 1.3480 1.3400 1.4602
1.3200 1.3636 1.3200 1.4873
1.3000 1.2858 1.3000 1.3501
1.2800 1.2613 1.2800 1.3510
1.2800 1.2042 1.2800 1.3011
1.2800 1.2321 1.2800 1.3559
1.2600 1.2133 1.2600 1.3197
1.2300 1.1943 1.2300 1.2827
1.2100 1.1803 1.2100 1.2839
1.2000 1.1643 1.2000 1.2688
1.2000 1.2123 1.2000 1.3453
1.2000 1.2127 1.2000 1.3226
1.2000 1.1481 1.2000 1.2127
1.2000 1.1019 1.2000 1.1880
1.1800 1.1089 1.1800 1.2353
1.1600 1.1203 1.1600 1.2406
1.1300 1.1415 1.1300 1.2528
1.1100 1.1433 1.1100 1.2470
1.0900 1.1460 1.0900 1.2512
1.0700 1.1485 1.0700 1.2589
1.0500 1.0849 1.0500 1.1623
1.0200 1.0672 1.0200 1.1654
1.0000 1.0176 1.0000 1.1141
0.9800 1.0201 0.9800 1.1292
0.9700 1.0022 0.9700 1.1076
0.9700 0.9841 0.9700 1.0790
0.9700 0.9686 0.9700 1.0705
0.9700 0.9213 0.9700 1.0094
0.9600 0.9273 0.9600 1.0396
0.9400 0.9112 0.9400 1.0197
0.9200 0.9247 0.9200 1.0351
0.9200 0.9494 0.9200 1.0710
0.9200 0.9511 0.9200 1.0571
0.9600 0.9532 0.9600 1.0576
1.0400 0.9245 1.0400 1.0203
1.1500 0.8855 1.1500 0.9752
1.2500 0.8794 1.2500 0.9733
1.3100 0.9114 1.3100 1.0464
1.3300 0.9108 1.3300 1.0194
1.3600 1.0345 1.3600 1.1907
1.4000 1.1987 1.4000 1.3887
1.4400 1.3467 1.4400 1.5339
1.4800 1.4013 1.4800 1.5557
1.5000 1.3921 1.5000 1.4776
1.5000 1.3390 1.5000 1.4091
1.5000 1.3881 1.5000 1.5334
1.5000 1.4390 1.5000 1.5834
1.5200 1.4644 1.5200 1.5627
1.5200 1.4999 1.5200 1.6058
1.5100 1.4713 1.5100 1.5578
1.4900 1.4230 1.4900 1.4987
1.4900 1.4230 1.4900 1.5356
1.4900 1.4185 1.4900 1.5302
1.4900 1.4804 1.4900 1.6102
1.4700 1.4292 1.4700 1.5059
1.4600 1.3961 1.4600 1.4701
1.4500 1.3578 1.4500 1.4576
1.4300 1.4043 1.4300 1.5399
1.4000 1.4005 1.4000 1.5087
1.3600 1.3980 1.3600 1.4881
1.3200 1.3346 1.3200 1.4098
1.2900 1.3518 1.2900 1.4684
1.2700 1.3426 1.2700 1.4581
1.2700 1.2965 1.2700 1.3736
1.2600 1.2466 1.2600 1.3282
1.2300 1.1878 1.2300 1.2755
1.1900 1.1508 1.1900 1.2485
1.1400 1.1461 1.1400 1.2598
1.0900 1.1505 1.0900 1.2630
1.0400 1.1982 1.0400 1.3260
1.0100 1.1682 1.0100 1.2591
1.0000 1.0977 1.0000 1.1617
0.9800 1.0434 0.9800 1.1338
0.9500 0.9760 0.9500 1.0665
0.9000 0.9524 0.9000 1.0208
0.8600 0.9235 0.8600 0.9779
0.8200 0.9202 0.8200 1.0239
0.8000 0.9421 0.8000 1.0732
0.7900 0.9049 0.7900 0.9881
0.7800 0.8749 0.7800 0.9400
0.7700 0.8390 0.7700 0.8877
0.7400 0.8362 0.7400 0.9017
0.7200 0.8181 0.7200 0.8811
0.6900 0.8202 0.6900 0.8909
0.6700 0.8161 0.6700 0.8964
0.6500 0.8062 0.6500 0.8716
0.6500 0.8010 0.6500 0.8716
0.6500 0.7735 0.6500 0.8275
0.6900 0.7780 0.6900 0.8477
0.7600 0.7580 0.7600 0.8212
0.8500 0.7566 0.8500 0.8235
0.9200 0.7442 0.9200 0.8119
0.9700 0.7573 0.9700 0.8354
1.0000 0.7543 1.0000 0.8260
1.0500 0.8202 1.0500 0.9731
1.1000 0.9467 1.1000 1.1158
1.1400 1.0680 1.1400 1.2139
1.1700 1.0893 1.1700 1.1898
1.2300 1.0914 1.2300 1.1872
1.2800 1.0738 1.2800 1.1800
1.3100 1.1573 1.3100 1.3105
1.3300 1.1960 1.3300 1.3262
1.3400 1.2031 1.3400 1.2939
1.3500 1.2076 1.3500 1.3098
1.3700 1.3307 1.3700 1.4998
1.4100 1.3498 1.4100 1.4666
1.4700 1.3266 1.4700 1.3949
1.5300 1.3249 1.5300 1.4298
1.6000 1.3091 1.6000 1.4168
1.6900 1.3131 1.6900 1.4203
1.8100 1.3515 1.8100 1.4766
1.9200 1.4329 1.9200 1.5745
2.0100 1.5349 2.0100 1.6798
2.0200 1.5911 2.0200 1.7060
1.9600 1.6843 1.9600 1.8150
1.8800 1.8015 1.8800 1.9853
1.8500 1.9546 1.8500 2.1842
1.8700 2.0239 1.8700 2.1908
1.9200 2.0701 1.9200 2.1952
1.9800 1.9336 1.9800 1.9209
2.0000 1.7017 2.0000 1.6790
1.9900 1.5773 1.9900 1.6548
1.9900 1.6619 1.9900 1.8413
1.9600 1.7854 1.9600 1.9486
1.9000 1.8946 1.9000 2.0079
1.8000 1.9833 1.8000 2.0914
1.7100 1.9124 1.7100 1.9553
1.6200 1.8379 1.6200 1.8878
1.5400 1.8712 1.5400 2.0060
1.4600 1.7555 1.4600 1.8085
1.3700 1.6156 1.3700 1.6276
1.2800 1.4252 1.2800 1.4527
1.1900 1.3670 1.1900 1.4681
1.1000 1.2781 1.1000 1.3725
1.0200 1.2224 1.0200 1.3019
0.9600 1.1520 0.9600 1.2351
0.9200 1.0580 0.9200 1.1174
0.9200 1.0128 0.9200 1.0605
0.9900 0.9672 0.9900 1.0104
1.0900 0.9206 1.0900 0.9605
1.2000 0.8854 1.2000 0.9342
1.2800 0.8673 1.2800 0.9286
1.3700 0.8578 1.3700 0.9231
1.4600 0.8909 1.4600 1.0419
1.5600 1.1112 1.5600 1.3310
1.6300 1.2734 1.6300 1.4523
1.6900 1.3634 1.6900 1.5412
1.7300 1.3841 1.7300 1.5218
1.7500 1.4998 1.7500 1.6899
1.7400 1.5976 1.7400 1.7798
1.7400 1.7077 1.7400 1.8709
1.7700 1.7171 1.7700 1.8040
1.8500 1.7565 1.8500 1.8508
1.9700 1.7450 1.9700 1.8449
2.0700 1.7072 2.0700 1.7809
2.1200 1.6185 2.1200 1.6737
2.1100 1.6401 2.1100 1.7551
2.1000 1.7379 2.1000 1.8992
2.1100 1.9296 2.1100 2.1090
2.1100 2.0944 2.1100 2.3122
2.0800 2.1244 2.0800 2.2556
2.0000 2.0886 2.0000 2.1291
1.8800 1.9645 1.8800 1.9818
1.7700 1.9589 1.7700 2.0671
1.6800 2.0087 1.6800 2.1481
1.6300 1.9619 1.6300 2.0114
1.6100 1.8514 1.6100 1.8629
1.6100 1.6548 1.6100 1.6610
1.6000 1.4462 1.6000 1.4685
1.5700 1.3696 1.5700 1.4737
1.5400 1.3271 1.5400 1.4452
1.5200 1.3716 1.5200 1.4996
1.5100 1.4281 1.5100 1.5602
1.4900 1.4830 1.4900 1.6038
1.4900 1.4586 1.4900 1.5449
1.4600 1.3916 1.4600 1.4611
1.4100 1.3717 1.4100 1.4808
1.3500 1.3778 1.3500 1.5040
1.3200 1.3888 1.3200 1.5004
1.2900 1.3450 1.2900 1.4237
1.2800 1.3968 1.2800 1.5245
1.2600 1.2986 1.2600 1.3677
1.2500 1.2052 1.2500 1.2547
1.2400 1.1315 1.2400 1.2243
1.2300 1.1730 1.2300 1.3182
1.2200 1.1412 1.2200 1.2412
1.2100 1.1782 1.2100 1.2873
1.2000 1.1425 1.2000 1.2383
1.2000 1.1600 1.2000 1.2697
1.1900 1.1552 1.1900 1.2701
1.1800 1.1462 1.1800 1.2464
1.1700 1.1390 1.1700 1.2434
1.1700 1.1310 1.1700 1.2367
1.1600 1.1224 1.1600 1.2266
1.1500 1.1461 1.1500 1.2659
1.1400 1.1142 1.1400 1.2073
1.1400 1.1056 1.1400 1.2030
1.1400 1.0986 1.1400 1.2099
1.1300 1.1210 1.1300 1.2406
1.1300 1.0887 1.1300 1.1804
1.1400 1.0801 1.1400 1.1776
1.1500 1.0731 1.1500 1.1844
1.1500 1.0954 1.1500 1.2150
1.1200 1.0952 1.1200 1.2026
1.1100 1.0636 1.1100 1.1503
1.1100 1.0884 1.1100 1.2082
1.1200 1.1210 1.1200 1.2520
1.1200 1.1284 1.1200 1.2333
1.1100 1.1065 1.1100 1.1962
1.1100 1.0130 1.1100 1.0757
1.1000 1.0502 1.1000 1.1813
1.0600 1.0717 1.0600 1.2086
1.0100 1.0986 1.0100 1.2061
0.9800 1.0778 0.9800 1.1681
0.9900 1.0489 0.9900 1.1388
1.0200 1.0738 1.0200 1.2002
1.0600 1.0410 1.0600 1.1396
1.1000 0.9355 1.1000 0.9846
1.1200 0.9043 1.1200 0.9545
1.1100 0.9106 1.1100 1.0252
1.1000 0.9842 1.1000 1.1456
1.1000 1.0549 1.1000 1.1865
1.1100 1.1167 1.1100 1.2334
1.1200 1.1597 1.1200 1.2799
1.1300 1.1365 1.1300 1.2290
1.1500 1.0605 1.1500 1.1290
1.1600 1.0505 1.1600 1.1616
1.1700 1.0693 1.1700 1.2011
1.1900 1.0950 1.1900 1.2113
1.2000 1.1024 1.2000 1.2047
1.2200 1.1129 1.2200 1.2197
1.2400 1.1557 1.2400 1.2845
1.2700 1.1419 1.2700 1.2425
1.2900 1.1504 1.2900 1.2536
1.3100 1.1926 1.3100 1.3251
1.3300 1.1768 1.3300 1.2753
1.3600 1.2170 1.3600 1.3340
1.3800 1.2362 1.3800 1.3575
1.4000 1.2851 1.4000 1.4077
1.4100 1.2803 1.4100 1.3814
1.4200 1.2984 1.4200 1.4051
1.4300 1.3177 1.4300 1.4369
1.4400 1.3669 1.4400 1.4943
1.4600 1.3599 1.4600 1.4581
1.4800 1.3777 1.4800 1.4820
1.4800 1.3641 1.4800 1.4666
1.4700 1.3716 1.4700 1.4779
1.4700 1.3797 1.4700 1.4918
1.4700 1.3865 1.4700 1.4926
1.4600 1.4281 1.4600 1.5507
1.4500 1.4458 1.4500 1.5579
1.4400 1.3968 1.4400 1.4690
1.4300 1.3656 1.4300 1.4533
1.4100 1.3906 1.4100 1.5207
1.4000 1.3862 1.4000 1.4944
1.3800 1.3496 1.3800 1.4276
1.3700 1.3423 1.3700 1.4439
1.3600 1.3339 1.3600 1.4440
1.3400 1.3230 1.3400 1.4240
1.3200 1.2804 1.3200 1.3657
1.3000 1.2960 1.3000 1.4112
1.2700 1.2539 1.2700 1.3483
1.2500 1.2677 1.2500 1.3755
1.2400 1.2601 1.2400 1.3711
1.2200 1.2173 1.2200 1.2992
1.2000 1.2012 1.2000 1.3010
1.1700 1.1842 1.1700 1.2924
1.1600 1.1324 1.1600 1.2159
1.1600 1.1383 1.1600 1.2494
1.1600 1.1535 1.1600 1.2776
1.1400 1.1111 1.1400 1.1940
1.1300 1.0953 1.1300 1.1901
1.1300 1.0483 1.1300 1.1428
1.1600 1.0854 1.1600 1.2133
1.2000 1.1088 1.2000 1.2356
1.2500 1.1079 1.2500 1.2046
1.2600 1.0474 1.2600 1.1206
1.2600 1.0645 1.2600 1.1829
1.2600 1.0883 1.2600 1.2217
1.3000 1.1814 1.3000 1.3282
1.3600 1.2414 1.3600 1.3712
1.4200 1.3120 1.4200 1.4353
1.4800 1.2327 1.4800 1.2941
1.5200 1.2119 1.5200 1.3003
1.5500 1.2132 1.5500 1.3428
1.5900 1.3366 1.5900 1.5062
1.6500 1.4339 1.6500 1.5818
1.7200 1.4875 1.7200 1.5899
1.7800 1.5496 1.7800 1.6682
1.8200 1.5431 1.8200 1.6418
1.8500 1.5470 1.8500 1.6454
1.8800 1.6081 1.8800 1.7456
1.9100 1.7081 1.9100 1.8573
1.9400 1.7932 1.9400 1.9182
1.9600 1.8238 1.9600 1.9146
1.9600 1.8148 1.9600 1.8928
1.9500 1.8211 1.9500 1.9195
1.9200 1.8475 1.9200 1.9605
1.8700 1.8696 1.8700 1.9711
1.8300 1.8934 1.8300 1.9884
1.8300 1.8848 1.8300 1.9661
1.8700 1.8330 1.8700 1.8951
1.9100 1.7993 1.9100 1.8787
1.9400 1.7182 1.9400 1.7844
1.9400 1.6172 1.9400 1.6689
1.9300 1.6049 1.9300 1.7111
1.8900 1.7029 1.8900 1.8670
1.8400 1.8347 1.8400 1.9924
1.7700 1.8692 1.7700 1.9558
1.7200 1.8803 1.7200 1.9552
1.6600 1.8146 1.6600 1.8803
1.6000 1.7842 1.6000 1.8703
1.5400 1.6682 1.5400 1.7242
1.4900 1.5917 1.4900 1.6550
1.4500 1.4738 1.4500 1.5362
1.4000 1.4741 1.4000 1.5863
1.3500 1.3899 1.3500 1.4708
1.3100 1.3324 1.3100 1.4023
1.3000 1.2825 1.3000 1.3794
1.3200 1.2628 1.3200 1.3710
1.3600 1.2518 1.3600 1.3611
1.3900 1.1837 1.3900 1.2595
1.3900 1.1427 1.3900 1.2313
1.3500 1.1349 1.3500 1.2535
1.3200 1.1975 1.3200 1.3427
1.3200 1.2874 1.3200 1.4372
1.3300 1.3737 1.3300 1.5083
1.3400 1.3832 1.3400 1.4788
1.3500 1.3187 1.3500 1.3830
1.3800 1.1926 1.3800 1.2442
1.4300 1.1889 1.4300 1.3113
1.4900 1.2540 1.4900 1.4161
1.5500 1.2775 1.5500 1.3866
1.5900 1.2864 1.5900 1.3765
1.6200 1.3019 1.6200 1.4130
1.6500 1.3806 1.6500 1.5285
1.6800 1.4745 1.6800 1.6257
1.6900 1.5530 1.6900 1.6801
1.7000 1.6113 1.7000 1.7263
1.7000 1.6034 1.7000 1.6917
1.6900 1.6095 1.6900 1.7085
1.6800 1.6375 1.6800 1.7589
1.6700 1.6602 1.6700 1.7708
1.6500 1.6152 1.6500 1.6849
1.6400 1.6243 1.6400 1.7231
1.6100 1.5989 1.6100 1.6974
1.5700 1.5604 1.5700 1.6390
1.5300 1.5505 1.5300 1.6505
1.5300 1.5392 1.5300 1.6423
1.5200 1.4932 1.5200 1.5724
1.5400 1.5092 1.5400 1.6203
1.6200 1.4316 1.6200 1.5065
1.7400 1.3696 1.7400 1.4385
1.9100 1.3358 1.9100 1.4405
2.0500 1.4318 2.0500 1.5954
2.2000 1.3937 2.2000 1.4827
2.3400 1.4861 2.3400 1.6117
2.4900 1.7107 2.4900 1.9448
2.6700 1.8797 2.6700 2.1131
2.8300 2.0811 2.8300 2.3492
2.9300 2.1451 2.9300 2.3085
2.9600 2.3111 2.9600 2.5143
2.9600 2.4437 2.9600 2.6594
2.9600 2.6149 2.9600 2.8203
2.9600 2.8332 2.9600 3.0800
2.9400 2.9248 2.9400 3.0766
2.9200 2.9069 2.9200 2.9383
2.8400 2.8399 2.8400 2.7896
2.7300 2.7790 2.7300 2.7893
2.6100 2.7696 2.6100 2.8200
2.5300 2.7481 2.5300 2.7661
2.4900 2.6600 2.4900 2.6349
2.4600 2.6437 2.4600 2.6684
2.4500 2.4018 2.4500 2.3477
2.4500 2.2232 2.4500 2.1937
2.4400 2.0933 2.4400 2.1468
2.4200 2.1197 2.4200 2.2359
2.3600 2.1776 2.3600 2.2944
2.2800 2.1665 2.2800 2.2196
2.1800 2.2200 2.1800 2.3070
2.1100 2.2580 2.1100 2.3614
2.0600 2.2245 2.0600 2.2778
2.0600 2.1856 2.0600 2.2377
2.1200 2.0270 2.1200 2.0393
2.2400 1.9035 2.2400 1.9357
2.4000 1.7595 2.4000 1.8103
2.5500 1.7690 2.5500 1.8856
2.6800 1.7671 2.6800 1.8817
2.7700 1.8921 2.7700 2.0350
2.8500 2.0982 2.8500 2.3024
2.9000 2.3162 2.9000 2.5731
2.9400 2.4967 2.9400 2.7385
2.9800 2.6048 2.9800 2.7672
3.0400 2.7064 3.0400 2.8489
3.1000 2.7471 3.1000 2.8664
3.1100 2.8441 3.1100 2.9425
3.0300 2.8501 3.0300 2.8612
2.9000 2.8508 2.9000 2.8598
2.7800 2.8849 2.7800 2.9284
2.7100 2.9889 2.7100 3.0530
2.6500 3.0348 2.6500 3.0591
2.5900 2.8970 2.5900 2.8214
2.5200 2.5809 2.5200 2.4476
2.4800 2.3420 2.4800 2.3020
2.4900 2.2620 2.4900 2.3425
2.5200 2.3136 2.5200 2.4332
2.5600 2.2597 2.5600 2.2915
2.5800 2.2015 2.5800 2.2163
2.6000 2.1242 2.6000 2.1736
2.6200 2.1788 2.6200 2.3007
2.6400 2.3239 2.6400 2.4874
2.6200 2.3964 2.6200 2.4860
2.6000 2.4634 2.6000 2.5283
2.6000 2.4389 2.6000 2.4818
2.6300 2.4682 2.6300 2.5385
2.6700 2.4910 2.6700 2.5728
2.6500 2.5045 2.6500 2.5613
2.6000 2.3728 2.6000 2.3590
2.5200 2.3605 2.5200 2.4107
2.4500 2.4181 2.4500 2.5358
2.3600 2.5162 2.3600 2.6195
2.2900 2.5728 2.2900 2.6349
2.2600 2.3887 2.2600 2.3336
2.2600 2.2774 2.2600 2.2779
2.3000 2.1326 2.3000 2.1780
2.3400 2.0872 2.3400 2.1593
2.3600 1.9389 2.3600 1.9655
2.3300 1.9230 2.3300 1.9970
2.2600 2.0037 2.2600 2.1544
2.1900 2.0760 2.1900 2.1948
2.1200 2.2160 2.1200 2.3524
2.0700 2.2638 2.0700 2.3514
2.0500 2.2366 2.0500 2.2759
2.0800 2.0873 2.0800 2.0935
2.1300 1.9242 2.1300 1.9407
2.1800 1.8613 2.1800 1.9500
2.2300 1.7850 2.2300 1.8651
2.2700 1.7802 2.2700 1.8698
2.2600 1.8376 2.2600 1.9655
2.2300 1.9937 2.2300 2.1611
2.1700 2.0943 2.1700 2.2186
2.1000 2.1464 2.1000 2.2265
2.0400 2.2064 2.0400 2.3061
2.0000 2.2243 2.0000 2.3120
1.9700 2.0820 1.9700 2.0844
1.9400 2.0062 1.9400 2.0487
1.9100 1.8715 1.9100 1.9221
1.8800 1.7718 1.8800 1.8222
1.8600 1.7375 1.8600 1.8326
1.8600 1.7451 1.8600 1.8556
1.8700 1.7383 1.8700 1.8296
1.8900 1.7120 1.8900 1.7909
1.9100 1.6904 1.9100 1.7810
1.9200 1.6671 1.9200 1.7637
1.9200 1.6759 1.9200 1.7856
1.9200 1.7273 1.9200 1.8561
1.9300 1.7611 1.9300 1.8727
