0.9200 0.9827 0.9200 0.9695
0.9000 0.9939 0.9000 0.9806
0.8900 0.9852 0.8900 0.9730
0.8800 0.9474 0.8800 0.9279
0.8600 0.9587 0.8600 0.9469
0.8400 0.9223 0.8400 0.9081
0.8300 0.9031 0.8300 0.8868
0.8200 0.8852 0.8200 0.8725
0.8100 0.8994 0.8100 0.8855
0.7900 0.8898 0.7900 0.8725
0.7600 0.8571 0.7600 0.8297
0.7300 0.8500 0.7300 0.8187
0.7000 0.8596 0.7000 0.8383
0.6900 0.8539 0.6900 0.8246
0.6900 0.8456 0.6900 0.8113
1.0000 0.9405 1.0000 0.9337
1.0000 0.9221 1.0000 0.9128
1.0000 0.9941 1.0000 0.9909
1.1000 1.0844 1.1000 1.0796
1.1100 1.0530 1.1100 1.0488
1.1200 1.0435 1.1200 1.0438
1.1300 1.0642 1.1300 1.0646
1.1400 1.1239 1.1400 1.1201
1.1300 1.1110 1.1300 1.0951
1.1100 1.1521 1.1100 1.1401
0.9200 0.9852 0.9200 0.9721
0.8900 0.9758 0.8900 0.9578
0.8600 0.9991 0.8600 0.9858
0.8400 1.0013 0.8400 0.9871
0.8300 0.9705 0.8300 0.9535
0.8200 0.9317 0.8200 0.9189
0.8200 0.8847 0.8200 0.8757
0.8200 0.8724 0.8200 0.8490
0.8200 0.8617 0.8200 0.8170
0.8200 0.8627 0.8200 0.8150
0.8300 0.8632 0.8300 0.8245
0.8500 0.8517 0.8500 0.8125
0.8700 0.8604 0.8700 0.8386
0.8800 0.8636 0.8800 0.8448
0.8900 0.8647 0.8900 0.8470
0.9100 0.8648 0.9100 0.8519
0.9300 0.8959 0.9300 0.8868
1.4400 1.0443 1.4400 1.0689
1.3700 1.0490 1.3700 1.0524
1.3100 1.1887 1.3100 1.1889
1.2800 1.5100 1.2800 1.5088
1.2500 1.7278 1.2500 1.7038
1.2500 1.5959 1.2500 1.5502
1.2400 1.3946 1.2400 1.3975
1.2300 1.2350 1.2300 1.3043
1.2000 1.1886 1.2000 1.2693
1.1700 1.1997 1.1700 1.2435
1.1400 1.1569 1.1400 1.1427
1.1000 1.2238 1.1000 1.1949
1.0800 1.2010 1.0800 1.1697
1.0700 1.1964 1.0700 1.1685
1.0700 1.1265 1.0700 1.1117
1.0600 1.1026 1.0600 1.0942
1.0300 1.0724 1.0300 1.0690
0.9900 1.0129 0.9900 0.9976
0.9500 1.0363 0.9500 1.0239
0.9100 1.0516 0.9100 1.0352
0.8900 1.0736 0.8900 1.0487
0.8100 1.0441 0.8100 1.0185
0.7300 0.9781 0.7300 0.9552
0.6700 0.9214 0.6700 0.9112
0.7000 0.8950 0.7000 0.8803
0.8200 0.8818 0.8200 0.8349
0.9900 0.8923 0.9900 0.8532
1.1200 0.7831 1.1200 0.6713
1.1900 0.7620 1.1900 0.6594
1.2000 0.7687 1.2000 0.6765
1.2300 0.8790 1.2300 0.8006
1.2300 1.1051 1.2300 1.0768
1.2300 1.3729 1.2300 1.3169
1.2100 1.4163 1.2100 1.3602
1.1800 1.3684 1.1800 1.3535
1.1600 1.2595 1.1600 1.3012
1.1500 1.3282 1.1500 1.4062
1.1400 1.2450 1.1400 1.2991
1.1700 1.2298 1.1700 1.2503
1.2500 1.1630 1.2500 1.1761
1.3800 1.1157 1.3800 1.1166
1.4800 1.1139 1.4800 1.1201
1.5500 1.1267 1.5500 1.1225
1.5900 1.1141 1.5900 1.0974
1.6100 1.2309 1.6100 1.2208
1.6100 1.4193 1.6100 1.4140
1.6100 1.6530 1.6100 1.6406
1.6200 1.6821 1.6200 1.6581
1.6400 1.6925 1.6400 1.6901
1.6700 1.6767 1.6700 1.7180
1.6900 1.6513 1.6900 1.7056
1.7200 1.5935 1.7200 1.6438
1.7300 1.5862 1.7300 1.6257
1.7400 1.6124 1.7400 1.6412
1.7200 1.6489 1.7200 1.6616
1.8000 1.6977 1.8000 1.7022
1.9200 1.6949 1.9200 1.6949
2.1200 1.7507 2.1200 1.7605
2.2700 1.7151 2.2700 1.7274
2.3600 1.7252 2.3600 1.7402
2.3500 2.4526 2.3500 2.4481
2.3700 2.3331 2.3700 2.3544
2.3600 2.1693 2.3600 2.2256
2.3600 2.1318 2.3600 2.2282
2.3600 2.2242 2.3600 2.3150
2.3700 2.3369 2.3700 2.3801
2.3600 2.3996 2.3600 2.4014
2.3500 2.3267 2.3500 2.3204
2.3200 2.2666 2.3200 2.2903
2.2900 2.3063 2.2900 2.3653
2.2600 2.2959 2.2600 2.3444
2.2600 2.3151 2.2600 2.3440
2.2500 2.2536 2.2500 2.2714
1.7000 1.8913 1.7000 1.9124
1.6500 1.7878 1.6500 1.7928
1.6000 1.7378 1.6000 1.7369
1.5700 1.7261 1.5700 1.7311
1.5400 1.6520 1.5400 1.6420
1.5000 1.5687 1.5000 1.5539
1.4500 1.4833 1.4500 1.4725
1.4000 1.4847 1.4000 1.4790
1.3500 1.4330 1.3500 1.4166
1.3200 1.4495 1.3200 1.4250
1.3100 1.4230 1.3100 1.3976
1.3500 1.3666 1.3500 1.3366
1.4200 1.2999 1.4200 1.2808
1.4500 1.2576 1.4500 1.2459
1.5100 1.4601 1.5100 1.4513
1.4900 1.4903 1.4900 1.4693
1.4700 1.4731 1.4700 1.4501
1.4400 1.5118 1.4400 1.5053
1.4100 1.4920 1.4100 1.4925
1.3800 1.4913 1.3800 1.4924
1.3700 1.4582 1.3700 1.4629
1.3700 1.4174 1.3700 1.4189
1.3800 1.3971 1.3800 1.4027
1.3700 1.3453 1.3700 1.3448
1.3600 1.3148 1.3600 1.3107
1.3400 1.2862 1.3400 1.2806
1.3400 1.3222 1.3400 1.3150
1.3300 1.3433 1.3300 1.3305
1.3200 1.3760 1.3200 1.3573
1.2900 1.3239 1.2900 1.3044
1.2700 1.3196 1.2700 1.3116
1.2500 1.2803 1.2500 1.2821
1.2300 1.3242 1.2300 1.3275
1.2000 1.2884 1.2000 1.2832
1.1800 1.2792 1.1800 1.2663
1.1500 1.2076 1.1500 1.1986
1.1200 1.2145 1.1200 1.2112
1.0900 1.1936 1.0900 1.1914
1.0700 1.1737 1.0700 1.1598
1.0500 1.1224 1.0500 1.1065
1.0100 1.1295 1.0100 1.1176
0.9700 1.0800 0.9700 1.0658
0.9400 1.0520 0.9400 1.0342
0.9500 1.0250 0.9500 1.0108
0.9600 1.0306 0.9600 1.0148
0.9700 1.0116 0.9700 0.9921
0.9600 0.9335 0.9600 0.9063
0.9500 0.8987 0.9500 0.8802
0.9000 0.9511 0.9000 0.9336
0.8800 0.9320 0.8800 0.9107
0.8800 0.9637 0.8800 0.9507
1.0200 0.9771 1.0200 0.9785
1.0300 0.9935 1.0300 0.9771
1.0500 1.0406 1.0500 1.0254
1.0500 1.0429 1.0500 1.0321
1.0400 1.0616 1.0400 1.0577
1.0200 1.0485 1.0200 1.0506
0.9900 1.0876 0.9900 1.0926
0.9900 1.0731 0.9900 1.0749
1.0000 1.1116 1.0000 1.1116
1.0200 1.0678 1.0200 1.0650
1.0300 1.0371 1.0300 1.0325
1.0100 0.9957 1.0100 0.9986
0.9900 0.9469 0.9900 0.9447
0.9800 1.0070 0.9800 1.0092
1.0000 1.0381 1.0000 1.0284
1.0200 1.0767 1.0200 1.0542
1.0600 1.0664 1.0600 1.0460
1.1000 0.9889 1.1000 0.9711
1.1300 0.9702 1.1300 0.9710
1.1200 0.9826 1.1200 0.9900
1.1100 1.0612 1.1100 1.0602
1.1100 1.0771 1.1100 1.0599
1.1300 1.1590 1.1300 1.1410
1.1600 1.2001 1.1600 1.1906
1.2100 1.2090 1.2100 1.2006
1.2600 1.1120 1.2600 1.1094
1.3200 1.1044 1.3200 1.1181
1.3500 1.1237 1.3500 1.1454
1.3700 1.1802 1.3700 1.1861
1.2800 1.4033 1.2800 1.3989
1.2800 1.3210 1.2800 1.3137
1.2800 1.2526 1.2800 1.2502
1.2800 1.2054 1.2800 1.2047
1.2700 1.1875 1.2700 1.1797
1.2600 1.2430 1.2600 1.2292
1.2500 1.2339 1.2500 1.2051
1.2300 1.2589 1.2300 1.2292
1.2000 1.2645 1.2000 1.2462
1.1700 1.2688 1.1700 1.2550
1.1500 1.2368 1.1500 1.2283
1.1200 1.2292 1.1200 1.2252
1.1000 1.2195 1.1000 1.2184
1.0900 1.1776 1.0900 1.1700
1.0900 1.1264 1.0900 1.1174
1.0800 1.0998 1.0800 1.0939
1.0700 1.1030 1.0700 1.0966
1.0500 1.0517 1.0500 1.0342
1.0400 1.0552 1.0400 1.0372
1.0300 1.0705 1.0300 1.0565
1.0200 1.0938 1.0200 1.0749
0.9900 1.0626 0.9900 1.0402
0.9700 1.0566 0.9700 1.0395
0.9700 1.0188 0.9700 1.0082
0.9900 1.0314 0.9900 1.0244
1.0100 1.0210 1.0100 1.0123
1.0300 1.0120 1.0300 0.9963
1.0500 0.9416 1.0500 0.9236
1.0900 0.9468 1.0900 0.9365
1.1300 0.9901 1.1300 0.9860
1.1400 1.0509 1.1400 1.0363
1.1400 1.0681 1.1400 1.0449
1.1400 1.0904 1.1400 1.0708
1.1500 1.1124 1.1500 1.1054
1.1600 1.1935 1.1600 1.1969
1.1800 1.2292 1.1800 1.2300
1.2000 1.1721 1.2000 1.1632
1.2200 1.1512 1.2200 1.1564
1.2500 1.1535 1.2500 1.1708
1.2700 1.1799 1.2700 1.1918
1.2900 1.1835 1.2900 1.1835
1.3100 1.2239 1.3100 1.2192
1.3400 1.2439 1.3400 1.2396
1.3700 1.2636 1.3700 1.2594
1.4000 1.3138 1.4000 1.3173
1.4300 1.3112 1.4300 1.3119
1.4500 1.3289 1.4500 1.3319
1.4700 1.3484 1.4700 1.3579
1.4800 1.3987 1.4800 1.4084
1.5100 1.4241 1.5100 1.4309
1.5300 1.4523 1.5300 1.4565
1.5600 1.4814 1.5600 1.4904
1.5800 1.4786 1.5800 1.4876
1.6000 1.4968 1.6000 1.5104
1.6200 1.4831 1.6200 1.4968
1.6500 1.5559 1.6500 1.5731
1.7200 1.5491 1.7200 1.5589
1.8000 1.5994 1.8000 1.6054
1.8600 1.5961 1.8600 1.6064
1.8600 1.6173 1.8600 1.6271
1.8500 1.6351 1.8500 1.6522
1.8400 1.6871 1.8400 1.7031
1.8500 1.8444 1.8500 1.8660
1.8600 1.9412 1.8600 1.9507
1.8800 1.9503 1.8800 1.9501
1.8900 1.8181 1.8900 1.8300
1.8900 1.7995 1.8900 1.8448
1.9000 1.7878 1.9000 1.8455
1.9100 1.8296 1.9100 1.8642
1.9300 1.8262 1.9300 1.8380
1.9500 1.8702 1.9500 1.8721
1.9600 1.8591 1.9600 1.8642
1.9700 1.8392 1.9700 1.8468
1.9700 1.8750 1.9700 1.8967
1.9500 1.8833 1.9500 1.9012
1.9200 1.9218 1.9200 1.9349
1.8800 1.9406 1.8800 1.9528
1.8300 1.9278 1.8300 1.9368
1.7800 1.9400 1.7800 1.9581
1.7200 1.9178 1.7200 1.9378
1.6700 1.8491 1.6700 1.8644
1.6100 1.7975 1.6100 1.8171
1.5700 1.7356 1.5700 1.7541
1.5300 1.6599 1.5300 1.6698
1.5100 1.6092 1.5100 1.6141
1.4900 1.5267 1.4900 1.5218
1.4600 1.5016 1.4600 1.4933
1.4300 1.4203 1.4300 1.4046
1.3900 1.4297 1.3900 1.4126
1.3500 1.3918 1.3500 1.3722
1.3100 1.4208 1.3100 1.3969
1.2700 1.4027 1.2700 1.3803
1.2300 1.3557 1.2300 1.3290
1.1700 1.3305 1.1700 1.3171
1.1100 1.2740 1.1100 1.2632
1.0500 1.2351 1.0500 1.2244
1.0200 1.1971 1.0200 1.1858
1.0000 1.1602 1.0000 1.1427
1.0000 1.1227 1.0000 1.1027
1.0100 1.0246 1.0100 0.9983
1.0100 0.9711 1.0100 0.9494
0.9800 0.9329 0.9800 0.8992
0.9600 0.9565 0.9600 0.9352
0.9300 0.9603 0.9300 0.9289
0.9200 1.0069 0.9200 0.9689
0.9000 1.0419 0.9000 1.0106
0.8900 1.0265 0.8900 0.9961
0.8700 0.9363 0.8700 0.9132
0.8400 0.9418 0.8400 0.9389
0.8100 0.8937 0.8100 0.8916
0.7800 0.9232 0.7800 0.9137
0.7700 0.8830 0.7700 0.8651
0.7800 0.8979 0.7800 0.8754
0.7800 0.8619 0.7800 0.8411
0.7700 0.8413 0.7700 0.7934
0.7500 0.8329 0.7500 0.7734
0.7400 0.8237 0.7400 0.7479
0.7200 0.8412 0.7200 0.7790
0.6900 0.8577 0.6900 0.8273
0.6700 0.8345 0.6700 0.7980
0.6600 0.8146 0.6600 0.7731
0.6600 0.8003 0.6600 0.7509
0.7000 0.8173 0.7000 0.7717
0.7800 0.7996 0.7800 0.7263
0.8500 0.7764 0.8500 0.6791
0.8800 0.7802 0.8800 0.6872
0.8700 0.7870 0.8700 0.6934
0.8600 0.7927 0.8600 0.7072
0.8600 0.8444 0.8600 0.8284
0.8600 1.0020 0.8600 0.9869
0.8800 1.0473 0.8800 1.0202
0.9000 0.9917 0.9000 0.9692
0.6700 0.9137 0.6700 0.8892
0.6300 0.8746 0.6300 0.8488
0.6100 0.8621 0.6100 0.8432
0.6100 0.8133 0.6100 0.7362
0.6200 0.8034 0.6200 0.7071
0.6200 0.7732 0.6200 0.6773
0.6500 0.7832 0.6500 0.6843
0.6900 0.7587 0.6900 0.6557
0.7100 0.7640 0.7100 0.6591
0.7000 0.7733 0.7000 0.6715
0.6600 0.7773 0.6600 0.6835
0.6400 0.7572 0.6400 0.6660
0.6400 0.7995 0.6400 0.7707
0.6600 0.8455 0.6600 0.8363
0.7100 0.8225 0.7100 0.8025
0.8000 0.7689 0.8000 0.7361
0.9100 0.7364 0.9100 0.6541
1.0200 0.7718 1.0200 0.6933
1.1200 0.7971 1.1200 0.7180
1.2100 0.8147 1.2100 0.7527
1.3200 0.8743 1.3200 0.8531
1.4000 1.0422 1.4000 1.0255
1.4500 1.1865 1.4500 1.1718
1.4700 1.2896 1.4700 1.2798
1.4800 1.3652 1.4800 1.3727
1.4900 1.4320 1.4900 1.4593
1.4900 1.5792 1.4900 1.6250
1.4800 1.5848 1.4800 1.6210
1.4800 1.5609 1.4800 1.5913
1.4700 1.5141 1.4700 1.5596
1.4600 1.5005 1.4600 1.5493
1.4300 1.4996 1.4300 1.5423
1.4000 1.4685 1.4000 1.4902
1.3700 1.4316 1.3700 1.4414
1.3300 1.4551 1.3300 1.4669
1.3000 1.4213 1.3000 1.4245
1.2700 1.4092 1.2700 1.4072
1.2300 1.3358 1.2300 1.3326
1.1900 1.3094 1.1900 1.3079
1.1500 1.2796 1.1500 1.2810
1.1100 1.2179 1.1100 1.2068
1.0800 1.2105 1.0800 1.2002
1.0500 1.1844 1.0500 1.1703
1.0200 1.1247 1.0200 1.1016
0.9800 1.0885 0.9800 1.0699
0.9400 1.0549 0.9400 1.0382
0.9000 1.0179 0.9000 0.9975
0.8700 1.0123 0.8700 0.9917
0.8400 0.9872 0.8400 0.9622
0.8300 0.9613 0.8300 0.9340
0.8400 0.9058 0.8400 0.8798
0.8500 0.8876 0.8500 0.8502
0.8800 0.8726 0.8800 0.8178
0.9000 0.8709 0.9000 0.8111
0.9300 0.8526 0.9300 0.7807
0.9400 0.8655 0.9400 0.8171
0.9600 0.8965 0.9600 0.8739
0.9700 0.9089 0.9700 0.8795
0.9800 0.9784 0.9800 0.9581
0.9800 0.9805 0.9800 0.9642
0.9900 1.0290 0.9900 1.0197
0.9900 0.9961 0.9900 0.9918
1.0000 1.0356 1.0000 1.0367
1.0000 1.0215 1.0000 1.0262
1.0000 1.0299 1.0000 1.0286
1.0000 1.0055 1.0000 1.0055
1.0200 1.0368 1.0200 1.0373
1.0400 1.0136 1.0400 1.0107
1.0700 1.0432 1.0700 1.0382
1.1000 1.0214 1.1000 1.0157
1.1300 1.0219 1.1300 1.0139
1.1600 1.0207 1.1600 1.0177
1.1900 1.0828 1.1900 1.0810
1.2200 1.0997 1.2200 1.0921
1.2600 1.1489 1.2600 1.1387
1.2900 1.1781 1.2900 1.1734
1.3200 1.2080 1.3200 1.2053
1.3400 1.2349 1.3400 1.2389
1.3400 1.2635 1.3400 1.2697
1.3300 1.2901 1.3300 1.2979
1.3400 1.3488 1.3400 1.3594
1.3700 1.3539 1.3700 1.3601
1.4100 1.3813 1.4100 1.3889
1.4500 1.3783 1.4500 1.3904
1.4800 1.3331 1.4800 1.3417
1.1900 1.4564 1.1900 1.4663
1.1300 1.4032 1.1300 1.4112
1.0900 1.3385 1.0900 1.3363
1.0700 1.2993 1.0700 1.2967
1.0700 1.1979 1.0700 1.1854
1.1000 1.0449 1.1000 1.0243
1.1100 0.9946 1.1100 0.9842
1.1200 0.9889 1.1200 0.9701
0.9200 0.9941 0.9200 0.9726
0.9000 0.9587 0.9000 0.9439
0.8700 0.9408 0.8700 0.9344
0.8500 0.9219 0.8500 0.9144
0.8300 0.9629 0.8300 0.9538
0.8200 0.9334 0.8200 0.9140
0.8100 0.9249 0.8100 0.9032
0.8000 0.8877 0.8000 0.8732
0.8000 0.8553 0.8000 0.8274
0.8100 0.8635 0.8100 0.8348
0.8200 0.8542 0.8200 0.8127
0.8300 0.8578 0.8300 0.8184
0.8400 0.8465 0.8400 0.8090
0.8400 0.8394 0.8400 0.8016
0.8300 0.8491 0.8300 0.8297
0.8300 0.8772 0.8300 0.8632
0.8400 0.8864 0.8400 0.8694
0.8400 0.8958 0.8400 0.8806
0.8100 0.9064 0.8100 0.8966
0.7600 0.8860 0.7600 0.8772
0.7000 0.8547 0.7000 0.8476
0.6600 0.8747 0.6600 0.8739
0.6200 0.9046 0.6200 0.9015
0.6000 0.8824 0.6000 0.8676
0.5800 0.8150 0.5800 0.7727
0.5900 0.7833 0.5900 0.6969
0.6200 0.7642 0.6200 0.6750
0.6300 0.7800 0.6300 0.6887
0.6200 0.7580 0.6200 0.6576
0.5800 0.7613 0.5800 0.6574
0.5400 0.7403 0.5400 0.6369
0.5000 0.7702 0.5000 0.6702
0.4800 0.7923 0.4800 0.7362
0.5200 0.7646 0.5200 0.6997
0.6400 0.7381 0.6400 0.6577
0.7600 0.7020 0.7600 0.6150
0.8300 0.7068 0.8300 0.6241
0.8400 0.7005 0.8400 0.6149
0.8400 0.7130 0.8400 0.6211
0.8100 0.7777 0.8100 0.6855
0.7700 0.9595 0.7700 0.9414
0.7200 1.0734 0.7200 1.0328
0.6800 1.0364 0.6800 0.9952
0.6500 0.9276 0.6500 0.9267
0.5800 0.9086 0.5800 0.9501
0.5700 0.8271 0.5700 0.8505
0.6000 0.8156 0.6000 0.7583
0.6400 0.7858 0.6400 0.6985
0.6900 0.7830 0.6900 0.6894
0.7800 0.7770 0.7800 0.6790
0.8700 0.6985 0.8700 0.5913
0.9300 0.7605 0.9300 0.6660
0.9700 0.8038 0.9700 0.7246
0.9800 0.8116 0.9800 0.7564
0.9700 0.8582 0.9700 0.8230
0.9600 1.0295 0.9600 1.0175
0.9500 1.1145 0.9500 1.1090
0.9500 1.1042 0.9500 1.0957
0.9500 1.0988 0.9500 1.1116
0.9500 1.0470 0.9500 1.0732
0.9400 0.9880 0.9400 1.0154
0.9300 0.9710 0.9300 0.9969
0.9300 0.9577 0.9300 0.9693
0.9400 0.9742 0.9400 0.9727
0.9500 0.9737 0.9500 0.9626
0.9600 0.9750 0.9600 0.9597
0.9500 0.9456 0.9500 0.9320
0.9500 0.9377 0.9500 0.9283
0.9500 0.9585 0.9500 0.9542
0.9600 0.9887 0.9600 0.9801
0.9800 0.9969 0.9800 0.9821
1.0000 1.0072 1.0000 0.9933
1.0200 0.9576 1.0200 0.9452
1.0400 0.9786 1.0400 0.9763
1.0600 0.9784 1.0600 0.9784
1.0700 1.0072 1.0700 0.9998
1.0800 1.0449 1.0800 1.0374
1.0900 1.0658 1.0900 1.0536
1.0900 1.0839 1.0900 1.0749
1.1000 1.1040 1.1000 1.1009
1.1000 1.1226 1.1000 1.1227
1.1200 1.1090 1.1200 1.1084
1.1300 1.1174 1.1300 1.1196
1.1600 1.1261 1.1600 1.1304
1.2300 1.1030 1.2300 1.1014
1.2900 1.1319 1.2900 1.1335
1.3600 1.1107 1.3600 1.1083
1.4000 1.1713 1.4000 1.1701
1.4300 1.1584 1.4300 1.1539
1.4500 1.2303 1.4500 1.2260
1.4700 1.3833 1.4700 1.3917
1.4900 1.4190 1.4900 1.4096
1.5100 1.5056 1.5100 1.5029
1.5300 1.4838 1.5300 1.4935
1.5400 1.4929 1.5400 1.5130
1.5500 1.4868 1.5500 1.5212
1.5600 1.5031 1.5600 1.5310
1.5800 1.5149 1.5800 1.5370
1.6100 1.5319 1.6100 1.5451
1.6200 1.5494 1.6200 1.5602
1.6100 1.5360 1.6100 1.5440
1.5800 1.5458 1.5800 1.5570
1.5800 1.5551 1.5800 1.5686
1.6200 1.5954 1.6200 1.6070
1.7000 1.6447 1.7000 1.6541
1.7800 1.6071 1.7800 1.6065
1.8400 1.5537 1.8400 1.5573
1.8700 1.4835 1.8700 1.4989
1.3100 1.4720 1.3100 1.4609
1.2700 1.3999 1.2700 1.3850
1.2600 1.3548 1.2600 1.3407
1.2400 1.3087 1.2400 1.2955
1.2200 1.2614 1.2200 1.2427
1.2000 1.2143 1.2000 1.1927
1.1600 1.1696 1.1600 1.1458
1.1300 1.1565 1.1300 1.1339
1.0900 1.2159 1.0900 1.1963
1.0700 1.1759 1.0700 1.1432
1.0500 1.1595 1.0500 1.1277
1.0300 1.1469 1.0300 1.1308
1.0000 1.0692 1.0000 1.0507
0.9700 1.0611 0.9700 1.0514
0.9600 1.0041 0.9600 0.9916
1.1500 1.0317 1.1500 1.0222
1.1600 1.0550 1.1600 1.0511
1.1800 1.1155 1.1800 1.1105
1.2000 1.1638 1.2000 1.1521
1.2100 1.1619 1.2100 1.1446
1.2100 1.1831 1.2100 1.1765
1.2000 1.2045 1.2000 1.2087
1.1900 1.1905 1.1900 1.1931
1.1900 1.2284 1.1900 1.2354
1.2000 1.2471 1.2000 1.2525
1.2000 1.2327 1.2000 1.2303
1.1800 1.2097 1.1800 1.2104
1.1500 1.1801 1.1500 1.1840
1.1300 1.1689 1.1300 1.1746
1.1200 1.1884 1.1200 1.1922
1.1200 1.2178 1.1200 1.2141
1.1300 1.1948 1.1300 1.1814
1.1400 1.1337 1.1400 1.1197
1.1600 1.0867 1.1600 1.0835
1.1700 1.0903 1.1700 1.0943
2.3700 2.3231 2.3700 2.3670
2.3200 2.3030 2.3200 2.3359
2.2700 2.2767 2.2700 2.3080
2.2000 2.2801 2.2000 2.3148
2.1000 2.3468 2.1000 2.3830
1.9300 2.3238 1.9300 2.3455
1.7400 2.2642 1.7400 2.2785
1.5500 2.1272 1.5500 2.1503
1.3900 2.0887 1.3900 2.1261
1.2700 1.9670 1.2700 1.9982
1.2100 1.7894 1.2100 1.7956
1.2100 1.4571 1.2100 1.4509
1.2400 1.2368 1.2400 1.2368
1.2600 1.1104 1.2600 1.0501
1.2900 1.0755 1.2900 0.9476
1.3100 1.0435 1.3100 0.9036
1.3300 1.0510 1.3300 0.9348
1.3300 1.1641 1.3300 1.0768
1.3200 1.2713 1.3200 1.1842
1.2900 1.2797 1.2900 1.2066
1.2700 1.3440 1.2700 1.3108
1.2500 1.3496 1.2500 1.3438
1.2300 1.3680 1.2300 1.3713
1.2100 1.3208 1.2100 1.3278
1.1800 1.2897 1.1800 1.2968
1.1600 1.2147 1.1600 1.2235
1.1500 1.2168 1.1500 1.2257
1.1400 1.1941 1.1400 1.1959
1.1300 1.1731 1.1300 1.1604
1.1200 1.1539 1.1200 1.1402
1.1000 1.1073 1.1000 1.0906
1.0600 1.1111 1.0600 1.1000
1.0300 1.1247 1.0300 1.1146
1.0100 1.1152 1.0100 1.0962
1.0100 1.1062 1.0100 1.0873
1.0200 1.1005 1.0200 1.0861
1.0300 1.0616 1.0300 1.0478
1.0300 0.9811 1.0300 0.9665
1.0100 0.9757 1.0100 0.9700
0.9900 0.9794 0.9900 0.9726
0.9800 1.0207 0.9800 1.0037
0.9800 1.0514 0.9800 1.0285
0.9900 1.0647 0.9900 1.0389
1.0000 1.0459 1.0000 1.0268
1.0100 0.9875 1.0100 0.9754
1.0100 0.9690 1.0100 0.9679
1.0000 0.9801 1.0000 0.9820
0.9900 0.9993 0.9900 0.9910
0.9800 1.0283 0.9800 1.0129
0.9800 1.0399 0.9800 1.0216
0.9700 1.0512 0.9700 1.0368
0.9700 1.0313 0.9700 1.0217
0.9700 1.0011 0.9700 0.9949
0.9700 0.9910 0.9700 0.9903
0.9600 0.9811 0.9600 0.9784
0.9500 1.0004 0.9500 0.9941
0.9500 0.9698 0.9500 0.9558
0.9500 0.9916 0.9500 0.9791
0.9400 0.9930 0.9400 0.9836
0.9300 0.9938 0.9300 0.9805
0.9200 0.9623 0.9200 0.9501
0.9100 0.9549 0.9100 0.9458
0.8900 0.9758 0.8900 0.9718
0.8500 0.9757 0.8500 0.9652
0.8100 0.9442 0.8100 0.9279
0.7500 0.9362 0.7500 0.9251
0.7100 0.9288 0.7100 0.9212
0.6800 0.9189 0.6800 0.9085
0.6600 0.8788 0.6600 0.8644
0.6500 0.8355 0.6500 0.7841
0.6400 0.8270 0.6400 0.7548
0.6200 0.7860 0.6200 0.6883
0.6100 0.7976 0.6100 0.7003
0.6000 0.7903 0.6000 0.6905
0.6200 0.7846 0.6200 0.6786
0.6600 0.7791 0.6600 0.6754
0.7100 0.7676 0.7100 0.6653
0.7400 0.7472 0.7400 0.6476
0.7500 0.7561 0.7500 0.6625
0.7400 0.7531 0.7400 0.6600
0.7200 0.7915 0.7200 0.7251
0.7100 0.8171 0.7100 0.8008
0.7000 0.8821 0.7000 0.8605
0.6900 0.8684 0.6900 0.8484
0.7100 0.8381 0.7100 0.8294
0.7300 0.7944 0.7300 0.7932
0.7600 0.7928 0.7600 0.7555
0.7800 0.8091 0.7800 0.7605
0.7800 0.8035 0.7800 0.7371
0.7800 0.7943 0.7800 0.7158
0.7800 0.8294 0.7800 0.8002
0.7800 0.8337 0.7800 0.8163
0.7900 0.8796 0.7900 0.8600
0.8100 0.8784 0.8100 0.8650
0.8300 0.8396 0.8300 0.8283
0.8600 0.8362 0.8600 0.8386
0.8900 0.8376 0.8900 0.8408
0.9100 0.8405 0.9100 0.8298
0.9300 0.8605 0.9300 0.8544
0.9600 0.9006 0.9600 0.8919
0.9900 0.9189 0.9900 0.9060
1.0200 0.9665 1.0200 0.9576
1.0400 0.9954 1.0400 0.9896
1.0300 0.9923 1.0300 0.9859
1.0300 1.0091 1.0300 1.0103
1.0300 1.0580 1.0300 1.0652
1.0500 1.0836 1.0500 1.0860
1.0700 1.1087 1.0700 1.1078
1.0900 1.1061 1.0900 1.1062
1.1200 1.0327 1.1200 1.0312
1.1800 1.0521 1.1800 1.0637
1.2400 1.0512 1.2400 1.0620
1.2900 1.1082 1.2900 1.1081
1.3300 1.1241 1.3300 1.1162
1.3500 1.1452 1.3500 1.1322
1.3600 1.1955 1.3600 1.1938
1.3800 1.3191 1.3800 1.3252
1.3900 1.3735 1.3900 1.3724
1.4000 1.3980 1.4000 1.3938
1.4100 1.4176 1.4100 1.4288
1.4300 1.3949 1.4300 1.4137
1.4500 1.3786 1.4500 1.4026
1.4700 1.4168 1.4700 1.4443
1.5000 1.3990 1.5000 1.4128
1.5200 1.4043 1.5200 1.4104
1.5400 1.4145 1.5400 1.4230
1.5600 1.4565 1.5600 1.4639
1.5700 1.4726 1.5700 1.4768
1.5900 1.4916 1.5900 1.4931
1.5900 1.5441 1.5900 1.5524
1.6100 1.5408 1.6100 1.5462
1.6300 1.5592 1.6300 1.5671
1.6700 1.5795 1.6700 1.5942
1.7100 1.5655 1.7100 1.5758
1.7500 1.6059 1.7500 1.6210
1.7800 1.5592 1.7800 1.5682
1.8100 1.6240 1.8100 1.6372
1.8100 1.6419 1.8100 1.6561
1.8300 1.7249 1.8300 1.7316
1.8700 1.7609 1.8700 1.7687
1.9300 1.8025 1.9300 1.8083
1.9600 1.8098 1.9600 1.8253
1.9800 1.8422 1.9800 1.8649
1.9900 1.7699 1.9900 1.7910
1.9900 1.8374 1.9900 1.8679
1.9900 1.9202 1.9900 1.9537
1.9900 2.0173 1.9900 2.0308
1.9900 1.9697 1.9900 1.9715
1.9800 1.9764 1.9800 1.9915
1.9600 1.9704 1.9600 2.0080
1.9300 1.9436 1.9300 1.9763
1.9100 1.9370 1.9100 1.9676
1.8900 1.9351 1.8900 1.9584
1.8700 1.9318 1.8700 1.9479
1.8500 1.8970 1.8500 1.9082
1.8300 1.8556 1.8300 1.8666
1.8100 1.8045 1.8100 1.8181
1.7900 1.8090 1.7900 1.8248
1.7700 1.7855 1.7700 1.7934
1.7500 1.7633 1.7500 1.7613
1.7200 1.7453 1.7200 1.7446
1.6900 1.7287 1.6900 1.7281
1.6600 1.7093 1.6600 1.7093
1.6400 1.6905 1.6400 1.6900
1.6200 1.6717 1.6200 1.6707
1.6100 1.6529 1.6100 1.6514
1.5900 1.6009 1.5900 1.5968
1.5600 1.5736 1.5600 1.5720
1.5300 1.5457 1.5300 1.5454
1.5000 1.5488 1.5000 1.5456
1.4700 1.5280 1.4700 1.5194
1.4500 1.5427 1.4500 1.5327
1.4400 1.5018 1.4400 1.4906
1.4300 1.4526 1.4300 1.4415
1.4000 1.4264 1.4000 1.4253
1.3800 1.3986 1.3800 1.3963
1.3700 1.3672 1.3700 1.3592
1.3700 1.3709 1.3700 1.3617
1.3600 1.3852 1.3600 1.3736
1.3400 1.3759 1.3400 1.3590
1.3100 1.3038 1.3100 1.2846
1.2900 1.3120 1.2900 1.3064
1.2800 1.3266 1.2800 1.3267
1.2700 1.3461 1.2700 1.3359
1.2500 1.3123 1.2500 1.2956
1.2200 1.2754 1.2200 1.2610
1.2000 1.2278 1.2000 1.2228
1.2100 1.2319 1.2100 1.2322
1.2200 1.2420 1.2200 1.2384
1.2100 1.2309 1.2100 1.2151
1.1900 1.1906 1.1900 1.1717
1.1700 1.1444 1.1700 1.1305
1.1700 1.1496 1.1700 1.1452
1.1800 1.2244 1.1800 1.2223
1.2000 1.2315 1.2000 1.2132
1.2200 1.1781 1.2200 1.1510
1.2400 1.1432 1.2400 1.1321
1.2600 1.1288 1.2600 1.1306
1.2900 1.1693 1.2900 1.1724
1.3200 1.1970 1.3200 1.1891
1.3600 1.2374 1.3600 1.2211
1.4000 1.2587 1.4000 1.2449
1.4200 1.2812 1.4200 1.2733
1.1700 1.2926 1.1700 1.2803
1.0900 1.2743 1.0900 1.2671
1.0200 1.2263 1.0200 1.2191
1.0000 1.1336 1.0000 1.1212
1.0100 1.1817 1.0100 1.1811
1.0200 1.1632 1.0200 1.1522
1.0300 1.0475 1.0300 1.0135
1.0300 0.9122 1.0300 0.8846
1.0200 0.9116 1.0200 0.8674
1.0200 0.9669 1.0200 0.9597
1.0200 1.0339 1.0200 1.0042
1.0100 1.0439 1.0100 0.9919
0.9900 1.0611 0.9900 1.0215
0.9800 1.0491 0.9800 1.0293
1.0500 0.9738 1.0500 0.9695
1.0300 1.0136 1.0300 1.0080
1.0300 1.0905 1.0300 1.0842
1.0600 1.1286 1.0600 1.1183
1.1100 1.1360 1.1100 1.1258
1.1500 1.1036 1.1500 1.1028
1.2100 1.0522 1.2100 1.0593
1.2700 1.0092 1.2700 1.0216
1.3300 1.0484 1.3300 1.0619
1.3900 1.1371 1.3900 1.1412
1.4400 1.2245 1.4400 1.2116
1.4800 1.2410 1.4800 1.2192
1.5200 1.3461 1.5200 1.3422
1.5300 1.4071 1.5300 1.4160
1.5300 1.4624 1.5300 1.4712
1.5200 1.5180 1.5200 1.5364
1.5200 1.5453 1.5200 1.5651
1.5400 1.5589 1.5400 1.5826
1.5600 1.5966 1.5600 1.6261
1.5600 1.5350 1.5600 1.5566
1.5400 1.5098 1.5400 1.5326
1.5200 1.4767 1.5200 1.5037
1.5300 1.4960 1.5300 1.5161
2.3200 2.1457 2.3200 2.2029
2.3300 2.0971 2.3300 2.1603
2.3400 2.1585 2.3400 2.2156
2.3500 2.2669 2.3500 2.3117
2.3600 2.3031 2.3600 2.3183
2.3900 2.3172 2.3900 2.3295
2.4000 2.3001 2.4000 2.3280
2.4100 2.2929 2.4100 2.3348
2.4100 2.3014 2.4100 2.3494
2.4000 2.3049 2.4000 2.3442
2.4000 2.3091 2.4000 2.3398
2.4000 2.3866 2.4000 2.4182
2.4000 2.3434 2.4000 2.3639
2.0600 2.0919 2.0600 2.1188
1.9500 2.1476 1.9500 2.1833
1.8700 2.2184 1.8700 2.2425
1.8000 2.2488 1.8000 2.2441
1.7300 2.0641 1.7300 2.0467
1.6600 1.9126 1.6600 1.9204
1.5800 1.7490 1.5800 1.7864
1.5200 1.6365 1.5200 1.6657
1.4800 1.6147 1.4800 1.6264
1.4600 1.5604 1.4600 1.5354
1.4500 1.4909 1.4500 1.4450
1.4200 1.4328 1.4200 1.3934
1.4100 1.3417 1.4100 1.3079
1.3900 1.3339 1.3900 1.3107
1.3700 1.3425 1.3700 1.3193
1.3500 1.3688 1.3500 1.3345
1.3400 1.3839 1.3400 1.3482
1.3400 1.3169 1.3400 1.2805
1.3200 1.3595 1.3200 1.3453
1.2800 1.3213 1.2800 1.3128
1.2200 1.3009 1.2200 1.2864
1.1700 1.2817 1.1700 1.2750
1.1500 1.2984 1.1500 1.2905
1.1600 1.3185 1.1600 1.3102
1.1500 1.2553 1.1500 1.2365
1.1300 1.1750 1.1300 1.1595
1.1100 1.0782 1.1100 1.0731
1.1000 1.0538 1.1000 1.0541
1.1100 1.0971 1.1100 1.0935
1.1300 1.1703 1.1300 1.1484
1.1500 1.1175 1.1500 1.0754
1.1800 1.0833 1.1800 1.0503
1.1900 1.0724 1.1900 1.0643
1.1800 1.0862 1.1800 1.0827
1.1800 1.1341 1.1800 1.1279
1.2100 1.1747 1.2100 1.1592
1.2600 1.1948 1.2600 1.1759
1.2900 1.2478 1.2900 1.2392
1.3100 1.2163 1.3100 1.2096
1.3100 1.1627 1.3100 1.1595
1.3100 1.1849 1.3100 1.1984
1.3200 1.2780 1.3200 1.2930
1.3200 1.3629 1.3200 1.3618
1.3100 1.3449 1.3100 1.3269
1.2800 1.3471 1.2800 1.3409
1.2500 1.3086 1.2500 1.3198
1.2100 1.3073 1.2100 1.3249
1.1700 1.3333 1.1700 1.3518
1.1300 1.3074 1.1300 1.3087
1.0900 1.2730 1.0900 1.2684
1.0500 1.2027 1.0500 1.2003
0.9700 1.1755 0.9700 1.1780
0.8700 1.1132 0.8700 1.1121
0.7500 1.0738 0.7500 1.0636
0.6600 1.0355 0.6600 1.0219
0.5800 1.0003 0.5800 0.9796
0.5300 0.9638 0.5300 0.9407
0.5000 0.8613 0.5000 0.7733
0.4700 0.8091 0.4700 0.7032
0.4700 0.7517 0.4700 0.6503
0.4900 0.7614 0.4900 0.6591
0.5100 0.7314 0.5100 0.6201
0.5100 0.7274 0.5100 0.6098
0.4900 0.7138 0.4900 0.5987
0.4800 0.6868 0.4800 0.5724
0.8000 0.7567 0.8000 0.6919
0.8800 0.7867 0.8800 0.7706
0.9500 0.8116 0.9500 0.8098
1.0200 0.8935 1.0200 0.8906
1.0800 0.8196 1.0800 0.8089
1.1300 0.8855 1.1300 0.8859
1.2000 0.9421 1.2000 0.9564
1.2600 1.0965 1.2600 1.1027
1.3300 1.1350 1.3300 1.1305
1.3900 1.2020 1.3900 1.1960
1.4400 1.2383 1.4400 1.2516
1.4800 1.2654 1.4800 1.2846
1.5300 1.3691 1.5300 1.4009
1.5700 1.4017 1.5700 1.4241
1.6100 1.4856 1.6100 1.5045
1.6300 1.5203 1.6300 1.5427
1.6500 1.5463 1.6500 1.5668
1.6900 1.5599 1.6900 1.5888
1.7400 1.6306 1.7400 1.6640
1.7700 1.6409 1.7700 1.6673
1.7900 1.6760 1.7900 1.6972
1.8000 1.6488 1.8000 1.6700
1.8000 1.6691 1.8000 1.6933
1.8100 1.7519 1.8100 1.7844
1.8300 1.8182 1.8300 1.8376
1.8600 1.7947 1.8600 1.8001
1.9000 1.7961 1.9000 1.8110
1.9400 1.7883 1.9400 1.8165
1.9800 1.7622 1.9800 1.7887
2.0300 1.7909 2.0300 1.8180
2.0700 1.8304 2.0700 1.8506
2.1100 1.8785 2.1100 1.8887
2.1400 1.9399 2.1400 1.9495
2.1600 1.9807 2.1600 1.9910
2.1600 2.0215 2.1600 2.0379
2.1800 2.0964 2.1800 2.1233
2.2000 2.1101 2.2000 2.1354
2.2400 2.1485 2.2400 2.1770
2.2600 2.1553 2.2600 2.1895
2.2500 2.1508 2.2500 2.1838
2.2300 2.1016 2.2300 2.1357
2.2100 2.1713 2.2100 2.2127
2.1700 2.1842 2.1700 2.2175
2.1200 2.2648 2.1200 2.2865
2.0800 2.2332 2.0800 2.2503
2.0300 2.1564 2.0300 2.1714
1.9700 2.1225 1.9700 2.1607
1.8600 2.1050 1.8600 2.1461
1.7300 2.0069 1.7300 2.0300
1.6200 1.9316 1.6200 1.9465
1.6000 1.9202 1.6000 1.9386
1.6000 1.8434 1.6000 1.8470
1.6300 1.7578 1.6300 1.7511
1.6200 1.5360 1.6200 1.5230
1.6000 1.3716 1.6000 1.3655
1.5500 1.3141 1.5500 1.3205
1.5100 1.4972 1.5100 1.4933
1.4800 1.5291 1.4800 1.4776
1.4400 1.6291 1.4400 1.5593
1.4100 1.5432 1.4100 1.4931
1.3800 1.5202 1.3800 1.5006
1.3600 1.4077 1.3600 1.4189
1.3100 1.3924 1.3100 1.4059
1.2600 1.3777 1.2600 1.3876
1.2200 1.3132 1.2200 1.2960
1.2100 1.3065 1.2100 1.2896
1.2000 1.2837 1.2000 1.2677
1.1900 1.2881 1.1900 1.2704
1.1700 1.1733 1.1700 1.1491
1.1500 1.1305 1.1500 1.1128
1.1400 1.1176 1.1400 1.1124
1.1200 1.1744 1.1200 1.1616
1.0900 1.1612 1.0900 1.1333
1.0700 1.1556 1.0700 1.1225
1.0400 1.1206 1.0400 1.0991
1.0300 1.1066 1.0300 1.0941
1.0200 1.1182 1.0200 1.1129
1.0200 1.0774 1.0200 1.0629
1.0100 1.0269 1.0100 1.0090
0.9900 1.0325 0.9900 1.0238
0.9600 0.9849 0.9600 0.9707
0.9400 1.0168 0.9400 1.0028
0.9300 1.0091 0.9300 0.9924
0.9500 1.0326 0.9500 1.0109
0.9500 1.0025 0.9500 0.9831
0.9500 0.9664 0.9500 0.9479
0.9500 0.9175 0.9500 0.9074
0.9600 0.9216 0.9600 0.9157
0.9600 0.9323 0.9600 0.9230
0.9500 1.0139 0.9500 0.9996
0.9500 0.9731 0.9500 0.9460
0.9600 0.9750 0.9600 0.9519
0.9500 0.9782 0.9500 0.9731
0.9400 1.0106 0.9400 1.0066
0.9400 0.9852 0.9400 0.9764
0.9500 0.9554 0.9500 0.9429
0.9600 0.9769 0.9600 0.9748
0.9600 1.0084 0.9600 1.0056
0.9700 0.9545 0.9700 0.9387
0.9800 0.9445 0.9800 0.9327
0.9900 0.9686 0.9900 0.9670
1.0000 0.9988 1.0000 0.9921
1.0100 1.0050 1.0100 0.9915
1.0100 0.9855 1.0100 0.9696
1.0200 1.0175 1.0200 1.0119
1.0200 1.0277 1.0200 1.0244
1.0000 1.0351 1.0000 1.0274
1.0000 1.0433 1.0000 1.0378
1.0100 1.0541 1.0100 1.0493
1.0500 1.0317 1.0500 1.0261
1.1100 1.0617 1.1100 1.0608
1.1900 1.0403 1.1900 1.0367
1.2600 0.9777 1.2600 0.9668
1.3100 1.0193 1.3100 1.0217
1.3300 1.0519 1.3300 1.0517
1.3400 1.1496 1.3400 1.1411
1.3600 1.2481 1.3600 1.2374
1.3800 1.3703 1.3800 1.3587
1.2300 1.3990 1.2300 1.3782
1.1700 1.3222 1.1700 1.2801
1.1300 1.2942 1.1300 1.2724
1.0900 1.2515 1.0900 1.2548
1.0700 1.2527 1.0700 1.2580
1.0500 1.1637 1.0500 1.1560
1.0400 1.1264 1.0400 1.1125
1.0500 1.0277 1.0500 1.0136
1.0500 1.0362 1.0500 1.0237
1.0500 0.9977 1.0500 0.9802
1.0500 1.0241 1.0500 0.9962
1.0400 1.0069 1.0400 0.9775
1.0000 1.0249 1.0000 0.9949
0.9500 1.0792 0.9500 1.0609
0.8900 1.0616 0.8900 1.0376
0.8400 1.0613 0.8400 1.0424
1.0100 1.2224 1.0100 1.1939
1.0600 1.2468 1.0600 1.2267
1.1300 1.2456 1.1300 1.2514
1.1700 1.1190 1.1700 1.1479
1.2100 0.9601 1.2100 0.9972
1.2600 0.9341 1.2600 0.9835
1.3000 1.0730 1.3000 1.1103
1.2900 1.1747 1.2900 1.1673
1.2300 1.2799 1.2300 1.2460
1.1700 1.2611 1.1700 1.2300
1.1400 1.3083 1.1400 1.3057
1.1400 1.3799 1.1400 1.4058
1.2400 1.2030 1.2400 1.2099
1.2600 1.2133 1.2600 1.2239
1.2900 1.2334 1.2900 1.2401
1.3200 1.2617 1.3200 1.2547
1.3200 1.2381 1.3200 1.2237
1.3300 1.2104 1.3300 1.1983
1.3200 1.2350 1.3200 1.2367
1.3300 1.2979 1.3300 1.3020
1.3300 1.3447 1.3300 1.3388
1.3300 1.3725 1.3300 1.3615
1.3400 1.3094 1.3400 1.2992
1.3700 1.3452 1.3700 1.3547
1.3900 1.2909 1.3900 1.3033
1.4100 1.3409 1.4100 1.3500
1.4200 1.3146 1.4200 1.3188
1.4300 1.3152 1.4300 1.3084
1.4400 1.3461 1.4400 1.3494
1.4400 1.4220 1.4400 1.4241
1.4300 1.4147 1.4300 1.4078
1.4200 1.4352 1.4200 1.4307
1.4200 1.4261 1.4200 1.4318
1.4400 1.4366 1.4400 1.4459
1.4800 1.4432 1.4800 1.4552
1.5200 1.4192 1.5200 1.4238
1.5400 1.3856 1.5400 1.3893
1.5000 1.3771 1.5000 1.3845
1.4500 1.3985 1.4500 1.4058
1.3900 1.4597 1.3900 1.4624
1.3400 1.5413 1.3400 1.5379
1.3000 1.5799 1.3000 1.5703
1.2600 1.5567 1.2600 1.5498
1.2200 1.3871 1.2200 1.3865
1.2000 1.3222 1.2000 1.3465
1.1900 1.2395 1.1900 1.2692
1.1900 1.2045 1.1900 1.2112
1.1900 1.1811 1.1900 1.1708
1.1900 1.1457 1.1900 1.1169
1.1700 1.1104 1.1700 1.0802
1.1300 1.1412 1.1300 1.1195
1.0900 1.1564 1.0900 1.1337
1.0700 1.1789 1.0700 1.1527
1.0800 1.1818 1.0800 1.1590
1.1000 1.1862 1.1000 1.1691
1.1100 1.1253 1.1100 1.1119
1.1200 1.0454 1.1200 1.0358
1.1200 1.0083 1.1200 1.0086
1.8900 1.3623 1.8900 1.3690
1.9500 1.5663 1.9500 1.5808
2.0000 1.7581 2.0000 1.7744
2.0600 1.8823 2.0600 1.8852
2.0900 1.9466 2.0900 1.9646
2.1000 2.0002 2.1000 2.0434
2.1000 2.0576 2.1000 2.1213
2.0900 2.0632 2.0900 2.1262
2.0600 2.0821 2.0600 2.1406
2.0200 2.1611 2.0200 2.2205
1.9800 2.1109 1.9800 2.1514
1.9500 2.0704 1.9500 2.1062
1.9200 2.0517 1.9200 2.0994
1.8900 2.0154 1.8900 2.0552
1.8400 1.9300 1.8400 1.9575
1.7700 1.8668 1.7700 1.8890
1.6900 1.8279 1.6900 1.8482
1.6000 1.8186 1.6000 1.8302
1.5100 1.7842 1.5100 1.7827
1.4100 1.7551 1.4100 1.7469
1.3300 1.6624 1.3300 1.6526
1.2700 1.5523 1.2700 1.5450
1.2400 1.4550 1.2400 1.4553
1.2000 1.3445 1.2000 1.3388
1.1700 1.2551 1.1700 1.2399
1.1300 1.1362 1.1300 1.1084
1.1100 1.1083 1.1100 1.0773
1.0800 1.0992 1.0800 1.0638
1.0500 1.1409 1.0500 1.0957
1.0200 1.0847 1.0200 1.0307
1.0000 1.0872 1.0000 1.0426
0.9700 1.0352 0.9700 1.0052
0.9300 1.0644 0.9300 1.0428
0.8800 1.0144 0.8800 0.9923
0.8100 0.9892 0.8100 0.9621
0.7300 0.9628 0.7300 0.9446
0.6600 0.9701 0.6600 0.9521
0.6200 0.9203 0.6200 0.8977
0.6200 0.8775 0.6200 0.8388
0.6500 0.8488 0.6500 0.7801
0.7400 0.8047 0.7400 0.7026
0.8700 0.7693 0.8700 0.6681
0.9900 0.7570 0.9900 0.6569
1.0500 0.7708 1.0500 0.6678
1.0500 0.7978 1.0500 0.6901
1.0300 0.8160 1.0300 0.7309
1.0100 0.9820 1.0100 0.9459
1.0000 1.1888 1.0000 1.1617
1.0100 1.2830 1.0100 1.2549
1.0100 1.2151 1.0100 1.2021
1.0000 1.0937 1.0000 1.1149
0.9900 1.0309 0.9900 1.0853
0.9800 1.0011 0.9800 1.0527
0.9700 0.9992 0.9700 1.0224
0.9700 1.0446 0.9700 1.0444
0.9700 1.0245 0.9700 1.0047
0.9600 0.9957 0.9600 0.9742
0.9500 0.9896 0.9500 0.9820
0.9500 0.9822 0.9500 0.9772
0.9600 0.9700 0.9600 0.9615
