1.2500 1.5908 1.2500 1.5135
1.1800 1.5281 1.1800 1.4786
1.1300 1.4093 1.1300 1.3529
1.0800 1.3864 1.0800 1.3324
1.0400 1.2418 1.0400 1.1617
1.0200 1.1656 1.0200 1.0829
1.0000 1.1331 1.0000 1.0678
0.9900 1.0497 0.9900 0.9578
0.9700 1.0411 0.9700 0.9680
0.9400 1.0085 0.9400 0.9291
0.9300 0.9920 0.9300 0.9163
0.9400 1.0109 0.9400 0.9655
0.9400 0.9966 0.9400 0.9473
0.9300 1.0127 0.9300 0.9685
0.9300 0.9767 0.9300 0.9319
0.9300 0.9311 0.9300 0.8784
0.9400 0.9639 0.9400 0.9355
0.9500 1.0212 0.9500 1.0005
0.9700 0.9994 0.9700 0.9586
0.9900 0.9679 0.9900 0.9251
1.0200 0.9936 1.0200 0.9701
1.0500 0.9957 1.0500 0.9694
1.0800 1.0260 1.0800 0.9985
1.1100 1.0372 1.1100 1.0097
1.1400 1.0793 1.1400 1.0555
1.1400 1.1010 1.1400 1.0718
1.1500 1.1526 1.1500 1.1150
1.1400 1.1836 1.1400 1.1401
1.1300 1.2122 1.1300 1.1619
1.1300 1.2419 1.1300 1.1908
1.1500 1.2707 1.1500 1.2166
1.1900 1.2006 1.1900 1.1513
1.2100 1.2300 1.2100 1.1939
1.2000 1.1754 1.2000 1.1381
1.1400 1.1585 1.1400 1.1146
1.0700 1.1814 1.0700 1.1495
0.9800 1.2447 0.9800 1.2184
0.9100 1.3297 0.9100 1.2878
0.8300 1.3040 0.8300 1.2489
0.7600 1.2261 0.7600 1.1721
0.6900 1.0566 0.6900 0.9923
0.6100 0.9759 0.6100 0.9074
0.5600 0.9238 0.5600 0.7937
0.5500 0.9117 0.5500 0.7885
0.6000 0.8555 0.6000 0.7303
0.7000 0.8206 0.7000 0.7061
0.8400 0.7799 0.8400 0.6782
0.9600 0.7245 0.9600 0.6285
1.0300 0.7275 1.0300 0.6569
1.0700 0.7571 1.0700 0.7148
1.0800 0.8306 1.0800 0.8152
1.0800 1.0054 1.0800 0.9845
1.0700 1.2094 1.0700 1.1606
1.0400 1.2835 1.0400 1.2019
1.0200 1.2532 1.0200 1.1545
1.0100 1.2405 1.0100 1.1560
1.0100 1.1941 1.0100 1.1217
1.0300 1.1583 1.0300 1.1087
1.0700 1.1158 1.0700 1.0821
1.1100 1.0323 1.1100 0.9826
1.1100 1.0297 1.1100 0.9908
1.0800 1.0417 1.0800 1.0093
0.8800 0.9078 0.8800 0.8549
0.8700 0.9134 0.8700 0.8630
0.8800 0.9755 0.8800 0.9541
0.8800 0.9685 0.8800 0.9378
0.8700 0.9792 0.8700 0.9490
0.8700 0.9300 0.8700 0.8979
0.8600 0.9505 0.8600 0.9285
0.8800 0.9199 0.8800 0.8913
0.9000 0.9699 0.9000 0.9487
0.9000 0.9502 0.9000 0.9213
0.8800 0.9159 0.8800 0.8782
0.8600 0.9390 0.8600 0.9165
0.8300 0.9087 0.8300 0.8795
0.7900 0.9918 0.7900 0.9762
0.8000 1.0156 0.8000 0.9969
0.8300 0.9695 0.8300 0.9299
0.8900 0.9062 0.8900 0.8667
0.8700 0.8953 0.8700 0.8599
0.8600 0.8780 0.8600 0.8058
0.8600 0.8490 0.8600 0.7693
0.8800 0.9045 0.8800 0.8776
0.9000 0.9664 0.9000 0.9585
0.8900 1.0922 0.8900 1.0574
0.8700 0.9032 0.8700 0.8448
0.8400 0.9101 0.8400 0.8806
0.8200 0.9399 0.8200 0.9392
0.8400 0.9972 0.8400 0.9812
0.8700 1.0147 0.8700 0.9867
0.8800 0.9381 0.8800 0.8952
0.8800 0.8960 0.8800 0.8607
0.8800 0.8778 0.8800 0.8151
0.9000 0.8847 0.9000 0.8177
0.9300 0.9507 0.9300 0.9417
0.9200 1.0055 0.9200 0.9882
0.9000 0.9718 0.9000 0.9328
0.8800 0.9520 0.8800 0.9218
0.8800 0.9549 0.8800 0.9368
0.8800 1.0174 0.8800 1.0034
0.8700 1.0684 0.8700 1.0420
0.8500 0.9684 0.8500 0.9206
0.8500 0.9238 0.8500 0.8843
0.8500 0.9088 0.8500 0.8834
0.8300 0.9471 0.8300 0.9271
0.7900 0.9460 0.7900 0.9145
0.7400 0.9127 0.7400 0.8725
0.7200 0.8874 0.7200 0.8358
0.7100 0.9177 0.7100 0.8998
0.7200 0.9201 0.7200 0.8957
0.7200 0.8784 0.7200 0.8106
0.7300 0.8377 0.7300 0.7601
0.7400 0.8087 0.7400 0.7350
0.7500 0.8361 0.7500 0.7792
0.7400 0.8390 0.7400 0.7839
0.7400 0.8536 0.7400 0.8042
0.7400 0.8339 0.7400 0.7840
0.7700 0.8451 0.7700 0.8151
0.8300 0.8526 0.8300 0.8336
0.8500 0.8581 0.8500 0.8393
0.8600 0.8339 0.8600 0.7850
0.8300 0.8460 0.8300 0.8056
0.8100 0.8501 0.8100 0.8090
0.8100 0.9157 0.8100 0.9103
0.8300 1.0441 0.8300 1.0185
0.8800 0.9785 0.8800 0.9315
0.9100 0.9624 0.9100 0.9272
0.9500 0.8573 0.9500 0.8174
0.9600 0.8717 0.9600 0.8197
0.9700 0.9011 0.9700 0.8733
0.9900 0.9455 0.9900 0.9293
1.0400 1.0615 1.0400 1.0387
1.0900 1.0518 1.0900 1.0101
1.1300 1.1130 1.1300 1.0653
1.1400 1.0613 1.1400 1.0205
1.1500 1.0656 1.1500 1.0288
1.1600 1.1075 1.1600 1.0815
1.1800 1.2206 1.1800 1.1775
1.2200 1.2691 1.2200 1.2073
1.2600 1.2835 1.2600 1.2123
1.3100 1.2272 1.3100 1.1683
1.3300 1.2359 1.3300 1.1914
1.3100 1.2445 1.3100 1.2082
1.2800 1.2806 1.2800 1.2387
1.2700 1.3635 1.2700 1.3154
1.2800 1.4020 1.2800 1.3389
1.3100 1.4741 1.3100 1.4009
1.3500 1.4265 1.3500 1.3542
1.3900 1.3119 1.3900 1.2545
1.4700 1.2607 1.4700 1.2182
1.5600 1.2940 1.5600 1.2664
1.6500 1.3426 1.6500 1.3065
1.6900 1.4133 1.6900 1.3744
1.6800 1.4777 1.6800 1.4234
1.6500 1.5207 1.6500 1.4528
1.6000 1.6849 1.6000 1.6165
1.5700 1.7876 1.5700 1.7037
1.5400 1.8654 1.5400 1.7628
1.5100 1.8061 1.5100 1.6979
1.4800 1.6963 1.4800 1.6055
1.4600 1.6239 1.4600 1.5807
1.4400 1.5185 1.4400 1.4657
1.4000 1.5235 1.4000 1.4701
1.3700 1.4857 1.3700 1.4213
1.3300 1.4485 1.3300 1.3736
1.2300 1.4226 1.2300 1.3565
1.1300 1.4294 1.1300 1.3731
1.0600 1.4115 1.0600 1.3512
1.0500 1.3255 1.0500 1.2505
1.0600 1.3227 1.0600 1.2653
1.0500 1.2635 1.0500 1.2023
1.0400 1.0334 1.0400 0.9177
1.0300 0.9927 1.0300 0.8462
1.0400 0.9985 1.0400 0.8833
1.0600 1.0539 1.0600 1.0155
1.1000 1.1111 1.1000 1.0593
1.1300 1.0609 1.1300 0.9924
1.1500 1.0619 1.1500 1.0176
1.1200 1.0620 1.1200 1.0323
1.0800 1.1174 1.0800 1.0921
1.0400 1.1606 1.0400 1.1330
1.0200 1.2451 1.0200 1.2052
1.0200 1.2553 1.0200 1.2040
1.0500 1.2524 1.0500 1.1982
1.1000 1.1114 1.1000 1.0564
1.1500 1.0459 1.1500 0.9989
1.1800 1.0060 1.1800 0.9684
1.2100 1.0243 1.2100 0.9860
1.2300 1.0670 1.2300 1.0300
1.2500 1.1650 1.2500 1.1391
1.2900 1.2650 1.2900 1.2256
1.3400 1.3188 1.3400 1.2552
1.3700 1.3065 1.3700 1.2381
1.3800 1.3388 1.3800 1.2773
1.3600 1.3365 1.3600 1.2795
1.3500 1.3511 1.3500 1.2946
1.3200 1.4347 1.3200 1.3794
1.2900 1.5050 1.2900 1.4343
1.2600 1.4843 1.2600 1.4046
1.2200 1.4478 1.2200 1.3820
1.1900 1.3605 1.1900 1.3133
1.1700 1.3711 1.1700 1.3361
1.1600 1.2912 1.1600 1.2373
1.1400 1.2533 1.1400 1.1922
1.1200 1.2248 1.1200 1.1714
1.1100 1.1600 1.1100 1.0963
1.1000 1.1534 1.1000 1.0979
1.1000 1.1589 1.1000 1.1113
1.1000 1.1721 1.1000 1.1231
1.1300 1.1319 1.1300 1.0749
1.1700 1.1147 1.1700 1.0640
1.2200 1.1318 1.2200 1.0939
1.2400 1.1230 1.2400 1.0797
1.2400 1.1456 1.2400 1.1054
1.2300 1.1483 1.2300 1.1094
1.2000 1.2471 1.2000 1.2216
1.1400 1.3134 1.1400 1.2695
1.0900 1.3851 1.0900 1.3192
1.0500 1.3390 1.0500 1.2723
1.0600 1.2931 1.0600 1.2394
1.0800 1.2624 1.0800 1.2288
1.1800 1.1823 1.1800 1.1331
1.2800 1.0487 1.2800 0.9793
1.3800 1.0189 1.3800 0.9669
1.3900 1.0052 1.3900 0.9547
1.3500 1.1209 1.3500 1.0909
1.2700 1.1675 1.2700 1.1302
1.2000 1.4473 1.2000 1.4001
1.1800 1.5413 1.1800 1.4672
1.1900 1.6252 1.1900 1.5246
1.2100 1.4684 1.2100 1.3594
1.1900 1.3167 1.1900 1.2515
1.1500 1.1488 1.1500 1.1010
1.0900 1.0875 1.0900 1.0369
1.0500 1.1706 1.0500 1.1342
1.0100 1.2409 1.0100 1.1948
0.9800 1.2820 0.9800 1.2261
0.9400 1.1784 0.9400 1.1089
0.9000 1.1008 0.9000 1.0427
0.8300 1.0029 0.8300 0.9505
0.7700 1.0047 0.7700 0.9617
0.7100 0.9828 0.7100 0.9106
0.6900 0.9683 0.6900 0.8979
0.6700 0.9306 0.6700 0.8395
0.6400 0.9069 0.6400 0.8081
0.6400 0.8427 0.6400 0.7346
0.6300 0.8258 0.6300 0.7307
0.6300 0.7990 0.6300 0.7120
0.6400 0.8255 0.6400 0.7590
0.6400 0.8066 0.6400 0.7423
0.6500 0.7693 0.6500 0.7036
0.6700 0.7964 0.6700 0.7563
0.7000 0.7810 0.7000 0.7421
0.7300 0.7893 0.7300 0.7520
0.7600 0.8021 0.7600 0.7747
0.7800 0.7900 0.7800 0.7582
0.8000 0.8053 0.8000 0.7774
0.8200 0.8252 0.8200 0.8046
0.8500 0.8572 0.8500 0.8458
0.8700 0.8876 0.8700 0.8671
0.8600 0.9170 0.8600 0.8905
0.8300 0.9150 0.8300 0.8879
0.8100 0.9322 0.8100 0.9069
0.8100 0.9505 0.8100 0.9270
0.8000 0.9993 0.8000 0.9711
0.7700 0.9960 0.7700 0.9642
0.7500 0.9171 0.7500 0.8795
0.7500 0.8643 0.7500 0.8035
0.7600 0.8747 0.7600 0.8194
0.7600 0.9002 0.7600 0.8662
0.7400 0.8791 0.7400 0.8133
0.7300 0.8361 0.7300 0.7620
0.7300 0.8374 0.7300 0.7781
0.7700 0.8622 0.7700 0.8159
0.8000 0.8749 0.8000 0.8380
0.8200 0.8566 0.8200 0.8065
0.7900 0.8225 0.7900 0.7641
0.7700 0.8328 0.7700 0.7860
0.7800 0.8485 0.7800 0.8073
0.8400 0.9359 0.8400 0.9328
0.9000 0.9485 0.9000 0.9255
0.9400 0.9449 0.9400 0.9124
0.9800 0.8312 0.9800 0.7696
1.0500 0.8433 1.0500 0.7923
1.1600 0.8919 1.1600 0.8823
1.2600 1.0482 1.2600 1.0317
1.3300 1.1104 1.3300 1.0612
1.3800 1.1058 1.3800 1.0420
1.4200 1.1491 1.4200 1.0940
1.4600 1.2786 1.4600 1.2241
1.4700 1.4570 1.4700 1.3904
1.4400 1.5250 1.4400 1.4298
1.4000 1.5283 1.4000 1.4232
1.3500 1.5435 1.3500 1.4529
1.2700 1.5666 1.2700 1.4823
1.2300 1.6054 1.2300 1.5205
1.1500 1.5410 1.1500 1.4613
1.1200 1.4107 1.1200 1.3470
1.1400 1.3475 1.1400 1.2975
1.2800 1.2710 1.2800 1.2157
1.3200 0.8782 1.3200 0.8867
1.3600 1.0761 1.3600 1.0435
1.4200 1.2562 1.4200 1.1939
1.4600 1.4438 1.4600 1.3648
1.4800 1.5061 1.4800 1.4009
1.4500 1.5147 1.4500 1.4004
1.3800 1.4919 1.3800 1.3892
1.2600 1.5148 1.2600 1.4255
1.1100 1.6125 1.1100 1.5328
0.9500 1.6028 0.9500 1.5075
0.8200 1.5698 0.8200 1.4821
0.7100 1.4235 0.7100 1.3651
0.5800 1.2582 0.5800 1.1886
0.5700 1.0426 0.5700 0.9340
0.5500 0.9511 0.5500 0.7623
0.5400 0.8707 0.5400 0.6829
0.5300 0.8351 0.5300 0.6689
0.5300 0.7877 0.5300 0.6378
0.5400 0.6831 0.5400 0.5349
0.5700 0.7828 0.5700 0.7143
0.6200 0.7487 0.6200 0.6898
0.6600 0.7321 0.6600 0.6744
0.6500 0.7171 0.6500 0.6817
0.6200 0.7276 0.6200 0.7101
0.5900 0.7501 0.5900 0.7354
0.5800 0.7811 0.5800 0.7753
0.5800 0.8294 0.5800 0.8200
0.6000 0.8511 0.6000 0.8228
0.6600 0.7697 0.6600 0.7371
0.7000 0.7434 0.7000 0.7080
0.7300 0.7446 0.7300 0.7147
0.7500 0.7685 0.7500 0.7416
0.7800 0.7746 0.7800 0.7452
0.7900 0.7935 0.7900 0.7716
0.8200 0.8822 0.8200 0.8777
0.8700 0.8868 0.8700 0.8547
0.9500 0.8921 0.9500 0.8537
1.0000 0.8916 1.0000 0.8661
1.0200 0.9399 1.0200 0.9122
1.0300 0.9038 1.0300 0.8774
1.0300 0.9702 1.0300 0.9450
1.0400 1.0653 1.0400 1.0335
1.0600 1.2027 1.0600 1.1474
1.1000 1.1916 1.1000 1.1143
1.1400 1.1421 1.1400 1.0710
1.1900 1.1305 1.1900 1.0870
1.2200 1.1042 1.2200 1.0704
1.2300 1.1286 1.2300 1.1003
1.2500 1.1671 1.2500 1.1382
1.2900 1.2491 1.2900 1.2068
1.3400 1.2894 1.3400 1.2338
1.3600 1.3615 1.3600 1.2945
1.3700 1.3479 1.3700 1.2787
1.3500 1.3096 1.3500 1.2472
1.3200 1.3528 1.3200 1.3063
1.2800 1.4365 1.2800 1.3825
1.2500 1.5035 1.2500 1.4305
1.2200 1.4501 1.2200 1.3740
1.1800 1.4376 1.1800 1.3780
1.1600 1.3514 1.1600 1.3067
1.1400 1.2932 1.1400 1.2417
1.1300 1.2280 1.1300 1.1735
1.1100 1.2156 1.1100 1.1634
1.1000 1.1838 1.1000 1.1262
1.0900 1.1193 1.0900 1.0516
1.0800 1.1476 1.0800 1.1001
1.0700 1.1318 1.0700 1.0832
1.0500 1.1442 1.0500 1.0942
1.0400 1.1060 1.0400 1.0537
1.0300 1.1204 1.0300 1.0779
1.0500 1.1146 1.0500 1.0743
1.0900 1.1044 1.0900 1.0598
1.1500 1.0962 1.1500 1.0540
1.1700 1.0552 1.1700 1.0086
1.1600 1.0681 1.1600 1.0305
1.1500 1.0602 1.1500 1.0226
1.1600 1.1466 1.1600 1.1225
1.1800 1.2351 1.1800 1.2045
1.1900 1.3408 1.1900 1.2811
1.1600 1.2726 1.1600 1.2044
1.1200 1.1943 1.1200 1.1440
1.0800 1.1882 1.0800 1.1634
1.0800 1.2399 1.0800 1.2177
1.0800 1.2760 1.0800 1.2409
1.0900 1.2589 1.0900 1.2118
1.0800 1.1388 1.0800 1.0758
1.0700 1.0781 1.0700 1.0280
1.0800 1.0399 1.0800 0.9986
1.1100 1.1255 1.1100 1.0977
1.1000 1.1248 1.1000 1.0804
1.0600 1.1552 1.0600 1.1100
1.0400 1.1071 1.0400 1.0606
1.0300 1.0988 1.0300 1.0590
1.0300 1.1573 1.0300 1.1356
1.0400 1.2319 1.0400 1.2027
1.0600 1.1299 1.0600 1.0712
1.0800 1.0215 1.0800 0.9589
1.0900 1.0508 1.0900 1.0267
1.1000 1.0629 1.1000 1.0342
1.1000 1.0794 1.1000 1.0362
1.1000 1.1129 1.1000 1.0775
1.1000 1.1585 1.1000 1.1309
1.0900 1.1813 1.0900 1.1475
1.0800 1.1699 1.0800 1.1331
1.0600 1.1807 1.0600 1.1481
1.0400 1.1585 1.0400 1.1241
1.0000 1.1558 1.0000 1.1201
0.9600 1.1551 0.9600 1.1208
0.9600 1.1206 0.9600 1.0774
1.0000 1.1093 1.0000 1.0683
1.0500 1.0674 1.0500 1.0234
1.0700 1.0460 1.0700 1.0021
1.0800 0.9622 1.0800 0.9082
1.0800 0.9414 1.0800 0.8711
1.1000 1.0118 1.1000 0.9915
1.1200 1.1437 1.1200 1.1324
1.1300 1.2173 1.1300 1.1726
1.1400 1.1730 1.1400 1.1179
1.1500 1.1649 1.1500 1.1225
1.1500 1.1464 1.1500 1.1167
1.1500 1.2070 1.1500 1.1750
1.1600 1.2242 1.1600 1.1867
1.1600 1.2067 1.1600 1.1640
1.1600 1.2172 1.1600 1.1835
1.1400 1.2281 1.1400 1.1954
1.1300 1.2033 1.1300 1.1632
1.1400 1.2014 1.1400 1.1632
1.1400 1.2341 1.1400 1.2049
1.1400 1.2099 1.1400 1.1679
1.1300 1.2079 1.1300 1.1656
1.1100 1.1441 1.1100 1.0957
1.0900 1.1552 1.0900 1.1164
1.0700 1.2121 1.0700 1.1864
1.0900 1.1869 1.0900 1.1407
1.1100 1.1856 1.1100 1.1396
1.1300 1.1569 1.1300 1.1158
1.1400 1.1142 1.1400 1.0674
1.1600 1.0942 1.1600 1.0511
1.1700 1.0738 1.1700 1.0308
1.1700 1.1830 1.1700 1.1614
1.1500 1.2054 1.1500 1.1722
1.1200 1.2232 1.1200 1.1812
1.1100 1.2159 1.1100 1.1805
1.1200 1.2603 1.1200 1.2225
1.1300 1.2482 1.1300 1.2086
1.1600 1.2217 1.1600 1.1787
1.1800 1.1564 1.1800 1.1084
1.1900 1.1021 1.1900 1.0542
1.1800 1.1362 1.1800 1.1040
1.1600 1.1901 1.1600 1.1604
1.1400 1.1977 1.1400 1.1535
1.1100 1.2744 1.1100 1.2410
1.0800 1.2767 1.0800 1.2342
1.0500 1.2632 1.0500 1.2162
1.0100 1.2101 1.0100 1.1669
0.9700 1.1661 0.9700 1.1228
0.9500 1.1446 0.9500 1.1035
0.9300 1.0889 0.9300 1.0373
0.9100 1.0563 0.9100 1.0041
0.8900 1.0273 0.8900 0.9788
0.8700 0.9692 0.8700 0.9093
0.8800 0.9486 0.8800 0.8739
0.8900 0.9589 0.8900 0.9179
0.8900 0.9449 0.8900 0.8939
0.8700 0.9285 0.8700 0.8710
0.8500 0.9151 0.8500 0.8632
0.8300 0.9048 0.8300 0.8494
0.8100 0.9634 0.8100 0.9451
0.7600 0.9777 0.7600 0.9519
0.7100 0.9553 0.7100 0.9166
0.6700 0.8942 0.6700 0.8548
0.6600 0.8893 0.6600 0.8456
0.6800 0.8865 0.6800 0.8269
0.6900 0.8768 0.6900 0.8069
0.6800 0.8190 0.6800 0.7356
0.6400 0.7949 0.6400 0.7185
0.6200 0.7897 0.6200 0.7260
0.6200 0.8138 0.6200 0.7637
0.6200 0.8456 0.6200 0.8076
0.6500 0.8268 0.6500 0.7835
0.6800 0.7944 0.6800 0.7461
0.7100 0.7487 0.7100 0.6971
0.7000 0.7700 0.7000 0.7338
0.6900 0.7971 0.6900 0.7688
0.6800 0.7910 0.6800 0.7546
0.6800 0.8266 0.6800 0.8041
0.6700 0.8379 0.6700 0.8315
0.6700 0.8681 0.6700 0.8455
0.6600 0.8021 0.6600 0.7623
0.6500 0.8034 0.6500 0.7675
0.6500 0.8098 0.6500 0.7763
0.6500 0.8229 0.6500 0.7875
0.6600 0.8052 0.6600 0.7608
0.6700 0.8104 0.6700 0.7724
0.6800 0.7955 0.6800 0.7554
0.6800 0.7904 0.6800 0.7502
0.6700 0.8018 0.6700 0.7686
0.6700 0.8008 0.6700 0.7673
0.6700 0.8139 0.6700 0.7832
0.6600 0.8162 0.6600 0.7866
0.6900 0.8197 0.6900 0.7894
0.7600 0.8101 0.7600 0.7755
0.8500 0.7969 0.8500 0.7586
0.9200 0.8110 0.9200 0.7786
0.9600 0.8128 0.9600 0.7791
1.0000 0.7961 1.0000 0.7543
1.0200 0.8498 1.0200 0.8434
1.0200 1.0021 1.0200 0.9838
1.0100 1.1287 1.0100 1.0750
0.9900 1.1544 0.9900 1.0809
0.9500 1.1347 0.9500 1.0580
0.9300 1.1763 0.9300 1.1123
0.9200 1.1494 0.9200 1.0911
0.9400 1.0946 0.9400 1.0477
0.9800 1.0568 0.9800 1.0239
1.0100 1.0103 1.0100 0.9742
1.0100 0.9334 1.0100 0.8709
0.9700 0.9466 0.9700 0.9090
0.9400 0.9559 0.9400 0.9264
0.9400 1.0407 0.9400 1.0168
0.9500 1.1295 0.9500 1.1071
0.9400 1.1399 0.9400 1.0956
0.9100 1.0751 0.9100 1.0321
0.8700 0.9481 0.8700 0.8985
0.8400 0.9381 0.8400 0.9093
0.8400 1.0030 0.8400 0.9886
0.8400 1.0310 0.8400 0.9991
0.8500 0.9751 0.8500 0.9233
0.8300 0.9060 0.8300 0.8553
0.8100 0.8839 0.8100 0.8062
0.8000 0.8881 0.8000 0.8121
0.7900 0.9198 0.7900 0.8820
0.7800 0.9107 0.7800 0.8716
0.7700 0.9364 0.7700 0.9069
0.7500 0.8711 0.7500 0.8168
0.7500 0.8645 0.7500 0.8037
0.7600 0.8777 0.7600 0.8328
0.7700 0.8734 0.7700 0.8139
0.7700 0.8653 0.7700 0.8030
0.7600 0.8565 0.7600 0.7984
0.7400 0.8363 0.7400 0.7760
0.7200 0.8579 0.7200 0.8094
0.7100 0.8723 0.7100 0.8463
0.7300 0.8724 0.7300 0.8470
0.7600 0.8583 0.7600 0.8226
0.7900 0.8437 0.7900 0.7930
0.8100 0.8292 0.8100 0.7758
0.8300 0.8239 0.8300 0.7711
0.8400 0.8308 0.8400 0.7827
0.8700 0.8687 0.8700 0.8453
0.9200 0.9063 0.9200 0.8965
0.9600 0.9376 0.9600 0.9133
0.9700 0.9382 0.9700 0.9120
0.9500 0.9584 0.9500 0.9328
0.9100 0.9461 0.9100 0.9230
0.8800 1.0159 0.8800 0.9910
0.8600 1.1103 0.8600 1.0739
0.8600 1.1263 0.8600 1.0706
0.8900 1.0672 0.8900 1.0166
0.9000 0.9799 0.9000 0.9419
0.8800 0.9037 0.8800 0.8554
0.8600 0.9115 0.8600 0.8503
0.8300 0.9138 0.8300 0.8476
0.8100 0.9271 0.8100 0.8908
0.7700 1.0185 0.7700 1.0035
0.7600 0.9892 0.7600 0.9543
0.7500 0.9037 0.7500 0.8548
0.7400 0.8905 0.7400 0.8593
0.7400 0.8759 0.7400 0.8076
0.7300 0.8805 0.7300 0.8112
0.7200 0.8373 0.7200 0.7588
0.7100 0.8598 0.7100 0.7989
0.7000 0.8532 0.7000 0.7959
0.6900 0.8418 0.6900 0.7818
0.6800 0.8490 0.6800 0.7988
0.6700 0.8318 0.6700 0.7810
0.6600 0.8280 0.6600 0.7772
0.6500 0.8241 0.6500 0.7771
0.6500 0.8198 0.6500 0.7733
0.6600 0.8149 0.6600 0.7683
0.6900 0.8086 0.6900 0.7637
0.7100 0.8032 0.7100 0.7596
0.7400 0.7978 0.7400 0.7556
0.7500 0.7923 0.7500 0.7515
0.7600 0.8018 0.7600 0.7670
0.7700 0.8154 0.7700 0.7854
0.7900 0.8471 0.7900 0.8407
0.8200 0.8445 0.8200 0.8312
0.8700 0.8946 0.8700 0.8747
0.9000 0.8641 0.9000 0.8459
0.9200 0.8699 0.9200 0.8532
0.9300 0.8793 0.9300 0.8679
0.9200 0.9181 0.9200 0.9037
0.9300 0.9687 0.9300 0.9476
0.9200 1.0617 0.9200 1.0259
0.9400 1.0488 0.9400 1.0016
0.9400 1.0433 0.9400 0.9986
0.9300 1.0316 0.9300 1.0008
0.9300 0.9740 0.9300 0.9425
0.9100 1.0229 0.9100 1.0051
0.9100 0.9683 0.9100 0.9351
0.8800 1.0484 0.8800 1.0279
0.9000 1.0083 0.9000 0.9769
0.9200 0.9716 0.9200 0.9293
0.9600 0.9959 0.9600 0.9731
1.0000 0.9325 1.0000 0.8950
1.0900 0.9725 1.0900 0.9442
1.1100 0.8993 1.1100 0.8366
1.1000 1.0051 1.1000 0.9914
1.0900 1.0330 1.0900 1.0168
1.0900 1.1130 1.0900 1.0750
1.1000 1.1585 1.1000 1.1165
1.1200 1.3481 1.1200 1.2937
1.1400 1.2278 1.1400 1.1454
1.1300 1.1412 1.1300 1.0791
1.1000 1.1377 1.1000 1.1228
1.0700 1.1535 1.0700 1.1327
1.0300 1.1775 1.0300 1.1418
1.0000 1.2165 1.0000 1.1836
0.9700 1.2371 0.9700 1.1997
0.9400 1.1600 0.9400 1.1094
0.9300 1.0852 0.9300 1.0341
0.9400 1.0565 0.9400 1.0185
0.9600 0.9916 0.9600 0.9422
0.9800 0.9799 0.9800 0.9318
0.9900 0.9600 0.9900 0.9042
0.9800 0.9399 0.9800 0.8719
0.9500 0.9589 0.9500 0.9252
0.9400 1.0176 0.9400 0.9932
0.9400 1.0625 0.9400 1.0340
0.9500 1.0855 0.9500 1.0555
0.9500 1.0765 0.9500 1.0451
0.9400 1.0234 0.9400 0.9855
0.9400 0.9484 0.9400 0.9055
0.9300 0.9805 0.9300 0.9565
0.9300 1.0024 0.9300 0.9775
0.9100 1.0313 0.9100 0.9986
0.8700 1.0108 0.8700 0.9727
0.8200 0.9800 0.8200 0.9420
0.7900 1.0041 0.7900 0.9798
0.7800 0.9730 0.7800 0.9396
0.7900 0.9923 0.7900 0.9612
0.8100 0.9302 0.8100 0.8897
0.8500 0.8828 0.8500 0.7946
0.8900 0.8538 0.8900 0.7677
0.9200 0.8643 0.9200 0.7922
0.9200 0.8790 0.9200 0.8141
0.9100 0.8943 0.9100 0.8531
0.9100 0.9231 0.9100 0.9022
0.9100 1.0114 0.9100 0.9915
0.9200 1.0567 0.9200 1.0198
0.9100 1.0651 0.9100 1.0183
0.9100 0.9990 0.9100 0.9622
0.9100 0.9638 0.9100 0.9357
0.9100 0.9836 0.9100 0.9668
0.9100 0.9799 0.9100 0.9533
0.9000 1.0080 0.9000 0.9804
0.9000 0.9548 0.9000 0.9162
0.8800 0.9750 0.8800 0.9470
0.8600 0.9781 0.8600 0.9544
0.8500 0.9761 0.8500 0.9451
0.8700 0.9762 0.8700 0.9459
0.9000 0.9446 0.9000 0.9103
0.9100 0.9660 0.9100 0.9399
0.9200 0.9070 0.9200 0.8655
0.9200 0.8977 0.9200 0.8432
0.9300 0.9057 0.9300 0.8703
0.9500 0.9805 0.9500 0.9680
0.9700 1.0348 0.9700 1.0160
1.0000 1.0013 1.0000 0.9643
1.0200 1.0124 1.0200 0.9870
1.0200 0.9935 1.0200 0.9707
1.0300 1.0224 1.0300 1.0011
1.0400 1.0639 1.0400 1.0437
1.0400 1.0820 1.0400 1.0514
1.0400 1.1335 1.0400 1.0980
1.0400 1.1325 1.0400 1.0927
1.0400 1.0859 1.0400 1.0477
1.0300 1.1173 1.0300 1.0929
1.0300 1.1272 1.0300 1.1021
1.0300 1.1002 1.0300 1.0604
1.0300 1.0986 1.0300 1.0636
1.0200 1.0990 1.0200 1.0682
1.0200 1.0976 1.0200 1.0630
1.0100 1.0644 1.0100 1.0228
1.0100 1.0860 1.0100 1.0541
1.0000 1.0873 1.0000 1.0551
0.9900 1.0857 0.9900 1.0481
0.9500 1.0541 0.9500 1.0128
0.9200 1.0765 0.9200 1.0456
0.8900 1.0457 0.8900 1.0078
0.8700 1.0659 0.8700 1.0316
0.8700 1.0357 0.8700 0.9974
0.8600 1.0241 0.8600 0.9849
0.8600 0.9272 0.8600 0.8664
0.8600 0.9262 0.8600 0.8699
0.8600 0.9158 0.8600 0.8470
0.8400 0.9135 0.8400 0.8438
0.8200 0.9294 0.8200 0.9011
0.8100 0.9061 0.8100 0.8628
0.8000 0.9233 0.8000 0.8927
0.8000 0.9285 0.8000 0.9044
0.8000 0.9291 0.8000 0.9011
0.8200 0.8823 0.8200 0.8277
0.8600 0.8741 0.8600 0.8135
0.9000 0.8840 0.9000 0.8373
0.9500 0.8785 0.9500 0.8200
0.9900 0.8851 0.9900 0.8438
1.0200 0.8810 1.0200 0.8484
1.0500 0.9369 1.0500 0.9232
1.0800 1.0242 1.0800 1.0048
1.1100 1.0658 1.1100 1.0252
1.1300 1.1379 1.1300 1.0867
1.1600 1.1580 1.1600 1.1006
1.1700 1.1631 1.1700 1.1036
1.1900 1.1913 1.1900 1.1393
1.1900 1.2185 1.1900 1.1659
1.1900 1.2442 1.1900 1.1894
1.2000 1.2384 1.2000 1.1858
1.2200 1.2884 1.2200 1.2381
1.2400 1.2520 1.2400 1.2031
1.2600 1.2901 1.2600 1.2438
1.2800 1.2453 1.2800 1.2073
1.2900 1.2402 1.2900 1.2000
1.3000 1.2738 1.3000 1.2456
1.3000 1.3138 1.3000 1.2765
1.3100 1.3317 1.3100 1.2868
1.3100 1.3516 1.3100 1.3043
1.3100 1.3730 1.3100 1.3250
1.3100 1.3597 1.3100 1.3112
1.3300 1.3685 1.3300 1.3245
1.3500 1.3449 1.3500 1.3038
1.3600 1.3754 1.3600 1.3386
1.3300 1.3517 1.3300 1.3080
1.3000 1.3485 1.3000 1.3024
1.3000 1.3499 1.3000 1.3090
1.3300 1.4151 1.3300 1.3801
1.4000 1.4346 1.4000 1.3891
1.4500 1.4191 1.4500 1.3680
1.4700 1.2988 1.4700 1.2347
1.4500 1.2703 1.4500 1.2225
1.4300 1.3414 1.4300 1.3171
1.4200 1.4347 1.4200 1.4034
1.4600 1.5943 1.4600 1.5317
1.4900 1.5991 1.4900 1.5120
1.5200 1.5513 1.5200 1.4660
1.5300 1.4475 1.5300 1.3951
1.5300 1.4281 1.5300 1.3930
1.5300 1.4370 1.5300 1.4016
1.5300 1.5846 1.5300 1.5471
1.5300 1.5858 1.5300 1.5254
1.5300 1.6126 1.5300 1.5418
1.5300 1.5858 1.5300 1.5296
1.5300 1.5633 1.5300 1.5103
1.5300 1.5644 1.5300 1.5234
1.5200 1.5600 1.5200 1.5161
1.5300 1.5560 1.5300 1.5064
1.5500 1.5546 1.5500 1.5056
1.5700 1.5543 1.5700 1.5060
1.5400 1.5543 1.5400 1.5060
1.5000 1.5543 1.5000 1.5060
1.4800 1.5205 1.4800 1.4656
1.4600 1.5785 1.4600 1.5400
1.4100 1.6228 1.4100 1.5806
1.2900 1.6386 1.2900 1.5811
1.2300 1.4913 1.2300 1.4155
1.2000 1.4326 1.2000 1.3731
1.2000 1.4656 1.2000 1.4330
1.1500 1.4366 1.1500 1.3788
1.1000 1.3098 1.1000 1.2206
1.0500 1.0436 1.0500 0.9192
1.0300 1.1168 1.0300 1.0737
0.9900 1.1600 0.9900 1.1228
0.9600 1.2162 0.9600 1.1494
0.9200 1.0582 0.9200 0.9636
0.9000 1.0162 0.9000 0.9509
0.8800 0.9851 0.8800 0.9368
0.8500 1.0259 0.8500 0.9869
0.8300 0.9632 0.8300 0.8791
0.8100 0.9486 0.8100 0.8805
0.7900 0.9177 0.7900 0.8339
0.7900 0.9281 0.7900 0.8700
0.7900 0.9170 0.7900 0.8534
0.8000 0.8853 0.8000 0.7972
0.8100 0.8847 0.8100 0.8119
0.8100 0.8743 0.8100 0.8039
0.8100 0.8634 0.8100 0.7926
0.8000 0.8816 0.8000 0.8365
0.8000 0.8779 0.8000 0.8380
0.8000 0.8939 0.8000 0.8714
0.8000 0.9076 0.8000 0.8878
0.7900 0.8869 0.7900 0.8602
0.7800 0.8868 0.7800 0.8638
0.7800 0.8700 0.7800 0.8299
0.7900 0.8829 0.7900 0.8546
0.8100 0.8834 0.8100 0.8546
0.8000 0.8810 0.8000 0.8490
0.7900 0.8647 0.7900 0.8140
0.7800 0.8603 0.7800 0.8078
0.7700 0.8732 0.7700 0.8381
0.7600 0.8879 0.7600 0.8713
0.7800 0.9301 0.7800 0.9136
0.8000 0.8637 0.8000 0.8205
0.8200 0.8601 0.8200 0.8166
0.8300 0.8622 0.8300 0.8190
0.8600 0.8604 0.8600 0.8062
0.9000 0.8548 0.9000 0.7982
0.9400 0.8983 0.9400 0.8906
0.9900 0.9224 0.9900 0.9071
1.0300 0.9413 1.0300 0.9185
1.0400 0.9319 1.0400 0.9102
1.0100 1.0052 1.0100 0.9834
0.9600 1.0688 0.9600 1.0356
0.9000 1.1062 0.9000 1.0569
0.8400 1.1775 0.8400 1.1229
0.8000 1.1959 0.8000 1.1345
0.7500 1.1354 0.7500 1.0777
0.7000 1.0132 0.7000 0.9654
0.6500 0.9242 0.6500 0.8708
0.6100 0.8976 0.6100 0.8020
0.5900 0.8723 0.5900 0.7730
0.5900 0.8697 0.5900 0.7801
0.6400 0.8261 0.6400 0.7339
0.7400 0.7936 0.7400 0.7069
0.8700 0.7662 0.8700 0.6914
0.9800 0.7555 0.9800 0.6926
1.0500 0.7635 1.0500 0.7140
1.0900 0.7765 1.0900 0.7394
1.1000 0.8428 1.1000 0.8428
1.0900 1.0460 1.0900 1.0190
1.0700 1.2204 1.0700 1.1653
1.0400 1.2835 1.0400 1.1993
1.0200 1.2725 1.0200 1.1781
1.0000 1.2588 1.0000 1.1744
0.9800 1.2103 0.9800 1.1368
0.9800 1.1436 0.9800 1.0966
0.9700 1.0913 0.9700 1.0543
0.9700 1.0311 0.9700 0.9862
0.9700 1.0281 0.9700 0.9881
0.9700 1.0069 0.9700 0.9643
0.9800 0.9856 0.9800 0.9389
1.0000 1.0321 1.0000 1.0015
0.9900 1.0034 0.9900 0.9632
0.9800 1.0253 0.9800 0.9892
0.9600 1.0298 0.9600 0.9997
0.9600 1.0300 0.9600 0.9963
0.9700 1.0633 0.9700 1.0368
0.9700 1.1070 0.9700 1.0850
0.9600 1.0302 0.9600 0.9840
0.9400 1.0183 0.9400 0.9809
0.9200 0.9793 0.9200 0.9466
0.9100 1.0201 0.9100 0.9938
0.9200 1.0529 0.9200 1.0270
0.9400 1.0293 0.9400 0.9887
0.9700 0.9980 0.9700 0.9570
1.0000 0.9581 1.0000 0.9215
1.0200 0.9379 1.0200 0.9033
1.0300 0.9493 1.0300 0.9194
1.0300 1.0033 1.0300 0.9803
1.0100 1.0468 1.0100 1.0222
0.9900 1.1004 0.9900 1.0717
0.9600 1.1335 0.9600 1.0953
0.9400 1.1323 0.9400 1.0892
0.9300 1.1198 0.9300 1.0820
0.9100 1.0964 0.9100 1.0658
0.9000 1.0290 0.9000 0.9872
0.8900 1.0055 0.8900 0.9677
0.8600 0.9522 0.8600 0.9102
0.8200 0.9511 0.8200 0.9125
0.7800 0.9643 0.7800 0.9314
0.7300 0.9275 0.7300 0.8779
0.6900 0.9356 0.6900 0.9002
0.6800 0.9300 0.6800 0.8994
0.6800 0.8874 0.6800 0.8101
0.6900 0.8589 0.6900 0.7755
0.7000 0.8430 0.7000 0.7671
0.7200 0.8110 0.7200 0.7316
0.7700 0.8004 0.7700 0.7280
0.8200 0.8224 0.8200 0.7694
0.8500 0.8252 0.8500 0.7767
0.8500 0.8305 0.8500 0.7865
0.8400 0.8290 0.8400 0.7908
0.8400 0.8487 0.8400 0.8405
0.8400 0.9662 0.8400 0.9482
0.8300 1.0194 0.8300 0.9782
0.8200 1.0036 0.8200 0.9529
0.8300 0.9368 0.8300 0.9022
0.8600 0.9019 0.8600 0.8804
0.8900 0.9199 0.8900 0.9064
0.9200 0.9158 0.9200 0.8923
0.9500 0.8902 0.9500 0.8445
0.9700 0.8827 0.9700 0.8400
0.9700 0.9239 0.9700 0.9106
0.9600 0.9992 0.9600 0.9873
0.9600 1.0298 0.9600 0.9999
0.9800 1.0602 0.9800 1.0233
0.9700 1.0923 0.9700 1.0532
0.9700 1.0898 0.9700 1.0479
0.9600 1.0428 0.9600 1.0084
0.9500 1.0076 0.9500 0.9752
0.9400 1.0274 0.9400 1.0053
0.9200 1.0894 0.9200 1.0723
0.9000 1.0108 0.9000 0.9634
0.8800 1.0297 0.8800 0.9953
0.8700 1.0026 0.8700 0.9738
0.8600 0.9893 0.8600 0.9529
0.8500 0.9795 0.8500 0.9452
0.8500 0.9369 0.8500 0.8966
0.8400 0.9218 0.8400 0.8781
0.8000 0.9125 0.8000 0.8632
0.7700 0.9175 0.7700 0.8793
0.7500 0.9099 0.7500 0.8684
0.7500 0.9011 0.7500 0.8582
0.7300 0.9164 0.7300 0.8917
0.7100 0.8935 0.7100 0.8551
0.6800 0.8426 0.6800 0.7628
0.6700 0.8424 0.6700 0.7749
0.6600 0.8478 0.6600 0.7895
0.6600 0.8661 0.6600 0.8119
0.6500 0.8277 0.6500 0.7629
0.6300 0.8121 0.6300 0.7529
0.6200 0.7905 0.6200 0.7351
0.6100 0.8088 0.6100 0.7646
0.6200 0.8038 0.6200 0.7591
0.6400 0.8079 0.6400 0.7668
0.7000 0.7894 0.7000 0.7468
0.7800 0.7680 0.7800 0.7240
0.8500 0.7765 0.8500 0.7415
0.8800 0.7733 0.8800 0.7395
0.8700 0.7968 0.8700 0.7698
0.8700 0.8123 0.8700 0.7901
0.9100 0.9209 0.9100 0.9069
0.9800 1.0480 0.9800 1.0062
1.0400 1.0909 1.0400 1.0260
1.0500 1.0415 1.0500 0.9708
1.0100 0.9403 1.0100 0.8967
0.9600 0.9560 0.9600 0.9403
0.9200 1.0792 0.9200 1.0607
0.9100 1.2110 0.9100 1.1601
0.9100 1.2452 0.9100 1.1697
0.9200 1.1434 0.9200 1.0740
0.9200 0.9928 0.9200 0.9429
0.9000 0.9254 0.9000 0.8844
0.8800 0.9331 0.8800 0.8639
0.8400 0.9587 0.8400 0.9135
0.8200 0.9644 0.8200 0.9273
0.7900 0.9977 0.7900 0.9630
0.7800 0.9816 0.7800 0.9465
0.7700 0.9205 0.7700 0.8785
0.7700 0.9063 0.7700 0.8697
0.7600 0.8718 0.7600 0.7915
0.7600 0.8856 0.7600 0.8143
0.7700 0.8595 0.7700 0.7850
0.7900 0.8700 0.7900 0.8044
0.8000 0.8614 0.8000 0.7998
0.8100 0.8661 0.8100 0.8156
0.8200 0.8491 0.8200 0.7914
0.8200 0.8578 0.8200 0.8146
0.8200 0.8746 0.8200 0.8569
0.8200 0.9124 0.8200 0.8985
0.8200 0.9019 0.8200 0.8780
0.8100 0.9112 0.8100 0.8909
0.8000 0.9224 0.8000 0.9067
0.7900 0.8995 0.7900 0.8749
0.8000 0.8971 0.8000 0.8733
0.8100 0.8967 0.8100 0.8756
0.8100 0.8954 0.8100 0.8715
0.8100 0.8768 0.8100 0.8323
0.8100 0.8721 0.8100 0.8245
0.8200 0.8690 0.8200 0.8178
0.8100 0.8952 0.8100 0.8802
0.8000 0.9073 0.8000 0.8865
0.7800 0.8850 0.7800 0.8541
0.7700 0.8858 0.7700 0.8626
0.7600 0.8872 0.7600 0.8677
0.7600 0.9179 0.7600 0.9005
0.7700 0.8752 0.7700 0.8320
0.7600 0.8697 0.7600 0.8226
0.7600 0.8530 0.7600 0.7936
0.7600 0.8608 0.7600 0.8056
0.7500 0.8563 0.7500 0.8004
0.7500 0.8627 0.7500 0.8118
0.7400 0.8751 0.7400 0.8513
0.7200 0.8459 0.7200 0.7902
0.7200 0.8562 0.7200 0.8160
0.7100 0.8590 0.7100 0.8251
0.7100 0.8444 0.7100 0.7917
0.7100 0.8548 0.7100 0.8086
0.7000 0.8393 0.7000 0.7895
0.6900 0.8196 0.6900 0.7637
0.6700 0.8414 0.6700 0.7987
0.6500 0.8262 0.6500 0.7789
0.6300 0.8339 0.6300 0.7882
0.6200 0.8318 0.6200 0.7899
0.6100 0.8152 0.6100 0.7687
0.5700 0.8117 0.5700 0.7667
0.5300 0.7931 0.5300 0.7467
0.4900 0.7855 0.4900 0.7393
0.4800 0.7766 0.4800 0.7324
0.4800 0.7807 0.4800 0.7422
0.4800 0.7736 0.4800 0.7356
0.4800 0.7207 0.4800 0.6702
0.4800 0.7022 0.4800 0.6583
0.4800 0.6877 0.4800 0.6517
0.5200 0.7139 0.5200 0.6913
0.5600 0.7186 0.5600 0.6997
0.6000 0.7083 0.6000 0.6893
0.5900 0.7031 0.5900 0.6890
0.5800 0.7031 0.5800 0.6940
0.5700 0.7060 0.5700 0.6974
0.5600 0.7656 0.5600 0.7715
0.5600 0.7825 0.5600 0.7726
0.5700 0.7952 0.5700 0.7715
0.5700 0.7387 0.5700 0.7155
0.5400 0.7410 0.5400 0.7221
0.5300 0.7503 0.5300 0.7339
0.5300 0.7497 0.5300 0.7255
0.5600 0.7574 0.5600 0.7336
0.5900 0.7666 0.5900 0.7489
0.6000 0.7537 0.6000 0.7300
0.5900 0.7076 0.5900 0.6714
0.5700 0.7262 0.5700 0.7056
0.5500 0.7419 0.5500 0.7281
0.5400 0.7840 0.5400 0.7765
0.5200 0.7904 0.5200 0.7799
0.5000 0.7673 0.5000 0.7470
0.4800 0.7448 0.4800 0.7197
0.4500 0.7336 0.4500 0.7086
0.4300 0.7331 0.4300 0.7070
0.4200 0.7405 0.4200 0.7162
0.4200 0.7178 0.4200 0.6871
0.4600 0.7040 0.4600 0.6748
0.5200 0.6937 0.5200 0.6696
0.5600 0.6697 0.5600 0.6434
0.5600 0.6699 0.5600 0.6505
0.5500 0.6739 0.5500 0.6628
0.6000 0.6809 0.6000 0.6740
0.7000 0.7347 0.7000 0.7461
0.8400 0.7775 0.8400 0.7713
1.0100 0.7694 1.0100 0.7474
1.1600 0.7270 1.1600 0.7131
1.2500 0.7217 1.2500 0.7106
1.2800 0.8213 1.2800 0.8195
1.3000 1.0164 1.3000 0.9896
1.3100 1.2148 1.3100 1.1582
1.2900 1.4265 1.2900 1.3513
1.2400 1.5255 1.2400 1.4224
1.1900 1.4938 1.1900 1.3722
1.1600 1.4144 1.1600 1.3054
1.1600 1.4239 1.1600 1.3424
1.1600 1.4053 1.1600 1.3385
1.1500 1.2982 1.1500 1.2423
1.1400 1.1707 1.1400 1.1031
1.1200 1.1184 1.1200 1.0666
1.1100 1.1311 1.1100 1.0888
1.1100 1.1951 1.1100 1.1547
1.1100 1.1944 1.1100 1.1408
1.1000 1.1640 1.1000 1.1067
1.1100 1.1609 1.1100 1.1188
1.1300 1.1222 1.1300 1.0776
1.1600 1.1341 1.1600 1.0940
1.1700 1.1578 1.1700 1.1230
1.1900 1.1569 1.1900 1.1144
1.2000 1.1251 1.2000 1.0768
1.2100 1.1822 1.2100 1.1542
1.2200 1.2278 1.2200 1.2021
1.2300 1.2786 1.2300 1.2353
1.2400 1.2444 1.2400 1.1992
1.2500 1.2875 1.2500 1.2455
1.2700 1.2778 1.2700 1.2385
1.2600 1.2833 1.2600 1.2405
1.2500 1.2932 1.2500 1.2574
1.2300 1.3011 1.2300 1.2628
1.2000 1.3098 1.2000 1.2720
1.1700 1.3189 1.1700 1.2811
1.1400 1.3614 1.1400 1.3209
1.1200 1.2816 1.1200 1.2282
1.1000 1.2696 1.1000 1.2230
1.0800 1.2299 1.0800 1.1874
1.0700 1.1727 1.0700 1.1172
1.0600 1.1418 1.0600 1.0892
1.0500 1.1115 1.0500 1.0603
1.0400 1.1137 1.0400 1.0655
1.0400 1.0951 1.0400 1.0448
1.0500 1.0763 1.0500 1.0253
1.0500 1.0920 1.0500 1.0515
1.0600 1.0849 1.0600 1.0430
1.0800 1.0759 1.0800 1.0317
1.1200 1.0683 1.1200 1.0279
1.1700 1.0923 1.1700 1.0593
1.2100 1.1263 1.2100 1.0963
1.2100 1.1044 1.2100 1.0631
1.1900 1.1371 1.1900 1.1056
1.1700 1.1828 1.1700 1.1575
1.1500 1.2673 1.1500 1.2246
1.1300 1.3408 1.1300 1.2819
1.1300 1.3576 1.1300 1.2861
1.1400 1.2666 1.1400 1.2047
1.1400 1.2010 1.1400 1.1580
1.1200 1.1806 1.1200 1.1486
1.1000 1.1544 1.1000 1.1121
1.0700 1.1286 1.0700 1.0774
1.0400 1.1727 1.0400 1.1355
1.0100 1.2072 1.0100 1.1721
0.9800 1.1846 0.9800 1.1358
0.9700 1.1216 0.9700 1.0678
0.9800 1.1044 0.9800 1.0640
1.0000 1.0532 1.0000 1.0078
1.0000 1.0203 1.0000 0.9705
1.0000 0.9907 1.0000 0.9433
0.9900 0.9625 0.9900 0.9128
0.9900 0.9969 0.9900 0.9615
0.9900 1.0548 0.9900 1.0278
1.0000 1.0993 1.0000 1.0688
1.0100 1.0577 1.0100 1.0136
1.0100 1.0597 1.0100 1.0264
1.0000 1.0311 1.0000 0.9996
0.9900 1.0508 0.9900 1.0217
0.9900 1.0508 0.9900 1.0191
0.9900 1.0811 0.9900 1.0514
1.0000 1.0925 1.0000 1.0622
1.0500 1.0700 1.0500 1.0324
1.0900 1.0382 1.0900 0.9995
1.1200 1.0284 1.1200 0.9956
1.1300 1.0500 1.1300 1.0222
1.1600 1.0490 1.1600 1.0148
1.2000 1.0803 1.2000 1.0497
1.2400 1.2221 1.2400 1.1935
1.2400 1.2423 1.2400 1.1876
1.2200 1.2469 1.2200 1.1834
1.2000 1.2158 1.2000 1.1680
1.2000 1.2902 1.2000 1.2446
1.2200 1.3521 1.2200 1.2981
1.2400 1.3855 1.2400 1.3157
1.2500 1.2922 1.2500 1.2317
1.2600 1.2259 1.2600 1.1786
1.2800 1.2076 1.2800 1.1748
1.3100 1.2479 1.3100 1.2178
1.3400 1.3087 1.3400 1.2752
1.3700 1.3260 1.3700 1.2827
1.4200 1.3144 1.4200 1.2682
1.4900 1.3284 1.4900 1.2905
1.5500 1.3733 1.5500 1.3330
1.6300 1.4247 1.6300 1.3736
1.7000 1.4524 1.7000 1.3924
1.7700 1.4820 1.7700 1.4190
1.8300 1.5802 1.8300 1.5118
1.8900 1.6855 1.8900 1.6098
1.9300 1.7167 1.9300 1.6233
1.9500 1.8333 1.9500 1.7467
1.9400 1.8808 1.9400 1.7893
1.9200 1.9441 1.9200 1.8453
1.8900 1.9863 1.8900 1.8922
1.8600 2.0424 1.8600 1.9493
1.8200 2.0415 1.8200 1.9460
1.7800 2.0204 1.7800 1.9274
1.7500 1.9382 1.7500 1.8719
1.7500 1.8916 1.7500 1.8474
1.7500 1.8332 1.7500 1.7813
1.7400 1.7951 1.7400 1.7343
1.7100 1.7266 1.7100 1.6557
1.6800 1.6846 1.6800 1.6137
1.6600 1.6804 1.6600 1.6182
1.6600 1.7517 1.6600 1.7023
1.6500 1.7493 1.6500 1.6867
1.6300 1.7154 1.6300 1.6451
1.6100 1.6466 1.6100 1.5809
1.5700 1.6223 1.5700 1.5670
1.5000 1.6274 1.5000 1.5766
1.4100 1.6707 1.4100 1.6202
1.3300 1.6336 1.3300 1.5669
1.2800 1.5910 1.2800 1.5227
1.2400 1.5786 1.2400 1.5254
1.2300 1.4921 1.2300 1.4244
1.2300 1.3505 1.2300 1.2637
1.2300 1.2174 1.2300 1.1321
1.2200 1.1621 1.2200 1.0898
1.1900 1.1796 1.1900 1.1163
1.1500 1.1603 1.1500 1.0851
1.1200 1.2216 1.1200 1.1619
1.1000 1.2538 1.1000 1.2038
1.0800 1.2591 1.0800 1.2055
1.0600 1.2333 1.0600 1.1814
1.0400 1.1622 1.0400 1.1063
1.0200 1.1016 1.0200 1.0471
0.9800 1.0949 0.9800 1.0509
0.9200 1.0964 0.9200 1.0514
0.8700 1.0752 0.8700 1.0217
0.8400 1.0570 0.8400 1.0060
0.8200 1.0409 0.8200 0.9956
0.8000 1.0235 0.8000 0.9794
0.7900 0.9474 0.7900 0.8849
0.7800 0.8984 0.7800 0.7877
0.7800 0.8893 0.7800 0.7922
0.7800 0.8969 0.7800 0.8123
0.7800 0.8905 0.7800 0.8077
0.8000 0.8698 0.8000 0.7894
0.8300 0.8687 0.8300 0.8014
0.8500 0.8623 0.8500 0.8008
0.8900 0.8716 0.8900 0.8278
0.9400 0.8700 0.9400 0.8313
0.9900 0.8680 0.9900 0.8311
1.0400 0.9201 1.0400 0.9097
1.0500 0.9748 1.0500 0.9580
1.0500 0.9729 1.0500 0.9437
1.0300 1.0561 1.0300 1.0241
1.0200 1.1315 1.0200 1.0871
1.0200 1.1793 1.0200 1.1162
1.0000 1.2279 1.0000 1.1610
1.0000 1.1474 1.0000 1.0856
0.9700 1.1200 0.9700 1.0781
0.9400 1.0544 0.9400 1.0216
0.9100 1.0591 0.9100 1.0279
0.9000 1.0787 0.9000 1.0494
0.9000 1.0105 0.9000 0.9594
0.9000 1.0535 0.9000 1.0206
0.9000 0.9616 0.9000 0.9149
0.8800 0.9336 0.8800 0.8797
0.8600 0.9232 0.8600 0.8653
0.8300 0.9386 0.8300 0.9056
0.8100 0.9588 0.8100 0.9277
0.7900 0.9600 0.7900 0.9240
0.7800 0.9630 0.7800 0.9309
0.7600 0.9023 0.7600 0.8630
0.7500 0.8961 0.7500 0.8479
0.7600 0.8756 0.7600 0.8017
0.7800 0.8776 0.7800 0.8079
0.8300 0.8667 0.8300 0.7979
0.8900 0.8676 0.8900 0.8042
0.9600 0.8443 0.9600 0.7786
1.0200 0.8471 1.0200 0.7898
1.0600 0.8727 1.0600 0.8451
1.1000 0.9007 1.1000 0.8866
1.1100 1.0173 1.1100 0.9950
1.1100 1.1044 1.1100 1.0591
1.1000 1.1906 1.1000 1.1278
1.0800 1.2288 1.0800 1.1577
1.0600 1.2275 1.0600 1.1502
1.0300 1.2673 1.0300 1.1979
1.0000 1.2062 1.0000 1.1458
0.9900 1.1754 0.9900 1.1302
0.9800 1.1402 0.9800 1.1070
0.9800 1.0918 0.9800 1.0489
0.9700 1.0680 0.9700 1.0249
0.9600 1.0140 0.9600 0.9654
0.9500 0.9823 0.9500 0.9341
0.9400 1.0181 0.9400 0.9853
0.9400 1.0098 0.9400 0.9699
0.9400 1.0320 0.9400 0.9936
0.9500 1.0042 0.9500 0.9642
0.9800 0.9953 0.9800 0.9577
1.0000 0.9880 1.0000 0.9550
1.0200 0.9781 1.0200 0.9434
1.0300 1.0004 1.0300 0.9708
1.0300 1.0017 1.0300 0.9703
1.0300 1.0339 1.0300 1.0063
1.0300 1.1106 1.0300 1.0896
1.0500 1.1099 1.0500 1.0743
1.0700 1.1287 1.0700 1.0903
1.0900 1.1188 1.0900 1.0863
1.1100 1.0946 1.1100 1.0614
1.1100 1.0928 1.1100 1.0624
1.1000 1.0910 1.1000 1.0602
1.0800 1.1535 1.0800 1.1309
1.0700 1.1736 1.0700 1.1417
1.1000 1.1918 1.1000 1.1517
1.1400 1.2137 1.1400 1.1751
1.1800 1.1686 1.1800 1.1296
1.1800 1.1341 1.1800 1.0931
1.1600 1.0914 1.1600 1.0515
1.1400 1.1008 1.1400 1.0660
1.1300 1.2199 1.1300 1.2049
1.1300 1.2824 1.1300 1.2407
1.1300 1.3208 1.1300 1.2599
1.1400 1.2340 1.1400 1.1810
1.1800 1.1699 1.1800 1.1253
1.2200 1.1515 1.2200 1.1201
1.2600 1.1590 1.2600 1.1245
1.3100 1.1765 1.3100 1.1359
1.3500 1.1748 1.3500 1.1301
1.3600 1.2087 1.3600 1.1727
1.3600 1.3203 1.3600 1.2867
1.3600 1.3618 1.3600 1.3050
1.3900 1.4005 1.3900 1.3317
1.4200 1.4776 1.4200 1.4078
1.4600 1.4948 1.4600 1.4153
1.4800 1.4319 1.4800 1.3578
1.4800 1.4084 1.4800 1.3575
1.4600 1.4076 1.4600 1.3703
1.4300 1.5016 1.4300 1.4576
1.4200 1.5266 1.4200 1.4684
1.4500 1.5857 1.4500 1.5159
1.4800 1.5626 1.4800 1.4959
1.5100 1.5155 1.5100 1.4555
1.5200 1.4514 1.5200 1.4029
1.5200 1.3957 1.5200 1.3443
1.5200 1.4290 1.5200 1.3884
1.5100 1.5488 1.5100 1.5216
1.5000 1.5734 1.5000 1.5180
1.5200 1.6027 1.5200 1.5375
1.5600 1.5738 1.5600 1.5166
1.6000 1.5530 1.6000 1.5017
1.6200 1.5547 1.6200 1.5144
1.6100 1.5168 1.6100 1.4665
1.5700 1.5031 1.5700 1.4505
1.5800 1.5941 1.5800 1.5633
1.6300 1.6792 1.6300 1.6255
1.6600 1.7150 1.6600 1.6394
1.6200 1.6903 1.6200 1.6168
1.5300 1.6145 1.5300 1.5575
1.4400 1.5069 1.4400 1.4490
1.3400 1.6354 1.3400 1.6173
1.2500 1.7749 1.2500 1.7291
1.1700 1.7406 1.1700 1.6571
1.0600 1.5369 1.0600 1.4425
0.9600 1.3457 0.9600 1.2690
0.8600 1.2637 0.8600 1.2094
0.7800 1.1310 0.7800 1.0487
0.7200 1.0907 0.7200 0.9580
0.6100 1.0488 0.6100 0.9104
0.5800 0.9490 0.5800 0.7640
0.6000 0.9062 0.6000 0.7426
0.6600 0.8553 0.6600 0.7106
0.7200 0.8315 0.7200 0.7036
0.7500 0.8132 0.7500 0.7050
0.7600 0.6960 0.7600 0.5748
0.7700 0.7567 0.7700 0.6903
0.7600 0.8139 0.7600 0.7856
0.7400 0.8668 0.7400 0.8652
0.7400 0.9376 0.7400 0.9098
0.7900 0.9103 0.7900 0.8670
0.8700 0.8785 0.8700 0.8473
0.9400 0.8865 0.9400 0.8692
0.9700 0.8493 0.9700 0.8072
0.9900 0.8326 0.9900 0.7794
0.9900 0.8548 0.9900 0.8129
1.0100 0.9786 1.0100 0.9760
1.0300 1.1279 1.0300 1.0845
1.0600 1.1711 1.0600 1.1008
1.0800 1.1198 1.0800 1.0449
1.0900 1.1175 1.0900 1.0632
1.0900 1.0716 1.0900 1.0340
1.0900 1.1269 1.0900 1.0939
1.0900 1.1434 1.0900 1.1105
1.1000 1.1896 1.1000 1.1460
1.1000 1.1875 1.1000 1.1448
1.1100 1.1734 1.1100 1.1313
1.1200 1.1511 1.1200 1.1175
1.1200 1.1491 1.1200 1.1179
1.1200 1.1469 1.1200 1.1131
1.1400 1.1767 1.1400 1.1457
1.1800 1.1535 1.1800 1.1130
1.2300 1.1846 1.2300 1.1514
1.2500 1.1969 1.2500 1.1662
1.2600 1.1725 1.2600 1.1305
1.2700 1.1725 1.2700 1.1351
1.2900 1.2386 1.2900 1.2136
1.3100 1.3238 1.3100 1.2812
1.3000 1.3951 1.3000 1.3316
1.2900 1.3465 1.2900 1.2778
1.2900 1.3345 1.2900 1.2796
1.2900 1.3478 1.2900 1.3068
1.2900 1.3862 1.2900 1.3396
1.2700 1.4015 1.2700 1.3509
1.2500 1.3187 1.2500 1.2613
1.2400 1.3089 1.2400 1.2650
1.2500 1.3344 1.2500 1.3045
1.2900 1.3295 1.2900 1.2848
1.3300 1.3266 1.3300 1.2773
1.3500 1.2616 1.3500 1.2052
1.3300 1.2423 1.3300 1.1931
1.3100 1.2574 1.3100 1.2188
1.2800 1.3112 1.2800 1.2754
1.2500 1.4198 1.2500 1.3824
1.2100 1.4606 1.2100 1.4004
1.1800 1.4352 1.1800 1.3683
1.1600 1.3275 1.1600 1.2716
1.1500 1.3098 1.1500 1.2716
1.1400 1.2558 1.1400 1.2110
1.1200 1.2175 1.1200 1.1598
1.0900 1.1528 1.0900 1.0899
1.0600 1.1447 1.0600 1.0910
1.0400 1.1499 1.0400 1.1021
1.0200 1.1628 1.0200 1.1142
0.9900 1.1554 0.9900 1.1050
0.9500 1.1158 0.9500 1.0624
0.9100 1.0665 0.9100 1.0141
0.8900 1.0389 0.8900 0.9926
0.8800 1.0421 0.8800 1.0015
0.8700 1.0224 0.8700 0.9759
0.8600 0.9706 0.8600 0.9166
0.8400 0.9316 0.8400 0.8586
0.8200 0.9142 0.8200 0.8286
0.8000 0.9268 0.8000 0.8670
0.7900 0.9280 0.7900 0.8799
0.8000 0.9146 0.8000 0.8654
0.8100 0.9042 0.8100 0.8641
0.8300 0.8834 0.8300 0.8255
0.8600 0.8762 0.8600 0.8099
0.8900 0.8685 0.8900 0.8015
0.9100 0.8735 0.9100 0.8118
0.9400 0.8964 0.9400 0.8751
0.9600 0.9047 0.9600 0.8815
0.9800 0.9473 0.9800 0.9280
0.9800 1.0028 0.9800 0.9826
0.9700 1.0342 0.9700 1.0007
0.9500 1.0317 0.9500 0.9951
0.9200 1.0827 0.9200 1.0473
0.8800 1.0807 0.8800 1.0429
0.8500 1.0964 0.8500 1.0570
0.8300 1.0511 0.8300 1.0186
0.8100 1.0151 0.8100 0.9798
0.8000 0.9716 0.8000 0.9362
0.7800 0.9251 0.7800 0.8749
0.7700 0.8975 0.7700 0.8080
0.7700 0.8937 0.7700 0.8118
0.7800 0.8927 0.7800 0.8170
0.7900 0.8772 0.7900 0.8007
0.8200 0.8770 0.8200 0.8106
0.8500 0.8535 0.8500 0.7857
0.8700 0.8581 0.8700 0.7980
0.8700 0.8685 0.8700 0.8249
0.8600 0.8809 0.8600 0.8579
0.8500 0.8883 0.8500 0.8663
0.8400 0.9629 0.8400 0.9494
0.8400 0.9965 0.8400 0.9708
0.8300 0.9935 0.8300 0.9590
0.8300 0.9493 0.8300 0.9202
0.8500 0.9154 0.8500 0.8888
0.8800 0.9032 0.8800 0.8796
0.9100 0.8997 0.9100 0.8629
0.9200 0.9097 0.9200 0.8849
0.9400 0.8897 0.9400 0.8459
0.9700 0.8993 0.9700 0.8738
1.0000 0.9659 1.0000 0.9549
1.0100 1.0194 1.0100 0.9978
1.0000 1.0497 1.0000 1.0157
0.9800 1.0168 0.9800 0.9829
0.9700 1.0580 0.9700 1.0294
0.9600 1.1113 0.9600 1.0798
0.9500 1.1379 0.9500 1.0931
0.9500 1.1008 0.9500 1.0586
0.9600 1.0446 0.9600 1.0064
0.9900 1.0014 0.9900 0.9671
1.0100 1.0107 1.0100 0.9833
1.0500 0.9982 1.0500 0.9631
1.0700 0.9854 1.0700 0.9450
1.0900 1.0085 1.0900 0.9782
1.1100 1.0429 1.1100 1.0175
1.1300 1.1184 1.1300 1.0955
1.1600 1.1183 1.1600 1.0832
1.1700 1.2026 1.1700 1.1594
1.1800 1.1817 1.1800 1.1351
1.1800 1.1977 1.1800 1.1486
1.1900 1.2193 1.1900 1.1797
1.2000 1.2360 1.2000 1.1905
1.2100 1.2862 1.2100 1.2392
1.2200 1.2492 1.2200 1.2006
1.2400 1.2562 1.2400 1.2138
1.2500 1.2348 1.2500 1.2005
1.2500 1.2639 1.2500 1.2309
1.2400 1.2729 1.2400 1.2384
1.2000 1.2798 1.2000 1.2405
1.1600 1.2901 1.1600 1.2532
1.1200 1.3331 1.1200 1.2943
1.0900 1.3198 1.0900 1.2767
1.0700 1.2950 1.0700 1.2492
1.0400 1.2633 1.0400 1.2199
1.0100 1.1537 1.0100 1.0938
0.9800 1.1116 0.9800 1.0585
0.9400 1.0719 0.9400 1.0228
0.9000 1.0610 0.9000 1.0089
0.8600 1.0640 0.8600 1.0148
0.8400 1.0134 0.8400 0.9560
0.8300 0.9863 0.8300 0.9341
0.8200 0.9612 0.8200 0.9166
0.8100 0.9297 0.8100 0.8489
0.7800 0.9099 0.7800 0.8133
0.7500 0.8895 0.7500 0.7967
0.7100 0.8987 0.7100 0.8186
0.6800 0.8992 0.6800 0.8357
0.6800 0.8863 0.6800 0.8233
0.7100 0.8768 0.7100 0.8214
0.7500 0.8410 0.7500 0.7699
0.7800 0.8298 0.7800 0.7632
0.8100 0.8040 0.8100 0.7374
0.8300 0.8005 0.8300 0.7396
0.8600 0.8292 0.8600 0.7848
0.8800 0.8668 0.8800 0.8490
0.8900 0.9188 0.8900 0.9043
0.8800 0.9309 0.8800 0.9017
0.8700 0.9629 0.8700 0.9316
0.8600 0.9626 0.8600 0.9318
0.8600 1.0108 0.8600 0.9780
0.8400 1.0075 0.8400 0.9745
0.8200 0.9908 0.8200 0.9591
0.7800 0.9350 0.7800 0.9031
0.7400 0.9215 0.7400 0.8954
0.7000 0.9100 0.7000 0.8845
0.6700 0.9289 0.6700 0.9038
0.6400 0.8863 0.6400 0.8249
0.6000 0.8746 0.6000 0.8076
0.5800 0.8374 0.5800 0.7632
0.5700 0.8208 0.5700 0.7485
0.5800 0.8038 0.5800 0.7353
0.6100 0.7970 0.6100 0.7350
0.6500 0.7786 0.6500 0.7186
0.7100 0.7435 0.7100 0.6833
0.7900 0.7519 0.7900 0.7082
0.8800 0.7558 0.8800 0.7216
0.9500 0.7760 0.9500 0.7497
1.0000 0.8041 1.0000 0.7883
1.0700 0.8322 1.0700 0.8225
1.1600 0.9376 1.1600 0.9079
1.2600 1.0569 1.2600 1.0113
1.3400 1.1577 1.3400 1.0971
1.3900 1.1843 1.3900 1.1076
1.4200 1.1927 1.4200 1.1140
1.4300 1.2987 1.4300 1.2332
1.4400 1.4210 1.4400 1.3497
1.4400 1.5283 1.4400 1.4391
1.4400 1.5611 1.4400 1.4611
1.4400 1.5497 1.4400 1.4502
1.4200 1.5455 1.4200 1.4572
1.4100 1.5112 1.4100 1.4356
1.3900 1.5128 1.3900 1.4527
1.3600 1.4823 1.3600 1.4335
1.3200 1.4752 1.3200 1.4291
1.3000 1.4734 1.3000 1.4293
1.2700 1.4037 1.2700 1.3439
1.2500 1.4166 1.2500 1.3691
1.2200 1.3747 1.2200 1.3229
1.1900 1.3176 1.1900 1.2526
1.1700 1.2564 1.1700 1.1933
1.1500 1.2834 1.1500 1.2374
1.1400 1.2305 1.1400 1.1697
1.1200 1.2313 1.1200 1.1724
1.1000 1.1835 1.1000 1.1255
1.0600 1.1542 1.0600 1.0964
1.0300 1.1608 1.0300 1.1142
1.0000 1.1420 1.0000 1.0912
0.9700 1.1555 0.9700 1.1081
0.9500 1.1161 0.9500 1.0643
0.9300 1.0973 0.9300 1.0476
0.9100 1.0160 0.9100 0.9597
0.9000 1.0082 0.9000 0.9624
0.8900 0.9812 0.8900 0.9370
0.8700 0.9576 0.8700 0.8993
0.8600 0.9550 0.8600 0.9128
0.8500 0.9408 0.8500 0.8969
0.8400 0.9281 0.8400 0.8773
0.8200 0.9352 0.8200 0.9026
0.8100 0.9285 0.8100 0.8949
0.8000 0.9023 0.8000 0.8461
0.8000 0.9075 0.8000 0.8717
0.7900 0.9031 0.7900 0.8662
