1.0900 1.0140 1.0900 1.0535
1.0800 1.0198 1.0800 1.0855
1.0600 1.0003 1.0600 1.0696
1.0300 1.0743 1.0300 1.1745
0.9800 1.0822 0.9800 1.1647
0.9000 1.1229 0.9000 1.2031
0.8300 1.0793 0.8300 1.1264
0.7800 1.0533 0.7800 1.0925
0.7400 1.0142 0.7400 1.0564
0.7000 0.9665 0.7000 1.0145
0.6700 0.8848 0.6700 0.9509
0.6400 0.8315 0.6400 0.8543
0.6200 0.8017 0.6200 0.8614
0.6000 0.7904 0.6000 0.9020
0.5900 0.7863 0.5900 0.8904
0.5800 0.7604 0.5800 0.8473
0.5900 0.7522 0.5900 0.8397
0.6000 0.7360 0.6000 0.8180
0.6000 0.7397 0.6000 0.8263
0.5900 0.7298 0.5900 0.8118
0.6000 0.7364 0.6000 0.8218
0.6400 0.7314 0.6400 0.8128
0.6900 0.7624 0.6900 0.8575
0.7300 0.7674 0.7300 0.8561
0.7700 0.7476 0.7700 0.8176
0.8100 0.7265 0.8100 0.7911
0.8800 0.7613 0.8800 0.8527
0.9200 0.8310 0.9200 0.9510
0.9400 0.8685 0.9400 0.9805
0.9400 0.8647 0.9400 0.9512
0.9400 0.8997 0.9400 0.9647
0.9500 0.9401 0.9500 0.9996
0.9700 1.0667 0.9700 1.1701
0.9800 1.0335 0.9800 1.0801
1.0200 1.0041 1.0200 1.0244
1.0600 0.9630 1.0600 0.9879
1.1100 0.9676 1.1100 1.0141
1.1700 0.9912 1.1700 1.0622
1.2200 1.0267 1.2200 1.1050
1.2800 1.0090 1.2800 1.0622
1.3400 1.1122 1.3400 1.2131
1.3600 1.1508 1.3600 1.2420
1.3500 1.2160 1.3500 1.3044
1.3300 1.2921 1.3300 1.3951
1.3500 1.3188 1.3500 1.3963
1.3700 1.3947 1.3700 1.4908
1.3800 1.4519 1.3800 1.5515
1.3600 1.3750 1.3600 1.4032
1.3400 1.2955 1.3400 1.3073
1.3000 1.2613 1.3000 1.3069
1.2500 1.3721 1.2500 1.5025
1.2400 1.3770 1.2400 1.4787
1.2500 1.3527 1.2500 1.4128
1.2500 1.2678 1.2500 1.2957
1.2200 1.2613 1.2200 1.3194
1.1700 1.1785 1.1700 1.2193
1.1300 1.1067 1.1300 1.1403
1.0900 1.1875 1.0900 1.3033
1.0700 1.2423 1.0700 1.3651
1.0500 1.2099 1.0500 1.2749
1.0200 1.1151 1.0200 1.1341
1.0000 1.0449 1.0000 1.0558
0.9900 1.0299 0.9900 1.0914
1.0000 0.9909 1.0000 1.0680
1.0200 1.0113 1.0200 1.1027
1.0400 0.9920 1.0400 1.0759
1.0700 0.9451 1.0700 1.0123
1.0900 0.9519 1.0900 1.0339
1.1100 0.9709 1.1100 1.0554
1.1100 1.0227 1.1100 1.1132
1.1000 1.0610 1.1000 1.1491
1.0800 1.0804 1.0800 1.1525
1.0800 1.1319 1.0800 1.2159
1.1000 1.1311 1.1000 1.1955
1.1500 1.1491 1.1500 1.2140
1.2200 1.1045 1.2200 1.1466
1.2900 1.0741 1.2900 1.1134
1.3400 1.0328 1.3400 1.0750
1.3500 1.0779 1.3500 1.1608
1.3400 1.1368 1.3400 1.2417
1.3300 1.2459 1.3300 1.3718
1.3200 1.3522 1.3200 1.4819
1.2900 1.4180 1.2900 1.5209
1.2500 1.4204 1.2500 1.4843
1.1800 1.3434 1.1800 1.3615
1.1300 1.2937 1.1300 1.3219
1.0600 1.2860 1.0600 1.3514
0.9900 1.2703 0.9900 1.3418
0.9000 1.1868 0.9000 1.2235
0.8000 1.1263 0.8000 1.1633
0.7200 1.0185 0.7200 1.0179
0.6500 1.0004 0.6500 1.0706
0.6200 0.9100 0.6200 0.9918
0.6000 0.8688 0.6000 0.9458
0.5800 0.8189 0.5800 0.8592
0.5700 0.7652 0.5700 0.7896
0.5700 0.7389 0.5700 0.8134
0.5800 0.7098 0.5800 0.7963
0.6200 0.7444 0.6200 0.8610
0.6900 0.7440 0.6900 0.8467
0.7800 0.7215 0.7800 0.7993
0.8600 0.7254 0.8600 0.8075
0.9200 0.7371 0.9200 0.8239
0.9500 0.7575 0.9500 0.8480
1.0000 0.8187 1.0000 0.9312
1.0400 0.8945 1.0400 1.0233
1.0700 1.0145 1.0700 1.1192
1.0900 1.0644 1.0900 1.1358
1.1000 1.0783 1.1000 1.1219
1.1100 1.0442 1.1100 1.0655
1.1300 1.1356 1.1300 1.2168
1.1400 1.1461 1.1400 1.2176
1.1700 1.1420 1.1700 1.1917
1.2000 1.1337 1.2000 1.1857
1.2500 1.1247 1.2500 1.1757
1.2800 1.1305 1.2800 1.1928
1.2900 1.1691 1.2900 1.2528
1.3000 1.1521 1.3000 1.2137
1.3000 1.2222 1.3000 1.3165
1.3300 1.2504 1.3300 1.3405
1.3600 1.3407 1.3600 1.4496
1.4200 1.3194 1.4200 1.3865
1.5100 1.2849 1.5100 1.3236
1.6100 1.2974 1.6100 1.3664
1.7100 1.2776 1.7100 1.3412
1.7900 1.3682 1.7900 1.4832
1.8800 1.3910 1.8800 1.4923
1.9500 1.5131 1.9500 1.6442
2.0200 1.6659 2.0200 1.8313
2.0600 1.7828 2.0600 1.9246
2.0900 1.8727 2.0900 1.9925
2.1100 1.9058 2.1100 1.9933
2.1400 2.0223 2.1400 2.1475
2.1800 2.0382 2.1800 2.1335
2.1800 2.1004 2.1800 2.2029
2.1700 2.0598 2.1700 2.1267
2.1300 2.0660 2.1300 2.1406
2.1300 2.0584 2.1300 2.1464
2.1400 2.1108 2.1400 2.2284
2.1500 2.1645 2.1500 2.2961
2.1700 2.0557 2.1700 2.0974
2.1900 2.0253 2.1900 2.0832
2.1900 1.9221 2.1900 1.9682
2.1600 2.0267 2.1600 2.1706
2.0800 2.0481 2.0800 2.1902
2.0200 2.0461 2.0200 2.1440
1.9800 2.0886 1.9800 2.2088
1.9800 2.1178 1.9800 2.2344
1.9900 2.0649 1.9900 2.1343
2.0200 1.9640 2.0200 1.9994
2.0700 1.7811 2.0700 1.7596
2.0900 1.7758 2.0900 1.8631
2.0800 1.7849 2.0800 1.9171
2.0500 1.8690 2.0500 2.0269
2.0300 1.8890 2.0300 2.0195
2.0300 1.9715 2.0300 2.1088
2.0200 2.0741 2.0200 2.2308
2.0200 2.0198 2.0200 2.0906
2.0400 1.9388 2.0400 1.9709
2.0300 1.8751 2.0300 1.9262
2.0000 1.8880 2.0000 1.9888
1.9800 1.9278 1.9800 2.0600
1.9700 1.8809 1.9700 1.9658
1.9700 1.9038 1.9700 2.0060
1.9700 1.9793 1.9700 2.1226
1.9600 1.8923 1.9600 1.9521
1.9500 1.8138 1.9500 1.8516
1.9400 1.8329 1.9400 1.9352
1.9300 1.8502 1.9300 1.9672
1.9200 1.8624 1.9200 1.9733
1.8900 1.8583 1.8900 1.9573
1.8600 1.8274 1.8600 1.9054
1.8300 1.8229 1.8300 1.9116
1.8100 1.8167 1.8100 1.9119
1.7900 1.8058 1.7900 1.8974
1.7700 1.7944 1.7700 1.8857
1.7400 1.7173 1.7400 1.7735
1.7100 1.6925 1.7100 1.7665
1.6700 1.6677 1.6700 1.7555
1.6400 1.6720 1.6400 1.7720
1.6200 1.6484 1.6200 1.7386
1.6100 1.6303 1.6100 1.7143
1.5900 1.5799 1.5900 1.6481
1.5500 1.5562 1.5500 1.6326
1.5100 1.4962 1.5100 1.5609
1.4800 1.4936 1.4800 1.5809
1.4800 1.4983 1.4800 1.6000
1.4900 1.5113 1.4900 1.6125
1.4900 1.4663 1.4900 1.5366
1.4700 1.3857 1.4700 1.4259
1.4400 1.3554 1.4400 1.4194
1.4200 1.3555 1.4200 1.4460
1.4100 1.4224 1.4100 1.5489
1.4000 1.4487 1.4000 1.5612
1.4000 1.4233 1.4000 1.4940
1.4000 1.3628 1.4000 1.4071
1.4200 1.3215 1.4200 1.3730
1.4400 1.3298 1.4400 1.4147
1.4600 1.3404 1.4600 1.4353
1.5000 1.3251 1.5000 1.4037
1.5500 1.3480 1.5500 1.4388
1.6100 1.3512 1.6100 1.4367
1.6700 1.4177 1.6700 1.5287
1.7200 1.4352 1.7200 1.5322
1.7500 1.4534 1.7500 1.5376
1.7800 1.5393 1.7800 1.6606
1.7900 1.6115 1.7900 1.7351
1.8100 1.6865 1.8100 1.8053
1.8200 1.7415 1.8200 1.8510
1.8300 1.7669 1.8300 1.8562
1.8300 1.7482 1.8300 1.8136
1.8200 1.7803 1.8200 1.8706
1.8100 1.7398 1.8100 1.8073
1.8000 1.7800 1.8000 1.8785
1.7800 1.7611 1.7800 1.8486
1.7600 1.7683 1.7600 1.8548
1.7500 1.7412 1.7500 1.8197
1.7300 1.7100 1.7300 1.7793
1.7300 1.7003 1.7300 1.7848
1.7400 1.6915 1.7400 1.7815
1.7600 1.6449 1.7600 1.7146
1.7700 1.6261 1.7700 1.7050
1.7500 1.6435 1.7500 1.7473
1.6900 1.5984 1.6900 1.6733
1.6300 1.6457 1.6300 1.7564
1.5800 1.6805 1.5800 1.8011
1.5700 1.7213 1.5700 1.8343
1.5800 1.7034 1.5800 1.7870
1.5900 1.6170 1.5900 1.6535
1.5800 1.4734 1.5800 1.4719
1.5600 1.4242 1.5600 1.4775
1.5400 1.4015 1.5400 1.4912
1.5500 1.4785 1.5500 1.6179
1.6100 1.5249 1.6100 1.6588
1.6500 1.5316 1.6500 1.6260
1.6500 1.4791 1.6500 1.5341
1.6400 1.4493 1.6400 1.5074
1.6300 1.4367 1.6300 1.5138
1.6000 1.5162 1.6000 1.6448
1.5900 1.6845 1.5900 1.8712
1.6000 1.6632 1.6000 1.7560
1.6100 1.5660 1.6100 1.5802
1.6000 1.5509 1.6000 1.6068
1.5800 1.5539 1.5800 1.6405
1.5600 1.4673 1.5600 1.5143
1.5300 1.4995 1.5300 1.5957
1.5200 1.5574 1.5200 1.6873
1.5300 1.5608 1.5300 1.6566
1.5000 1.4991 1.5000 1.5511
1.4800 1.4662 1.4800 1.5235
1.4600 1.4545 1.4600 1.5323
1.4500 1.4011 1.4500 1.4630
1.4300 1.4357 1.4300 1.5364
1.4200 1.4915 1.4200 1.6171
1.4100 1.3640 1.4100 1.3915
1.3800 1.3713 1.3800 1.4371
1.3400 1.3637 1.3400 1.4527
1.3000 1.3770 1.3000 1.4663
1.2600 1.3261 1.2600 1.3907
1.2300 1.3449 1.2300 1.4292
1.2100 1.3371 1.2100 1.4209
1.1900 1.2631 1.1900 1.3054
1.1600 1.2035 1.1600 1.2451
1.1300 1.1730 1.1300 1.2348
1.1100 1.1363 1.1100 1.1992
1.1000 1.1283 1.1000 1.2035
1.1000 1.1328 1.1000 1.2161
1.1200 1.1149 1.1200 1.1842
1.1500 1.0659 1.1500 1.1136
1.1800 1.0431 1.1800 1.0979
1.2300 1.0512 1.2300 1.1257
1.2500 1.0643 1.2500 1.1443
1.2400 1.0844 1.2400 1.1661
1.1400 1.1484 1.1400 1.2495
1.0500 1.1998 1.0500 1.2988
0.9600 1.2271 0.9600 1.3087
0.9100 1.3205 0.9100 1.4309
0.8800 1.2725 0.8800 1.3242
0.8900 1.1942 0.8900 1.2069
0.9200 0.9858 0.9200 0.9499
0.9300 0.9150 0.9300 0.9277
0.9400 0.8690 0.9400 0.9351
0.9300 0.8675 0.9300 1.0032
0.9200 0.8839 0.9200 1.0183
0.9000 0.9301 0.9000 1.0687
0.8900 0.9866 0.8900 1.1019
0.9100 0.9582 0.9100 1.0111
0.9200 0.9706 0.9200 1.0202
0.9000 0.9272 0.9000 0.9714
0.8900 0.9193 0.8900 0.9820
0.8900 0.8763 0.8900 0.9655
0.8900 0.8891 0.8900 0.9882
0.8800 0.9699 0.8800 1.0811
0.9100 0.9564 0.9100 1.0356
0.9400 0.8692 0.9400 0.9294
0.9800 0.8872 0.9800 0.9675
0.9900 0.9164 0.9900 1.0111
1.0000 0.9109 1.0000 1.0063
1.0200 0.8799 1.0200 0.9676
1.0300 0.9929 1.0300 1.0961
1.0600 1.0220 1.0600 1.1085
1.0900 1.0753 1.0900 1.1530
1.1300 1.0177 1.1300 1.0508
1.1600 1.0338 1.1600 1.0809
1.1800 1.0750 1.1800 1.1551
1.1800 1.0607 1.1800 1.1171
1.1800 1.1250 1.1800 1.2119
1.1800 1.1538 1.1800 1.2382
1.2000 1.2115 1.2000 1.2991
1.2000 1.2141 1.2000 1.2833
1.2000 1.2125 1.2000 1.2687
1.2100 1.1673 1.2100 1.2068
1.2200 1.1695 1.2200 1.2284
1.2200 1.1675 1.2200 1.2372
1.1900 1.2279 1.1900 1.3267
1.1700 1.1772 1.1700 1.2317
1.1600 1.1769 1.1600 1.2340
1.1500 1.2124 1.1500 1.3010
1.1400 1.2232 1.1400 1.3023
1.1300 1.1941 1.1300 1.2501
1.1200 1.1001 1.1200 1.1189
1.1100 1.1092 1.1100 1.1704
1.1000 1.1244 1.1000 1.2103
1.1000 1.1099 1.1000 1.1776
1.0900 1.0955 1.0900 1.1581
1.0900 1.0911 1.0900 1.1563
1.1000 1.0841 1.1000 1.1483
1.1200 1.0750 1.1200 1.1382
1.1200 1.0664 1.1200 1.1290
1.1200 1.0893 1.1200 1.1668
1.1100 1.0577 1.1100 1.1130
1.1300 1.0800 1.1300 1.1506
1.1800 1.1132 1.1800 1.1998
1.2400 1.1540 1.2400 1.2423
1.3100 1.1057 1.3100 1.1517
1.3500 1.1085 1.3500 1.1638
1.3800 1.0808 1.3800 1.1341
1.3800 1.1672 1.3800 1.2702
1.3600 1.2764 1.3600 1.4121
1.3200 1.3495 1.3200 1.4630
1.2800 1.4334 1.2800 1.5432
1.2400 1.4070 1.2400 1.4626
1.2200 1.4167 1.2200 1.4736
1.2100 1.3506 1.2100 1.3872
1.1900 1.2860 1.1900 1.3146
1.1900 1.1988 1.1900 1.2272
1.1900 1.1619 1.1900 1.2144
1.2100 1.1204 1.2100 1.1815
1.2400 1.1447 1.2400 1.2342
1.2600 1.1555 1.2600 1.2462
1.3100 1.1140 1.3100 1.1697
1.3900 1.1619 1.3900 1.2515
1.4700 1.1676 1.4700 1.2508
1.5100 1.2304 1.5100 1.3297
1.5100 1.2792 1.5100 1.3831
1.5000 1.2762 1.5000 1.3460
1.5000 1.3917 1.5000 1.5131
1.4900 1.5394 1.4900 1.6979
1.4700 1.6072 1.4700 1.7230
1.4700 1.5452 1.4700 1.5813
1.4900 1.4619 1.4900 1.4709
1.5400 1.4404 1.5400 1.4911
1.5700 1.4630 1.5700 1.5563
1.5900 1.4166 1.5900 1.4839
1.5900 1.3661 1.5900 1.4183
1.6100 1.4166 1.6100 1.5208
1.6300 1.4839 1.6300 1.6110
1.6500 1.5944 1.6500 1.7399
1.6700 1.5694 1.6700 1.6489
1.6900 1.5689 1.6900 1.6329
1.7300 1.5301 1.7300 1.5878
1.7700 1.6027 1.7700 1.7132
1.8000 1.6141 1.8000 1.7179
1.8600 1.6261 1.8600 1.7138
1.9500 1.6428 1.9500 1.7358
2.0800 1.6662 2.0800 1.7615
2.2000 1.7509 2.2000 1.8800
2.3000 1.7853 2.3000 1.8981
2.3600 1.7854 2.3600 1.8674
2.3800 1.9190 2.3800 2.0684
2.3600 2.0794 2.3600 2.2645
2.3400 2.2915 2.3400 2.4977
2.3100 2.3695 2.3100 2.5088
2.3000 2.4184 2.3000 2.5122
2.2700 2.3855 2.2700 2.4426
2.2600 2.3143 2.2600 2.3473
2.2600 2.1953 2.2600 2.2148
2.2700 2.1784 2.2700 2.2575
2.3000 2.1152 2.3000 2.1959
2.3300 2.1465 2.3300 2.2658
2.3700 2.0576 2.3700 2.1304
2.4100 2.1020 2.4100 2.2167
2.4500 2.1282 2.4500 2.2621
2.4800 2.1615 2.4800 2.2845
2.5300 2.2357 2.5300 2.3822
2.5500 2.2659 2.5500 2.3904
2.5900 2.3292 2.5900 2.4589
2.6200 2.3692 2.6200 2.4947
2.6600 2.4087 2.6600 2.5267
2.7100 2.4102 2.7100 2.5113
2.7500 2.5136 2.7500 2.6633
2.8100 2.4489 2.8100 2.5294
2.8100 2.5404 2.8100 2.6714
2.7800 2.5423 2.7800 2.6637
2.6800 2.6054 2.6800 2.7334
2.5600 2.6727 2.5600 2.8221
2.4000 2.6836 2.4000 2.7968
2.2400 2.7918 2.2400 2.9479
2.0900 2.6306 2.0900 2.6636
1.9700 2.5322 1.9700 2.5500
1.8800 2.2866 1.8800 2.2333
1.7800 2.1453 1.7800 2.1243
1.7100 1.9152 1.7100 1.8523
1.6400 1.7487 1.6400 1.7425
1.5700 1.6005 1.5700 1.6633
1.4700 1.5514 1.4700 1.6621
1.3500 1.5340 1.3500 1.6608
1.2200 1.4170 1.2200 1.4801
1.1100 1.4337 1.1100 1.5409
1.0200 1.3802 1.0200 1.4721
0.9400 1.3195 0.9400 1.3841
0.8800 1.1702 0.8800 1.1746
0.8300 1.0573 0.8300 1.0319
0.7900 0.9474 0.7900 0.9771
0.7200 0.9034 0.7200 0.9930
0.6400 0.8703 0.6400 0.9945
0.5500 0.8385 0.5500 0.9452
0.5100 0.8304 0.5100 0.9388
0.4900 0.8136 0.4900 0.9147
0.4800 0.8034 0.4800 0.8996
0.4500 0.7385 0.4500 0.7759
0.4100 0.6995 0.4100 0.7257
0.3900 0.6612 0.3900 0.6909
0.4200 0.6701 0.4200 0.7773
0.6700 0.6972 0.6700 0.8080
0.8600 0.6948 0.8600 0.7819
0.9900 0.6410 0.9900 0.6945
1.0600 0.6178 1.0600 0.6492
1.1700 0.6247 1.1700 0.6920
1.3500 0.7121 1.3500 0.8239
1.5700 1.2421 1.5700 1.5688
1.7700 1.2955 1.7700 1.4475
1.9300 1.2715 1.9300 1.2612
2.0400 1.2290 2.0400 1.2223
2.1100 1.4592 2.1100 1.5860
2.1500 1.7666 2.1500 2.0056
2.1600 2.0409 2.1600 2.2690
2.1500 2.1622 2.1500 2.2946
2.1100 2.2301 2.1100 2.3046
2.0400 2.2331 2.0400 2.2783
1.9600 2.2106 1.9600 2.2508
1.8800 2.1698 1.8800 2.2179
1.8100 2.0948 1.8100 2.1356
1.7400 2.0262 1.7400 2.0744
1.6800 1.9076 1.6800 1.9385
1.6100 1.7644 1.6100 1.7792
1.5400 1.6658 1.5400 1.7094
1.4700 1.5911 1.4700 1.6596
1.4100 1.5446 1.4100 1.6302
1.3400 1.4743 1.3400 1.5488
1.2800 1.4440 1.2800 1.5290
1.2400 1.3581 1.2400 1.4185
1.2200 1.2984 1.2200 1.3583
1.2200 1.2383 1.2200 1.3041
1.2500 1.2109 1.2500 1.2889
1.2800 1.1227 1.2800 1.1733
1.3300 1.0942 1.3300 1.1598
1.3700 1.1081 1.3700 1.2033
1.4100 1.1376 1.4100 1.2397
1.4400 1.1809 1.4400 1.2867
1.4700 1.2801 1.4700 1.4095
1.5100 1.3100 1.5100 1.4084
1.5400 1.4045 1.5400 1.5186
1.5800 1.4223 1.5800 1.5109
1.6400 1.4622 1.6400 1.5456
1.7300 1.4671 1.7300 1.5439
1.8400 1.4977 1.8400 1.5818
1.9400 1.5556 1.9400 1.6631
2.0200 1.5569 2.0200 1.6396
2.0900 1.6148 2.0900 1.7166
2.1700 1.7199 2.1700 1.8587
2.2600 1.8739 2.2600 2.0405
2.3700 2.0180 2.3700 2.1837
2.4900 2.0845 2.4900 2.2017
2.6300 2.1146 2.6300 2.1995
2.7900 2.1663 2.7900 2.2645
2.9500 2.2713 2.9500 2.4090
3.1000 2.3736 3.1000 2.5226
3.1900 2.5190 3.1900 2.6881
3.2400 2.6519 3.2400 2.8197
3.3000 2.8350 3.3000 3.0221
3.3600 3.0372 3.3600 3.2431
3.4000 3.1838 3.4000 3.3600
3.4300 3.2963 3.4300 3.4459
3.4800 3.2226 3.4800 3.2750
3.5300 3.1772 3.5300 3.2224
3.5500 3.2761 3.5500 3.4263
3.5700 3.3214 3.5700 3.4745
3.5900 3.2789 3.5900 3.3739
3.6100 3.2790 3.6100 3.3850
3.6200 3.3914 3.6200 3.5678
3.6300 3.4290 3.6300 3.5857
3.6400 3.3527 3.6400 3.4323
3.6500 3.3812 3.6500 3.5014
3.6600 3.4097 3.6600 3.5553
3.6500 3.4214 3.6500 3.5558
3.6400 3.3948 3.6400 3.5096
3.6100 3.4085 3.6100 3.5370
3.5900 3.4192 3.5900 3.5558
3.5700 3.4265 3.5700 3.5602
3.5400 3.4331 3.5400 3.5668
3.5000 3.3682 3.5000 3.4636
3.4600 3.3646 3.4600 3.4812
3.4400 3.2843 3.4400 3.3770
3.4100 3.2965 3.4100 3.4230
3.3800 3.2739 3.3800 3.4050
3.3500 3.2150 3.3500 3.3134
3.3200 3.1501 3.3200 3.2418
3.2700 3.1218 3.2700 3.2333
3.2100 3.1590 3.2100 3.3127
3.1300 3.0944 3.1300 3.2034
3.0500 3.0649 3.0500 3.1688
2.9700 3.0432 2.9700 3.1619
2.9000 3.0192 2.9000 3.1343
2.8400 2.9145 2.8400 2.9877
2.7900 2.8379 2.7900 2.9127
2.7400 2.7155 2.7400 2.7765
2.6800 2.6458 2.6800 2.7282
2.6200 2.5695 2.6200 2.6628
2.5500 2.5287 2.5500 2.6355
2.4900 2.4948 2.4900 2.6100
2.4300 2.4740 2.4300 2.5910
2.3800 2.4266 2.3800 2.5275
2.3200 2.3477 2.3200 2.4239
2.2500 2.2985 2.2500 2.3863
2.1800 2.2113 2.1800 2.2860
2.1100 2.1830 2.1100 2.2820
2.0500 2.1255 2.0500 2.2209
2.0000 2.1042 2.0000 2.2076
1.9500 2.0209 1.9500 2.0974
1.9100 1.9347 1.9100 1.9949
1.8800 1.8750 1.8800 1.9534
1.8400 1.8139 1.8400 1.8959
1.8000 1.7810 1.8000 1.8763
1.7700 1.7584 1.7700 1.8616
1.7400 1.7115 1.7400 1.7975
1.7100 1.7011 1.7100 1.7989
1.6700 1.7019 1.6700 1.8098
1.6400 1.6404 1.6400 1.7126
1.6000 1.6054 1.6000 1.6799
1.5500 1.6081 1.5500 1.7088
1.4900 1.5807 1.4900 1.6686
1.2800 1.5500 1.2800 1.6290
1.2200 1.4913 1.2200 1.5552
1.2700 1.4923 1.2700 1.5810
1.3300 1.4318 1.3300 1.5002
1.4000 1.3616 1.4000 1.4113
1.4600 1.2848 1.4600 1.3334
1.5000 0.9444 1.5000 0.9245
1.5200 1.0510 1.5200 1.2206
1.5100 1.3605 1.5100 1.6875
1.4900 1.4039 1.4900 1.5451
1.4700 1.4647 1.4700 1.5678
1.4400 1.5441 1.4400 1.6483
1.4000 1.5500 1.4000 1.6165
1.3400 1.5207 1.3400 1.5728
1.3000 1.4431 1.3000 1.4731
1.2600 1.3999 1.2600 1.4468
1.2100 1.3791 1.2100 1.4509
1.1600 1.3223 1.1600 1.3793
1.1100 1.2567 1.1100 1.3035
1.0600 1.1568 1.0600 1.1863
0.9800 1.1701 0.9800 1.2506
0.9000 1.1329 0.9000 1.2079
0.8200 1.0608 0.8200 1.1027
0.7600 1.0158 0.7600 1.0738
0.7200 0.9785 0.7200 1.0487
0.7000 0.9339 0.7000 1.0244
0.7100 0.8607 0.7100 0.9014
0.7200 0.8216 0.7200 0.8712
0.7100 0.7880 0.7100 0.8497
0.7100 0.7665 0.7100 0.8688
0.7100 0.7787 0.7100 0.8897
0.7100 0.7909 0.7100 0.8994
0.7200 0.8338 0.7200 0.9539
0.7200 0.8306 0.7200 0.9289
0.7500 0.7871 0.7500 0.8523
0.8000 0.7991 0.8000 0.8834
0.8600 0.8039 0.8600 0.8943
0.9500 0.8066 0.9500 0.8941
1.0300 0.8267 1.0300 0.9250
1.1100 0.8093 1.1100 0.8921
1.1900 0.8678 1.1900 0.9816
1.2500 0.9454 1.2500 1.0537
1.3200 1.0192 1.3200 1.1062
1.3900 1.1627 1.3900 1.2820
1.4700 1.2179 1.4700 1.3062
1.5500 1.2900 1.5500 1.3703
1.6100 1.3659 1.6100 1.4593
1.6700 1.3778 1.6700 1.4415
1.7100 1.4613 1.7100 1.5564
1.7400 1.5260 1.7400 1.6305
1.7400 1.6189 1.7400 1.7325
1.7400 1.6876 1.7400 1.7981
1.7500 1.6954 1.7500 1.7690
1.7900 1.7524 1.7900 1.8460
1.8500 1.7438 1.8500 1.8188
1.8900 1.7451 1.8900 1.8161
1.8600 1.6693 1.8600 1.7119
1.7800 1.6715 1.7800 1.7448
1.6400 1.7027 1.6400 1.8126
1.5000 1.8073 1.5000 1.9558
1.4000 1.9014 1.4000 2.0529
1.3100 1.8847 1.3100 1.9674
1.2600 1.6882 1.2600 1.6585
1.2400 1.5485 1.2400 1.4755
1.2800 1.3485 1.2800 1.2612
1.3600 1.1961 1.3600 1.1374
1.4800 1.1176 1.4800 1.2302
1.6500 1.0446 1.6500 1.1668
1.8200 1.0816 1.8200 1.2031
1.9900 1.1402 1.9900 1.2695
2.1000 1.3224 2.1000 1.4999
2.1400 1.4883 2.1400 1.6719
2.0700 1.6959 2.0700 1.8832
1.9300 1.9779 1.9300 2.2045
1.7500 2.1430 1.7500 2.3126
1.5700 2.3071 1.5700 2.4506
1.4200 2.2710 1.4200 2.3196
1.3100 2.1463 1.3100 2.1225
1.2100 1.8837 1.2100 1.7644
1.1000 1.6508 1.1000 1.5260
1.0200 1.3949 1.0200 1.2848
0.9800 1.1823 0.9800 1.1358
0.9900 1.0437 0.9900 1.1635
1.0100 1.0111 1.0100 1.1741
1.0500 0.9595 1.0500 1.0825
1.0800 0.8732 1.0800 0.9477
1.1300 0.8683 1.1300 0.9785
1.1800 0.9124 1.1800 1.0557
1.2200 0.9978 1.2200 1.1548
1.2700 1.0360 1.2700 1.1394
1.3300 1.1228 1.3300 1.2253
1.3900 1.1368 1.3900 1.2112
1.4300 1.2345 1.4300 1.3346
1.4600 1.2811 1.4600 1.3764
1.4800 1.2945 1.4800 1.3618
1.5200 1.3615 1.5200 1.4554
1.5700 1.4436 1.5700 1.5558
1.6200 1.4941 1.6200 1.5920
1.6400 1.4804 1.6400 1.5426
1.6800 1.4882 1.6800 1.5534
1.7100 1.4863 1.7100 1.5569
1.7300 1.5693 1.7300 1.6848
1.7000 1.6326 1.7000 1.7549
1.6700 1.6724 1.6700 1.7735
1.6300 1.6168 1.6300 1.6659
1.5700 1.7108 1.5700 1.8234
1.5000 1.7159 1.5000 1.8151
1.3800 1.7036 1.3800 1.7736
1.2600 1.5509 1.2600 1.5548
1.1400 1.5341 1.1400 1.5884
1.0600 1.4741 1.0600 1.5422
0.9900 1.3645 0.9900 1.3963
0.9200 1.2698 0.9200 1.3072
0.8700 1.1033 0.8700 1.0442
0.8600 0.9918 0.8600 1.0072
0.9000 0.9202 0.9000 0.9817
0.9800 0.9036 0.9800 1.0413
1.1000 0.8843 1.1000 1.0073
1.2300 0.8328 1.2300 0.9222
1.3900 0.8320 1.3900 0.9362
1.5200 0.8846 1.5200 1.0195
1.6100 0.9945 1.6100 1.1424
1.6400 1.1532 1.6400 1.3049
1.6600 1.3534 1.6600 1.5197
1.6800 1.5006 1.6800 1.6429
1.7100 1.7245 1.7100 1.8923
1.7100 1.7803 1.7100 1.8794
1.7200 1.7732 1.7200 1.8115
1.7500 1.6653 1.7500 1.6605
1.8300 1.6705 1.8300 1.7216
1.9300 1.6827 1.9300 1.7747
2.0400 1.7201 2.0400 1.8260
2.1500 1.6319 2.1500 1.6784
2.2500 1.6680 2.2500 1.7552
2.3300 1.7487 2.3300 1.8869
2.3900 1.9415 2.3900 2.1369
2.4300 2.0698 2.4300 2.2452
2.4800 2.1946 2.4800 2.3432
2.5300 2.3040 2.5300 2.4433
2.5300 2.3828 2.5300 2.5029
2.5000 2.4098 2.5000 2.5034
2.4400 2.4185 2.4400 2.5021
2.3800 2.4065 2.3800 2.4852
2.3100 2.4796 2.3100 2.6075
2.2500 2.5188 2.2500 2.6481
2.2100 2.3772 2.2100 2.4009
2.1900 2.2775 2.1900 2.2996
2.2000 2.1589 2.2000 2.1948
2.2300 2.1051 2.2300 2.1782
2.2300 2.0024 2.2300 2.0696
2.2000 1.9668 2.2000 2.0571
2.1200 1.9768 2.1200 2.1030
2.0600 2.0065 2.0600 2.1413
2.0300 2.0872 2.0300 2.2447
2.0400 2.1655 2.0400 2.3222
2.0700 2.0878 2.0700 2.1523
2.1000 1.9930 2.1000 2.0229
2.1200 1.8170 2.1200 1.8018
2.1500 1.8149 2.1500 1.9043
2.1600 1.8554 2.1600 2.0061
2.1500 1.9480 2.1500 2.1159
2.1400 2.0105 2.1400 2.1618
2.1500 2.0420 2.1500 2.1574
2.1700 2.0441 2.1700 2.1359
2.2100 2.1095 2.2100 2.2328
2.2400 2.0693 2.2400 2.1511
2.2600 2.0076 2.2600 2.0605
2.2700 2.0031 2.2700 2.0927
2.2800 2.0662 2.2800 2.2030
2.2900 2.0991 2.2900 2.2287
2.3100 2.1800 2.3100 2.3236
2.3200 2.1812 2.3200 2.2874
2.3300 2.1787 2.3300 2.2646
2.3300 2.1691 2.3300 2.2581
2.3300 2.1837 2.3300 2.2869
2.3400 2.1891 2.3400 2.2955
2.3400 2.2302 2.3400 2.3534
2.3400 2.2096 2.3400 2.3055
2.3500 2.2197 2.3500 2.3190
2.3600 2.1963 2.3600 2.2876
2.3700 2.1988 2.3700 2.2973
2.3900 2.2325 2.3900 2.3564
2.3900 2.2035 2.3900 2.2970
2.3700 2.2016 2.3700 2.2973
2.3500 2.2404 2.3500 2.3662
2.3400 2.2486 2.3400 2.3619
2.3400 2.2536 2.3400 2.3584
2.3400 2.3004 2.3400 2.4279
2.3400 2.2482 2.3400 2.3288
2.3200 2.1790 2.3200 2.2334
2.2800 2.1683 2.2800 2.2606
2.2200 2.1872 2.2200 2.3076
2.1500 2.2034 2.1500 2.3255
2.0800 2.1968 2.0800 2.3028
2.0000 2.1982 2.0000 2.3012
1.9200 2.1314 1.9200 2.2000
1.8500 2.0478 1.8500 2.0979
1.7700 1.9463 1.7700 1.9928
1.6800 1.8595 1.6800 1.9159
1.5900 1.7924 1.5900 1.8667
1.5000 1.6893 1.5000 1.7479
1.4200 1.6137 1.4200 1.6792
1.3600 1.5760 1.3600 1.6664
1.3000 1.4776 1.3000 1.5380
1.2400 1.3704 1.2400 1.4133
1.1900 1.2944 1.1900 1.3537
1.1600 1.2171 1.1600 1.2788
1.1300 1.1673 1.1300 1.2396
1.1000 1.1606 1.1000 1.2549
1.0800 1.1073 1.0800 1.1773
1.0600 1.0548 1.0600 1.1107
1.0500 1.0391 1.0500 1.1111
1.0400 1.0635 1.0400 1.1564
1.0300 1.0359 1.0300 1.1055
1.0300 1.0096 1.0300 1.0706
1.0300 1.0193 1.0300 1.0923
1.0300 1.0058 1.0300 1.0706
1.0400 1.0186 1.0400 1.0901
1.0500 1.0109 1.0500 1.0764
1.0700 1.0038 1.0700 1.0626
1.0900 1.0270 1.0900 1.1009
1.1200 1.0291 1.1200 1.0965
1.1700 1.0281 1.1700 1.0888
1.2300 1.0603 1.2300 1.1373
1.2900 1.0711 1.2900 1.1421
1.3500 1.1102 1.3500 1.1902
1.4000 1.1285 1.4000 1.2040
1.4300 1.1789 1.4300 1.2647
1.4300 1.2694 1.4300 1.3818
1.4400 1.3466 1.4400 1.4569
1.4700 1.3986 1.4700 1.4925
1.5200 1.4555 1.5200 1.5485
1.6000 1.4815 1.6000 1.5617
1.6900 1.4625 1.6900 1.5182
1.7500 1.3924 1.7500 1.4216
1.7900 1.4276 1.7900 1.5089
1.8100 1.5002 1.8100 1.6239
1.8400 1.5837 1.8400 1.7140
1.8700 1.7211 1.8700 1.8769
1.9000 1.8290 1.9000 1.9720
1.9400 1.8119 1.9400 1.8796
1.9800 1.8082 1.9800 1.8667
2.0200 1.7890 2.0200 1.8537
2.0600 1.8424 2.0600 1.9487
2.1000 1.8608 2.1000 1.9676
2.1400 1.8809 2.1400 1.9787
2.1700 1.9405 2.1700 2.0608
2.2100 1.9790 2.2100 2.0928
2.2300 2.0139 2.2300 2.1205
2.2600 2.0519 2.2600 2.1620
2.2800 2.0908 2.2800 2.2020
2.2900 2.1269 2.2900 2.2382
2.2800 2.1285 2.2800 2.2224
2.2600 2.1926 2.2600 2.3152
2.2200 2.1586 2.2200 2.2430
2.1700 2.2124 2.1700 2.3250
2.1200 2.2047 2.1200 2.3075
2.0600 2.1878 2.0600 2.2701
2.0100 2.1256 2.0100 2.1901
1.9700 2.0876 1.9700 2.1598
1.9200 1.9988 1.9200 2.0549
1.8800 1.9269 1.8800 1.9864
1.8500 1.8798 1.8500 1.9612
1.8200 1.7968 1.8200 1.8627
1.7900 1.7729 1.7900 1.8635
1.7600 1.7609 1.7600 1.8678
1.7300 1.6872 1.7300 1.7569
1.7000 1.6757 1.7000 1.7663
1.6700 1.6781 1.6700 1.7868
1.6500 1.6494 1.6500 1.7378
1.6300 1.6199 1.6300 1.7017
1.6100 1.5971 1.6100 1.6813
1.5800 1.5720 1.5800 1.6547
1.5600 1.5447 1.5600 1.6257
1.5300 1.5178 1.5300 1.5980
1.4900 1.5246 1.4900 1.6211
1.4400 1.5059 1.4400 1.5931
1.3900 1.4871 1.3900 1.5666
1.3300 1.4371 1.3300 1.5011
1.2800 1.4467 1.2800 1.5351
1.2500 1.3955 1.2500 1.4642
1.2300 1.3343 1.2300 1.3848
1.2200 1.2665 1.2200 1.3159
1.2100 1.2254 1.2100 1.2869
1.2100 1.1461 1.2100 1.1937
1.2200 1.1237 1.2200 1.1915
1.2200 1.1435 1.2200 1.2404
1.2100 1.1477 1.2100 1.2367
1.2000 1.1595 1.2000 1.2444
1.3900 1.1544 1.3900 1.2287
1.4900 1.1818 1.4900 1.2659
1.4900 1.2160 1.4900 1.3089
1.4900 1.1934 1.4900 1.2567
1.4800 1.1614 1.4800 1.2106
1.4600 1.1567 1.4600 1.2206
1.4300 1.8002 1.4300 2.1931
1.4100 1.6619 1.4100 1.7602
1.3800 1.4072 1.3800 1.2848
1.3600 1.4461 1.3600 1.4949
1.3300 1.4549 1.3300 1.5410
1.3100 1.3741 1.3100 1.4185
1.2800 1.3067 1.2800 1.3541
1.2700 1.3176 1.2700 1.4001
1.2500 1.2643 1.2500 1.3266
1.2300 1.2673 1.2300 1.3447
1.1800 1.2169 1.1800 1.2785
1.1200 1.2241 1.1200 1.3007
1.0300 1.1732 1.0300 1.2328
0.9400 1.2126 0.9400 1.3029
0.8600 1.1702 0.8600 1.2366
0.8300 1.1531 0.8300 1.2121
0.8400 1.0398 0.8400 1.0596
0.8900 0.9800 0.8900 1.0059
0.9300 0.8875 0.9300 0.9101
0.9600 0.8417 0.9600 0.8838
0.9700 0.8087 0.9700 0.8909
1.0100 0.8519 1.0100 0.9934
1.1100 0.9160 1.1100 1.0699
1.2300 1.0032 1.2300 1.1377
1.3100 1.0197 1.3100 1.0970
1.3300 1.0331 1.3300 1.0832
1.3300 1.0064 1.3300 1.0422
1.3400 1.1149 1.3400 1.2119
1.3500 1.3367 1.3500 1.5181
1.3600 1.4832 1.3600 1.6405
1.3700 1.4552 1.3700 1.5061
1.3900 1.3454 1.3900 1.3287
1.4000 1.3176 1.4000 1.3425
1.4300 1.3537 1.4300 1.4402
1.4600 1.3481 1.4600 1.4291
1.5000 1.3426 1.5000 1.4160
1.5200 1.3507 1.5200 1.4299
1.5500 1.3953 1.5500 1.4926
1.6000 1.3794 1.6000 1.4527
1.6400 1.4536 1.6400 1.5613
1.6800 1.4813 1.6800 1.5830
1.7100 1.5404 1.7100 1.6444
1.7300 1.5091 1.7300 1.5760
1.7600 1.5655 1.7600 1.6601
1.8000 1.6609 1.8000 1.7968
1.8300 1.6696 1.8300 1.7624
1.8600 1.7010 1.8600 1.7906
1.8800 1.7103 1.8800 1.7966
1.9100 1.7072 1.9100 1.7831
1.9400 1.7581 1.9400 1.8663
1.9700 1.8185 1.9700 1.9420
1.9900 1.8149 1.9900 1.9035
2.0000 1.8418 2.0000 1.9359
1.9900 1.8401 1.9900 1.9277
1.9800 1.8941 1.9800 2.0061
1.9800 1.9186 1.9800 2.0287
1.9800 1.9438 1.9800 2.0457
1.9900 1.9358 1.9900 2.0227
2.0000 1.9235 2.0000 2.0032
2.0100 1.8654 2.0100 1.9252
2.0200 1.8586 2.0200 1.9419
2.0100 1.8825 2.0100 1.9959
2.0000 1.8766 2.0000 1.9762
1.9800 1.9058 1.9800 2.0167
1.9600 1.9161 1.9600 2.0220
1.9300 1.9264 1.9300 2.0252
1.9000 1.9364 1.9000 2.0372
1.8600 1.8786 1.8600 1.9435
1.8300 1.8716 1.8300 1.9544
1.8000 1.8303 1.8000 1.9096
1.7800 1.8106 1.7800 1.8939
1.8000 1.7546 1.8000 1.8267
1.8200 1.7283 1.8200 1.8082
1.8600 1.6658 1.8600 1.7345
1.8500 1.6642 1.8500 1.7572
1.8300 1.6349 1.8300 1.7251
1.8000 1.6400 1.8000 1.7382
1.7900 1.7562 1.7900 1.9172
1.7900 1.7718 1.7900 1.8911
1.8000 1.8548 1.8000 1.9824
1.8100 1.7257 1.8100 1.7574
1.8200 1.6946 1.8200 1.7387
1.8200 1.6497 1.8200 1.7226
1.8100 1.6906 1.8100 1.8028
1.7700 1.7009 1.7700 1.8151
1.7100 1.7305 1.7100 1.8404
1.6600 1.7384 1.6600 1.8376
1.6300 1.7528 1.6300 1.8483
1.6200 1.7304 1.6200 1.8094
1.6000 1.6992 1.6000 1.7690
1.5900 1.5899 1.5900 1.6223
1.5800 1.4892 1.5800 1.5177
1.5900 1.4704 1.5900 1.5515
1.6300 1.4885 1.6300 1.6019
1.7100 1.5173 1.7100 1.6357
1.8000 1.4696 1.8000 1.5437
1.8600 1.4897 1.8600 1.5802
1.8600 1.4875 1.8600 1.5797
1.7900 1.5466 1.7900 1.6622
1.6600 1.6527 1.6600 1.8033
1.5200 1.8219 1.5200 2.0041
1.4100 1.9239 1.4100 2.0739
1.3800 1.9067 1.3800 1.9757
1.3900 1.7700 1.3900 1.7618
1.4000 1.5933 1.4000 1.5141
1.3900 1.3947 1.3900 1.3008
1.3400 1.2283 1.3400 1.1566
1.2900 1.1274 1.2900 1.2010
1.2400 1.2517 1.2400 1.4402
1.2200 1.3392 1.2200 1.5102
1.2200 1.3433 1.2200 1.4391
1.2300 1.2994 1.2300 1.3505
1.2600 1.1828 1.2600 1.1883
1.3000 1.1478 1.3000 1.1903
1.3400 1.1019 1.3400 1.1645
1.3800 1.1464 1.3800 1.2478
1.4000 1.1848 1.4000 1.2957
1.4200 1.2160 1.4200 1.3111
1.4600 1.2904 1.4600 1.4018
1.5200 1.3563 1.5200 1.4671
1.6000 1.3938 1.6000 1.4856
1.6700 1.4321 1.6700 1.5209
1.7300 1.4073 1.7300 1.4661
1.7700 1.4275 1.7700 1.5014
1.8300 1.5126 1.8300 1.6335
1.9100 1.6112 1.9100 1.7474
2.0100 1.7244 2.0100 1.8665
2.0900 1.7632 2.0900 1.8656
2.1600 1.7989 2.1600 1.8848
2.2200 1.7940 2.2200 1.8656
2.2900 1.9040 2.2900 2.0332
2.3200 2.0230 2.3200 2.1822
2.3200 2.1562 2.3200 2.3165
2.2900 2.1724 2.2900 2.2715
2.2800 2.2200 2.2800 2.3136
2.3000 2.2601 2.3000 2.3652
2.3300 2.3539 2.3300 2.4893
2.3900 2.2690 2.3900 2.3247
2.4400 2.1929 2.4400 2.2240
2.4900 2.0969 2.4900 2.1358
2.5300 2.1454 2.5300 2.2635
2.5700 2.2281 2.5700 2.3951
2.6200 2.2646 2.6200 2.4005
2.6900 2.3907 2.6900 2.5586
2.7500 2.4148 2.7500 2.5392
2.8000 2.4661 2.8000 2.5799
2.8200 2.4833 2.8200 2.5930
2.8200 2.5268 2.8200 2.6440
2.8200 2.5969 2.8200 2.7388
2.8100 2.7119 2.8100 2.8808
2.8200 2.7321 2.8200 2.8550
2.8200 2.7523 2.8200 2.8561
2.7900 2.6986 2.7900 2.7700
2.7600 2.6547 2.7600 2.7231
2.7400 2.6580 2.7400 2.7656
2.7600 2.6177 2.7600 2.7132
2.7600 2.6733 2.7600 2.8121
2.7600 2.6402 2.7600 2.7494
2.7300 2.5303 2.7300 2.5753
2.6900 2.5116 2.6900 2.6011
2.6300 2.5283 2.6300 2.6582
2.5500 2.6442 2.5500 2.8289
2.4700 2.5737 2.4700 2.6716
2.3700 2.5756 2.3700 2.6689
2.2700 2.4790 2.2700 2.5426
2.1700 2.4276 2.1700 2.4960
2.0700 2.3182 2.0700 2.3774
1.9700 2.1937 1.9700 2.2350
1.8700 2.1185 1.8700 2.1914
1.7900 1.9739 1.7900 2.0201
1.7100 1.8796 1.7100 1.9394
1.6300 1.7881 1.6300 1.8631
1.5700 1.6963 1.5700 1.7659
1.5100 1.6018 1.5100 1.6693
1.4700 1.5134 1.4700 1.5807
1.4400 1.4923 1.4400 1.5925
1.4200 1.4192 1.4200 1.4991
1.4100 1.3463 1.4100 1.4098
1.4100 1.3448 1.4100 1.4440
1.4200 1.2950 1.4200 1.3754
1.4300 1.3054 1.4300 1.4017
1.4500 1.3043 1.4500 1.4030
1.4800 1.3129 1.4800 1.4054
1.5200 1.3280 1.5200 1.4236
1.5700 1.3561 1.5700 1.4550
1.6100 1.3900 1.6100 1.4911
1.6500 1.4004 1.6500 1.4884
1.6700 1.4442 1.6700 1.5435
1.6900 1.4974 1.6900 1.6073
1.7300 1.5576 1.7300 1.6698
1.7900 1.6260 1.7900 1.7427
1.8600 1.6394 1.8600 1.7276
1.9400 1.6783 1.9400 1.7706
2.0000 1.6513 2.0000 1.7189
2.0600 1.6716 2.0600 1.7543
2.1200 1.7567 2.1200 1.8881
2.1700 1.8568 2.1700 2.0032
2.2100 1.9369 2.2100 2.0704
2.2500 2.0357 2.2500 2.1717
2.2900 2.0449 2.2900 2.1356
2.3300 2.1064 2.3300 2.2109
2.3600 2.1668 2.3600 2.2886
2.3800 2.1856 2.3800 2.2845
2.4000 2.1927 2.4000 2.2830
2.4300 2.2332 2.4300 2.3434
2.4500 2.2696 2.4500 2.3855
2.4500 2.3023 2.4500 2.4163
2.4400 2.3017 2.4400 2.3986
2.4300 2.2959 2.4300 2.3856
2.4200 2.3173 2.4200 2.4250
2.4300 2.3709 2.4300 2.5027
2.4300 2.3570 2.4300 2.4575
2.4200 2.3026 2.4200 2.3691
2.4100 2.2741 2.4100 2.3534
2.4100 2.2702 2.4100 2.3720
2.4000 2.2562 2.4000 2.3587
2.4000 2.3125 2.4000 2.4502
2.3900 2.2812 2.3900 2.3818
2.3700 2.2453 2.3700 2.3228
2.3600 2.2424 2.3600 2.3432
2.3500 2.2733 2.3500 2.3978
2.3500 2.2310 2.3500 2.3217
2.3400 2.2560 2.3400 2.3685
2.3300 2.2222 2.3300 2.3173
2.3200 2.1788 2.3200 2.2547
2.3100 2.1977 2.3100 2.3114
2.3000 2.1895 2.3000 2.2988
2.3000 2.2100 2.3000 2.3263
2.2900 2.1726 2.2900 2.2639
2.2800 2.1668 2.2800 2.2612
2.2700 2.1600 2.2700 2.2638
2.2700 2.1517 2.2700 2.2526
2.2800 2.1397 2.2800 2.2393
2.2900 2.1664 2.2900 2.2854
2.2700 2.1295 2.2700 2.2199
2.2400 2.1207 2.2400 2.2132
2.2400 2.1144 2.2400 2.2171
2.2600 2.1414 2.2600 2.2598
2.2800 2.1721 2.2800 2.2982
2.2800 2.1789 2.2800 2.2886
2.2700 2.0826 2.2700 2.1319
2.2600 2.0379 2.2600 2.1008
2.2800 2.1232 2.2800 2.2731
2.3100 2.1851 2.3100 2.3408
2.3400 2.1877 2.3400 2.2983
2.3500 2.1369 2.3500 2.2064
2.3400 2.1156 2.3400 2.1930
2.3100 2.1137 2.3100 2.2135
2.2800 2.2075 2.2800 2.3631
2.2600 2.2500 2.2600 2.3920
2.2400 2.2706 2.2400 2.3822
2.2100 2.2312 2.2100 2.3078
2.1700 2.1816 2.1700 2.2440
2.1300 2.1085 2.1300 2.1660
2.0900 2.0833 2.0900 2.1689
2.0600 2.0859 2.0600 2.1990
2.0300 2.0594 2.0300 2.1581
2.0000 2.0012 2.0000 2.0751
1.9800 1.9431 1.9800 2.0122
1.9600 1.9118 1.9600 1.9976
1.9300 1.8748 1.9300 1.9637
1.9100 1.8695 1.9100 1.9730
1.9000 1.8392 1.9000 1.9332
1.8900 1.8114 1.8900 1.8982
1.8800 1.8202 1.8800 1.9269
1.8600 1.8032 1.8600 1.9001
1.8300 1.7491 1.8300 1.8194
1.8000 1.7590 1.8000 1.8582
1.7600 1.7775 1.7600 1.8922
1.7200 1.7643 1.7200 1.8589
1.6900 1.7532 1.6900 1.8426
1.6600 1.7142 1.6600 1.7889
1.6300 1.6650 1.6300 1.7299
1.6000 1.6396 1.6000 1.7194
1.5800 1.5784 1.5800 1.6448
1.5700 1.5400 1.5700 1.6119
1.5600 1.5371 1.5600 1.6331
1.5700 1.5086 1.5700 1.5935
1.5800 1.4786 1.5800 1.5554
1.5800 1.4536 1.5800 1.5323
1.5800 1.4625 1.5800 1.5573
1.5900 1.4768 1.5900 1.5786
1.6000 1.4662 1.6000 1.5523
1.6100 1.5242 1.6100 1.6388
1.6200 1.5352 1.6200 1.6354
1.6100 1.5106 1.6100 1.5796
1.5900 1.5134 1.5900 1.5941
1.5600 1.5522 1.5600 1.6570
1.5400 1.5582 1.5400 1.6515
1.5300 1.5640 1.5300 1.6505
1.5200 1.5747 1.5200 1.6643
1.5100 1.5190 1.5100 1.5749
1.4800 1.4777 1.4800 1.5326
1.4500 1.4292 1.4500 1.4890
1.4200 1.4350 1.4200 1.5221
1.4100 1.4449 1.4100 1.5446
1.4100 1.4319 1.4100 1.5154
1.4200 1.4215 1.4200 1.5003
1.4100 1.3504 1.4100 1.3982
1.3900 1.3268 1.3900 1.3892
1.3600 1.3016 1.3600 1.3758
1.3100 1.3384 1.3100 1.4408
1.2500 1.3570 1.2500 1.4593
1.2000 1.3884 1.2000 1.4871
1.1600 1.3326 1.1600 1.3877
1.1600 1.2967 1.1600 1.3459
1.1700 1.2510 1.1700 1.3049
1.2300 1.1605 1.2300 1.1915
1.3200 1.0830 1.3200 1.1128
1.3500 1.0596 1.3500 1.1255
1.3600 1.0451 1.3600 1.1210
1.4700 1.1324 1.4700 1.2540
1.6000 1.1629 1.6000 1.2678
1.7100 1.3323 1.7100 1.4856
1.7700 1.4863 1.7700 1.6538
1.8300 1.3751 1.8300 1.3954
1.8800 1.3426 1.8800 1.3624
1.9600 1.7004 1.9600 1.9473
2.0500 1.8603 2.0500 2.0656
2.1200 1.8827 2.1200 1.9657
2.1800 1.8256 2.1800 1.8525
2.2000 1.9134 2.2000 2.0063
2.2000 1.9370 2.2000 2.0382
2.1800 2.0748 2.1800 2.2264
2.1500 2.1699 2.1500 2.3228
2.1400 2.1786 2.1400 2.2673
2.1300 2.2121 2.1300 2.3032
2.1200 2.1397 2.1200 2.1869
2.1100 2.0929 2.1100 2.1422
2.0800 2.0241 2.0800 2.0825
2.0300 1.9689 2.0300 2.0340
1.9700 2.0035 1.9700 2.1246
1.9100 1.9871 1.9100 2.0940
1.8500 1.9705 1.8500 2.0610
1.8100 1.9631 1.8100 2.0603
1.7700 1.8896 1.7700 1.9512
1.7200 1.7948 1.7200 1.8370
1.6700 1.7201 1.6700 1.7771
1.6300 1.6667 1.6300 1.7417
1.5900 1.6064 1.5900 1.6823
1.5600 1.6158 1.5600 1.7245
1.5200 1.5766 1.5200 1.6675
1.4800 1.5055 1.4800 1.5643
1.4500 1.4644 1.4500 1.5351
1.4100 1.4589 1.4100 1.5527
1.3800 1.4204 1.3800 1.5006
1.3600 1.4149 1.3600 1.5037
1.3400 1.3561 1.3400 1.4213
1.3300 1.3227 1.3300 1.3881
1.3100 1.3219 1.3100 1.4105
1.3000 1.2632 1.3000 1.3243
1.2900 1.2577 1.2900 1.3340
1.2900 1.2659 1.2900 1.3586
1.3100 1.2481 1.3100 1.3239
1.3500 1.2607 1.3500 1.3461
1.4000 1.2228 1.4000 1.2863
1.4300 1.2389 1.4300 1.3181
1.4500 1.2312 1.4500 1.3099
1.4600 1.2551 1.4600 1.3413
1.4600 1.3181 1.4600 1.4298
1.4500 1.4019 1.4500 1.5258
1.4400 1.4683 1.4400 1.5827
1.4300 1.4494 1.4300 1.5151
1.4300 1.4497 1.4300 1.5119
1.4300 1.4417 1.4300 1.5102
1.4400 1.4181 1.4400 1.4804
1.4300 1.3807 1.4300 1.4387
1.4100 1.3708 1.4100 1.4427
1.3900 1.3599 1.3900 1.4370
1.3700 1.3810 1.3700 1.4730
1.3700 1.3787 1.3700 1.4634
1.3900 1.4111 1.3900 1.5062
1.4400 1.3549 1.4400 1.4111
1.5200 1.3156 1.5200 1.3643
1.6100 1.3008 1.6100 1.3713
1.6900 1.2840 1.6900 1.3570
1.7600 1.3257 1.7600 1.4280
1.8100 1.3890 1.8100 1.5096
1.8600 1.5030 1.8600 1.6454
1.8900 1.6459 1.8900 1.8066
1.8900 1.7534 1.8900 1.8931
1.8600 1.8051 1.8600 1.9060
1.8400 1.8538 1.8400 1.9462
1.8300 1.8584 1.8300 1.9339
1.8400 1.9069 1.8400 2.0043
1.8600 1.8820 1.8600 1.9566
1.8700 1.8041 1.8700 1.8403
1.8800 1.7031 1.8800 1.7288
1.8800 1.7150 1.8800 1.8039
1.8800 1.7245 1.8800 1.8359
1.8900 1.7715 1.8900 1.8958
1.9000 1.8075 1.9000 1.9288
1.9000 1.7932 1.9000 1.8785
1.9100 1.8069 1.9100 1.8983
1.8900 1.7883 1.8900 1.8713
1.8800 1.7893 1.8800 1.8776
1.8800 1.8219 1.8800 1.9344
1.9000 1.8289 1.9000 1.9309
1.9400 1.8003 1.9400 1.8772
1.9900 1.8377 1.9900 1.9449
2.0500 1.7460 2.0500 1.7983
2.1100 1.7627 2.1100 1.8493
2.1700 1.7892 2.1700 1.9084
2.2200 1.8541 2.2200 1.9861
2.2600 1.9317 2.2600 2.0755
2.2900 2.0032 2.2900 2.1378
2.3000 2.0847 2.3000 2.2188
2.3000 2.1442 2.3000 2.2674
2.2900 2.2031 2.2900 2.3215
2.2700 2.2260 2.2700 2.3283
2.3200 2.2400 2.3200 2.3339
2.4200 2.2437 2.4200 2.3365
2.5000 2.2019 2.5000 2.2727
2.4900 2.1763 2.4900 2.2533
2.4100 2.1418 2.4100 2.2233
2.3500 2.0954 2.3500 2.1708
2.3000 2.3217 2.3000 2.5425
2.2800 2.5323 2.2800 2.7848
2.2700 2.5309 2.2700 2.6428
2.2600 2.2896 2.2600 2.2361
2.2500 2.1074 2.2500 2.0122
2.2500 2.1029 2.2500 2.2039
2.2500 2.0678 2.2500 2.1892
2.2500 2.0928 2.2500 2.2248
2.2300 2.0952 2.2300 2.2208
2.2000 2.0908 2.2000 2.1928
2.1700 2.0864 2.1700 2.1871
2.1300 2.1205 2.1300 2.2418
2.1000 2.1197 2.1000 2.2286
2.0700 2.1179 2.0700 2.2183
2.0400 2.0491 2.0400 2.1153
1.9900 2.0013 1.9900 2.0683
1.9000 1.9775 1.9000 2.0680
1.7800 1.9135 1.7800 1.9872
1.6600 1.9074 1.6600 2.0053
1.5500 1.8787 1.5500 1.9754
1.4700 1.8494 1.4700 1.9363
1.4100 1.7523 1.4100 1.8049
1.3600 1.5821 1.3600 1.5752
1.3200 1.4394 1.3200 1.3954
1.2800 1.3288 1.2800 1.3423
1.2500 1.2272 1.2500 1.2892
1.2100 1.2081 1.2100 1.3123
1.1700 1.1965 1.1700 1.3015
1.1400 1.1759 1.1400 1.2625
1.1100 1.1683 1.1100 1.2529
1.0800 1.1406 1.0800 1.2120
1.0400 1.1413 1.0400 1.2200
1.0000 1.0851 1.0000 1.1397
0.9800 1.0516 0.9800 1.1046
0.9800 1.0501 0.9800 1.1238
0.9700 1.0253 0.9700 1.0892
0.9600 0.9963 0.9600 1.0630
0.9500 0.9404 0.9500 1.0119
0.9500 0.9082 0.9500 0.9942
0.9600 0.9366 0.9600 1.0450
0.9800 0.9815 0.9800 1.0870
1.0000 0.9474 1.0000 1.0299
1.0100 0.9394 1.0100 1.0111
1.0200 0.9371 1.0200 1.0107
1.0300 0.9621 1.0300 1.0390
1.0400 0.9906 1.0400 1.0698
1.0500 1.0303 1.0500 1.1106
1.0700 1.0479 1.0700 1.1180
1.0600 1.0361 1.0600 1.0873
1.0400 1.0471 1.0400 1.1059
1.0300 1.0581 1.0300 1.1231
1.0400 1.0656 1.0400 1.1295
1.0700 1.0722 1.0700 1.1366
1.0800 1.1127 1.0800 1.1934
1.0900 1.0356 1.0900 1.0651
1.0900 0.9948 1.0900 1.0225
1.0900 1.0117 1.0900 1.0797
1.0900 1.0662 1.0900 1.1600
1.0900 1.1298 1.0900 1.2334
1.0900 1.0914 1.0900 1.1432
1.0900 1.1029 1.0900 1.1590
1.0800 1.0869 1.0800 1.1427
1.0800 1.0886 1.0800 1.1477
1.0800 1.0843 1.0800 1.1485
1.0700 1.0842 1.0700 1.1483
1.0600 1.0821 1.0600 1.1462
1.0400 1.0825 1.0400 1.1471
1.0300 1.0510 1.0300 1.1003
1.0200 1.0738 1.0200 1.1446
1.0200 1.0745 1.0200 1.1448
1.0100 1.0414 1.0100 1.0891
1.0000 1.0316 1.0000 1.0865
0.9900 0.9946 0.9900 1.0407
0.9700 1.0075 0.9700 1.0725
0.9500 0.9975 0.9500 1.0651
0.9300 1.0192 0.9300 1.0909
0.9200 0.9867 0.9200 1.0451
0.9000 0.9799 0.9000 1.0343
0.8800 0.9723 0.8800 1.0379
0.8600 0.9338 0.8600 1.0000
0.8500 0.9141 0.8500 0.9965
0.8400 0.8980 0.8400 0.9912
0.8400 0.9112 0.8400 1.0119
0.8300 0.8790 0.8300 0.9706
0.8100 0.8654 0.8100 0.9549
0.7900 0.8567 0.7900 0.9506
0.7700 0.8672 0.7700 0.9702
0.7800 0.8636 0.7800 0.9623
0.8100 0.8754 0.8100 0.9784
0.8400 0.8540 0.8400 0.9420
0.8700 0.8256 0.8700 0.9019
0.8800 0.8179 0.8800 0.9035
0.8900 0.8106 0.8900 0.8997
0.9000 0.8635 0.9000 0.9835
0.9200 0.9086 0.9200 1.0365
0.9500 0.9301 0.9500 1.0204
0.9900 0.9566 0.9900 1.0202
1.0400 0.9282 1.0400 0.9710
1.0900 0.9390 1.0900 0.9896
1.1300 0.9480 1.1300 1.0140
1.1700 0.9861 1.1700 1.0567
1.2100 1.0305 1.2100 1.1109
1.2500 1.0879 1.2500 1.1737
1.2900 1.1542 1.2900 1.2461
1.3200 1.2002 1.3200 1.2833
1.3600 1.2142 1.3600 1.2789
1.4000 1.2521 1.4000 1.3264
1.4300 1.2899 1.4300 1.3721
1.4600 1.3240 1.4600 1.4060
1.4900 1.3574 1.4900 1.4411
1.5200 1.3609 1.5200 1.4309
1.5400 1.4205 1.5400 1.5155
1.5500 1.4567 1.5500 1.5524
1.5500 1.4576 1.5500 1.5299
1.5300 1.4840 1.5300 1.5670
1.5200 1.5144 1.5200 1.6061
1.5100 1.5397 1.5100 1.6299
1.5300 1.5312 1.5300 1.6056
1.5600 1.5170 1.5600 1.5842
1.6000 1.4944 1.6000 1.5602
1.6300 1.4284 1.6300 1.4739
1.6400 1.4426 1.6400 1.5257
1.6300 1.4319 1.6300 1.5190
1.6200 1.5174 1.6200 1.6443
1.6100 1.5638 1.6100 1.6860
1.6100 1.6236 1.6100 1.7361
1.6100 1.6277 1.6100 1.7144
1.6200 1.5954 1.6200 1.6525
1.6300 1.5422 1.6300 1.5894
1.6400 1.5373 1.6400 1.6128
1.6500 1.5251 1.6500 1.6094
1.6700 1.5431 1.6700 1.6405
1.6900 1.5387 1.6900 1.6289
1.7200 1.5722 1.7200 1.6738
1.7200 1.5816 1.7200 1.6772
1.7100 1.5918 1.7100 1.6807
1.7000 1.6016 1.7000 1.6922
1.6800 1.6465 1.6800 1.7547
1.6600 1.6632 1.6600 1.7626
1.6600 1.7140 1.6600 1.8242
1.6600 1.6401 1.6600 1.6926
1.6500 1.6103 1.6500 1.6648
1.6300 1.6062 1.6300 1.6920
1.6000 1.5629 1.6000 1.6318
1.5900 1.5373 1.5900 1.6112
1.6100 1.5867 1.6100 1.7036
1.6500 1.5842 1.6500 1.6824
1.6700 1.5464 1.6700 1.6132
1.6800 1.5078 1.6800 1.5707
1.6900 1.4627 1.6900 1.5238
1.6900 1.5023 1.6900 1.6085
1.6900 1.5897 1.6900 1.7345
1.6600 1.6674 1.6600 1.8061
1.6400 1.6322 1.6400 1.7045
1.6200 1.6251 1.6200 1.6910
1.6100 1.6455 1.6100 1.7375
1.6100 1.6223 1.6100 1.6981
1.6000 1.6165 1.6000 1.6972
1.5800 1.5152 1.5800 1.5528
1.5600 1.5237 1.5600 1.6022
1.5400 1.5057 1.5400 1.5961
1.5100 1.5170 1.5100 1.6112
1.4800 1.5352 1.4800 1.6394
1.4400 1.5037 1.4400 1.5777
1.4000 1.4620 1.4000 1.5214
1.3700 1.4493 1.3700 1.5256
1.3400 1.4330 1.3400 1.5130
1.2900 1.3781 1.2900 1.4380
1.2400 1.3504 1.2400 1.4181
1.2000 1.2923 1.2000 1.3499
1.1700 1.2564 1.1700 1.3189
1.1400 1.2526 1.1400 1.3364
1.1000 1.2251 1.1000 1.2989
1.0600 1.1311 1.0600 1.1648
1.0200 1.0896 1.0200 1.1386
0.9700 1.0819 0.9700 1.1575
0.9200 1.0767 0.9200 1.1552
0.8700 1.0456 0.8700 1.1090
0.8800 0.9892 0.8800 1.0446
0.9800 0.9578 0.9800 1.0269
1.1700 0.9259 1.1700 1.0134
1.4200 0.8746 1.4200 0.9612
1.6800 0.8499 1.6800 0.9393
1.9200 0.8260 1.9200 0.9172
2.0800 0.9241 2.0800 1.0769
2.2000 1.2032 2.2000 1.4241
2.2700 1.5736 2.2700 1.8478
2.3700 1.9374 2.3700 2.2096
2.4700 2.2132 2.4700 2.4233
2.6000 2.4105 2.6000 2.5578
2.6300 2.3848 2.6300 2.4123
2.6200 2.4200 2.6200 2.4614
2.6100 2.3684 2.6100 2.4076
2.5800 2.5352 2.5800 2.6877
2.5400 2.6047 2.5400 2.7579
2.4900 2.7870 2.4900 2.9686
2.4300 2.5358 2.4300 2.5122
2.3900 2.4453 2.3900 2.4290
2.3700 2.4610 2.3700 2.5695
2.3700 2.3763 2.3700 2.4477
2.3600 2.2847 2.3600 2.3414
2.3300 2.2131 2.3300 2.2848
2.2800 2.1343 2.2800 2.2020
2.2200 2.1474 2.2200 2.2664
2.1700 2.1769 2.1700 2.3189
2.1200 2.2203 2.1200 2.3618
2.0600 2.1802 2.0600 2.2741
2.0000 2.1079 2.0000 2.1657
1.9400 2.0214 1.9400 2.0731
1.8800 1.9487 1.8800 2.0117
1.8200 1.9268 1.8200 2.0248
1.7300 1.8741 1.7300 1.9640
1.6400 1.7878 1.6400 1.8500
1.5500 1.7352 1.5500 1.8100
1.4700 1.6852 1.4700 1.7671
1.3900 1.6294 1.3900 1.7066
1.3200 1.5733 1.3200 1.6489
1.2700 1.4186 1.2700 1.4413
1.2500 1.3415 1.2500 1.3888
1.2400 1.2648 1.2400 1.3307
1.2200 1.2152 1.2200 1.2889
1.1900 1.1379 1.1900 1.2002
1.1800 1.1015 1.1800 1.1721
1.2300 1.1061 1.2300 1.1996
1.3300 1.1603 1.3300 1.2775
1.4600 1.1735 1.4600 1.2711
1.5400 1.1343 1.5400 1.1920
1.5600 1.0912 1.5600 1.1369
1.5500 1.1364 1.5500 1.2260
1.5400 1.3207 1.5400 1.4935
1.5500 1.5204 1.5500 1.7175
1.5900 1.7017 1.5900 1.8793
1.6200 1.6591 1.6200 1.7121
1.6300 1.5508 1.6300 1.5328
1.6200 1.4903 1.6200 1.5082
1.6100 1.4877 1.6100 1.5591
1.6100 1.5285 1.6100 1.6399
1.6000 1.6213 1.6000 1.7642
1.5700 1.6155 1.5700 1.7076
1.5200 1.5773 1.5200 1.6298
1.4500 1.5302 1.4500 1.5791
1.3800 1.5293 1.3800 1.6059
1.3200 1.5496 1.3200 1.6506
1.2700 1.5089 1.2700 1.5808
1.2300 1.4295 1.2300 1.4700
1.1800 1.3410 1.1800 1.3741
1.1200 1.2441 1.1200 1.2619
1.0700 1.1733 1.0700 1.2213
1.0300 1.1381 1.0300 1.2120
1.0100 1.1123 1.0100 1.1896
1.0000 1.0966 1.0000 1.1745
1.0100 1.0309 1.0100 1.0824
1.0300 0.9585 1.0300 1.0189
1.0700 0.9420 1.0700 1.0326
1.1200 0.9322 1.1200 1.0402
1.1700 0.9568 1.1700 1.0710
1.1900 0.9697 1.1900 1.0715
1.2100 1.0259 1.2100 1.1179
1.2400 1.0688 1.2400 1.1590
1.2900 1.1524 1.2900 1.2559
1.3200 1.2213 1.3200 1.3242
1.3300 1.2683 1.3300 1.3552
1.3000 1.2190 1.3000 1.2565
1.2500 1.2419 1.2500 1.3024
1.1800 1.2954 1.1800 1.3911
1.1200 1.3829 1.1200 1.4997
1.0700 1.3546 1.0700 1.4198
1.0800 1.3176 1.0800 1.3569
1.1400 1.2035 1.1400 1.2104
1.2400 1.1341 1.2400 1.1311
1.3300 1.0346 1.3300 1.0319
1.3900 0.9771 1.3900 1.0520
1.4200 0.9438 1.4200 1.0604
1.4400 1.0853 1.4400 1.2281
1.4600 1.2496 1.4600 1.4256
1.4600 1.4294 1.4600 1.6015
1.4800 1.4887 1.4800 1.5968
1.5300 1.4859 1.5300 1.5371
1.6300 1.4565 1.6300 1.4933
1.7100 1.4603 1.7100 1.5209
1.7700 1.4743 1.7700 1.5560
1.8100 1.4176 1.8100 1.4686
1.8400 1.4783 1.8400 1.5786
1.8700 1.5955 1.8700 1.7464
1.9200 1.8018 1.9200 1.9980
1.9900 1.8162 1.9900 1.9224
2.0500 1.8272 2.0500 1.8904
2.1000 1.8307 2.1000 1.9021
2.1300 1.8444 2.1300 1.9251
2.1700 1.8654 2.1700 1.9618
2.2000 1.9562 2.2000 2.0930
2.2300 2.0635 2.2300 2.2182
2.2400 2.0866 2.2400 2.1932
2.2200 2.1092 2.2200 2.1996
2.1900 2.0955 2.1900 2.1728
2.1500 2.1642 2.1500 2.2831
2.1200 2.1618 2.1200 2.2641
2.0900 2.1847 2.0900 2.2852
2.0600 2.1404 2.0600 2.2155
2.0500 2.0491 2.0500 2.0876
2.0700 2.0000 2.0700 2.0633
2.0900 1.9404 2.0900 2.0127
2.1000 1.9325 2.1000 2.0313
2.1200 1.8976 2.1200 1.9923
2.1300 1.8670 2.1300 1.9534
2.1400 1.9089 2.1400 2.0343
2.1400 2.0042 2.1400 2.1658
2.1400 2.0154 2.1400 2.1330
2.1100 1.9982 2.1100 2.0808
2.0900 2.0528 2.0900 2.1715
2.0500 2.0418 2.0500 2.1392
2.0200 2.0481 2.0200 2.1426
1.9700 2.0227 1.9700 2.1092
