2.8700 3.0774 2.8700 2.9001
3.0100 2.9421 3.0100 2.7848
3.0800 2.7594 3.0800 2.6191
3.0500 2.6261 3.0500 2.4954
3.0000 2.5263 3.0000 2.3857
2.9700 2.5679 2.9700 2.4061
2.9700 2.8091 2.9700 2.6237
2.8400 3.0626 2.8400 2.8898
2.7700 3.0565 2.7700 2.9379
2.7500 2.8003 2.7500 2.7433
2.7000 2.7712 2.7000 2.6528
2.5900 2.8328 2.5900 2.6650
2.4300 2.8747 2.4300 2.6926
2.2300 2.4147 2.2300 2.3564
2.0800 2.4807 2.0800 2.3332
1.9200 2.6233 1.9200 2.4410
1.7200 2.4412 1.7200 2.3156
1.5900 2.2036 1.5900 2.1531
1.5100 2.0165 1.5100 1.9527
1.4100 1.7572 1.4100 1.7096
1.3000 1.6324 1.3000 1.5514
1.1700 1.4247 1.1700 1.3980
1.0000 1.2420 1.0000 1.2341
0.9000 1.1989 0.9000 1.1599
0.8500 1.2915 0.8500 1.2181
0.8000 1.0758 0.8000 1.0938
0.7600 1.0295 0.7600 1.0605
0.7100 0.9352 0.7100 0.9939
0.6600 0.8431 0.6600 0.9100
0.6300 0.8319 0.6300 0.8958
0.6000 0.9056 0.6000 0.9728
0.5600 0.8019 0.5600 0.9057
0.5700 0.7659 0.5700 0.8823
0.7600 0.7478 0.7600 0.8558
1.1200 0.7326 1.1200 0.8381
1.4700 0.7595 1.4700 0.8692
1.8500 0.7388 1.8500 0.8562
2.1400 0.7061 2.1400 0.8140
2.3300 0.8070 2.3300 0.9224
2.4400 1.1935 2.4400 1.3022
2.4100 1.7239 2.4100 1.8488
2.2300 2.0544 2.2300 2.1609
2.1200 2.5196 2.1200 2.5379
2.0100 2.7384 2.0100 2.6723
2.0200 2.7041 2.0200 2.6799
2.1200 2.6546 2.1200 2.5872
2.2600 2.3534 2.2600 2.2590
2.3400 2.0121 2.3400 1.9265
2.4500 1.8353 2.4500 1.7308
2.5700 1.7071 2.5700 1.5722
2.7500 1.9581 2.7500 1.8314
2.8800 2.1865 2.8800 2.0898
3.1100 2.4062 3.1100 2.3260
3.2300 2.3961 3.2300 2.3662
3.2800 2.6691 3.2800 2.5356
3.2500 2.8026 3.2500 2.6459
3.1600 3.0398 3.1600 2.8686
3.0500 3.0861 3.0500 2.9436
2.9400 3.4536 2.9400 3.2537
2.8100 3.3845 2.8100 3.2498
2.6700 3.2275 2.6700 3.1288
2.5100 3.0436 2.5100 2.9288
2.3000 2.8163 2.3000 2.6952
2.1100 2.6443 2.1100 2.5159
1.9400 2.5404 1.9400 2.3752
1.7900 2.3344 1.7900 2.2236
1.6600 2.1662 1.6600 2.0927
1.5400 1.9947 1.5400 1.9348
1.4300 1.7632 1.4300 1.7245
1.3500 1.5833 1.3500 1.5467
1.2700 1.4173 1.2700 1.3888
1.1800 1.3113 1.1800 1.2849
1.1000 1.2329 1.1000 1.2190
1.0300 1.1580 1.0300 1.1567
0.9600 1.0930 0.9600 1.0994
0.9300 1.1016 0.9300 1.0797
0.9200 1.0133 0.9200 1.0342
0.9200 0.9513 0.9200 1.0000
0.9400 0.9002 0.9400 0.9629
0.9600 0.8579 0.9600 0.9333
0.9700 0.8295 0.9700 0.9027
0.9600 0.8841 0.9600 0.9657
0.9600 0.9232 0.9600 0.9998
0.9400 0.9288 0.9400 1.0219
0.9300 1.0049 0.9300 1.0943
0.9200 1.0206 0.9200 1.1097
0.9200 0.9894 0.9200 1.0768
0.9200 0.9515 0.9200 1.0201
0.9300 0.9778 0.9300 1.0443
0.9300 0.9032 0.9300 0.9671
0.9400 0.9188 0.9400 0.9896
0.9400 0.9127 0.9400 0.9862
0.9200 0.9421 0.9200 1.0195
0.9300 0.9326 0.9300 1.0149
0.9300 0.9739 0.9300 1.0554
0.9200 0.9360 0.9200 1.0213
0.9300 0.9810 0.9300 1.0598
0.9400 0.9481 0.9400 1.0282
0.9500 0.8981 0.9500 0.9682
0.9600 0.9886 0.9600 1.0550
0.9800 0.9506 0.9800 1.0276
0.9900 0.9002 0.9900 0.9785
1.0000 0.9788 1.0000 1.0529
1.0200 0.9893 1.0200 1.0668
1.0700 0.9804 1.0700 1.0621
1.1200 0.9909 1.1200 1.0698
1.1600 1.0477 1.1600 1.1195
1.2500 1.0155 1.2500 1.0904
1.3900 1.0245 1.3900 1.0959
1.6900 1.0824 1.6900 1.1446
2.0700 1.2215 2.0700 1.2745
2.4400 1.2401 2.4400 1.3009
2.6700 1.2304 2.6700 1.2934
2.9000 1.4933 2.9000 1.4992
3.0500 1.6892 3.0500 1.6852
3.1200 2.1879 3.1200 2.1666
3.1500 2.6676 3.1500 2.6330
3.1900 3.0542 3.1900 2.9861
3.2200 3.0616 3.2200 3.0607
3.2300 3.4287 3.2300 3.2330
3.2400 3.3738 3.2400 3.2226
3.3000 3.1724 3.3000 3.0629
3.3900 3.1142 3.3900 2.9807
3.5300 3.2119 3.5300 3.0402
3.6300 3.1768 3.6300 3.0103
3.5800 3.1042 3.5800 2.9524
3.4800 3.1261 3.4800 2.9687
3.6100 3.2944 3.6100 3.0767
3.6700 3.4079 3.6700 3.1929
3.7700 3.6070 3.7700 3.3863
3.7200 3.6791 3.7200 3.4604
3.7500 3.2455 3.7500 3.1585
3.8000 3.0992 3.8000 2.9835
3.7700 3.6532 3.7700 3.3665
3.8300 3.5797 3.8300 3.3501
3.8000 3.7438 3.8000 3.5102
3.7900 3.3645 3.7900 3.2517
3.7200 3.6813 3.7200 3.4177
3.6500 3.7386 3.6500 3.4715
3.6600 3.4680 3.6600 3.2963
3.6400 3.7614 3.6400 3.4951
3.5500 3.5356 3.5500 3.3637
3.4300 3.5556 3.4300 3.3555
3.3600 3.3509 3.3600 3.1766
3.2800 3.2933 3.2800 3.1021
3.2000 3.4917 3.2000 3.2362
3.0900 3.3986 3.0900 3.1920
3.1000 3.0813 3.1000 2.9530
2.9900 2.9383 2.9900 2.8196
2.9000 3.0611 2.9000 2.8591
2.7800 2.9203 2.7800 2.7365
2.6900 2.8132 2.6900 2.6480
2.6200 2.6337 2.6200 2.5030
2.5300 2.9445 2.5300 2.7412
2.4000 2.5212 2.4000 2.4385
2.2500 2.4992 2.2500 2.3901
2.1600 2.3510 2.1600 2.2470
2.0700 2.3648 2.0700 2.2115
1.9900 2.3342 1.9900 2.1838
1.9000 2.1702 1.9000 2.0556
1.8300 1.9794 1.8300 1.9291
1.7500 1.8216 1.7500 1.7672
1.6000 1.8858 1.6000 1.7437
1.4400 1.7629 1.4400 1.6515
1.2300 1.6848 1.2300 1.5986
1.0400 1.5726 1.0400 1.5412
0.9300 1.5909 0.9300 1.5147
0.9000 1.4714 0.9000 1.4264
0.9400 1.2795 0.9400 1.2712
0.9400 1.1223 0.9400 1.1148
0.9400 0.9381 0.9400 0.9889
0.9400 0.8447 0.9400 0.9072
0.9500 0.8823 0.9500 0.9278
0.9200 0.9238 0.9200 0.9975
0.8800 1.0068 0.8800 1.1031
0.8500 0.8994 0.8500 1.0318
0.8000 0.9502 0.8000 1.0526
0.8000 0.9606 0.8000 1.0428
0.8200 1.0068 0.8200 1.0774
0.9200 0.8883 0.9200 0.9584
1.0200 0.8460 1.0200 0.9192
1.1200 0.8145 1.1200 0.9040
1.1900 0.7852 1.1900 0.8653
1.2300 0.8679 1.2300 0.9567
1.2900 0.9357 1.2900 1.0284
1.3100 1.1832 1.3100 1.2634
1.4600 1.2746 1.4600 1.3698
1.6600 1.3378 1.6600 1.4349
1.7400 1.3221 1.7400 1.3962
1.8200 1.2977 1.8200 1.3484
1.8900 1.4448 1.8900 1.4565
1.9000 1.3276 1.9000 1.3510
1.9700 1.7716 1.9700 1.7337
2.0600 2.0189 2.0600 1.9891
2.0300 1.7820 2.0300 1.8346
2.0500 1.9389 2.0500 1.9318
2.0200 2.0787 2.0200 2.0164
1.9400 1.8627 1.9400 1.8201
1.8500 2.1353 1.8500 2.0420
1.7800 2.2488 1.7800 2.1340
1.7500 1.8827 1.7500 1.8613
1.7500 2.0544 1.7500 1.9726
1.7500 1.9050 1.7500 1.8316
1.7000 1.7019 1.7000 1.6576
1.5900 1.6002 1.5900 1.5492
1.5300 1.5758 1.5300 1.4882
1.5000 1.6489 1.5000 1.5616
1.5000 1.7095 1.5000 1.6456
1.4700 1.6812 1.4700 1.6446
1.4200 1.5161 1.4200 1.5119
1.3700 1.3769 1.3700 1.3576
1.3000 1.3712 1.3000 1.3087
1.2800 1.4297 1.2800 1.3694
1.2100 1.4667 1.2100 1.4386
1.1100 1.3060 1.1100 1.3285
1.1000 1.2666 1.1000 1.2797
1.1200 1.2091 1.1200 1.2109
1.0900 1.1120 1.0900 1.1209
1.1200 1.2287 1.1200 1.2153
1.1000 1.0296 1.1000 1.0593
1.0200 0.9391 1.0200 0.9958
1.0100 1.1244 1.0100 1.1237
1.0000 1.1889 1.0000 1.2098
1.0100 0.9922 1.0100 1.0681
1.0100 1.1922 1.0100 1.2421
0.9900 1.0317 0.9900 1.0940
0.9700 0.9309 0.9700 0.9866
1.0200 1.0259 1.0200 1.0497
1.1100 1.0196 1.1100 1.0638
1.1300 1.0315 1.1300 1.1004
1.1700 0.9889 1.1700 1.0684
1.1900 0.9514 1.1900 1.0201
1.2400 0.9297 1.2400 0.9881
1.2500 1.1990 1.2500 1.2264
1.2500 1.3330 1.2500 1.3730
1.3800 1.1327 1.3800 1.2174
1.4000 1.2380 1.4000 1.2978
1.4100 1.2403 1.4100 1.2781
1.4300 1.3766 1.4300 1.3964
1.4200 1.2279 1.4200 1.2666
1.4200 1.2096 1.4200 1.2446
1.4400 1.6541 1.4400 1.6250
1.5100 1.3707 1.5100 1.4197
1.5000 1.3879 1.5000 1.4155
1.4800 1.4780 1.4800 1.4658
1.4100 1.3731 1.4100 1.3708
1.3800 1.3784 1.3800 1.3679
1.3700 1.4820 1.3700 1.4657
1.3700 1.6685 1.3700 1.6290
1.3400 1.4033 1.3400 1.4278
1.2900 1.3955 1.2900 1.4005
1.2300 1.2683 1.2300 1.2582
1.1200 1.3074 1.1200 1.2749
1.0800 1.3404 1.0800 1.3149
1.1100 1.3367 1.1100 1.3405
1.1100 1.2150 1.1100 1.2442
1.1000 1.1610 1.1000 1.1810
1.0800 1.0826 1.0800 1.0963
1.0600 0.9374 1.0600 0.9834
1.0500 1.0059 1.0500 1.0134
1.0400 1.1939 1.0400 1.2064
1.0300 1.0660 1.0300 1.1423
1.1000 1.0555 1.1000 1.1281
1.1300 1.0286 1.1300 1.0808
1.1400 1.0136 1.1400 1.0613
1.1400 1.0280 1.1400 1.0735
1.1300 1.0117 1.1300 1.0679
1.1300 0.9962 1.1300 1.0586
1.1300 1.2939 1.1300 1.3191
1.1300 1.1799 1.1300 1.2516
1.1100 1.1320 1.1100 1.1961
1.0600 1.1215 1.0600 1.1675
1.0300 1.1035 1.0300 1.1415
1.1000 1.1262 1.1000 1.1575
1.1100 1.1216 1.1100 1.1610
1.1100 1.1137 1.1100 1.1593
1.0200 1.0423 1.0200 1.0898
1.0800 0.9751 1.0800 1.0182
1.1100 0.9628 1.1100 1.0022
1.1300 1.2788 1.1300 1.2932
1.1500 1.0924 1.1500 1.1718
1.1600 1.0939 1.1600 1.1627
1.1800 0.9516 1.1800 1.0023
1.2000 1.2669 1.2000 1.2587
1.1800 1.2084 1.1800 1.2493
1.1400 1.1167 1.1400 1.1989
1.2400 1.1654 1.2400 1.2226
1.3300 1.1863 1.3300 1.2329
1.3900 1.2208 1.3900 1.2535
1.4100 1.2382 1.4100 1.2726
1.4100 1.1160 1.4100 1.1567
1.4100 1.0634 1.4100 1.0946
1.4100 1.4647 1.4100 1.4484
1.3400 1.5231 1.3400 1.5353
1.3900 1.4379 1.3900 1.5010
1.4200 1.4166 1.4200 1.4479
1.4500 1.3876 1.4500 1.3952
1.4800 1.3948 1.4800 1.3791
1.4900 1.3881 1.4900 1.3751
1.5100 1.1968 1.5100 1.2066
1.5300 1.5274 1.5300 1.4790
1.5500 1.4902 1.5500 1.4859
1.5400 1.4561 1.5400 1.4786
1.4100 1.5063 1.4100 1.5125
1.3200 1.4804 1.3200 1.4840
1.2800 1.5296 1.2800 1.5142
1.2800 1.5539 1.2800 1.5359
1.2900 1.5635 1.2900 1.5476
1.3100 1.4509 1.3100 1.4456
1.3300 1.2327 1.3300 1.2347
1.4200 1.1360 1.4200 1.1235
1.7500 1.2263 1.7500 1.1806
1.7900 1.2854 1.7900 1.2745
1.8400 1.2620 1.8400 1.2929
1.7600 1.3200 1.7600 1.3570
1.7200 1.3481 1.7200 1.3771
1.7200 1.6213 1.7200 1.6010
1.7800 2.2547 1.7800 2.2168
1.8600 1.7787 1.8600 1.8476
1.8100 1.9247 1.8100 1.9214
1.7700 1.6873 1.7700 1.6313
1.8500 1.6428 1.8500 1.5626
1.8700 1.7237 1.8700 1.6172
1.8100 1.8727 1.8100 1.7912
1.7300 1.9965 1.7300 1.9305
1.6900 1.6735 1.6900 1.6782
1.6400 1.6448 1.6400 1.6100
1.6200 2.0106 1.6200 1.8903
1.5800 1.8573 1.5800 1.8132
1.6000 1.6543 1.6000 1.6454
1.5500 1.5562 1.5500 1.5173
1.4800 1.6067 1.4800 1.5202
1.4200 1.4667 1.4200 1.4080
1.3800 1.5187 1.3800 1.4717
1.3400 1.4109 1.3400 1.3885
1.3600 1.6406 1.3600 1.5896
1.3700 1.3698 1.3700 1.3763
1.3700 1.3059 1.3700 1.3028
1.3500 1.2389 1.3500 1.2218
1.3000 1.2727 1.3000 1.2445
1.2800 1.1929 1.2800 1.1894
1.2700 1.4094 1.2700 1.3974
1.2800 1.3594 1.2800 1.3760
1.2800 1.3075 1.2800 1.3358
1.2800 1.2556 1.2800 1.2775
1.2900 1.1743 1.2900 1.1872
1.3000 1.2240 1.3000 1.2178
1.3200 1.2399 1.3200 1.2427
1.3600 1.2860 1.3600 1.3023
1.3700 1.2367 1.3700 1.2679
1.3800 1.2454 1.3800 1.2746
1.4200 1.2981 1.4200 1.3156
1.4400 1.3037 1.4400 1.3227
1.4600 1.3470 1.4600 1.3633
1.4700 1.4489 1.4700 1.4583
1.4800 1.3441 1.4800 1.3697
1.4700 1.3631 1.4700 1.3771
1.4900 1.5230 1.4900 1.5122
1.4700 1.4545 1.4700 1.4604
1.4600 1.4620 1.4600 1.4658
1.4600 1.4574 1.4600 1.4553
1.4400 1.4753 1.4400 1.4662
1.4600 1.3956 1.4600 1.3910
1.4500 1.5263 1.4500 1.5036
1.4400 1.3619 1.4400 1.3622
1.4400 1.3912 1.4400 1.3823
1.4100 1.4398 1.4100 1.4207
1.3600 1.3423 1.3600 1.3410
1.3300 1.4931 1.3300 1.4735
1.3000 1.3769 1.3000 1.3796
1.2700 1.3630 1.2700 1.3648
1.2600 1.4145 1.2600 1.4026
1.2100 1.2832 1.2100 1.2884
1.1600 1.2189 1.1600 1.2262
1.1300 1.2386 1.1300 1.2278
1.1400 1.2042 1.1400 1.2043
1.1200 1.1541 1.1200 1.1695
1.0900 1.2148 1.0900 1.2287
1.0600 1.0751 1.0600 1.1095
1.0200 1.0352 1.0200 1.0649
1.0000 1.0580 1.0000 1.0785
0.9600 1.1893 0.9600 1.2127
0.9400 1.0258 0.9400 1.0857
0.9400 1.0142 0.9400 1.0688
0.9200 0.9807 0.9200 1.0256
0.8600 0.9228 0.8600 0.9695
0.8100 0.9583 0.8100 1.0090
0.8400 0.8733 0.8400 0.9356
0.9000 0.9010 0.9000 0.9701
1.0100 0.9700 1.0100 1.0380
1.0700 0.8716 1.0700 0.9569
1.1200 0.8319 1.1200 0.9177
1.1600 0.7981 1.1600 0.8751
1.2000 1.0075 1.2000 1.0570
1.2300 1.0972 1.2300 1.1712
1.2600 1.2814 1.2600 1.3626
1.2900 1.1677 1.2900 1.2803
1.2800 1.2099 1.2800 1.2923
1.2600 1.2557 1.2600 1.3013
1.2900 1.3025 1.2900 1.3338
1.2700 1.2826 1.2700 1.3133
1.2400 1.3160 1.2400 1.3432
1.2500 1.3472 1.2500 1.3688
1.3600 1.2177 1.3600 1.2458
1.5700 1.1856 1.5700 1.2047
1.8600 1.3922 1.8600 1.3836
2.1100 1.1723 2.1100 1.2035
2.4700 1.1479 2.4700 1.1767
2.6600 1.2885 2.6600 1.2912
2.9300 1.5728 2.9300 1.5577
3.1100 1.9130 3.1100 1.9087
3.2000 2.3208 3.2000 2.3089
3.2800 2.5611 3.2800 2.5200
3.3300 3.0963 3.3300 2.9813
3.3600 3.0030 3.3600 2.9596
3.3300 3.4635 3.3300 3.2640
3.2600 3.4866 3.2600 3.3053
3.1500 3.2771 3.1500 3.1816
3.0200 3.3730 3.0200 3.2260
2.8500 3.3651 2.8500 3.1949
2.6700 3.2916 2.6700 3.1281
2.5900 3.0891 2.5900 2.9482
2.5300 2.9276 2.5300 2.7852
2.5000 2.7239 2.5000 2.6034
2.4600 2.5469 2.4600 2.4310
2.4500 2.3096 2.4500 2.2301
2.5000 2.1112 2.5000 2.0452
2.6100 2.3125 2.6100 2.1290
2.7600 2.2756 2.7600 2.1304
2.9400 2.2992 2.9400 2.1755
3.0900 2.2346 3.0900 2.1368
3.2100 2.3474 3.2100 2.2330
3.1500 2.5176 3.1500 2.3709
3.0500 2.7120 3.0500 2.5666
2.9900 2.9350 2.9900 2.7879
2.8800 3.1780 2.8800 3.0176
2.7200 3.3160 2.7200 3.1415
2.5500 3.3778 2.5500 3.2174
2.3700 2.9282 2.3700 2.8455
2.1900 2.7519 2.1900 2.6421
2.0100 2.7895 2.0100 2.6021
1.8800 2.4729 1.8800 2.3232
1.8400 2.2325 1.8400 2.1637
1.7400 2.0489 1.7400 1.9811
1.6800 1.8343 1.6800 1.7846
1.5600 1.6542 1.5600 1.6160
1.4500 1.4892 1.4500 1.4610
1.3500 1.4743 1.3500 1.3782
1.3000 1.6569 1.3000 1.5633
1.2400 1.3780 1.2400 1.3799
1.1900 1.4392 1.1900 1.4051
1.1100 1.2713 1.1100 1.2613
1.1000 1.1670 1.1000 1.1642
1.1300 1.0712 1.1300 1.0707
1.1700 1.1706 1.1700 1.1458
1.1400 1.0337 1.1400 1.0514
1.1200 1.0149 1.1200 1.0561
1.1200 0.9416 1.1200 0.9905
1.1700 1.1047 1.1700 1.1250
1.1500 1.2238 1.1500 1.2459
1.0800 1.2490 1.0800 1.3108
0.9800 1.0912 0.9800 1.1592
0.8900 1.0756 0.8900 1.1156
0.8200 1.1503 0.8200 1.1716
0.8200 1.3235 0.8200 1.3298
0.8600 1.0830 0.8600 1.1434
0.9000 1.0086 0.9000 1.0537
0.9700 0.8848 0.9700 0.9448
1.0100 0.8118 1.0100 0.8774
1.0000 0.7897 1.0000 0.8740
1.0400 0.9249 1.0400 1.0013
1.1600 1.0093 1.1600 1.0972
1.2500 1.0010 1.2500 1.1257
1.3300 1.1562 1.3300 1.2594
1.3400 1.0998 1.3400 1.1970
1.4000 1.0201 1.4000 1.0877
1.4100 1.1776 1.4100 1.2186
1.4300 1.4410 1.4300 1.4538
1.4300 1.4371 1.4300 1.5006
1.4300 1.4565 1.4300 1.5169
1.5500 1.3527 1.5500 1.3844
1.5600 1.5710 1.5600 1.5583
1.5500 1.4012 1.5500 1.4043
1.5300 1.4431 1.5300 1.4419
1.4900 1.3891 1.4900 1.3867
1.4000 1.4024 1.4000 1.3973
1.3800 1.7854 1.3800 1.7318
1.4100 1.4862 1.4100 1.5155
1.3200 1.4889 1.3200 1.4985
1.2900 1.4551 1.2900 1.4302
1.1800 1.3648 1.1800 1.3393
1.0700 1.2114 1.0700 1.2046
0.9400 1.3399 0.9400 1.2978
0.7800 1.4766 0.7800 1.4400
0.6700 1.1371 0.6700 1.1743
0.5700 1.1784 0.5700 1.1923
0.5900 0.9888 0.5900 1.0109
0.6600 0.8939 0.6600 0.9510
0.6600 0.8300 0.6600 0.8967
0.7000 0.7531 0.7000 0.8304
0.6900 0.7188 0.6900 0.8073
0.7000 0.7088 0.7000 0.8115
0.8000 0.8564 0.8000 0.9582
0.8400 0.8959 0.8400 1.0432
0.8800 0.7820 0.8800 0.9338
0.8700 0.8458 0.8700 0.9912
0.9600 0.7822 0.9600 0.8868
1.0000 0.7981 1.0000 0.9080
0.9800 1.1217 0.9800 1.1889
1.0000 0.9542 1.0000 1.0823
1.0300 0.9791 1.0300 1.0804
1.0700 0.9262 1.0700 1.0023
1.1000 1.2402 1.1000 1.2707
1.1200 1.1014 1.1200 1.1803
1.1200 0.9937 1.1200 1.0698
1.1000 1.0722 1.1000 1.1229
1.0700 1.1608 1.0700 1.2044
1.0500 1.1698 1.0500 1.2284
1.0300 1.1488 1.0300 1.2159
1.0200 1.1517 1.0200 1.2130
1.0200 1.0966 1.0200 1.1499
1.0200 1.0498 1.0200 1.0889
1.0400 0.9999 1.0400 1.0361
1.0500 1.0065 1.0500 1.0457
1.0400 0.9802 1.0400 1.0303
1.0300 0.9950 1.0300 1.0528
1.0500 1.0246 1.0500 1.0861
1.0800 1.0177 1.0800 1.0857
1.1100 1.0988 1.1100 1.1605
1.1500 1.0675 1.1500 1.1355
1.2100 1.0072 1.2100 1.0687
1.2500 0.9992 1.2500 1.0582
1.2700 1.1310 1.2700 1.1748
1.2800 1.1660 1.2800 1.2192
1.2900 1.1673 1.2900 1.2306
1.2700 1.2395 1.2700 1.2938
1.2700 1.3648 1.2700 1.4046
1.2800 1.3186 1.2800 1.3645
1.3100 1.2740 1.3100 1.3156
1.3400 1.2784 1.3400 1.3030
1.3600 1.3026 1.3600 1.3154
1.3900 1.1834 1.3900 1.2050
1.4300 1.2551 1.4300 1.2648
1.4600 1.3001 1.4600 1.3094
1.4800 1.3740 1.4800 1.3884
1.4900 1.3825 1.4900 1.4048
1.4900 1.3682 1.4900 1.3933
1.4800 1.4416 1.4800 1.4506
1.3900 1.5161 1.3900 1.5159
1.2300 1.4966 1.2300 1.5018
1.1700 1.4836 1.1700 1.4865
1.3200 1.4762 1.3200 1.4714
1.3500 1.4522 1.3500 1.4422
1.4200 1.4134 1.4200 1.4017
1.5300 1.2271 1.5300 1.2273
1.5100 1.0240 1.5100 1.0541
1.5100 1.0740 1.5100 1.0375
1.5100 1.5300 1.5100 1.5085
1.5000 1.3005 1.5000 1.3870
1.5000 1.4764 1.5000 1.5423
1.4800 1.7880 1.4800 1.7598
1.4700 1.4372 1.4700 1.4571
1.4600 1.4671 1.4600 1.4564
1.4500 1.5223 1.4500 1.4830
1.4300 1.4444 1.4300 1.4217
1.4200 1.4533 1.4200 1.4322
1.4300 1.3811 1.4300 1.3746
1.4200 1.4081 1.4200 1.3937
1.4000 1.4019 1.4000 1.3880
1.3700 1.3862 1.3700 1.3782
1.3300 1.3300 1.3300 1.3279
1.3300 1.3641 1.3300 1.3562
1.3500 1.4393 1.3500 1.4264
1.3900 1.3438 1.3900 1.3507
1.4300 1.2932 1.4300 1.3016
1.4200 1.2539 1.4200 1.2564
1.4300 1.1917 1.4300 1.1956
1.4400 1.3289 1.4400 1.3169
1.3500 1.3941 1.3500 1.3939
1.2400 1.4639 1.2400 1.4761
1.1700 1.4882 1.1700 1.5055
1.1300 1.3449 1.1300 1.3697
1.1200 1.4306 1.1200 1.4253
1.1800 1.4550 1.1800 1.4407
1.3600 1.1954 1.3600 1.2057
1.3600 1.0757 1.3600 1.0813
1.3500 1.0195 1.3500 1.0032
1.3300 1.0559 1.3300 1.0597
1.3100 1.0817 1.3100 1.1168
1.3100 1.3101 1.3100 1.3413
1.3200 1.6600 1.3200 1.6885
1.3200 1.3383 1.3200 1.4217
1.3200 1.3679 1.3200 1.3961
1.3200 1.2974 1.3200 1.2846
1.3200 1.2699 1.3200 1.2583
1.3300 1.2852 1.3300 1.2774
1.3200 1.3269 1.3200 1.3366
1.3100 1.2762 1.3100 1.2999
1.2600 1.2827 1.2600 1.3027
1.2300 1.2950 1.2300 1.3089
1.2100 1.2936 1.2100 1.3065
1.3600 1.3332 1.3600 1.3429
1.3500 1.2516 1.3500 1.2726
1.2000 1.2489 1.2000 1.2649
1.0800 1.1390 1.0800 1.1588
1.2100 1.1384 1.2100 1.1474
1.2000 1.1559 1.2000 1.1659
1.1800 1.6153 1.1800 1.6039
1.1600 1.2654 1.1600 1.3353
1.2200 1.1081 1.2200 1.1485
1.2300 0.9588 1.2300 0.9886
1.2100 1.4376 1.2100 1.3897
1.1600 1.0854 1.1600 1.1617
1.1500 1.1460 1.1500 1.2257
1.1600 1.1235 1.1600 1.1583
1.1600 1.3806 1.1600 1.3691
1.1500 1.1991 1.1500 1.2440
1.1600 1.1557 1.1600 1.2030
1.1700 1.0827 1.1700 1.1087
1.1600 1.1570 1.1600 1.1651
1.1200 1.2007 1.1200 1.2186
1.0900 1.1259 1.0900 1.1761
1.0500 1.0879 1.0500 1.1393
1.0100 1.1866 1.0100 1.2227
0.9700 1.1891 0.9700 1.2267
0.9300 1.0965 0.9300 1.1464
0.9100 1.0429 0.9100 1.0829
0.9100 1.0113 0.9100 1.0460
0.9000 0.9448 0.9000 0.9860
0.8900 0.9073 0.8900 0.9558
0.8700 0.8759 0.8700 0.9317
0.8400 0.8413 0.8400 0.9181
0.8200 0.8837 0.8200 0.9537
0.7900 0.9420 0.7900 1.0191
0.8200 0.8793 0.8200 0.9737
0.8900 0.8738 0.8900 0.9640
0.9600 0.8500 0.9600 0.9277
0.9900 0.8122 0.9900 0.8984
1.0100 0.8082 1.0100 0.9076
1.1000 0.7852 1.1000 0.8820
1.2100 0.9738 1.2100 1.0554
1.3300 1.1186 1.3300 1.1941
1.3900 1.1394 1.3900 1.2488
1.4400 1.0541 1.4400 1.1486
1.6800 1.0564 1.6800 1.1315
1.8400 1.3651 1.8400 1.3775
2.0200 1.4805 2.0200 1.4999
2.1100 1.5930 2.1100 1.6325
2.1300 1.4557 2.1300 1.5128
2.1900 1.5267 2.1900 1.5458
2.2800 2.1209 2.2800 2.0486
2.4200 2.1488 2.4200 2.1065
2.5300 2.3620 2.5300 2.3215
2.5700 2.2504 2.5700 2.2329
2.6000 2.1097 2.6000 2.0733
2.7800 2.3424 2.7800 2.2291
3.0100 2.4742 3.0100 2.3221
3.3400 2.6553 3.3400 2.5124
3.4500 2.7063 3.4500 2.5971
3.4400 2.5425 3.4400 2.4844
3.5500 2.6054 3.5500 2.5058
3.4200 3.0481 3.4200 2.8481
3.2100 3.2980 3.2100 3.1177
3.0500 3.7453 3.0500 3.5553
2.9500 3.4645 2.9500 3.4220
2.9500 3.3086 2.9500 3.2089
2.9000 3.7468 2.9000 3.4604
2.7200 2.9978 2.7200 2.8960
2.4700 2.7519 2.4700 2.6434
2.2700 2.5564 2.2700 2.4069
2.2400 2.6241 2.2400 2.4136
2.2000 2.7401 2.2000 2.5522
2.1200 2.5797 2.1200 2.4614
2.0100 2.2653 2.0100 2.2225
1.9600 1.9819 1.9600 1.9259
1.9100 1.7229 1.9100 1.6698
1.8500 2.0285 1.8500 1.8640
1.8300 1.9757 1.8300 1.8766
1.7900 1.7750 1.7900 1.7692
1.7600 1.7051 1.7600 1.6729
1.7300 1.8253 1.7300 1.7138
1.7000 1.7324 1.7000 1.6420
1.6800 1.6000 1.6800 1.5487
1.7700 1.7335 1.7700 1.6590
1.8400 1.6260 1.8400 1.5755
1.8600 1.6181 1.8600 1.5677
1.7800 1.6002 1.7800 1.5500
1.6800 1.5723 1.6800 1.5272
1.5600 1.5815 1.5600 1.5349
1.4300 1.9121 1.4300 1.8325
1.2500 1.9596 1.2500 1.9007
1.1000 1.7849 1.1000 1.7832
1.0600 1.6498 1.0600 1.6266
1.1100 1.4819 1.1100 1.4405
1.1700 1.2867 1.1700 1.2556
1.2100 1.1228 1.2100 1.1095
1.2200 0.9529 1.2200 1.0077
1.0500 0.8781 1.0500 0.9381
0.8600 0.9888 0.8600 1.0386
0.8000 1.1600 0.8000 1.2049
0.8800 1.2733 0.8800 1.3477
0.9200 1.2270 0.9200 1.3233
1.0300 1.2163 1.0300 1.2734
1.1100 0.9671 1.1100 1.0308
1.2500 0.8421 1.2500 0.8994
1.4600 0.9120 1.4600 0.9643
1.6800 1.0445 1.6800 1.1074
1.7700 0.9759 1.7700 1.1219
1.7500 1.2759 1.7500 1.3946
1.8400 1.2980 1.8400 1.3975
1.9500 1.5768 1.9500 1.6007
1.9700 1.8766 1.9700 1.8729
1.7900 2.0993 1.7900 2.0837
1.5900 1.8617 1.5900 1.8907
1.4400 1.7769 1.4400 1.7536
1.3800 2.1181 1.3800 1.9773
1.5100 2.1864 1.5100 2.0667
1.6900 1.8759 1.6900 1.8587
1.8300 1.6193 1.8300 1.5898
1.8800 1.3381 1.8800 1.2901
1.7400 1.0964 1.7400 1.0616
1.5600 1.2476 1.5600 1.1890
1.3600 1.6251 1.3600 1.6004
1.1100 1.8952 1.1100 1.9153
1.0600 2.0268 1.0600 2.0663
0.9400 1.9198 0.9400 1.9370
0.8300 1.6387 0.8300 1.6042
0.7700 1.3550 0.7700 1.3040
0.6900 1.0383 0.6900 1.0426
0.6100 0.8812 0.6100 0.9369
0.6300 0.9947 0.6300 1.0378
0.7100 0.7904 0.7100 0.8705
0.7700 0.7750 0.7700 0.8670
0.8000 0.8078 0.8000 0.8952
0.7900 0.7455 0.7900 0.8542
0.8100 0.7084 0.8100 0.8051
0.8700 0.8781 0.8700 0.9703
0.9100 0.9662 0.9100 1.0864
0.9700 0.9318 0.9700 1.0967
1.0200 0.9261 1.0200 1.0546
1.0000 0.8734 1.0000 0.9632
1.0900 0.9319 1.0900 1.0089
1.2800 1.1058 1.2800 1.1633
1.4900 1.0189 1.4900 1.1189
1.7100 1.1228 1.7100 1.2133
1.9400 1.1513 1.9400 1.2312
2.2400 1.0074 2.2400 1.0724
2.4800 1.3564 2.4800 1.3641
2.6700 1.6444 2.6700 1.6575
2.6700 1.8698 2.6700 1.8962
2.5400 2.1386 2.5400 2.1338
2.2700 2.4036 2.2700 2.3477
2.2000 2.7948 2.2000 2.6868
2.1100 2.9598 2.1100 2.8344
2.0200 3.0335 2.0200 2.9451
1.9300 2.6560 1.9300 2.5821
1.8300 2.3792 1.8300 2.2758
1.7900 1.9111 1.7900 1.8366
1.7700 2.0750 1.7700 1.8697
1.7200 1.8364 1.7200 1.6828
1.6800 1.6357 1.6800 1.5986
1.6300 1.6058 1.6300 1.5799
1.5300 1.5050 1.5300 1.4645
1.4300 1.6590 1.4300 1.5653
1.3600 1.6811 1.3600 1.6107
1.3300 1.4916 1.3300 1.4781
1.3600 1.5085 1.3600 1.4705
1.3700 1.4543 1.3700 1.4153
1.3400 1.2898 1.3400 1.2795
1.3400 1.1901 1.3400 1.1809
1.3200 1.1704 1.3200 1.1352
1.3300 1.2500 1.3300 1.2257
1.3700 1.4089 1.3700 1.3976
1.5000 1.3332 1.5000 1.3663
1.6200 1.2408 1.6200 1.2792
1.6100 1.3272 1.6100 1.3303
1.5700 1.2498 1.5700 1.2575
1.5000 1.3386 1.5000 1.3402
1.5000 1.4678 1.5000 1.4666
1.6400 1.7384 1.6400 1.7175
1.6800 1.8578 1.6800 1.8410
1.6400 1.5814 1.6400 1.6105
1.5900 1.5199 1.5900 1.5000
1.5000 1.3482 1.5000 1.3165
1.4300 1.5352 1.4300 1.4598
1.4000 1.8594 1.4000 1.7956
1.4000 1.6570 1.4000 1.6854
1.4300 1.5718 1.4300 1.5881
1.4500 1.4859 1.4500 1.4553
1.4600 1.2895 1.4600 1.2688
1.4200 1.2168 1.4200 1.1918
1.3900 1.3190 1.3900 1.2762
1.3400 1.3847 1.3400 1.3693
1.2900 1.4737 1.2900 1.4748
1.2600 1.4451 1.2600 1.4633
1.2400 1.4294 1.2400 1.4439
1.2300 1.3101 1.2300 1.3203
1.2200 1.2859 1.2200 1.2755
1.2300 1.1824 1.2300 1.1828
1.2600 1.1262 1.2600 1.1341
1.3400 1.1663 1.3400 1.1663
1.4000 1.1730 1.4000 1.1877
1.4400 1.1770 1.4400 1.2032
1.4900 1.1636 1.4900 1.1976
1.5200 1.2432 1.5200 1.2708
1.5600 1.3302 1.5600 1.3544
1.5900 1.5275 1.5900 1.5245
1.5200 1.5058 1.5200 1.5388
1.5100 1.4755 1.5100 1.5067
1.4300 1.5942 1.4300 1.5923
1.3700 1.5660 1.3700 1.5604
1.3300 1.6307 1.3300 1.6120
1.2800 1.6291 1.2800 1.6105
1.2300 1.3890 1.2300 1.3865
1.1600 1.4770 1.1600 1.4313
1.1100 1.2317 1.1100 1.2224
1.1100 1.1796 1.1100 1.1781
1.1200 1.2116 1.1200 1.1892
1.1100 1.1175 1.1100 1.1274
1.0800 1.0691 1.0800 1.0965
1.0200 0.9961 1.0200 1.0263
0.9700 0.9728 0.9700 0.9995
0.9100 1.1393 0.9100 1.1600
0.8800 1.1417 0.8800 1.1912
0.8500 1.0416 0.8500 1.1097
0.8300 1.0187 0.8300 1.0741
0.8100 0.9312 0.8100 0.9766
0.7700 0.8731 0.7700 0.9227
0.7500 0.8221 0.7500 0.8939
0.7300 0.8474 0.7300 0.9342
0.7200 0.8175 0.7200 0.9158
0.7200 0.8185 0.7200 0.9250
0.7200 0.7996 0.7200 0.9102
0.8300 0.7804 0.8300 0.8751
0.8200 0.7912 0.8200 0.8966
0.8300 0.7859 0.8300 0.8939
0.8400 0.7908 0.8400 0.9030
0.8300 0.8001 0.8300 0.9142
0.8400 0.7924 0.8400 0.9123
0.8300 1.1396 0.8300 1.2212
0.8200 0.8632 0.8200 0.9818
0.8400 0.9101 0.8400 1.0028
0.8800 0.9227 0.8800 1.0000
1.0100 0.8452 1.0100 0.9360
1.0700 0.8955 1.0700 0.9774
0.9000 0.8338 0.9000 0.9301
0.9000 0.8258 0.9000 0.9168
0.9600 0.9459 0.9600 1.0293
0.9400 1.0329 0.9400 1.1212
0.9900 1.3199 0.9900 1.3820
1.0200 1.1712 1.0200 1.2805
1.0700 0.9439 1.0700 1.0294
1.0600 1.0097 1.0600 1.0171
1.1500 1.1548 1.1500 1.1630
1.2900 0.8745 1.2900 0.9657
1.2400 1.0912 1.2400 1.1763
1.2300 1.1298 1.2300 1.2068
1.2600 1.2005 1.2600 1.2679
1.0600 1.0551 1.0600 1.1182
1.0800 1.3972 1.0800 1.4059
1.2200 1.5872 1.2200 1.5968
1.2900 1.2044 1.2900 1.2723
1.3200 1.2408 1.3200 1.2576
1.2400 1.4155 1.2400 1.3715
1.2200 0.9207 1.2200 0.9857
1.2200 1.2110 1.2200 1.1778
1.0800 1.4527 1.0800 1.4516
1.2600 1.3671 1.2600 1.4656
1.3600 1.3683 1.3600 1.4450
1.3600 1.1982 1.3600 1.2230
1.3400 1.2100 1.3400 1.1963
1.3000 1.2595 1.3000 1.2391
1.0700 0.9174 1.0700 0.9854
0.9000 1.5756 0.9000 1.5527
0.8200 1.5359 0.8200 1.5666
0.8100 1.3425 0.8100 1.4245
0.8200 1.3574 0.8200 1.3752
0.9100 1.2299 0.9100 1.2316
1.1800 0.9246 1.1800 0.9767
1.1200 0.8418 1.1200 0.8968
1.0300 0.8990 1.0300 0.9559
1.0900 0.9006 1.0900 0.9796
1.1300 0.8700 1.1300 0.9857
1.1400 1.1274 1.1400 1.2411
1.1000 1.6417 1.1000 1.7264
1.0500 1.1467 1.0500 1.2729
1.0200 1.0905 1.0200 1.1320
1.0100 1.3327 1.0100 1.2749
0.9900 1.2661 0.9900 1.2650
0.9600 1.1065 0.9600 1.1787
0.9400 1.0732 0.9400 1.1285
0.9200 0.9768 0.9200 1.0122
0.9200 0.9717 0.9200 1.0001
0.9100 1.0106 0.9100 1.0522
0.9200 0.9247 0.9200 0.9960
0.9200 0.9006 0.9200 0.9701
0.9300 0.9034 0.9300 0.9739
0.9500 0.8882 0.9500 0.9618
0.8500 0.9451 0.8500 1.0197
0.7800 0.8925 0.7800 0.9796
0.7500 0.9671 0.7500 1.0494
0.8900 0.9309 0.8900 1.0173
0.9700 0.9715 0.9700 1.0542
1.0100 1.0212 1.0100 1.0976
1.1000 0.8417 1.1000 0.9268
1.2100 0.8031 1.2100 0.8763
1.2900 0.8491 1.2900 0.9301
1.3300 1.1909 1.3300 1.2617
1.2900 1.1401 1.2900 1.2755
1.2300 1.1069 1.2300 1.2276
1.2300 1.3528 1.2300 1.4124
1.2200 1.4973 1.2200 1.5073
1.0900 1.4361 1.0900 1.4868
1.0300 1.3640 1.0300 1.4058
1.0900 1.2550 1.0900 1.2690
1.1100 1.1389 1.1100 1.1411
1.1800 1.2790 1.1800 1.2483
1.1600 1.1879 1.1600 1.1999
1.1400 0.9404 1.1400 1.0094
1.1200 0.9141 1.1200 0.9543
1.1200 1.2294 1.1200 1.2305
1.1300 1.1329 1.1300 1.2088
1.1400 1.3068 1.1400 1.3794
1.1500 1.1369 1.1500 1.2028
1.1700 1.1016 1.1700 1.1372
1.1800 1.0755 1.1800 1.0968
1.1600 1.1406 1.1600 1.1660
1.1200 1.1451 1.1200 1.1837
1.0900 1.1458 1.0900 1.1978
1.0600 1.1542 1.0600 1.2045
1.0400 1.2134 1.0400 1.2547
0.9000 1.1842 0.9000 1.2281
0.9400 1.0981 0.9400 1.1399
0.9400 1.0414 0.9400 1.0745
0.7800 1.0169 0.7800 1.0466
0.6000 0.9848 0.6000 1.0233
0.7100 0.9856 0.7100 1.0351
0.7300 0.8445 0.7300 0.9222
0.7600 1.0946 0.7600 1.1115
0.8600 0.9945 0.8600 1.0598
0.9800 0.8113 0.9800 0.9086
1.0600 0.7477 1.0600 0.8281
1.1000 0.9888 1.1000 1.0323
1.1000 0.8718 1.1000 0.9971
1.1900 0.8490 1.1900 1.0161
1.3400 1.1760 1.3400 1.2727
1.6300 1.2953 1.6300 1.3691
1.7400 1.2006 1.7400 1.3044
1.8000 1.1867 1.8000 1.2549
1.8200 1.1253 1.8200 1.1627
1.8400 1.4515 1.8400 1.4330
1.8400 1.6503 1.8400 1.6454
1.8500 2.1088 1.8500 2.1053
1.9000 1.8237 1.9000 1.9036
1.8600 1.8968 1.8600 1.8995
1.8300 1.8632 1.8300 1.8180
1.7700 1.9033 1.7700 1.8238
1.6600 1.7858 1.6600 1.7172
1.5400 1.8346 1.5400 1.7682
1.4200 2.0140 1.4200 1.9159
1.3300 1.6843 1.3300 1.6676
1.2700 1.6819 1.2700 1.6388
1.2400 1.5687 1.2400 1.5238
1.2300 1.3992 1.2300 1.3746
1.2300 1.2668 1.2300 1.2446
1.2600 1.1203 1.2600 1.1105
1.3200 1.0715 1.3200 1.0436
1.2800 1.0917 1.2800 1.0774
1.2000 1.1392 1.2000 1.1510
1.2300 1.1756 1.2300 1.2055
1.3300 1.1990 1.3300 1.2381
1.3600 1.3253 1.3600 1.3551
1.3400 1.4694 1.3400 1.4770
1.3400 1.2008 1.3400 1.2460
1.4000 1.1081 1.4000 1.1275
1.3800 1.3598 1.3800 1.3183
1.3500 1.5172 1.3500 1.5053
1.3100 1.3217 1.3100 1.3876
1.3000 1.3129 1.3000 1.3545
1.2800 1.3457 1.2800 1.3456
1.2800 1.5642 1.2800 1.5188
1.2900 1.2709 1.2900 1.2987
1.3000 1.2650 1.3000 1.2822
1.3900 1.1929 1.3900 1.1961
1.4300 1.2855 1.4300 1.2737
1.4600 1.1935 1.4600 1.2052
1.5000 1.2543 1.5000 1.2716
1.6000 1.2959 1.6000 1.3141
1.7300 1.2962 1.7300 1.3215
1.7400 1.5884 1.7400 1.5712
1.7400 1.4751 1.7400 1.5068
1.7100 1.4630 1.7100 1.4891
1.6700 1.5836 1.6700 1.5740
1.6600 1.8219 1.6600 1.7650
1.6200 1.9883 1.6200 1.9340
1.5900 1.6908 1.5900 1.7058
1.5600 1.6948 1.5600 1.6722
1.5300 1.6142 1.5300 1.5643
1.4800 1.5326 1.4800 1.4776
1.4500 1.6092 1.4500 1.5433
1.4100 1.4563 1.4100 1.4252
1.4100 1.4562 1.4100 1.4241
1.4300 1.4423 1.4300 1.4100
1.4800 1.4098 1.4800 1.3850
1.5000 1.2995 1.5000 1.2991
1.4900 1.3421 1.4900 1.3199
1.4800 1.2671 1.4800 1.2568
1.4700 1.3950 1.4700 1.3778
1.4400 1.4632 1.4400 1.4542
1.4500 1.5849 1.4500 1.5723
1.4600 1.4824 1.4600 1.4986
1.4800 1.4060 1.4800 1.4187
1.5200 1.4230 1.5200 1.4094
1.5600 1.4252 1.5600 1.4036
1.5800 1.3116 1.5800 1.3042
1.5900 1.4627 1.5900 1.4385
1.6000 1.4609 1.6000 1.4502
1.6300 1.4901 1.6300 1.4871
1.6500 1.5943 1.6500 1.5827
1.6700 1.6280 1.6700 1.6196
1.6700 1.5707 1.6700 1.5674
1.6700 1.5665 1.6700 1.5524
1.7000 1.5950 1.7000 1.5671
1.7300 1.6886 1.7300 1.6492
1.7500 1.6553 1.7500 1.6285
1.7900 1.6707 1.7900 1.6440
1.8200 1.6144 1.8200 1.5896
1.8700 1.6282 1.8700 1.5930
1.9000 1.7625 1.9000 1.7089
1.9600 1.7695 1.9600 1.7287
2.0000 1.7373 2.0000 1.7071
1.9400 1.8583 1.9400 1.8106
1.8500 1.8541 1.8500 1.8100
1.7100 1.9607 1.7100 1.9047
1.6200 1.9193 1.6200 1.8724
1.5500 2.0825 1.5500 2.0046
1.4800 2.0478 1.4800 1.9897
1.4400 1.7764 1.4400 1.7477
1.3700 1.6559 1.3700 1.6046
1.2600 1.4245 1.2600 1.3870
1.1100 1.3733 1.1100 1.2878
1.0000 1.3406 1.0000 1.2702
0.9000 1.2302 0.9000 1.2066
0.9200 1.2883 0.9200 1.2674
0.9700 1.1537 0.9700 1.1706
0.9200 1.0429 0.9200 1.0646
0.8200 0.9199 0.8200 0.9743
0.7400 0.8418 0.7400 0.9031
0.6900 0.8013 0.6900 0.8759
0.7000 0.9853 0.7000 1.0396
0.7600 1.0881 0.7600 1.1746
0.8300 0.8866 0.8300 1.0044
0.9500 0.8598 0.9500 0.9446
1.0600 0.7652 1.0600 0.8374
1.0800 0.8040 1.0800 0.8939
1.1800 0.8824 1.1800 0.9784
1.2100 0.9790 1.2100 1.0885
1.1600 1.0357 1.1600 1.1756
1.1500 1.2727 1.1500 1.3620
1.1500 1.3322 1.1500 1.4310
1.1700 1.1535 1.1700 1.2310
1.2100 1.4646 1.2100 1.4801
1.1800 1.2706 1.1800 1.3128
1.1100 1.1189 1.1100 1.1518
1.0700 1.1310 1.0700 1.1384
1.1100 1.1945 1.1100 1.2014
1.1700 1.2140 1.1700 1.2430
1.2500 1.2946 1.2500 1.3327
1.2300 1.1145 1.2300 1.1673
1.2000 1.0286 1.2000 1.0613
1.1600 0.9925 1.1600 1.0113
1.0900 1.2385 1.0900 1.2381
1.0400 1.3202 1.0400 1.3515
0.9500 1.4127 0.9500 1.4749
0.9100 1.2103 0.9100 1.2716
0.8900 1.1636 0.8900 1.1875
0.8700 1.0674 0.8700 1.0790
0.8600 0.9528 0.8600 0.9805
0.8800 0.9190 0.8800 0.9532
0.9100 0.8358 0.9100 0.9062
0.9000 0.8593 0.9000 0.9391
0.8800 0.8864 0.8800 0.9661
0.8600 0.8343 0.8600 0.9411
0.8100 0.8442 0.8100 0.9441
0.7600 0.9777 0.7600 1.0670
0.7500 1.0163 0.7500 1.1084
0.7700 0.9057 0.7700 0.9957
0.8800 0.8855 0.8800 0.9598
0.9900 0.8448 0.9900 0.9213
1.0200 0.7970 1.0200 0.8758
0.9900 0.7804 0.9900 0.8615
0.9800 0.8411 0.9800 0.9351
1.0200 0.9063 1.0200 1.0035
1.1200 1.1642 1.1200 1.2537
1.1300 1.2756 1.1300 1.3697
1.1200 1.1054 1.1200 1.2108
1.2500 1.0401 1.2500 1.0987
1.2800 1.0006 1.2800 1.0395
1.2600 1.2016 1.2600 1.2073
1.2500 1.3612 1.2500 1.3909
1.2800 1.1264 1.2800 1.2100
1.3300 1.1296 1.3300 1.1837
1.4100 1.5492 1.4100 1.5318
1.3800 1.3084 1.3800 1.3635
1.4500 1.2406 1.4500 1.2839
1.4000 1.2160 1.4000 1.2277
1.4000 1.4107 1.4000 1.3785
1.3300 1.4483 1.3300 1.4528
1.3700 1.5891 1.3700 1.5916
