1.3000 1.3672 1.3000 1.4421
1.2200 1.4193 1.2200 1.4592
1.1900 1.3605 1.1900 1.4108
1.1400 1.3517 1.1400 1.3993
1.1100 1.2322 1.1100 1.3073
1.0700 1.2439 1.0700 1.2970
1.0800 1.2095 1.0800 1.2630
1.1100 1.0522 1.1100 1.1388
1.1100 1.1362 1.1100 1.1760
1.1100 1.0460 1.1100 1.1037
1.1100 1.0510 1.1100 1.1075
1.1200 0.9995 1.1200 1.0626
1.1300 1.1266 1.1300 1.1398
1.1400 1.1998 1.1400 1.2048
1.1100 1.1207 1.1100 1.1780
1.0700 1.1283 1.0700 1.1903
1.0200 1.1416 1.0200 1.1958
1.0100 1.1724 1.0100 1.2214
1.0100 1.1765 1.0100 1.2286
1.0100 1.1842 1.0100 1.2353
1.0000 1.0621 1.0000 1.1587
1.0000 1.0126 1.0000 1.1079
0.9800 0.9591 0.9800 1.0433
0.9600 1.0266 0.9600 1.0745
0.9600 1.0416 0.9600 1.0816
0.9500 1.0339 0.9500 1.0828
0.9200 1.0058 0.9200 1.0694
0.9300 1.0370 0.9300 1.0892
0.9200 0.9738 0.9200 1.0527
0.8900 0.9549 0.8900 1.0343
0.8700 1.0042 0.8700 1.0560
0.9000 0.9689 0.9000 1.0338
0.9300 0.8921 0.9300 0.9835
0.9000 0.9991 0.9000 1.0398
0.8600 0.9448 0.8600 1.0088
0.8400 0.8651 0.8400 0.9604
0.8400 0.8770 0.8400 0.9526
0.8800 1.0225 0.8800 1.0391
0.9500 1.0408 0.9500 1.0722
1.0200 0.8698 1.0200 0.9770
1.0600 0.8435 1.0600 0.9315
1.0900 0.8642 1.0900 0.9353
1.1300 0.9005 1.1300 0.9551
1.2000 1.0161 1.2000 1.0346
1.2500 1.1475 1.2500 1.1386
1.2600 1.2110 1.2600 1.2189
1.3000 1.1808 1.3000 1.2353
1.3100 1.1953 1.3100 1.2597
1.3200 1.2638 1.3200 1.3099
1.3200 1.3962 1.3200 1.4073
1.3200 1.3822 1.3200 1.4222
1.3000 1.2904 1.3000 1.3768
1.3300 1.4158 1.3300 1.4496
1.3800 1.3512 1.3800 1.4146
1.4200 1.3505 1.4200 1.4176
1.4500 1.3295 1.4500 1.3938
1.4900 1.3294 1.4900 1.3858
1.5400 1.2584 1.5400 1.3376
1.6000 1.4127 1.6000 1.4229
1.6000 1.5034 1.6000 1.4939
1.5300 1.5006 1.5300 1.5226
1.4500 1.5077 1.4500 1.5456
1.4300 1.5838 1.4300 1.6019
1.3900 1.6564 1.3900 1.6670
1.4100 1.7314 1.4100 1.7356
1.3800 1.5700 1.3800 1.6530
1.3100 1.3505 1.3100 1.4926
1.2400 1.2982 1.2400 1.3944
1.1700 1.4047 1.1700 1.4326
1.1000 1.2852 1.1000 1.3488
1.0000 1.4406 1.0000 1.4367
0.9600 1.2888 0.9600 1.3464
0.9500 1.1416 0.9500 1.2448
0.9400 1.1148 0.9400 1.1872
0.9300 1.0535 0.9300 1.1155
0.8700 0.9815 0.8700 1.0462
0.8400 0.8938 0.8400 0.9303
0.8100 0.9142 0.8100 0.9435
0.7800 0.9608 0.7800 0.9762
0.7700 0.9398 0.7700 0.9799
0.7500 0.9346 0.7500 0.9865
0.7300 0.8383 0.7300 0.8861
0.7200 0.8551 0.7200 0.9052
0.6900 0.8492 0.6900 0.8797
0.6500 0.8316 0.6500 0.8687
0.6300 0.8378 0.6300 0.8663
0.6000 0.8229 0.6000 0.8563
0.6000 0.8136 0.6000 0.8511
0.6100 0.8186 0.6100 0.8503
0.6500 0.7952 0.6500 0.8398
0.6400 0.7810 0.6400 0.8305
0.6900 0.7877 0.6900 0.8300
0.7500 0.7718 0.7500 0.8202
0.8100 0.7850 0.8100 0.8217
0.8500 0.7929 0.8500 0.8211
0.8300 0.8209 0.8300 0.8424
0.7900 0.7790 0.7900 0.8178
0.8400 0.8762 0.8400 0.9073
0.9200 0.9625 0.9200 0.9817
0.9700 1.0069 0.9700 1.0434
0.9700 0.9981 0.9700 1.0618
1.0200 0.8527 1.0200 0.9720
1.1000 0.8224 1.1000 0.9089
1.1800 1.0284 1.1800 1.0447
1.2500 1.1578 1.2500 1.1452
1.3200 1.1119 1.3200 1.1560
1.3500 1.0037 1.3500 1.1009
1.2800 1.1879 1.2800 1.2143
1.1700 1.3345 1.1700 1.3302
1.1000 1.3868 1.1000 1.4025
1.1100 1.4238 1.1100 1.4539
1.1900 1.5003 1.1900 1.5222
1.3000 1.4319 1.3000 1.5034
1.4100 1.1350 1.4100 1.3038
1.5100 0.9971 1.5100 1.1338
1.5700 1.0288 1.5700 1.0893
1.6000 1.1700 1.6000 1.1701
1.6200 1.3810 1.6200 1.3204
1.6100 1.5428 1.6100 1.4730
1.6000 1.6511 1.6000 1.6086
1.6000 1.7360 1.6000 1.7244
1.6100 1.7032 1.6100 1.7499
1.6300 1.6653 1.6300 1.7423
1.6500 1.6683 1.6500 1.7358
1.6600 1.5775 1.6600 1.6662
1.6600 1.5652 1.6600 1.6365
1.6400 1.5902 1.6400 1.6303
1.6300 1.6161 1.6300 1.6412
1.6100 1.6532 1.6100 1.6691
1.5600 1.6699 1.5600 1.6879
1.5300 1.6543 1.5300 1.6888
1.5000 1.6334 1.5000 1.6792
1.4900 1.5670 1.4900 1.6334
1.5000 1.5886 1.5000 1.6337
1.5200 1.5410 1.5200 1.5943
1.5100 1.4141 1.5100 1.5018
1.4800 1.4443 1.4800 1.4956
1.4600 1.4164 1.4600 1.4616
1.4600 1.4491 1.4600 1.4782
1.4600 1.5065 1.4600 1.5147
1.4700 1.5469 1.4700 1.5525
1.4900 1.4586 1.4900 1.5149
1.4900 1.3905 1.4900 1.4683
1.4900 1.4111 1.4900 1.4647
1.4700 1.4592 1.4700 1.4870
1.4400 1.4460 1.4400 1.4828
1.4200 1.4775 1.4200 1.5042
1.4100 1.5252 1.4100 1.5404
1.3900 1.4726 1.3900 1.5210
1.3700 1.4769 1.3700 1.5261
1.3500 1.4130 1.3500 1.4805
1.3300 1.3612 1.3300 1.4371
1.3100 1.3708 1.3100 1.4256
1.2800 1.3831 1.2800 1.4223
1.2600 1.3316 1.2600 1.3887
1.2400 1.3146 1.2400 1.3701
1.2300 1.3011 1.2300 1.3534
1.2000 1.2825 1.2000 1.3373
1.1700 1.2632 1.1700 1.3196
1.1600 1.2112 1.1600 1.2789
1.1500 1.2197 1.1500 1.2741
1.1400 1.2017 1.1400 1.2560
1.1300 1.2145 1.1300 1.2611
1.0800 1.1375 1.0800 1.2102
1.0700 1.1134 1.0700 1.1848
1.0800 1.1577 1.0800 1.2021
1.0900 1.1443 1.0900 1.1937
1.1000 1.1305 1.1000 1.1875
1.0900 1.1251 1.0900 1.1807
1.0900 0.9918 1.0900 1.0890
1.0800 1.0779 1.0800 1.1305
1.0600 1.1360 1.0600 1.1621
1.0300 1.1319 1.0300 1.1737
1.0300 1.1403 1.0300 1.1883
1.0400 1.0917 1.0400 1.1597
1.0300 1.1202 1.0300 1.1792
1.0200 1.0886 1.0200 1.1571
0.9800 1.0432 0.9800 1.1233
0.9500 0.9938 0.9500 1.0796
0.9500 1.0668 0.9500 1.1121
0.9500 1.0954 0.9500 1.1332
0.9600 1.0321 0.9600 1.1014
0.9600 1.0273 0.9600 1.0957
0.9600 0.9307 0.9600 1.0247
0.9600 0.9288 0.9600 1.0094
0.9600 0.9962 0.9600 1.0406
0.9600 0.9887 0.9600 1.0381
0.9700 1.0158 0.9700 1.0632
0.9800 0.9981 0.9800 1.0562
0.9900 1.0014 0.9900 1.0638
1.0000 1.0041 1.0000 1.0678
1.0200 1.0038 1.0200 1.0674
1.0400 1.0025 1.0400 1.0669
1.0800 1.0348 1.0800 1.0870
1.1100 1.0431 1.1100 1.0970
1.1200 1.0509 1.1200 1.1078
1.1200 1.0614 1.1200 1.1184
1.1000 1.1042 1.1000 1.1503
1.0800 1.1214 1.0800 1.1702
1.0800 1.2040 1.0800 1.2330
1.0800 1.2070 1.0800 1.2506
1.1000 1.1672 1.1000 1.2374
1.1200 1.1492 1.1200 1.2247
1.1600 1.0871 1.1600 1.1767
1.1900 1.0677 1.1900 1.1510
1.1900 1.1138 1.1900 1.1656
1.1700 1.1073 1.1700 1.1595
1.1600 1.1686 1.1600 1.2026
1.1600 1.1883 1.1600 1.2243
1.1700 1.2733 1.1700 1.2936
1.1700 1.2774 1.1700 1.3159
1.1700 1.2047 1.1700 1.2823
1.1500 1.1457 1.1500 1.2392
1.1700 1.1680 1.1700 1.2360
1.1700 1.1872 1.1700 1.2404
1.1900 1.2109 1.1900 1.2546
1.2300 1.1833 1.2300 1.2393
1.2600 1.1863 1.2600 1.2415
1.2800 1.1237 1.2800 1.2009
1.2300 1.2413 1.2300 1.2698
1.2000 1.1890 1.2000 1.2435
1.2300 1.2499 1.2300 1.2879
1.2600 1.3403 1.2600 1.3529
1.3000 1.3395 1.3000 1.3726
1.2900 1.3321 1.2900 1.3856
1.2800 1.1225 1.2800 1.2497
1.3000 1.1577 1.3000 1.2440
1.3100 1.3348 1.3100 1.3360
1.3000 1.3377 1.3000 1.3555
1.2600 1.3859 1.2600 1.4074
1.2200 1.2637 1.2200 1.3393
1.2000 1.2680 1.2000 1.3404
1.2100 1.3699 1.2100 1.3978
1.2500 1.3416 1.2500 1.3872
1.2400 1.2732 1.2400 1.3488
1.2100 1.1719 1.2100 1.2688
1.1900 1.1490 1.1900 1.2296
1.1900 1.1754 1.1900 1.2303
1.2100 1.2479 1.2100 1.2701
1.2400 1.3487 1.2400 1.3456
1.2600 1.2117 1.2600 1.2804
1.2500 1.1459 1.2500 1.2384
1.2400 1.1705 1.2400 1.2358
1.2700 1.2161 1.2700 1.2579
1.2700 1.2697 1.2700 1.2974
1.2600 1.3161 1.2600 1.3357
1.2600 1.3105 1.2600 1.3488
1.2600 1.2329 1.2600 1.3100
1.2800 1.2334 1.2800 1.3039
1.2800 1.3638 1.2800 1.3796
1.2700 1.2766 1.2700 1.3368
1.3300 1.2376 1.3300 1.3128
1.3700 1.2750 1.3700 1.3231
1.4000 1.2747 1.4000 1.3228
1.4100 1.3357 1.4100 1.3672
1.4100 1.2835 1.4100 1.3388
1.4100 1.2509 1.4100 1.3190
1.3900 1.4893 1.3900 1.4666
1.4000 1.4655 1.4000 1.4799
1.3900 1.4561 1.3900 1.5020
1.3800 1.4300 1.3800 1.4883
1.3600 1.4147 1.3600 1.4769
1.3900 1.4147 1.3900 1.4750
1.3600 1.3416 1.3600 1.4186
1.3700 1.4263 1.3700 1.4589
1.4000 1.3624 1.4000 1.4170
1.4000 1.3488 1.4000 1.4068
1.3900 1.3110 1.3900 1.3744
1.3900 1.4677 1.3900 1.4663
1.4300 1.2781 1.4300 1.3620
1.4900 1.3898 1.4900 1.4246
1.5900 1.4784 1.5900 1.4791
1.6300 1.3879 1.6300 1.4434
1.7000 1.3551 1.7000 1.4266
1.7100 1.3956 1.7100 1.4361
1.6700 1.5315 1.6700 1.5277
1.7000 1.6242 1.7000 1.6100
1.7500 1.8127 1.7500 1.7615
1.8100 1.6894 1.8100 1.7299
1.8600 1.8492 1.8600 1.8497
1.9200 1.7116 1.9200 1.7810
1.9600 1.5440 1.9600 1.6723
1.9400 1.7790 1.9400 1.7813
1.9400 1.8619 1.9400 1.8329
1.9700 1.9092 1.9700 1.8992
1.9900 1.9307 1.9900 1.9323
2.0100 2.0290 2.0100 2.0119
2.0100 2.0149 2.0100 2.0329
2.0600 1.8336 2.0600 1.9308
2.1100 1.9114 2.1100 1.9526
2.1100 2.0241 2.1100 2.0067
2.1000 1.9856 2.1000 2.0002
2.1300 1.9982 2.1300 2.0141
2.1600 1.9540 2.1600 1.9847
2.1600 2.1488 2.1600 2.1072
2.1100 2.1820 2.1100 2.1534
2.1100 2.0272 2.1100 2.0847
2.1300 2.0153 2.1300 2.0656
2.1500 2.1760 2.1500 2.1459
2.1600 2.1803 2.1600 2.1686
2.2100 2.0785 2.2100 2.1212
2.2200 1.9092 2.2200 2.0013
2.1200 2.0788 2.1200 2.0710
2.2100 2.1387 2.2100 2.1090
2.2000 2.1250 2.2000 2.1217
2.2000 2.1074 2.2000 2.1181
2.1500 2.2834 2.1500 2.2283
2.0800 2.1695 2.0800 2.1897
2.0800 1.7941 2.0800 1.9456
2.0900 2.4475 2.0900 2.2978
2.0200 2.1021 2.0200 2.1251
1.9200 2.0978 1.9200 2.1479
1.8500 1.9579 1.8500 2.0260
1.8300 1.8583 1.8300 1.9299
1.7900 2.0534 1.7900 2.0313
1.8000 2.0599 1.8000 2.0301
1.7900 1.7487 1.7900 1.8545
1.7000 1.6425 1.7000 1.7251
1.6300 1.6807 1.6300 1.6995
1.5200 1.7569 1.5200 1.7427
1.4600 1.6282 1.4600 1.6690
1.4500 1.7740 1.4500 1.7493
1.5100 1.7157 1.5100 1.7252
1.5800 1.4355 1.5800 1.5511
1.6100 1.4637 1.6100 1.5222
1.6000 1.2868 1.6000 1.3561
1.6000 1.3278 1.6000 1.3594
1.6000 1.4156 1.6000 1.4032
1.5500 1.6311 1.5500 1.5541
1.5600 1.7067 1.5600 1.6563
1.6000 1.6330 1.6000 1.6580
1.6800 1.5453 1.6800 1.6231
1.7100 1.5981 1.7100 1.6466
1.7100 1.5954 1.7100 1.6412
1.6900 1.4055 1.6900 1.5142
1.6800 1.5773 1.6800 1.5911
1.6700 1.6896 1.6700 1.6598
1.6400 1.8441 1.6400 1.7938
1.6300 1.7300 1.6300 1.7638
1.6500 1.6688 1.6500 1.7358
1.6100 1.6246 1.6100 1.6991
1.5500 1.6470 1.5500 1.6962
1.5300 1.6253 1.5300 1.6731
1.4700 1.5347 1.4700 1.6033
1.4200 1.5828 1.4200 1.6152
1.3200 1.6810 1.3200 1.6719
1.2600 1.4708 1.2600 1.5563
1.1400 1.3853 1.1400 1.4777
1.0300 1.4832 1.0300 1.5086
0.9100 1.3179 0.9100 1.3951
0.8200 1.2919 0.8200 1.3590
0.8200 1.1107 0.8200 1.1936
0.8800 1.1455 0.8800 1.1889
0.9600 0.9392 0.9600 1.0005
1.0300 0.9100 1.0300 0.9436
1.0900 0.8747 1.0900 0.9146
1.1200 0.8537 1.1200 0.8929
1.1500 0.8841 1.1500 0.8972
1.1600 1.0443 1.1600 0.9907
1.1600 1.1573 1.1600 1.1221
1.1200 1.2083 1.1200 1.2099
1.0900 1.2573 1.0900 1.2846
1.1200 1.2246 1.1200 1.2940
1.1700 1.2563 1.1700 1.3227
1.1800 1.2172 1.1800 1.2966
1.1500 1.1883 1.1500 1.2707
1.1500 1.0578 1.1500 1.1706
1.1200 1.0566 1.1200 1.1421
1.1200 1.2258 1.1200 1.2338
1.1600 1.3048 1.1600 1.3009
1.1700 1.2032 1.1700 1.2656
1.1600 1.0920 1.1600 1.1952
1.1500 1.1855 1.1500 1.2376
1.1400 1.0828 1.1400 1.1699
1.1400 1.1430 1.1400 1.1989
1.1400 1.2774 1.1400 1.2780
1.1300 1.2040 1.1300 1.2521
1.1000 1.1457 1.1000 1.2269
1.0800 1.1532 1.0800 1.2192
1.0600 1.1467 1.0600 1.2109
1.0600 1.1637 1.0600 1.2196
1.0300 1.1601 1.0300 1.2132
1.0900 1.1256 1.0900 1.1909
1.1100 1.0533 1.1100 1.1397
1.1100 1.0640 1.1100 1.1327
1.1300 1.0459 1.1300 1.1117
1.0800 1.0880 1.0800 1.1341
1.0900 0.9874 1.0900 1.0693
1.1400 1.2584 1.1400 1.2386
1.2000 1.1795 1.2000 1.2149
1.2900 1.1217 1.2900 1.1998
1.2900 1.2057 1.2900 1.2488
1.4300 0.9973 1.4300 1.1153
1.4300 1.1464 1.4300 1.1982
1.3300 1.2924 1.3300 1.2825
1.2500 1.3507 1.2500 1.3523
1.2400 1.5029 1.2400 1.4845
1.2700 1.2874 1.2700 1.3783
1.3200 1.7861 1.3200 1.7056
1.3900 1.4250 1.3900 1.5228
1.4200 1.1022 1.4200 1.3011
1.4300 1.1464 1.4300 1.2356
1.4200 1.2691 1.4200 1.2830
1.4300 1.3455 1.4300 1.3474
1.3900 1.4183 1.3900 1.4058
1.3600 1.5412 1.3600 1.5115
1.3100 1.4770 1.3100 1.5140
1.3200 1.4473 1.3200 1.5161
1.2500 1.4024 1.2500 1.4822
1.1900 1.4644 1.1900 1.5092
1.1500 1.2901 1.1500 1.3940
1.1400 1.2880 1.1400 1.3668
1.1300 1.2073 1.1300 1.2842
1.1300 1.3541 1.1300 1.3643
1.1300 1.0928 1.1300 1.1940
1.1100 1.0693 1.1100 1.1506
1.1000 1.0926 1.1000 1.1376
1.0900 1.1372 1.0900 1.1645
1.0900 1.1142 1.0900 1.1605
1.0800 1.1402 1.0800 1.1761
1.0700 1.1472 1.0700 1.1895
1.0700 1.0837 1.0700 1.1565
1.0700 1.1026 1.0700 1.1648
1.0800 1.0964 1.0800 1.1550
1.0700 1.1159 1.0700 1.1675
1.0600 1.0812 1.0600 1.1457
1.1000 1.0734 1.1000 1.1372
1.1300 1.1003 1.1300 1.1517
1.1300 1.0990 1.1300 1.1528
1.1400 1.1296 1.1400 1.1763
1.1500 1.0735 1.1500 1.1437
1.1700 1.0665 1.1700 1.1365
1.2000 1.2268 1.2000 1.2358
1.2300 1.2232 1.2300 1.2529
1.2400 1.1428 1.2400 1.2204
1.2500 1.1884 1.2500 1.2441
1.2600 1.2048 1.2600 1.2543
1.2800 1.2395 1.2800 1.2854
1.2900 1.2880 1.2900 1.3213
1.3100 1.3140 1.3100 1.3485
1.3300 1.2739 1.3300 1.3358
1.3400 1.2884 1.3400 1.3458
1.3600 1.3013 1.3600 1.3531
1.3800 1.3408 1.3800 1.3809
1.3900 1.3208 1.3900 1.3734
1.4000 1.3640 1.4000 1.4025
1.4100 1.3839 1.4100 1.4211
1.4100 1.3658 1.4100 1.4179
1.4000 1.4114 1.4000 1.4494
1.4200 1.4307 1.4200 1.4662
1.4300 1.4110 1.4300 1.4624
1.4300 1.4223 1.4300 1.4702
1.4300 1.4341 1.4300 1.4771
1.4100 1.4065 1.4100 1.4623
1.4100 1.3722 1.4100 1.4368
1.4000 1.4705 1.4000 1.4908
1.3800 1.4482 1.3800 1.4847
1.3400 1.4167 1.3400 1.4722
1.3200 1.4243 1.3200 1.4723
1.3100 1.3583 1.3100 1.4270
1.2800 1.4098 1.2800 1.4523
1.2500 1.3731 1.2500 1.4244
1.2400 1.3246 1.2400 1.3907
1.2400 1.2420 1.2400 1.3262
1.2500 1.2799 1.2500 1.3304
1.2300 1.2923 1.2300 1.3320
1.2300 1.2060 1.2300 1.2770
1.2300 1.1819 1.2300 1.2505
1.2300 1.2298 1.2300 1.2678
1.2300 1.2497 1.2300 1.2841
1.2100 1.2772 1.2100 1.3098
1.1900 1.1859 1.1900 1.2574
1.1700 1.2425 1.1700 1.2888
1.1600 1.2468 1.1600 1.2915
1.1700 1.2402 1.1700 1.2925
1.1800 1.2399 1.1800 1.2928
1.1600 1.1751 1.1600 1.2483
1.1500 1.1597 1.1500 1.2313
1.1800 1.1442 1.1800 1.2097
1.2200 1.1562 1.2200 1.2100
1.2500 1.2105 1.2500 1.2431
1.2900 1.2162 1.2900 1.2540
1.3100 1.1243 1.3100 1.2035
1.3600 1.1478 1.3600 1.2106
1.3200 1.2781 1.3200 1.2895
1.3200 1.3281 1.3200 1.3413
1.2800 1.3222 1.2800 1.3607
1.2800 1.3917 1.2800 1.4164
1.3700 1.3666 1.3700 1.4164
1.3900 1.4890 1.3900 1.5056
1.3800 1.2240 1.3800 1.3486
1.3900 1.3319 1.3900 1.3949
1.4100 1.2057 1.4100 1.2950
1.4400 1.2923 1.4400 1.3359
1.4300 1.5978 1.4300 1.5302
1.4200 1.4167 1.4200 1.4573
1.4400 1.3317 1.4400 1.4258
1.4700 1.4282 1.4700 1.4648
1.4900 1.4719 1.4900 1.4981
1.4900 1.5053 1.4900 1.5364
1.4500 1.3901 1.4500 1.4648
1.4600 1.3912 1.4600 1.4555
1.4100 1.4956 1.4100 1.5124
1.3900 1.5371 1.3900 1.5501
1.4200 1.5180 1.4200 1.5553
1.4300 1.4723 1.4300 1.5297
1.4200 1.3437 1.4200 1.4427
1.4000 1.4918 1.4000 1.5156
1.3900 1.2843 1.3900 1.3807
1.3700 1.3352 1.3700 1.3951
1.3600 1.4984 1.3600 1.4813
1.3400 1.4382 1.3400 1.4651
1.2800 1.3720 1.2800 1.4403
1.2400 1.3481 1.2400 1.4109
1.2300 1.3720 1.2300 1.4194
1.2300 1.3215 1.2300 1.3859
1.2200 1.3337 1.2200 1.3833
1.2000 1.2905 1.2000 1.3489
1.1900 1.1456 1.1900 1.2422
1.1900 1.1649 1.1900 1.2297
1.1700 1.2252 1.1700 1.2533
1.1400 1.2349 1.1400 1.2659
1.1000 1.1948 1.1000 1.2477
1.1000 1.1603 1.1000 1.2231
1.1300 1.1842 1.1300 1.2351
1.1500 1.2084 1.1500 1.2514
1.1400 1.1360 1.1400 1.2083
1.1600 1.0864 1.1600 1.1680
1.1500 1.0370 1.1500 1.1176
1.1300 1.1299 1.1300 1.1657
1.1100 1.2227 1.1100 1.2302
1.1100 1.2059 1.1100 1.2406
1.1200 1.1270 1.1200 1.2031
1.1700 1.2326 1.1700 1.2665
1.2400 1.1530 1.2400 1.2240
1.3300 1.1040 1.3300 1.1918
1.4500 1.0919 1.4500 1.1663
1.5600 1.1402 1.5600 1.1854
1.5700 1.1659 1.5700 1.2064
1.5900 1.3041 1.5900 1.3028
1.5600 1.4157 1.5600 1.4014
1.5800 1.5452 1.5800 1.5245
1.5800 1.7358 1.5800 1.6915
1.6000 1.8133 1.6000 1.7954
1.6100 1.5637 1.6100 1.6820
1.5800 1.6380 1.5800 1.7137
1.5500 1.4949 1.5500 1.6023
1.5400 1.6330 1.5400 1.6668
1.5200 1.5655 1.5200 1.6148
1.5600 1.6246 1.5600 1.6459
1.5800 1.6096 1.5800 1.6416
1.6300 1.4784 1.6300 1.5602
1.6100 1.4627 1.6100 1.5356
1.6000 1.5127 1.6000 1.5445
1.6400 1.4544 1.6400 1.5070
1.6400 1.6422 1.6400 1.6207
1.6300 1.6013 1.6300 1.6133
1.6600 1.7223 1.6600 1.7124
1.6800 1.5259 1.6800 1.6091
1.7300 1.5581 1.7300 1.6193
1.6800 1.7399 1.6800 1.7220
1.6200 1.6101 1.6200 1.6593
1.6100 1.5682 1.6100 1.6369
1.6000 1.7227 1.6000 1.7133
1.5900 1.7052 1.5900 1.7201
1.5800 1.8203 1.5800 1.8121
1.5900 1.5076 1.5900 1.6278
1.6200 1.4606 1.6200 1.5625
1.6200 1.5958 1.6200 1.6115
1.6000 1.5593 1.6000 1.5866
1.5900 1.5270 1.5900 1.5723
1.6100 1.5271 1.6100 1.5590
1.6100 1.5959 1.6100 1.6041
1.6100 1.6721 1.6100 1.6680
1.6400 1.5851 1.6400 1.6321
1.6400 1.5215 1.6400 1.5923
1.5900 1.5546 1.5900 1.5973
1.6300 1.6498 1.6300 1.6534
1.6000 1.5804 1.6000 1.6230
1.5600 1.5796 1.5600 1.6220
1.5300 1.6976 1.5300 1.6922
1.4800 1.6109 1.4800 1.6552
1.5100 1.4325 1.5100 1.5451
1.4500 1.7297 1.4500 1.6995
1.4500 1.5016 1.4500 1.5709
1.4200 1.4267 1.4200 1.5223
1.3200 1.4498 1.3200 1.5004
1.2300 1.3501 1.2300 1.4216
1.1500 1.5763 1.1500 1.5569
1.0900 1.2766 1.0900 1.3742
1.1300 1.4343 1.1300 1.4617
1.1000 1.3443 1.1000 1.3965
1.1000 1.0962 1.1000 1.2165
1.1000 1.0722 1.1000 1.1466
1.0900 1.0232 1.0900 1.0689
1.0500 0.9890 1.0500 1.0352
1.0200 1.2358 1.0200 1.1927
0.9700 1.0308 0.9700 1.0874
0.9800 1.1036 0.9800 1.1482
0.9900 1.1287 0.9900 1.1642
1.0000 1.0933 1.0000 1.1549
1.0600 0.9875 1.0600 1.0874
1.1200 0.9883 1.1200 1.0646
1.1300 0.9094 1.1300 0.9929
1.1300 1.0416 1.1300 1.0701
1.1000 1.0468 1.1000 1.0786
1.0700 1.0475 1.0700 1.0941
1.0700 1.2278 1.0700 1.2221
1.0400 1.2865 1.0400 1.2896
1.0200 1.1683 1.0200 1.2507
1.0200 1.1565 1.0200 1.2412
1.0100 1.0705 1.0100 1.1724
0.9900 1.0418 0.9900 1.1361
1.0000 1.1068 1.0000 1.1575
0.9600 0.9993 0.9600 1.0815
1.0000 1.0009 1.0000 1.0733
1.0500 1.0560 1.0500 1.0968
1.1100 1.0198 1.1100 1.0793
1.1300 0.9750 1.1300 1.0533
1.1600 1.0610 1.1600 1.0993
1.2100 0.9082 1.2100 1.0056
1.2000 1.1290 1.2000 1.1415
1.1400 1.2024 1.1400 1.2019
1.1600 1.2663 1.1600 1.2792
1.1600 1.1923 1.1600 1.2592
1.1600 1.2576 1.1600 1.3048
1.1800 1.3593 1.1800 1.3821
1.1300 1.1932 1.1300 1.2920
1.1200 1.0329 1.1200 1.1668
1.1300 1.2495 1.1300 1.2711
1.1500 1.1895 1.1500 1.2356
1.1300 1.1655 1.1300 1.2314
1.1400 1.2425 1.1400 1.2713
1.1200 1.0318 1.1200 1.1413
1.0900 1.1225 1.0900 1.1882
1.0300 1.1877 1.0300 1.2148
0.9700 1.2137 0.9700 1.2452
0.9300 1.0931 0.9300 1.1794
0.9000 1.1864 0.9000 1.2269
0.9000 1.1016 0.9000 1.1764
0.9300 1.0448 0.9300 1.1359
0.9500 0.9424 0.9500 1.0382
1.0200 0.8945 1.0200 0.9746
1.1200 0.8967 1.1200 0.9563
1.2000 0.8797 1.2000 0.9345
1.2200 0.9369 1.2200 0.9724
1.3100 1.0345 1.3100 1.0441
1.3800 1.0292 1.3800 1.0657
1.4200 1.2132 1.4200 1.2070
1.4600 1.3836 1.4600 1.3519
1.5000 1.4015 1.5000 1.4171
1.5400 1.2765 1.5400 1.3702
1.5600 1.5538 1.5600 1.5450
1.6600 1.5677 1.6600 1.5826
1.7400 1.5070 1.7400 1.5758
1.7800 1.5561 1.7800 1.6044
1.8100 1.6030 1.8100 1.6329
1.9300 1.6314 1.9300 1.6671
1.9900 1.5933 1.9900 1.6481
2.0200 1.9019 2.0200 1.8429
2.0400 1.9090 2.0400 1.8891
2.0700 1.8251 2.0700 1.8777
2.1300 1.8528 2.1300 1.8959
2.1400 2.2286 2.1400 2.1306
2.1600 2.0842 2.1600 2.1005
2.2000 2.0221 2.2000 2.0852
2.1600 2.0518 2.1600 2.0860
1.9700 2.1157 1.9700 2.1216
2.1400 2.2397 2.1400 2.2122
2.1200 2.0896 2.1200 2.1348
2.1300 2.1488 2.1300 2.1666
2.1500 2.2578 2.1500 2.2290
2.0700 1.9766 2.0700 2.0739
2.0100 1.4915 2.0100 1.6836
1.9600 2.6442 1.9600 2.3325
1.9100 1.9764 1.9100 2.0132
1.8400 2.0214 1.8400 2.0852
1.7900 2.1580 1.7900 2.1220
1.7300 1.7982 1.7300 1.9133
1.7100 1.8352 1.7100 1.9091
1.7300 1.8154 1.7300 1.8379
1.7600 1.7362 1.7600 1.7815
1.7800 1.6228 1.7800 1.6803
1.9500 1.6283 1.9500 1.6553
1.9700 1.5497 1.9700 1.5907
1.7900 1.6263 1.7900 1.6311
1.6000 1.7457 1.6000 1.7086
1.4400 1.7848 1.4400 1.7611
1.3700 1.7745 1.3700 1.7848
1.3600 2.3604 1.3600 2.1701
1.3900 1.9323 1.3900 1.9957
1.3600 1.3093 1.3600 1.5757
1.2900 1.2689 1.2900 1.3830
1.3200 1.2020 1.3200 1.2310
1.2400 1.2505 1.2400 1.2411
1.2000 1.3026 1.2000 1.2706
1.1700 1.4172 1.1700 1.3573
1.1600 1.2456 1.1600 1.2934
1.1500 1.1196 1.1500 1.2162
1.1800 1.4185 1.1800 1.3931
1.2100 1.0682 1.2100 1.1803
1.2700 1.1161 1.2700 1.1946
1.2800 1.1275 1.2800 1.1692
1.2900 1.1526 1.2900 1.1862
1.2900 1.1332 1.2900 1.1853
1.3000 1.2630 1.3000 1.2638
1.3100 1.2909 1.3100 1.3071
1.3100 1.4175 1.3100 1.4137
1.3100 1.3051 1.3100 1.3700
1.3200 1.3218 1.3200 1.3861
1.3200 1.3087 1.3200 1.3734
1.3100 1.3392 1.3100 1.3887
1.3100 1.3415 1.3100 1.3912
1.2500 1.3131 1.2500 1.3707
1.2100 1.3151 1.2100 1.3698
1.1900 1.3520 1.1900 1.3903
1.1600 1.3234 1.1600 1.3770
1.1200 1.2880 1.1200 1.3538
1.1400 1.3179 1.1400 1.3648
1.1300 1.1216 1.1300 1.2304
1.1000 1.1390 1.1000 1.2153
1.0400 1.1680 1.0400 1.2129
1.0300 1.1022 1.0300 1.1681
1.0300 1.0411 1.0300 1.1188
1.0300 1.2095 1.0300 1.2122
1.0400 1.1234 1.0400 1.1741
1.0400 1.0416 1.0400 1.1302
1.0500 0.9468 1.0500 1.0406
1.0600 1.0490 1.0600 1.0919
1.0800 1.0647 1.0800 1.1036
1.1000 1.0511 1.1000 1.1021
1.1400 1.0874 1.1400 1.1290
1.1800 1.0710 1.1800 1.1247
1.2300 1.1048 1.2300 1.1558
1.2700 1.1157 1.2700 1.1671
1.2800 1.1561 1.2800 1.1992
1.3400 1.1736 1.3400 1.2195
1.4000 1.2582 1.4000 1.2832
1.4400 1.2942 1.4400 1.3240
1.5000 1.3630 1.5000 1.3869
1.5300 1.3767 1.5300 1.4150
1.5300 1.3133 1.5300 1.3873
1.5000 1.5009 1.5000 1.5064
1.4200 1.5526 1.4200 1.5581
1.4100 1.5238 1.4100 1.5690
1.4000 1.6393 1.4000 1.6511
1.4100 1.5948 1.4100 1.6382
1.3900 1.5153 1.3900 1.5996
1.3600 1.4215 1.3600 1.5224
1.3300 1.2518 1.3300 1.3680
1.3000 1.4021 1.3000 1.4340
1.2800 1.3770 1.2800 1.4053
1.2500 1.4140 1.2500 1.4364
1.2200 1.3229 1.2200 1.3825
1.1600 1.2821 1.1600 1.3500
1.1400 1.2645 1.1400 1.3306
1.1400 1.2358 1.1400 1.2994
1.1500 1.2371 1.1500 1.2908
1.1300 1.1825 1.1300 1.2468
1.1000 1.1559 1.1000 1.2208
1.1100 1.0447 1.1100 1.1295
1.1200 1.1150 1.1200 1.1616
1.1300 1.1616 1.1300 1.1865
1.1400 1.1830 1.1400 1.2123
1.1400 1.0921 1.1400 1.1647
1.1600 1.0518 1.1600 1.1318
1.1700 1.1663 1.1700 1.1967
1.1900 1.1687 1.1900 1.2065
1.1900 1.1675 1.1900 1.2177
1.1600 1.1820 1.1600 1.2293
1.1600 1.1629 1.1600 1.2219
1.1700 1.2307 1.1700 1.2698
1.1700 1.2143 1.1700 1.2655
1.1800 1.2537 1.1800 1.2970
1.1800 1.2068 1.1800 1.2718
1.1800 1.1084 1.1800 1.2056
1.1700 1.1879 1.1700 1.2403
1.1000 1.2195 1.1000 1.2555
1.0500 1.1824 1.0500 1.2413
1.0500 1.2171 1.0500 1.2626
1.0900 1.1984 1.0900 1.2519
1.1400 1.1978 1.1400 1.2565
1.1700 1.1660 1.1700 1.2341
1.1700 0.9757 1.1700 1.0916
1.1200 0.9865 1.1200 1.0649
1.0900 1.0919 1.0900 1.1160
1.1500 1.2058 1.1500 1.1998
1.1900 1.2622 1.1900 1.2654
1.1800 1.2461 1.1800 1.2814
1.1700 1.1866 1.1700 1.2615
1.0900 1.0381 1.0900 1.1600
1.1900 1.0662 1.1900 1.1502
1.2000 1.3305 1.2000 1.3039
1.1700 1.2936 1.1700 1.3095
1.1800 1.1503 1.1800 1.2423
1.2400 1.1669 1.2400 1.2392
1.3000 0.9619 1.3000 1.0818
1.3200 1.4663 1.3200 1.3955
1.3400 1.2361 1.3400 1.2804
1.3600 1.0876 1.3600 1.2068
1.3000 1.2313 1.3000 1.2703
1.2900 1.4182 1.2900 1.3896
1.2400 1.4428 1.2400 1.4564
1.2300 1.3558 1.2300 1.4193
1.2400 1.3934 1.2400 1.4444
1.2400 1.4238 1.2400 1.4675
1.2500 1.1678 1.2500 1.3043
1.2300 1.2839 1.2300 1.3466
1.2400 1.1491 1.2400 1.2319
1.2500 1.2169 1.2500 1.2656
1.2700 1.2741 1.2700 1.2938
1.3200 1.2410 1.3200 1.2813
1.3400 1.2757 1.3400 1.3152
1.4000 1.1921 1.4000 1.2629
1.4600 1.2790 1.4600 1.3174
1.5200 1.2885 1.5200 1.3263
1.5900 1.3236 1.5900 1.3577
1.6200 1.4447 1.6200 1.4458
1.6700 1.3855 1.6700 1.4295
1.7000 1.5441 1.7000 1.5459
1.7300 1.6043 1.7300 1.6052
1.7600 1.6519 1.7600 1.6666
1.7800 1.7464 1.7800 1.7495
1.8400 1.6718 1.8400 1.7235
1.9000 1.7780 1.9000 1.7993
1.8700 1.7564 1.8700 1.7926
1.8200 1.7787 1.8200 1.8141
1.8500 1.8085 1.8500 1.8346
1.9000 1.7985 1.9000 1.8312
1.9700 1.9630 1.9700 1.9400
2.0100 2.0102 2.0100 1.9916
2.0500 1.7263 2.0500 1.8411
2.1100 1.6631 2.1100 1.7683
2.1500 1.9318 2.1500 1.8942
2.1800 1.9938 2.1800 1.9546
2.1900 2.0781 2.1900 2.0437
2.2500 2.0380 2.2500 2.0431
2.2200 2.0963 2.2200 2.0977
2.1300 2.2217 2.1300 2.1940
2.0600 2.1922 2.0600 2.2012
2.0300 2.1907 2.0300 2.2134
2.0200 2.1554 2.0200 2.1879
1.9400 2.3613 1.9400 2.3112
1.8800 2.0571 1.8800 2.1463
1.8400 1.8454 1.8400 1.9739
1.7500 1.8834 1.7500 1.9238
1.7500 1.9318 1.7500 1.9280
1.7000 1.9339 1.7000 1.9313
1.6600 1.6633 1.6600 1.7490
1.6000 1.6903 1.6000 1.7294
1.5800 1.7137 1.5800 1.7244
1.5000 1.4960 1.5000 1.5733
1.4700 1.7219 1.4700 1.6968
1.4000 1.5325 1.4000 1.5768
1.3300 1.5137 1.3300 1.5674
1.2700 1.4353 1.2700 1.4911
1.2100 1.5161 1.2100 1.5288
1.1600 1.2961 1.1600 1.3808
1.1100 1.3827 1.1100 1.4176
1.0800 1.2368 1.0800 1.3006
1.0600 1.1703 1.0600 1.2386
1.0300 1.1504 1.0300 1.1977
1.0100 1.0877 1.0100 1.1397
1.0200 1.0604 1.0200 1.1127
1.0300 1.0143 1.0300 1.0686
1.0500 1.0275 1.0500 1.0741
1.1000 1.0339 1.1000 1.0770
1.1300 0.9820 1.1300 1.0466
1.2100 0.9915 1.2100 1.0497
1.2800 1.0763 1.2800 1.1027
1.4000 1.0818 1.4000 1.1203
1.4200 1.1207 1.4200 1.1591
1.3600 1.2434 1.3600 1.2503
1.3600 1.2223 1.3600 1.2629
1.3400 1.4171 1.3400 1.4090
1.3500 1.4603 1.3500 1.4672
1.3300 1.6920 1.3300 1.6528
1.3200 1.4553 1.3200 1.5472
1.3100 1.2161 1.3100 1.3886
1.3300 1.3987 1.3300 1.4554
1.4100 1.3186 1.4100 1.3851
1.5400 1.3702 1.5400 1.4163
1.5900 1.2751 1.5900 1.3418
1.5400 1.2963 1.5400 1.3456
1.5800 1.2926 1.5800 1.3429
1.5700 1.3836 1.5700 1.3995
1.6100 1.6034 1.6100 1.5566
1.6600 1.8417 1.6600 1.7528
1.7200 1.6657 1.7200 1.7108
1.7200 1.3813 1.7200 1.5477
1.6900 1.7050 1.6900 1.7073
1.6800 1.5511 1.6800 1.6148
1.6900 1.6855 1.6900 1.7044
1.6800 1.7605 1.6800 1.7472
1.6300 1.8346 1.6300 1.8177
1.5800 1.6729 1.5800 1.7498
1.5400 1.5868 1.5400 1.6818
1.5300 1.6517 1.5300 1.6965
1.5600 1.7031 1.5600 1.7183
1.6300 1.6176 1.6300 1.6706
1.6300 1.4680 1.6300 1.5631
1.6300 1.4473 1.6300 1.5154
1.6700 1.4368 1.6700 1.4876
1.7300 1.4920 1.7300 1.5119
1.7400 1.6115 1.7400 1.5896
1.7700 1.7715 1.7700 1.7155
1.7700 1.5786 1.7700 1.6383
1.8000 1.5997 1.8000 1.6562
1.8600 1.7679 1.8600 1.7533
1.8700 1.8589 1.8700 1.8359
1.8200 1.7127 1.8200 1.7763
1.7700 1.8117 1.7700 1.8302
1.7300 1.7434 1.7300 1.7900
1.7000 1.8491 1.7000 1.8591
1.6900 1.9816 1.6900 1.9495
1.6600 1.8368 1.6600 1.8849
1.6100 1.6381 1.6100 1.7608
1.6700 1.6345 1.6700 1.7090
1.7300 1.6217 1.7300 1.6729
1.7200 1.5977 1.7200 1.6425
1.7700 1.6299 1.7700 1.6469
1.8000 1.5448 1.8000 1.5902
1.7800 1.4522 1.7800 1.5253
1.8100 1.8132 1.8100 1.7356
1.8400 1.8451 1.8400 1.7960
1.8800 1.6231 1.8800 1.7061
1.9200 1.8682 1.9200 1.8479
1.8400 1.8535 1.8400 1.8536
1.7700 1.6796 1.7700 1.7751
1.7200 1.8629 1.7200 1.8650
1.6300 1.8899 1.6300 1.8815
1.6100 1.9321 1.6100 1.9356
1.5400 1.9707 1.5400 1.9711
1.4900 1.5808 1.4900 1.7314
1.4400 1.5961 1.4400 1.6843
1.4700 1.6106 1.4700 1.6444
1.5400 1.4046 1.5400 1.4864
1.5600 1.5367 1.5600 1.5483
1.5200 1.3473 1.5200 1.4042
1.4600 1.3442 1.4600 1.3962
1.4600 1.3141 1.4600 1.3554
1.4700 1.5372 1.4700 1.4936
1.5000 1.6886 1.5000 1.6258
1.4900 1.5593 1.4900 1.5921
1.4900 1.3857 1.4900 1.4977
1.4800 1.3290 1.4800 1.4244
1.4600 1.4813 1.4600 1.4993
1.4300 1.4886 1.4300 1.5067
1.3400 1.5456 1.3400 1.5526
1.3000 1.4367 1.3000 1.4940
1.3000 1.4774 1.3000 1.5188
1.2900 1.4514 1.2900 1.5031
1.3100 1.4026 1.3100 1.4690
1.2700 1.3495 1.2700 1.4233
1.2400 1.1465 1.2400 1.2540
1.1800 1.2282 1.1800 1.2760
1.1400 1.3147 1.1400 1.3174
1.0900 1.2553 1.0900 1.2948
1.1000 1.3468 1.1000 1.3597
1.0400 1.1716 1.0400 1.2553
1.0400 1.1778 1.0400 1.2546
0.9400 1.0761 0.9400 1.1611
0.8700 1.0762 0.8700 1.1429
0.8700 1.0095 0.8700 1.0782
0.8700 1.1450 0.8700 1.1564
0.8500 0.9272 0.8500 1.0198
0.8000 1.0627 0.8000 1.0998
0.7900 0.8565 0.7900 0.9020
0.7700 0.8568 0.7700 0.8952
0.8100 0.9274 0.8100 0.9458
0.8500 0.9133 0.8500 0.9432
0.9200 0.8470 0.9200 0.9137
0.9300 0.8180 0.9300 0.8625
0.9200 0.8485 0.9200 0.8881
0.9800 0.8352 0.9800 0.8666
1.0000 0.9527 1.0000 0.9699
1.0500 0.9911 1.0500 1.0122
1.1600 1.1203 1.1600 1.1247
1.2100 0.9970 1.2100 1.0772
1.1900 0.9482 1.1900 1.0498
1.1600 1.1774 1.1600 1.1892
1.1000 1.0936 1.1000 1.1529
1.1000 1.1932 1.1000 1.2331
1.1500 1.4504 1.1500 1.4072
1.2100 1.3419 1.2100 1.3864
1.2500 1.1502 1.2500 1.2886
1.2600 1.1280 1.2600 1.2402
1.2700 1.0271 1.2700 1.1339
1.2200 1.1385 1.2200 1.1885
1.2200 1.2921 1.2200 1.2765
1.2400 1.3526 1.2400 1.3444
1.0300 1.3388 1.0300 1.3709
1.1100 1.2906 1.1100 1.3563
1.2200 1.3143 1.2200 1.3761
1.2400 1.1268 1.2400 1.2496
1.2800 1.2457 1.2800 1.3002
1.2900 1.3107 1.2900 1.3292
1.2900 0.8262 1.2900 0.9095
1.3100 1.3415 1.3100 1.2665
1.3200 1.5277 1.3200 1.3980
1.3400 1.2448 1.3400 1.3212
1.3500 1.3568 1.3500 1.4017
1.3600 1.3431 1.3600 1.3806
1.3800 1.3081 1.3800 1.3927
1.4900 1.3736 1.4900 1.4213
1.5100 1.3531 1.5100 1.4012
1.5100 1.3894 1.5100 1.4304
1.4900 1.3754 1.4900 1.4228
1.4700 1.3854 1.4700 1.4325
1.4600 1.4310 1.4600 1.4645
1.4500 1.7624 1.4500 1.6853
1.4400 1.5284 1.4400 1.5891
1.4700 1.4813 1.4700 1.5716
1.4200 1.4468 1.4200 1.5261
1.3500 1.4303 1.3500 1.4998
1.3000 1.4338 1.3000 1.4917
1.2600 1.4162 1.2600 1.4632
1.2400 1.4031 1.2400 1.4502
1.2200 1.5359 1.2200 1.5315
1.1900 1.2783 1.1900 1.3835
1.1700 1.1931 1.1700 1.2974
1.1400 1.2162 1.1400 1.2703
1.1100 1.1829 1.1100 1.2366
1.0900 1.1932 1.0900 1.2386
1.0600 1.1728 1.0600 1.2161
1.0500 1.1235 1.0500 1.1850
1.0700 1.1365 1.0700 1.1894
1.0700 1.0880 1.0700 1.1547
1.0300 1.0596 1.0300 1.1307
0.9900 1.0677 0.9900 1.1251
0.9900 1.0157 0.9900 1.0862
1.0000 1.0533 1.0000 1.1045
1.0100 1.1444 1.0100 1.1627
1.0100 1.0915 1.0100 1.1448
1.0200 0.9612 1.0200 1.0663
1.0400 0.9457 1.0400 1.0313
1.0300 1.0381 1.0300 1.0780
1.0500 1.0587 1.0500 1.0971
1.1000 1.0578 1.1000 1.1061
1.2200 1.0397 1.2200 1.0988
1.3700 1.0797 1.3700 1.1285
1.4400 1.1231 1.4400 1.1651
1.4500 1.0393 1.4500 1.1201
1.4800 1.1300 1.4800 1.1747
1.4600 1.2514 1.4600 1.2576
1.4600 1.5229 1.4600 1.4632
1.5400 1.7282 1.5400 1.6550
1.6400 1.5836 1.6400 1.6322
1.6800 1.4619 1.6800 1.5790
1.7100 1.5783 1.7100 1.6321
1.7200 1.4252 1.7200 1.5314
1.7400 1.4611 1.7400 1.5340
1.7400 1.7430 1.7400 1.6893
1.7500 1.8632 1.7500 1.8034
1.7500 1.7209 1.7500 1.7707
1.7400 1.7502 1.7400 1.7957
1.7400 1.7331 1.7400 1.7840
1.7200 1.7755 1.7200 1.8130
1.6800 1.7120 1.6800 1.7701
1.6700 1.7461 1.6700 1.7784
1.6400 1.7192 1.6400 1.7576
1.6200 1.6810 1.6200 1.7302
1.5700 1.7116 1.5700 1.7413
1.5300 1.6376 1.5300 1.6905
1.4800 1.5472 1.4800 1.6246
1.6200 1.6272 1.6200 1.6511
1.6300 1.5392 1.6300 1.5907
1.6100 1.5407 1.6100 1.5853
1.5500 1.4226 1.5500 1.4962
1.4800 1.4154 1.4800 1.4731
1.4500 1.3521 1.4500 1.4129
1.4300 1.9710 1.4300 1.7967
1.3500 1.5954 1.3500 1.6379
1.3600 1.4958 1.3600 1.6019
1.3600 1.4118 1.3600 1.5043
1.2900 1.3379 1.2900 1.4232
1.2900 1.3906 1.2900 1.4381
1.2900 1.3719 1.2900 1.4036
1.2000 1.1520 1.2000 1.2484
1.2800 1.3859 1.2800 1.3777
1.3300 1.3610 1.3300 1.3697
1.3200 1.1104 1.3200 1.2271
1.2600 1.2979 1.2600 1.3223
1.2000 1.3069 1.2000 1.3214
1.1800 1.0032 1.1800 1.1336
1.1400 1.4907 1.1400 1.4222
1.1000 1.4598 1.1000 1.4304
1.1300 1.2648 1.1300 1.3631
1.1600 1.1311 1.1600 1.2509
1.2200 1.1097 1.2200 1.1922
1.2900 1.1690 1.2900 1.2217
1.3400 1.0649 1.3400 1.1395
1.4100 1.0214 1.4100 1.0946
1.4800 1.2232 1.4800 1.2109
1.5700 1.2452 1.5700 1.2498
1.6100 1.3624 1.6100 1.3595
1.6600 1.4605 1.6600 1.4509
1.7400 1.4595 1.7400 1.4877
1.8400 1.5812 1.8400 1.5920
1.9300 1.6514 1.9300 1.6590
1.9400 1.7815 1.9400 1.7719
1.9600 1.6840 1.9600 1.7407
1.9300 1.7664 1.9300 1.7986
1.9200 1.9315 1.9200 1.9094
1.8600 2.0630 1.8600 2.0243
1.8600 2.1047 1.8600 2.0938
1.9000 1.9003 1.9000 1.9912
1.9100 1.9800 1.9100 2.0264
1.9100 1.8259 1.9100 1.9160
1.8800 1.8659 1.8800 1.9167
1.8700 1.6767 1.8700 1.7673
1.8600 1.8327 1.8600 1.8329
1.9000 1.9687 1.9000 1.9166
1.9800 1.8651 1.9800 1.8837
2.0000 1.8459 2.0000 1.8831
2.0000 1.7610 2.0000 1.8192
1.9500 1.8160 1.9500 1.8440
1.9400 1.7995 1.9400 1.8277
1.9200 1.9626 1.9200 1.9267
1.9100 2.1344 1.9100 2.0579
1.8800 1.9684 1.8800 2.0018
1.8600 1.9349 1.8600 1.9913
1.7800 1.7827 1.7800 1.8783
1.7800 1.8953 1.7800 1.9201
1.7200 1.8322 1.7200 1.8692
1.6400 1.8325 1.6400 1.8586
1.5700 1.7506 1.5700 1.7987
1.5600 1.7672 1.5600 1.7942
1.5600 1.5494 1.5600 1.6403
1.5800 1.7608 1.5800 1.7481
1.5900 1.5348 1.5900 1.6030
1.5600 1.4169 1.5600 1.5029
1.5000 1.4068 1.5000 1.4494
1.4700 1.5300 1.4700 1.5142
1.4400 1.5291 1.4400 1.5327
1.4400 1.5889 1.4400 1.5832
1.4700 1.5798 1.4700 1.5954
1.4300 1.4564 1.4300 1.5315
1.4600 1.3495 1.4600 1.4461
1.4200 1.4025 1.4200 1.4525
1.3900 1.3640 1.3900 1.4147
1.4000 1.4259 1.4000 1.4474
1.3600 1.5276 1.3600 1.5145
1.2800 1.3051 1.2800 1.3943
1.2300 1.5270 1.2300 1.5274
1.2000 1.3172 1.2000 1.4002
1.2000 1.3092 1.2000 1.3899
1.2000 1.4328 1.2000 1.4461
1.2100 1.2565 1.2100 1.3370
1.2200 1.1066 1.2200 1.2162
1.2200 1.1472 1.2200 1.1990
1.2300 1.1511 1.2300 1.1924
1.2200 1.2050 1.2200 1.2296
1.2100 1.1995 1.2100 1.2307
1.2300 1.2373 1.2300 1.2643
1.2300 1.2532 1.2300 1.2890
1.1800 1.2311 1.1800 1.2861
1.1500 1.2679 1.1500 1.3132
1.1900 1.2107 1.1900 1.2786
1.2000 1.2011 1.2000 1.2687
1.1900 1.2965 1.1900 1.3223
1.1500 1.2409 1.1500 1.2952
1.1200 1.0730 1.1200 1.1871
1.1500 1.1071 1.1500 1.1811
1.1500 1.3174 1.1500 1.3017
1.1300 1.2304 1.1300 1.2732
1.1100 1.1643 1.1100 1.2420
0.9800 1.0759 0.9800 1.1707
0.9200 1.0833 0.9200 1.1589
0.9000 1.2516 0.9000 1.2587
0.8400 1.1630 0.8400 1.2147
0.7900 1.0905 0.7900 1.1744
0.8300 1.0898 0.8300 1.1590
0.8100 0.8578 0.8100 0.9106
0.8500 0.8933 0.8500 0.9298
0.8500 0.9171 0.8500 0.9415
0.8400 0.8413 0.8400 0.8843
0.8400 0.8270 0.8400 0.8697
0.8000 0.9750 0.8000 0.9520
0.8200 0.8414 0.8200 0.8846
0.8500 0.9787 0.8500 1.0052
0.9300 0.9070 0.9300 0.9668
0.8800 0.8731 0.8800 0.9574
0.8800 0.9013 0.8800 0.9735
0.9100 0.8266 0.9100 0.8831
0.9400 0.9246 0.9400 0.9698
0.9500 0.9769 0.9500 1.0037
0.9700 1.1529 0.9700 1.1429
1.0100 0.8231 1.0100 0.9512
1.0800 0.9334 1.0800 1.0135
1.1700 1.0498 1.1700 1.0765
1.1800 1.0561 1.1800 1.0999
1.1900 1.0066 1.1900 1.0832
1.2700 1.0595 1.2700 1.1083
1.2700 1.1480 1.2700 1.1776
1.2600 1.2773 1.2600 1.2821
1.2800 1.4024 1.2800 1.3940
1.3500 1.2146 1.3500 1.3081
1.3800 1.2363 1.3800 1.3216
1.4300 1.5010 1.4300 1.4803
1.4700 1.2808 1.4700 1.3708
1.5500 1.2376 1.5500 1.3419
1.6000 1.3548 1.6000 1.3853
1.6000 1.5371 1.6000 1.5112
1.5500 1.4390 1.5500 1.4878
1.6100 1.5390 1.6100 1.5588
1.6700 1.5658 1.6700 1.5887
1.6700 1.7417 1.6700 1.7224
1.7000 1.7015 1.7000 1.7302
1.7000 1.5701 1.7000 1.6609
1.7100 1.4190 1.7100 1.5452
1.7100 1.7786 1.7100 1.7355
1.7400 1.8036 1.7400 1.7774
1.7100 1.6092 1.7100 1.6913
1.7100 1.7464 1.7100 1.7629
1.7300 1.6835 1.7300 1.7232
1.7900 1.7095 1.7900 1.7518
1.8400 1.6831 1.8400 1.7273
1.9000 1.7903 1.9000 1.7880
1.9700 1.5933 1.9700 1.6774
2.0000 1.6833 2.0000 1.7166
1.9500 1.7629 1.9500 1.7586
1.9200 1.9082 1.9200 1.8679
1.9200 1.9122 1.9200 1.9058
1.9200 1.9997 1.9200 1.9829
1.9700 2.1032 1.9700 2.0756
2.0500 2.0187 2.0500 2.0548
2.0200 1.7616 2.0200 1.8992
1.7300 1.3014 1.7300 1.3872
1.6500 1.4831 1.6500 1.4923
1.4500 1.7831 1.4500 1.6971
1.2000 1.9273 1.2000 1.8489
1.3100 1.8938 1.3100 1.8981
1.3600 1.8251 1.3600 1.8851
1.3500 1.6068 1.3500 1.7498
1.3100 1.4782 1.3100 1.6108
1.2600 1.0683 1.2600 1.2331
1.2400 0.9498 1.2400 0.9993
1.2200 1.6398 1.2200 1.4165
1.2000 1.4513 1.2000 1.3662
1.1300 1.2306 1.1300 1.3099
1.1100 1.1952 1.1100 1.2692
1.1100 1.1746 1.1100 1.2425
1.0200 1.2182 1.0200 1.2831
1.0700 1.1837 1.0700 1.2414
1.0500 1.1566 1.0500 1.2150
1.0500 0.9931 1.0500 1.0895
1.0600 1.0897 1.0600 1.1365
1.0400 1.1388 1.0400 1.1628
1.0200 0.8781 1.0200 0.9713
1.0300 1.2145 1.0300 1.1914
1.0300 1.0371 1.0300 1.0889
1.0300 1.0627 1.0300 1.1274
1.0200 1.1137 1.0200 1.1534
1.0700 1.0275 1.0700 1.1009
1.1100 1.0055 1.1100 1.0925
1.1300 1.0933 1.1300 1.1298
1.1400 1.0636 1.1400 1.1191
1.1400 1.0572 1.1400 1.1202
1.1300 1.0306 1.1300 1.0990
1.1000 1.2218 1.1000 1.2224
1.1100 1.2292 1.1100 1.2524
1.0700 1.1907 1.0700 1.2513
1.0700 1.1869 1.0700 1.2528
1.0600 1.1720 1.0600 1.2410
1.0200 1.1363 1.0200 1.2173
1.0400 1.0589 1.0400 1.1543
1.0800 1.1647 1.0800 1.2040
1.0800 1.0040 1.0800 1.0995
1.0700 1.0954 1.0700 1.1466
1.0600 1.0689 1.0600 1.1231
1.0400 0.9554 1.0400 1.0511
1.0300 1.1196 1.0300 1.1453
1.0200 1.2060 1.0200 1.2064
1.0200 1.0953 1.0200 1.1669
1.0200 1.0694 1.0200 1.1503
1.0300 1.0768 1.0300 1.1427
1.0000 1.0323 1.0000 1.1132
0.9700 1.0412 0.9700 1.1095
0.9600 1.0313 0.9600 1.0930
0.9700 1.0524 0.9700 1.1048
1.0300 1.0521 1.0300 1.1067
1.0500 1.0851 1.0500 1.1311
1.0600 0.9647 1.0600 1.0584
1.0600 0.9416 1.0600 1.0314
1.0300 0.9852 1.0300 1.0433
1.0300 1.0346 1.0300 1.0738
1.0200 1.1985 1.0200 1.1920
1.0200 1.1192 1.0200 1.1676
1.0200 1.1071 1.0200 1.1763
0.9700 1.0990 0.9700 1.1700
0.9800 1.0027 0.9800 1.1044
1.0400 1.0707 1.0400 1.1343
1.0600 1.0360 1.0600 1.1008
1.0700 1.0510 1.0700 1.1094
1.0600 1.0525 1.0600 1.1085
1.0900 0.8963 1.0900 1.0027
1.1000 1.0453 1.1000 1.0860
1.0600 1.2211 1.0600 1.2011
1.0400 1.1252 1.0400 1.1768
1.0500 1.1108 1.0500 1.1815
1.0900 1.0750 1.0900 1.1514
1.0100 1.2008 1.0100 1.2331
0.9900 1.1535 0.9900 1.2136
0.9900 0.9905 0.9900 1.1081
0.9800 1.0310 0.9800 1.1096
1.0100 1.1174 1.0100 1.1492
1.0300 1.2097 1.0300 1.2227
1.0300 0.8641 1.0300 1.0009
1.0600 0.9830 1.0600 1.0553
1.0800 1.0464 1.0800 1.0776
1.1100 0.9902 1.1100 1.0557
1.1200 1.1045 1.1200 1.1318
1.1900 1.1084 1.1900 1.1388
1.2500 1.0581 1.2500 1.1297
1.2800 1.1642 1.2800 1.1991
1.2600 1.1616 1.2600 1.2067
1.2600 1.2054 1.2600 1.2500
1.2600 1.1686 1.2600 1.2328
1.2700 1.3814 1.2700 1.3733
1.3100 1.4083 1.3100 1.4202
1.3300 1.3517 1.3300 1.4132
1.3500 1.2218 1.3500 1.3329
1.3600 1.2883 1.3600 1.3529
1.3700 1.2854 1.3700 1.3439
1.4200 1.3038 1.4200 1.3524
1.4900 1.4112 1.4900 1.4203
1.5600 1.3761 1.5600 1.4132
1.6200 1.3949 1.6200 1.4396
1.7000 1.3881 1.7000 1.4386
1.7300 1.3990 1.7300 1.4485
1.7900 1.5458 1.7900 1.5454
1.8000 1.6535 1.8000 1.6343
1.8900 1.7073 1.8900 1.7049
2.0100 1.7409 2.0100 1.7553
2.1400 1.8798 2.1400 1.8650
2.2500 1.7733 2.2500 1.8290
2.3500 1.9165 2.3500 1.9249
2.3900 1.7939 2.3900 1.8563
2.3500 2.0966 2.3500 2.0444
2.3100 2.2794 2.3100 2.1915
2.4300 2.3995 2.4300 2.3292
2.5000 2.4486 2.5000 2.4184
2.5500 2.5374 2.5500 2.5090
2.5800 2.4172 2.5800 2.4703
2.5600 2.1708 2.5600 2.3116
2.5500 2.1720 2.5500 2.2539
2.5000 2.7465 2.5000 2.5626
2.4700 2.5758 2.4700 2.5271
2.4100 2.5407 2.4100 2.5502
2.3300 2.5706 2.3300 2.5623
2.2800 2.4282 2.2800 2.4831
2.2200 2.4611 2.2200 2.4923
2.1800 2.2941 2.1800 2.3595
2.1500 2.3226 2.1500 2.3434
2.1400 2.1804 2.1400 2.2256
2.0600 2.0590 2.0600 2.1115
2.0000 2.0989 2.0000 2.1021
1.9400 1.9995 1.9400 2.0211
1.8800 2.0034 1.8800 2.0138
1.8300 2.0032 1.8300 1.9999
1.7700 2.0454 1.7700 2.0265
1.7200 1.7819 1.7200 1.8640
1.6600 1.8054 1.6600 1.8452
1.6200 1.7612 1.6200 1.7875
1.5700 1.6862 1.5700 1.7279
1.5100 1.6611 1.5100 1.6929
1.4600 1.5793 1.4600 1.6205
1.4300 1.5590 1.4300 1.5958
1.3800 1.4840 1.3800 1.5305
1.3800 1.4922 1.3800 1.5252
1.3500 1.4209 1.3500 1.4694
1.3200 1.3454 1.3200 1.4054
1.2800 1.3308 1.2800 1.3772
1.2300 1.3480 1.2300 1.3781
1.1800 1.2466 1.1800 1.3108
1.1300 1.3725 1.1300 1.3812
1.1100 1.2686 1.1100 1.3207
1.1000 1.2389 1.1000 1.3034
1.1100 1.1903 1.1100 1.2592
1.1200 1.1276 1.1200 1.2015
1.1200 1.0876 1.1200 1.1567
1.1000 1.0416 1.1000 1.1056
1.0700 1.0829 1.0700 1.1245
1.0600 1.0940 1.0600 1.1303
1.0600 1.1472 1.0600 1.1725
1.0900 1.1586 1.0900 1.1931
1.1200 1.1377 1.1200 1.1921
1.1500 1.0772 1.1500 1.1576
1.1500 1.0321 1.1500 1.1189
1.1800 1.0727 1.1800 1.1312
1.2000 1.0914 1.2000 1.1387
1.2500 1.1831 1.2500 1.2028
1.3200 1.2087 1.3200 1.2350
1.3800 1.2364 1.3800 1.2721
1.4700 1.1696 1.4700 1.2432
1.5500 1.2769 1.5500 1.3117
1.6300 1.2709 1.6300 1.3170
1.7300 1.3826 1.7300 1.3993
1.8300 1.4959 1.8300 1.4903
1.9800 1.5209 1.9800 1.5372
2.1200 1.6834 2.1200 1.6695
2.2400 1.7357 2.2400 1.7356
2.3200 1.8077 2.3200 1.8169
2.3900 1.9604 2.3900 1.9390
2.3900 2.0515 2.3900 2.0316
2.4700 2.3252 2.4700 2.2444
2.5100 2.4201 2.5100 2.3623
2.5000 2.4729 2.5000 2.4537
2.5400 2.4545 2.5400 2.4769
2.5600 2.5156 2.5600 2.5256
2.5700 2.3198 2.5700 2.4128
2.5600 2.6443 2.5600 2.5840
2.5400 2.5400 2.5400 2.5355
2.4800 2.3652 2.4800 2.4423
2.3700 2.5888 2.3700 2.5467
2.2500 2.5396 2.2500 2.5208
2.1600 2.4988 2.1600 2.5172
2.0700 2.4451 2.0700 2.4695
1.9700 2.4094 1.9700 2.4305
1.8500 2.2433 1.8500 2.3127
1.8000 2.0425 1.8000 2.1252
1.8100 1.9377 1.8100 1.9836
1.8100 1.9217 1.8100 1.9203
1.7700 1.8051 1.7700 1.8181
1.7300 1.6759 1.7300 1.7042
1.7000 1.5330 1.7000 1.5677
1.6900 1.6513 1.6900 1.6258
1.6900 1.7967 1.6900 1.7252
1.7100 1.7360 1.7100 1.7263
1.7000 1.5970 1.7000 1.6582
1.6600 1.5954 1.6600 1.6423
1.6200 1.6073 1.6200 1.6407
1.6000 1.6390 1.6000 1.6589
1.5600 1.6539 1.5600 1.6684
1.5300 1.7227 1.5300 1.7166
1.5100 1.6322 1.5100 1.6759
1.4500 1.5244 1.4500 1.6075
1.3300 1.5053 1.3300 1.5723
1.2800 1.5411 1.2800 1.5746
1.2600 1.4368 1.2600 1.5039
1.2300 1.4333 1.2300 1.4844
1.2000 1.4462 1.2000 1.4780
1.1400 1.2897 1.1400 1.3730
1.1000 1.0782 1.1000 1.1872
1.0800 1.2002 1.0800 1.2251
1.0900 1.2272 1.0900 1.2376
1.1100 1.1459 1.1100 1.1986
1.1300 1.1224 1.1300 1.1780
1.1100 1.0202 1.1100 1.0963
1.0500 1.0368 1.0500 1.0982
1.0500 1.0612 1.0500 1.1059
1.0600 1.1332 1.0600 1.1536
1.1100 1.1702 1.1100 1.1919
1.1700 1.1900 1.1700 1.2215
1.2100 1.0818 1.2100 1.1666
1.2600 0.9552 1.2600 1.0680
1.3000 1.0951 1.3000 1.1379
1.3300 1.1205 1.3300 1.1516
1.3300 1.2423 1.3300 1.2463
1.3600 1.3219 1.3600 1.3200
1.3300 1.3125 1.3300 1.3457
1.3200 1.3915 1.3200 1.4207
1.3000 1.4114 1.3000 1.4495
1.2800 1.4112 1.2800 1.4655
1.2500 1.3373 1.2500 1.4208
1.2100 1.4459 1.2100 1.4788
1.1000 1.2630 1.1000 1.3648
1.0300 1.3029 1.0300 1.3730
0.9900 1.2661 0.9900 1.3308
0.9100 1.2398 0.9100 1.3047
0.9200 1.1849 0.9200 1.2607
0.9800 1.1276 0.9800 1.2048
1.0700 0.9118 1.0700 1.0158
1.2100 0.9354 1.2100 0.9944
1.3700 0.9520 1.3700 0.9851
1.5000 0.8634 1.5000 0.9043
1.6100 0.9718 1.6100 0.9813
1.6200 1.1533 1.6200 1.1071
1.7200 1.2915 1.7200 1.2545
1.8200 1.5443 1.8200 1.4755
2.0400 1.7548 2.0400 1.6790
2.1000 1.8003 2.1000 1.7925
2.3500 1.8641 2.3500 1.8847
2.5000 1.6286 2.5000 1.7610
2.4400 1.9834 2.4400 1.9664
2.4500 2.0660 2.4500 2.0356
2.5000 2.5653 2.5000 2.3962
2.7100 2.1470 2.7100 2.2234
2.7500 2.9596 2.7500 2.7453
2.7100 2.8117 2.7100 2.7504
2.6300 2.1235 2.6300 2.4021
2.5400 2.4650 2.5400 2.5182
2.4400 2.6464 2.4400 2.5686
2.3500 3.2155 2.3500 2.9751
2.2600 2.6648 2.2600 2.7313
2.2100 2.4508 2.2100 2.5946
2.1700 2.4033 2.1700 2.4812
2.1400 2.3017 2.1400 2.3602
2.1900 2.1634 2.1900 2.2157
2.0400 2.0789 2.0400 2.0940
1.8400 1.9797 1.8400 1.9886
