0.8000 0.8713 0.8000 0.8409
0.8400 0.8921 0.8400 0.8592
0.8900 0.8425 0.8900 0.7958
0.9600 0.8304 0.9600 0.7900
1.0200 0.8403 1.0200 0.8148
1.0600 0.8555 1.0600 0.8229
1.0600 0.9463 1.0600 0.9250
1.0300 1.0024 1.0300 0.9743
1.0500 1.0643 1.0500 1.0242
1.1100 1.1696 1.1100 1.1483
1.1800 1.1982 1.1800 1.1502
1.2000 1.1851 1.2000 1.1071
1.2000 1.0952 1.2000 1.0016
1.1800 1.0005 1.1800 0.9177
1.1700 1.1324 1.1700 1.1349
1.1500 1.2726 1.1500 1.2928
1.1400 1.3472 1.1400 1.3029
1.1300 1.2480 1.1300 1.1368
1.1200 1.2120 1.1200 1.1277
1.1000 1.1549 1.1000 1.0963
1.0900 1.1632 1.0900 1.1172
1.0600 1.1134 1.0600 1.0560
1.0500 1.1223 1.0500 1.0773
1.0400 1.1136 1.0400 1.0780
1.0400 1.1040 1.0400 1.0604
1.0400 1.0638 1.0400 1.0119
1.0500 1.0799 1.0500 1.0477
1.0600 1.0075 1.0600 0.9529
1.0800 1.0441 1.0800 1.0130
1.0900 1.0377 1.0900 1.0126
1.1000 1.0588 1.1000 1.0226
1.0900 1.0606 1.0900 1.0241
1.0800 1.0944 1.0800 1.0642
1.0500 1.1048 1.0500 1.0682
1.0200 1.1461 1.0200 1.1124
0.9800 1.1328 0.9800 1.0835
0.9500 1.1417 0.9500 1.0914
0.9200 1.0876 0.9200 1.0255
0.9000 1.0781 0.9000 1.0257
0.9000 1.0047 0.9000 0.9460
0.8900 0.9756 0.8900 0.9329
0.8800 0.9350 0.8800 0.8993
0.8600 0.9278 0.8600 0.8983
0.8500 0.9068 0.8500 0.8780
0.8200 0.9046 0.8200 0.8753
0.8000 0.9438 0.8000 0.9283
0.7700 0.9153 0.7700 0.8709
0.7800 0.9081 0.7800 0.8592
0.7900 0.8774 0.7900 0.8411
0.8100 0.8893 0.8100 0.8562
0.8300 0.8434 0.8300 0.8032
0.8600 0.8446 0.8600 0.8103
0.8900 0.8146 0.8900 0.7829
0.9300 0.8814 0.9300 0.8651
0.9800 0.8928 0.9800 0.8622
1.0100 0.9292 1.0100 0.8799
1.0200 0.9484 1.0200 0.9072
1.0400 0.9970 1.0400 0.9615
1.0700 1.0212 1.0700 0.9781
1.1200 1.0758 1.1200 1.0368
1.1500 1.1406 1.1500 1.1089
1.1700 1.1185 1.1700 1.0527
1.1900 1.0800 1.1900 1.0013
1.2000 1.1233 1.2000 1.0875
1.2300 1.1714 1.2300 1.1446
1.2500 1.2564 1.2500 1.2266
1.2900 1.2341 1.2900 1.1678
1.3200 1.2295 1.3200 1.1577
1.3300 1.2525 1.3300 1.2090
1.3200 1.2366 1.3200 1.1786
1.3000 1.3080 1.3000 1.2710
1.2900 1.3009 1.2900 1.2488
1.2900 1.3831 1.2900 1.3415
1.2900 1.3889 1.2900 1.3357
1.3100 1.3494 1.3100 1.2602
1.3200 1.2952 1.3200 1.2106
1.3200 1.2537 1.3200 1.1867
1.3000 1.2646 1.3000 1.2214
1.3000 1.2829 1.3000 1.2461
1.3000 1.2783 1.3000 1.2265
1.3100 1.3457 1.3100 1.3168
1.3100 1.3332 1.3100 1.2829
1.3100 1.3097 1.3100 1.2365
1.3100 1.2470 1.3100 1.1734
1.3000 1.2965 1.3000 1.2648
1.3000 1.2938 1.3000 1.2554
1.2800 1.3218 1.2800 1.2722
1.2600 1.2989 1.2600 1.2411
1.2100 1.3009 1.2100 1.2459
1.1500 1.3032 1.1500 1.2566
1.1100 1.2689 1.1100 1.2064
1.0700 1.2923 1.0700 1.2474
1.0500 1.2255 1.0500 1.1608
1.0400 1.2055 1.0400 1.1444
1.0200 1.0893 1.0200 1.0185
1.0100 1.0249 1.0100 0.9750
0.9900 1.0274 0.9900 1.0070
0.9800 0.9953 0.9800 0.9664
0.9700 1.0083 0.9700 0.9834
0.9600 1.0275 0.9600 1.0135
0.9600 0.9898 0.9600 0.9443
0.9500 1.0083 0.9500 0.9763
0.9400 0.9728 0.9400 0.9347
0.9100 0.9873 0.9100 0.9507
0.8900 0.9807 0.8900 0.9471
0.8600 0.9720 0.8600 0.9285
0.8500 0.9963 0.8500 0.9652
0.8500 0.9663 0.8500 0.9200
0.8700 0.9577 0.8700 0.9084
0.9200 0.8974 0.9200 0.8550
0.9700 0.9007 0.9700 0.8685
1.0100 0.8698 1.0100 0.8375
1.0100 0.8887 1.0100 0.8604
1.0100 0.9099 1.0100 0.8857
1.0000 0.9721 1.0000 0.9469
0.9900 1.0838 0.9900 1.0762
0.9900 1.1270 0.9900 1.0924
1.0100 1.1375 1.0100 1.0755
1.0200 1.0488 1.0200 0.9620
1.0500 1.0513 1.0500 0.9952
1.0700 1.0197 1.0700 0.9735
1.1000 1.0041 1.1000 0.9484
1.1300 1.0241 1.1300 0.9884
1.1300 1.0865 1.1300 1.0684
1.1200 1.0707 1.1200 1.0215
1.0800 1.1433 1.0800 1.1126
1.0500 1.1414 1.0500 1.1020
1.0000 1.1901 1.0000 1.1469
0.9600 1.2187 0.9600 1.1805
0.9400 1.1472 0.9400 1.0656
0.9300 1.1153 0.9300 1.0443
0.9200 1.0112 0.9200 0.9488
0.9200 1.0039 0.9200 0.9615
0.9200 0.9381 0.9200 0.9001
0.9200 0.9225 0.9200 0.8894
0.9100 0.9342 0.9100 0.9175
0.8900 0.9410 0.8900 0.9182
0.8800 0.9337 0.8800 0.8914
0.8600 0.9613 0.8600 0.9325
0.8500 0.9656 0.8500 0.9322
0.8300 0.9664 0.8300 0.9220
0.8300 0.9365 0.8300 0.8839
0.8300 0.8979 0.8300 0.8554
0.8400 0.9133 0.8400 0.8780
0.8500 0.8816 0.8500 0.8452
0.8500 0.8875 0.8500 0.8525
0.8300 0.8613 0.8300 0.8255
0.8200 0.8959 0.8200 0.8638
0.8400 0.8985 0.8400 0.8634
0.8600 0.9285 0.8600 0.8869
0.8800 0.9385 0.8800 0.8969
0.8900 0.9164 0.8900 0.8596
0.9000 0.8594 0.9000 0.8110
0.9100 0.8707 0.9100 0.8380
0.9200 0.9560 0.9200 0.9472
0.9200 0.9697 0.9200 0.9284
0.9100 0.9831 0.9100 0.9262
0.9100 0.9719 0.9100 0.9203
0.9000 0.9815 0.9000 0.9351
0.9000 0.9895 0.9000 0.9458
0.9000 0.9959 0.9000 0.9486
0.8900 0.9715 0.8900 0.9141
0.8800 0.9396 0.8800 0.8800
0.8900 0.9628 0.8900 0.9269
0.9000 0.9310 0.9000 0.8820
0.9100 0.9513 0.9100 0.9074
0.9400 0.9527 0.9400 0.9154
0.9800 0.9208 0.9800 0.8650
1.0300 0.9130 1.0300 0.8654
1.0600 0.9688 1.0600 0.9491
1.0600 0.9766 1.0600 0.9390
1.0500 0.9828 1.0500 0.9308
1.0400 1.0559 1.0400 1.0343
1.0400 1.1141 1.0400 1.0908
1.0400 1.1779 1.0400 1.1408
1.0500 1.1581 1.0500 1.0936
1.0700 1.0897 1.0700 1.0032
1.0800 1.0607 1.0800 0.9993
1.1000 1.0510 1.1000 1.0091
1.1100 1.0682 1.1100 1.0307
1.1100 1.0639 1.1100 1.0196
1.1000 1.0946 1.1000 1.0589
1.0800 1.1370 1.0800 1.1110
1.0700 1.1226 1.0700 1.0713
1.0800 1.1645 1.0800 1.1252
1.0900 1.1524 1.0900 1.1068
1.0800 1.1276 1.0800 1.0641
1.0600 1.0960 1.0600 1.0387
1.0500 1.0545 1.0500 0.9988
1.0500 1.0670 1.0500 1.0312
1.0500 1.1209 1.0500 1.1054
1.0300 1.1270 1.0300 1.0880
1.0100 1.0711 1.0100 1.0012
1.0000 1.0342 1.0000 0.9771
1.0000 1.0518 1.0000 1.0256
1.0000 1.0729 1.0000 1.0465
1.0100 1.0694 1.0100 1.0249
1.0200 1.0057 1.0200 0.9401
1.0100 0.9910 1.0100 0.9445
1.0000 1.0079 1.0000 0.9851
0.9900 1.0290 0.9900 1.0002
0.9900 1.0274 0.9900 0.9847
1.0000 1.0605 1.0000 1.0283
1.0000 1.0717 1.0000 1.0367
0.9900 1.0169 0.9900 0.9515
0.9600 1.0095 0.9600 0.9595
0.9400 1.0028 0.9400 0.9677
0.9300 1.0234 0.9300 0.9890
0.9300 1.0537 0.9300 1.0234
0.9300 1.0302 0.9300 0.9789
0.9200 0.9993 0.9200 0.9405
0.9100 0.9302 0.9100 0.8838
0.8900 0.9364 0.8900 0.9029
0.8500 0.9506 0.8500 0.9263
0.8300 0.9708 0.8300 0.9367
0.8300 0.9709 0.8300 0.9288
0.8400 0.9418 0.8400 0.8892
0.8500 0.9358 0.8500 0.8914
0.8500 0.8987 0.8500 0.8608
0.8300 0.8491 0.8300 0.8046
0.8100 0.8655 0.8100 0.8408
0.7900 0.8962 0.7900 0.8843
0.7900 0.9252 0.7900 0.8890
0.7900 0.9340 0.7900 0.8867
0.7900 0.9146 0.7900 0.8612
0.8000 0.8583 0.8000 0.8113
0.8000 0.8513 0.8000 0.8150
0.8100 0.8420 0.8100 0.8110
0.8100 0.8682 0.8100 0.8391
0.8200 0.8688 0.8200 0.8282
0.8300 0.8684 0.8300 0.8180
0.8200 0.9015 0.8200 0.8650
0.8200 0.8807 0.8200 0.8288
0.8100 0.9100 0.8100 0.8638
0.8100 0.8890 0.8100 0.8380
0.8300 0.9181 0.8300 0.8724
0.8500 0.9269 0.8500 0.8848
0.8800 0.8719 0.8800 0.8156
0.8800 0.8940 0.8800 0.8471
0.8700 0.8656 0.8700 0.8275
0.8700 0.8854 0.8700 0.8391
0.8700 0.9476 0.8700 0.9247
0.8800 0.9634 0.8800 0.9215
0.8800 1.0088 0.8800 0.9655
0.8700 0.9423 0.8700 0.8726
0.8600 0.9106 0.8600 0.8455
0.8600 0.9357 0.8600 0.9045
0.8600 0.9336 0.8600 0.8918
0.8700 0.9604 0.8700 0.9159
0.8500 0.9381 0.8500 0.8864
0.8500 0.9069 0.8500 0.8499
0.8400 0.9002 0.8400 0.8565
0.8500 0.9235 0.8500 0.8909
0.8400 0.9221 0.8400 0.8778
0.8200 0.9520 0.8200 0.9122
0.8000 0.8701 0.8000 0.8202
0.7900 0.9139 0.7900 0.8742
0.7800 0.8868 0.7800 0.8501
0.7800 0.9367 0.7800 0.8984
0.7900 0.8843 0.7900 0.8354
0.8100 0.8529 0.8100 0.8055
0.8200 0.8450 0.8200 0.8126
0.8000 0.8538 0.8000 0.8259
0.7900 0.8466 0.7900 0.8108
0.7800 0.8605 0.7800 0.8219
0.7800 0.8935 0.7800 0.8598
0.7700 0.9328 0.7700 0.8965
0.7700 0.9182 0.7700 0.8617
0.7800 0.8390 0.7800 0.7831
0.7900 0.8517 0.7900 0.8170
0.8000 0.8494 0.8000 0.8204
0.8000 0.8630 0.8000 0.8239
0.8100 0.8384 0.8100 0.7964
0.8100 0.8556 0.8100 0.8141
0.8100 0.8886 0.8100 0.8564
0.8100 0.8960 0.8100 0.8475
0.8300 0.9030 0.8300 0.8500
0.8500 0.8816 0.8500 0.8245
0.8700 0.9121 0.8700 0.8696
0.8800 0.8898 0.8800 0.8373
0.8700 0.8873 0.8700 0.8313
0.8600 0.8880 0.8600 0.8416
0.8400 0.9491 0.8400 0.9207
0.8200 0.9646 0.8200 0.9232
0.8100 0.9787 0.8100 0.9253
0.8100 0.9651 0.8100 0.9100
0.8200 0.9117 0.8200 0.8458
0.8300 0.9030 0.8300 0.8549
0.8300 0.8714 0.8300 0.8339
0.8300 0.8591 0.8300 0.8211
0.8200 0.8653 0.8200 0.8358
0.8100 0.8827 0.8100 0.8489
0.7900 0.9134 0.7900 0.8763
0.7800 0.9227 0.7800 0.8780
0.7800 0.9010 0.7800 0.8433
0.7800 0.9022 0.7800 0.8529
0.7800 0.8726 0.7800 0.8282
0.7700 0.8639 0.7700 0.8245
0.7700 0.8393 0.7700 0.8001
0.7600 0.8467 0.7600 0.8136
0.7600 0.8628 0.7600 0.8302
0.7700 0.8625 0.7700 0.8181
0.7700 0.8627 0.7700 0.8142
0.7700 0.8365 0.7700 0.7949
0.7700 0.8576 0.7700 0.8171
0.7900 0.8337 0.7900 0.7948
0.8300 0.8494 0.8300 0.8087
0.8800 0.8816 0.8800 0.8471
0.9200 0.8586 0.9200 0.8054
0.9400 0.8575 0.9400 0.8061
0.9600 0.8599 0.9600 0.8147
0.9900 0.9205 0.9900 0.8896
1.0100 0.9971 1.0100 0.9736
1.0200 1.0581 1.0200 1.0216
1.0300 1.0668 1.0300 1.0087
1.0500 1.0384 1.0500 0.9680
1.0800 1.0571 1.0800 1.0082
1.1100 1.1055 1.1100 1.0749
1.1200 1.0950 1.1200 1.0378
1.1300 1.0771 1.1300 1.0101
1.1300 1.0869 1.1300 1.0416
1.1400 1.1271 1.1400 1.0959
1.1500 1.1739 1.1500 1.1407
1.1600 1.1983 1.1600 1.1522
1.1600 1.1604 1.1600 1.0904
1.1600 1.1715 1.1600 1.1192
1.1700 1.1495 1.1700 1.0995
1.1800 1.1786 1.1800 1.1364
1.2000 1.1857 1.2000 1.1442
1.2000 1.1923 1.2000 1.1423
1.1900 1.1690 1.1900 1.1121
1.1700 1.1699 1.1700 1.1218
1.1500 1.2029 1.1500 1.1718
1.1300 1.2100 1.1300 1.1673
1.1100 1.2504 1.1100 1.2106
1.0900 1.2040 1.0900 1.1405
1.0600 1.1719 1.0600 1.1036
1.0500 1.1326 1.0500 1.0788
1.0500 1.1126 1.0500 1.0659
1.0400 1.0916 1.0400 1.0476
1.0300 1.0714 1.0300 1.0279
1.0300 1.0533 1.0300 1.0123
1.0300 1.0042 1.0300 0.9546
1.0500 1.0431 1.0500 1.0217
1.0500 1.0680 1.0500 1.0514
1.0500 1.0345 1.0500 0.9811
1.0400 1.0279 1.0400 0.9817
1.0400 1.0555 1.0400 1.0330
1.0500 1.0554 1.0500 1.0184
1.0700 1.1183 1.0700 1.0932
1.0800 1.0731 1.0800 1.0190
1.0900 1.0729 1.0900 1.0170
1.1000 1.0446 1.1000 0.9995
1.1100 1.0668 1.1100 1.0308
1.1200 1.0975 1.1200 1.0697
1.1200 1.1364 1.1200 1.1045
1.1200 1.1217 1.1200 1.0686
1.1000 1.1322 1.1000 1.0839
1.0700 1.1437 1.0700 1.1051
1.0400 1.1517 1.0400 1.1069
1.0400 1.1593 1.0400 1.1127
1.0600 1.1354 1.0600 1.0796
1.0700 1.1352 1.0700 1.0863
1.0700 1.0706 1.0700 1.0079
1.0800 1.0191 1.0800 0.9562
1.0800 0.9929 1.0800 0.9529
1.0900 1.0609 1.0900 1.0536
1.0900 1.1229 1.0900 1.1130
1.1000 1.1065 1.1000 1.0532
1.1200 1.0867 1.1200 1.0279
1.1300 1.1253 1.1300 1.0993
1.1400 1.1026 1.1400 1.0569
1.1500 1.1318 1.1500 1.0884
1.1600 1.1091 1.1600 1.0616
1.1900 1.1402 1.1900 1.1004
1.2000 1.1824 1.2000 1.1564
1.2000 1.1663 1.2000 1.1121
1.1900 1.1752 1.1900 1.1223
1.1900 1.1869 1.1900 1.1474
1.1900 1.1950 1.1900 1.1491
1.1700 1.2684 1.1700 1.2424
1.1300 1.2292 1.1300 1.1678
1.0800 1.2046 1.0800 1.1303
1.0700 1.1758 1.0700 1.1218
1.0800 1.1986 1.0800 1.1623
1.0900 1.1951 1.0900 1.1519
1.0800 1.1262 1.0800 1.0531
1.0600 1.0439 1.0600 0.9747
1.0400 0.9892 1.0400 0.9487
1.0300 1.0612 1.0300 1.0649
1.0400 1.1137 1.0400 1.1117
1.0500 1.1186 1.0500 1.0719
1.0300 1.0677 1.0300 1.0039
0.9900 1.0340 0.9900 0.9825
0.9400 1.0196 0.9400 0.9827
0.9100 1.0320 0.9100 1.0017
0.8900 1.0846 0.8900 1.0651
0.8900 1.0925 0.8900 1.0557
0.8800 1.0058 0.8800 0.9278
0.8900 0.9345 0.8900 0.8842
0.9100 0.8968 0.9100 0.8643
0.9400 0.9073 0.9400 0.8878
0.9700 0.9037 0.9700 0.8799
0.9800 0.9332 0.9800 0.9078
0.9900 0.9059 0.9900 0.8613
0.9900 0.9628 0.9900 0.9351
0.9900 1.0073 0.9900 0.9890
1.0000 1.0547 1.0000 1.0205
1.0100 1.0803 1.0100 1.0374
1.0200 1.0439 1.0200 0.9788
1.0300 1.0536 1.0300 1.0023
1.0400 1.0318 1.0400 0.9832
1.0500 1.0284 1.0500 0.9768
1.0400 1.0586 1.0400 1.0250
1.0300 1.0656 1.0300 1.0250
1.0200 1.0725 1.0200 1.0245
1.0000 1.0823 1.0000 1.0401
0.9800 1.0915 0.9800 1.0493
0.9700 1.0999 0.9700 1.0558
0.9600 1.0441 0.9600 0.9788
0.9400 1.0352 0.9400 0.9833
0.9300 1.0274 0.9300 0.9907
0.9300 0.9841 0.9300 0.9288
0.9300 0.9654 0.9300 0.9180
0.9200 0.9811 0.9200 0.9539
0.9000 0.9722 0.9000 0.9344
0.8800 0.9316 0.8800 0.8847
0.8700 0.9483 0.8700 0.9146
0.8600 0.9738 0.8600 0.9510
0.8600 0.9729 0.8600 0.9306
0.8500 0.9418 0.8500 0.8857
0.8400 0.9045 0.8400 0.8608
0.8300 0.8936 0.8300 0.8598
0.8300 0.9044 0.8300 0.8734
0.8300 0.8955 0.8300 0.8589
0.8600 0.9180 0.8600 0.8795
0.9000 0.8893 0.9000 0.8445
0.9600 0.8818 0.9600 0.8390
1.0100 0.8761 1.0100 0.8405
1.0500 0.8992 1.0500 0.8630
1.0900 0.8992 1.0900 0.8552
1.1500 0.9917 1.1500 0.9724
1.2100 1.0489 1.2100 1.0262
1.2600 1.1426 1.2600 1.1135
1.2700 1.1631 1.2700 1.1145
1.2700 1.1753 1.2700 1.1124
1.2800 1.2135 1.2800 1.1677
1.2900 1.3143 1.2900 1.2914
1.3200 1.3652 1.3200 1.3188
1.3400 1.3845 1.3400 1.3105
1.3600 1.3012 1.3600 1.1973
1.3800 1.2810 1.3800 1.2021
1.3900 1.3144 1.3900 1.2774
1.3900 1.3151 1.3900 1.2610
1.3700 1.3846 1.3700 1.3429
1.3400 1.3787 1.3400 1.3214
1.3200 1.3979 1.3200 1.3322
1.3100 1.4208 1.3100 1.3685
1.3100 1.4058 1.3100 1.3357
1.3200 1.3807 1.3200 1.3021
1.3300 1.3133 1.3300 1.2298
1.3200 1.2598 1.3200 1.1855
1.3000 1.2633 1.3000 1.2223
1.2700 1.2734 1.2700 1.2395
1.2500 1.2934 1.2500 1.2541
1.2300 1.3275 1.2300 1.2925
1.2200 1.3393 1.2200 1.2940
1.2100 1.2843 1.2100 1.2096
1.2000 1.2452 1.2000 1.1767
1.2000 1.1953 1.2000 1.1381
1.2000 1.1979 1.2000 1.1585
1.2100 1.1761 1.2100 1.1347
1.2100 1.1881 1.2100 1.1508
1.1900 1.1802 1.1900 1.1425
1.1700 1.1722 1.1700 1.1286
1.1400 1.1983 1.1400 1.1682
1.1200 1.1995 1.1200 1.1620
1.1000 1.2324 1.1000 1.1959
1.0900 1.2102 1.0900 1.1592
1.0900 1.1451 1.0900 1.0713
1.0900 1.1295 1.0900 1.0808
1.0800 1.0789 1.0800 1.0313
1.0600 1.0808 1.0600 1.0419
1.0400 1.0619 1.0400 1.0267
1.0300 1.0754 1.0300 1.0431
1.0200 1.1004 1.0200 1.0763
1.0100 1.1016 1.0100 1.0645
1.0000 1.0709 1.0000 1.0174
0.9900 1.0327 0.9900 0.9794
0.9800 1.0169 0.9800 0.9762
0.9700 1.0309 0.9700 1.0026
0.9700 1.0205 0.9700 0.9816
0.9600 1.0112 0.9600 0.9666
0.9400 1.0046 0.9400 0.9657
0.9200 0.9975 0.9200 0.9584
0.9100 0.9896 0.9100 0.9485
0.9000 0.9816 0.9000 0.9403
0.9000 1.0052 0.9000 0.9743
0.8900 0.9742 0.8900 0.9263
0.8800 0.9340 0.8800 0.8828
0.8800 0.9194 0.8800 0.8836
0.8900 0.9349 0.8900 0.9060
0.8900 0.9256 0.8900 0.8845
0.8700 0.9481 0.8700 0.9113
0.8400 0.9191 0.8400 0.8713
0.8200 0.9115 0.8200 0.8633
0.8200 0.9367 0.8200 0.9067
0.8300 0.9682 0.8300 0.9383
0.8500 0.9443 0.8500 0.8891
0.8700 0.8824 0.8700 0.8319
0.8800 0.8549 0.8800 0.8154
0.8800 0.8602 0.8800 0.8341
0.8600 0.8898 0.8600 0.8665
0.8500 0.9194 0.8500 0.8847
0.8400 0.9585 0.8400 0.9207
0.8400 0.9773 0.8400 0.9361
0.8300 0.9639 0.8300 0.9082
0.8300 0.9419 0.8300 0.8832
0.8300 0.8803 0.8300 0.8329
0.8400 0.8937 0.8400 0.8567
0.8500 0.8853 0.8500 0.8530
0.8600 0.9051 0.8600 0.8623
0.8600 0.8748 0.8600 0.8321
0.8700 0.8981 0.8700 0.8563
0.8600 0.9006 0.8600 0.8619
0.8600 0.9307 0.8600 0.8912
0.8400 0.9394 0.8400 0.8962
0.8300 0.9473 0.8300 0.8990
0.8300 0.9251 0.8300 0.8691
0.8300 0.9562 0.8300 0.9167
0.8300 0.9027 0.8300 0.8471
0.8300 0.9230 0.8300 0.8742
0.8200 0.8683 0.8200 0.8275
0.8300 0.8760 0.8300 0.8392
0.8300 0.8998 0.8300 0.8713
0.8200 0.8988 0.8200 0.8527
0.8100 0.8981 0.8100 0.8468
0.8000 0.9003 0.8000 0.8561
0.8200 0.8704 0.8200 0.8251
0.8200 0.9238 0.8200 0.8920
0.8200 0.9024 0.8200 0.8559
0.8200 0.8689 0.8200 0.8173
0.8100 0.8627 0.8100 0.8253
0.7900 0.8579 0.7900 0.8242
0.7800 0.9390 0.7800 0.9179
0.7800 0.8940 0.7800 0.8371
0.7900 0.8913 0.7900 0.8282
0.7900 0.8956 0.7900 0.8567
0.8000 0.8650 0.8000 0.8209
0.8100 0.8388 0.8100 0.7946
0.8100 0.8469 0.8100 0.8160
0.8000 0.8637 0.8000 0.8310
0.8000 0.8930 0.8000 0.8524
0.8000 0.8707 0.8000 0.8154
0.8000 0.9021 0.8000 0.8585
0.8000 0.9125 0.8000 0.8727
0.8100 0.8883 0.8100 0.8266
0.8200 0.8570 0.8200 0.8099
0.8300 0.8808 0.8300 0.8416
0.8400 0.8807 0.8400 0.8372
0.8500 0.8784 0.8500 0.8274
0.8500 0.8788 0.8500 0.8297
0.8500 0.9103 0.8500 0.8729
0.8600 0.9184 0.8600 0.8738
0.8600 0.9253 0.8600 0.8740
0.8600 0.9338 0.8600 0.8867
0.8600 0.9421 0.8600 0.8955
0.8500 0.9185 0.8500 0.8606
0.8400 0.9177 0.8400 0.8660
0.8300 0.9490 0.8300 0.9147
0.8200 0.9250 0.8200 0.8709
0.8200 0.9230 0.8200 0.8679
0.8200 0.9246 0.8200 0.8822
0.8100 0.8932 0.8100 0.8438
0.8100 0.8840 0.8100 0.8417
0.8200 0.8770 0.8200 0.8412
0.8200 0.8694 0.8200 0.8327
0.8300 0.8910 0.8300 0.8526
0.8400 0.8920 0.8400 0.8491
0.8600 0.8611 0.8600 0.8159
0.9000 0.8849 0.9000 0.8442
0.9300 0.9178 0.9300 0.8881
0.9600 0.8936 0.9600 0.8357
0.9900 0.9236 0.9900 0.8784
1.0200 0.9342 1.0200 0.8960
1.0500 0.9717 1.0500 0.9314
1.0700 1.0500 1.0700 1.0268
1.0800 1.0512 1.0800 1.0008
1.1000 1.0746 1.1000 1.0189
1.1100 1.1027 1.1100 1.0629
1.1300 1.1278 1.1300 1.0827
1.1400 1.1518 1.1400 1.1033
1.1400 1.1451 1.1400 1.0874
1.1400 1.1297 1.1400 1.0679
1.1400 1.1708 1.1400 1.1340
1.1400 1.1546 1.1400 1.1033
1.1300 1.1926 1.1300 1.1471
1.1300 1.1784 1.1300 1.1284
1.1200 1.1534 1.1200 1.0891
1.1100 1.1543 1.1100 1.1072
1.1100 1.1538 1.1100 1.1121
1.1100 1.1511 1.1100 1.1035
1.1100 1.1174 1.1100 1.0610
1.1000 1.1411 1.1000 1.1046
1.0900 1.1090 1.0900 1.0625
1.0800 1.0982 1.0800 1.0471
1.0700 1.1230 1.0700 1.0948
1.0700 1.1225 1.0700 1.0851
1.0700 1.1214 1.0700 1.0744
1.0600 1.0906 1.0600 1.0388
1.0400 1.0829 1.0400 1.0380
1.0300 1.0747 1.0300 1.0358
1.0200 1.0645 1.0200 1.0217
1.0000 1.0873 1.0000 1.0554
1.0000 1.0876 1.0000 1.0508
1.0100 1.0553 1.0100 1.0000
1.0300 1.0161 1.0300 0.9611
1.0500 1.0324 1.0500 1.0023
1.0600 1.0232 1.0600 0.9881
1.0700 0.9804 1.0700 0.9233
1.0800 1.0278 1.0800 1.0042
1.1000 1.0619 1.1000 1.0448
1.1100 1.1005 1.1100 1.0664
1.1200 1.1193 1.1200 1.0789
1.1200 1.1071 1.1200 1.0541
1.1200 1.1179 1.1200 1.0719
1.1100 1.1277 1.1100 1.0875
1.1000 1.1670 1.1000 1.1315
1.0900 1.1509 1.0900 1.0975
1.0800 1.1590 1.0800 1.1064
1.0700 1.1371 1.0700 1.0853
1.0600 1.1363 1.0600 1.0872
1.0500 1.1031 1.0500 1.0492
1.0400 1.0926 1.0400 1.0436
1.0300 1.0832 1.0300 1.0423
1.0200 1.0730 1.0200 1.0300
0.9900 1.0635 0.9900 1.0208
1.0000 1.0551 1.0000 1.0143
1.0000 1.0467 1.0000 1.0060
1.0100 1.0384 1.0100 0.9978
0.9900 1.0302 0.9900 0.9895
0.9700 1.0220 0.9700 0.9812
0.9600 0.9501 0.9600 0.9018
0.9500 1.0520 0.9500 1.0452
0.9300 1.0309 0.9300 1.0023
0.9200 1.0582 0.9200 1.0086
0.9100 0.9759 0.9100 0.9117
0.8900 0.9604 0.8900 0.9077
0.8700 0.9773 0.8700 0.9542
0.8700 0.9663 0.8700 0.9263
0.8700 0.9239 0.8700 0.8782
0.8600 0.9405 0.8600 0.9065
0.8400 0.9347 0.8400 0.9013
0.8200 0.8974 0.8200 0.8549
0.8100 0.8856 0.8100 0.8494
0.8100 0.9270 0.8100 0.9082
0.8400 0.9274 0.8400 0.8904
0.8900 0.8951 0.8900 0.8426
0.9300 0.8647 0.9300 0.8235
0.9400 0.8563 0.9400 0.8234
0.9100 0.8655 0.9100 0.8368
0.8800 0.8827 0.8800 0.8472
0.8600 0.9750 0.8600 0.9580
0.8400 1.0627 0.8400 1.0471
0.8200 1.0718 0.8200 1.0169
0.8200 1.0120 0.8200 0.9290
0.8200 0.8990 0.8200 0.8329
0.8300 0.8863 0.8300 0.8504
0.8300 0.8911 0.8300 0.8678
0.8200 0.8740 0.8200 0.8383
0.8200 0.8561 0.8200 0.8182
0.8300 0.8869 0.8300 0.8633
0.8600 0.8900 0.8600 0.8540
0.9100 0.9204 0.9100 0.8782
0.9800 0.9004 0.9800 0.8499
1.0600 0.8702 1.0600 0.8200
1.1300 0.8943 1.1300 0.8562
1.1700 0.9259 1.1700 0.8952
1.1700 0.9934 1.1700 0.9645
1.1600 1.0796 1.1600 1.0582
1.1600 1.1837 1.1600 1.1627
1.1900 1.2754 1.1900 1.2446
1.2300 1.3147 1.2300 1.2576
1.2800 1.2831 1.2800 1.1961
1.3400 1.1932 1.3400 1.0903
1.4200 1.1625 1.4200 1.0916
1.5100 1.1819 1.5100 1.1455
1.5900 1.2706 1.5900 1.2532
1.6500 1.3239 1.6500 1.2895
1.7000 1.3925 1.7000 1.3484
1.7200 1.4776 1.7200 1.4413
1.7500 1.6060 1.7500 1.5749
1.7500 1.7106 1.7500 1.6673
1.7500 1.7639 1.7500 1.6789
1.7500 1.7883 1.7500 1.6667
1.7800 1.8191 1.7800 1.7043
1.8200 1.7627 1.8200 1.6209
1.8700 1.8151 1.8700 1.7045
1.9100 1.7324 1.9100 1.5976
1.9400 1.7264 1.9400 1.5988
1.9800 1.7255 1.9800 1.6326
2.0200 1.8264 2.0200 1.7620
2.0600 1.8857 2.0600 1.8033
2.0900 1.9592 2.0900 1.8549
2.0900 1.9778 2.0900 1.8509
2.0700 1.9871 2.0700 1.8450
2.0300 2.0574 2.0300 1.9381
1.9700 2.0941 1.9700 1.9612
1.9100 2.1293 1.9100 1.9746
1.8400 2.1325 1.8400 1.9670
1.7700 2.0530 1.7700 1.8564
1.6800 1.9824 1.6800 1.7946
1.5700 1.8893 1.5700 1.7200
1.4700 1.7717 1.4700 1.6059
1.3600 1.7085 1.3600 1.5818
1.2600 1.6090 1.2600 1.4956
1.1600 1.5370 1.1600 1.4383
1.0700 1.3984 1.0700 1.2993
0.9600 1.2583 0.9600 1.1759
0.8900 1.2038 0.8900 1.1570
0.8600 1.1077 0.8600 1.0669
0.8500 1.0472 0.8500 1.0147
0.8200 0.9737 0.8200 0.9529
0.7700 0.9232 0.7700 0.9070
0.7500 0.8227 0.7500 0.7997
0.7700 0.8319 0.7700 0.8321
0.7900 0.8652 0.7900 0.8761
0.8000 0.8787 0.8000 0.8602
0.7900 0.8294 0.7900 0.7862
0.7700 0.7764 0.7700 0.7356
0.7800 0.8141 0.7800 0.8019
0.7900 0.8995 0.7900 0.9088
0.8000 0.9136 0.8000 0.8679
0.8000 0.8979 0.8000 0.8290
0.8000 0.8503 0.8000 0.7954
0.8200 0.8256 0.8200 0.7847
0.8400 0.8900 0.8400 0.8690
0.8600 0.8972 0.8600 0.8583
0.8800 0.9006 0.8800 0.8386
0.8900 0.8799 0.8900 0.8227
0.8900 0.8815 0.8900 0.8323
0.9000 0.9431 0.9000 0.9162
0.9200 0.9581 0.9200 0.9163
0.9700 0.9712 0.9700 0.9158
1.0200 0.9887 1.0200 0.9432
1.0700 0.9745 1.0700 0.9197
1.1200 0.9503 1.1200 0.8887
1.1500 0.9812 1.1500 0.9435
1.1600 1.0198 1.1600 0.9898
1.1700 1.1278 1.1700 1.1118
1.1700 1.1695 1.1700 1.1331
1.1600 1.2117 1.1600 1.1587
1.1400 1.2597 1.1400 1.2168
1.1400 1.2415 1.1400 1.1741
1.1500 1.2031 1.1500 1.1215
1.1600 1.2131 1.1600 1.1604
1.1500 1.1866 1.1500 1.1296
1.1300 1.1484 1.1300 1.0792
1.1100 1.1049 1.1100 1.0441
1.0900 1.1508 1.0900 1.1269
1.0700 1.1813 1.0700 1.1581
1.0700 1.1868 1.0700 1.1387
1.0700 1.1323 1.0700 1.0647
1.0900 1.0946 1.0900 1.0361
1.1000 1.0788 1.1000 1.0393
1.1200 1.0584 1.1200 1.0170
1.1600 1.0377 1.1600 0.9928
1.2000 1.0842 1.2000 1.0649
1.2100 1.0850 1.2100 1.0539
1.2000 1.1491 1.2000 1.1240
1.1800 1.1377 1.1800 1.0959
1.1600 1.1799 1.1600 1.1399
1.1600 1.2663 1.1600 1.2531
1.1700 1.3017 1.1700 1.2611
1.1900 1.2386 1.1900 1.1484
1.2200 1.1865 1.2200 1.1054
1.2300 1.1479 1.2300 1.0918
1.2200 1.1255 1.2200 1.0765
1.1900 1.1668 1.1900 1.1404
1.1700 1.1958 1.1700 1.1683
1.1500 1.2359 1.1500 1.2003
1.1400 1.2898 1.1400 1.2598
1.1300 1.2542 1.1300 1.1894
1.1400 1.1999 1.1400 1.1193
1.1600 1.1287 1.1600 1.0588
1.2000 1.1329 1.2000 1.0946
1.2300 1.1101 1.2300 1.0713
1.2700 1.1194 1.2700 1.0803
1.2800 1.1106 1.2800 1.0732
1.3000 1.1679 1.3000 1.1482
1.2900 1.2116 1.2900 1.1906
1.2800 1.2953 1.2800 1.2728
1.2500 1.3012 1.2500 1.2504
1.2300 1.3647 1.2300 1.3190
1.2200 1.3063 1.2200 1.2300
1.2400 1.3497 1.2400 1.2915
1.2600 1.2693 1.2600 1.1934
1.2600 1.2559 1.2600 1.1835
1.2500 1.1796 1.2500 1.1125
1.2200 1.1811 1.2200 1.1342
1.2300 1.1935 1.2300 1.1662
1.2400 1.2798 1.2400 1.2686
1.2500 1.2974 1.2500 1.2602
1.2600 1.2510 1.2600 1.1745
1.2600 1.2248 1.2600 1.1621
1.2500 1.1534 1.2500 1.0896
1.2300 1.2556 1.2300 1.2457
1.2200 1.2611 1.2200 1.2340
1.2100 1.2642 1.2100 1.2005
1.2100 1.2784 1.2100 1.2335
1.2100 1.2584 1.2100 1.2048
1.1900 1.2256 1.1900 1.1603
1.1600 1.1837 1.1600 1.1231
1.1300 1.1973 1.1300 1.1597
1.1000 1.1856 1.1000 1.1453
1.0900 1.2066 1.0900 1.1677
1.0600 1.2074 1.0600 1.1677
1.0400 1.1423 1.0400 1.0745
1.0200 1.0938 1.0200 1.0321
1.0100 1.0689 1.0100 1.0308
1.0200 1.0397 1.0200 0.9999
1.0300 1.0752 1.0300 1.0537
1.0400 1.0019 1.0400 0.9495
1.0200 1.0080 1.0200 0.9664
0.9900 0.9957 0.9900 0.9706
0.9600 1.0099 0.9600 0.9792
0.9300 1.0659 0.9300 1.0501
0.9000 1.0759 0.9000 1.0427
0.8900 1.0853 0.8900 1.0390
0.8900 1.0018 0.8900 0.9316
0.8800 0.9545 0.8800 0.9033
0.8800 0.9362 0.8800 0.9059
0.8700 0.9168 0.8700 0.8846
0.8800 0.8951 0.8800 0.8608
0.8800 0.9127 0.8800 0.8913
0.8900 0.9382 0.8900 0.9157
0.8800 0.9077 0.8800 0.8570
0.8500 0.9332 0.8500 0.8956
0.8400 0.9065 0.8400 0.8633
0.8500 0.9596 0.8500 0.9282
0.8800 0.9384 0.8800 0.8940
0.8900 0.9677 0.8900 0.9231
0.8900 0.9159 0.8900 0.8581
0.8900 0.8593 0.8900 0.8095
0.8800 0.8845 0.8800 0.8593
0.8800 0.9387 0.8800 0.9260
0.8800 1.0050 0.8800 0.9768
0.8800 0.9672 0.8800 0.9036
0.8800 0.9460 0.8800 0.8815
0.8700 0.9505 0.8700 0.9113
0.8700 0.9187 0.8700 0.8660
0.8600 0.9383 0.8600 0.8942
0.8600 0.9385 0.8600 0.8987
0.8700 0.9369 0.8700 0.8877
0.8900 0.9373 0.8900 0.8919
0.8800 0.9072 0.8800 0.8553
0.8600 0.9299 0.8600 0.8904
0.8400 0.8999 0.8400 0.8544
0.8400 0.9210 0.8400 0.8773
0.8500 0.9536 0.8500 0.9249
0.8500 0.9923 0.8500 0.9585
0.8400 0.9150 0.8400 0.8447
0.8600 0.8770 0.8600 0.8288
0.8900 0.8707 0.8900 0.8409
0.9500 0.9075 0.9500 0.8819
0.9900 0.9362 0.9900 0.9029
1.0300 0.9123 1.0300 0.8536
1.0500 0.8829 1.0500 0.8302
1.0300 0.9708 1.0300 0.9575
1.0300 1.0192 1.0300 0.9983
1.0500 1.1333 1.0500 1.1106
1.1100 1.1218 1.1100 1.0661
1.1600 1.1563 1.1600 1.0977
1.2000 1.1320 1.2000 1.0742
1.2600 1.0206 1.2600 0.9239
1.3400 1.0659 1.3400 1.0270
1.4200 1.1288 1.4200 1.1234
1.4500 1.2663 1.4500 1.2590
1.4400 1.2847 1.4400 1.2349
1.4300 1.2991 1.4300 1.2283
1.4300 1.4107 1.4300 1.3884
1.4500 1.5356 1.4500 1.5179
1.4700 1.6069 1.4700 1.5405
1.5000 1.5146 1.5000 1.3784
1.5200 1.4159 1.5200 1.2796
1.5400 1.4128 1.5400 1.3445
1.5500 1.4284 1.5500 1.3787
1.5800 1.4825 1.5800 1.4320
1.6200 1.4956 1.6200 1.4313
1.6300 1.5502 1.6300 1.4917
1.5900 1.5490 1.5900 1.4767
1.5100 1.5708 1.5100 1.4931
1.4300 1.5577 1.4300 1.4749
1.3800 1.6364 1.3800 1.5791
1.3500 1.6981 1.3500 1.6400
1.3400 1.6283 1.3400 1.5023
1.3400 1.4680 1.3400 1.3075
1.3700 1.2991 1.3700 1.1678
1.4500 1.2211 1.4500 1.1577
1.5200 1.2353 1.5200 1.2203
1.5800 1.2430 1.5800 1.2231
1.6100 1.2788 1.6100 1.2555
1.6500 1.3094 1.6500 1.2872
1.6600 1.4178 1.6600 1.4126
1.6500 1.6214 1.6500 1.6422
1.5900 1.6648 1.5900 1.6029
1.4800 1.7038 1.4800 1.5981
1.3700 1.6726 1.3700 1.5611
1.3000 1.7436 1.3000 1.6605
1.2800 1.6741 1.2800 1.5524
1.3000 1.6076 1.3000 1.4653
1.3600 1.4232 1.3600 1.2732
1.4300 1.2025 1.4300 1.0997
1.4800 1.1332 1.4800 1.0824
1.5000 1.1349 1.5000 1.1249
1.4900 1.1941 1.4900 1.2220
1.4900 1.3060 1.4900 1.3219
1.5000 1.4666 1.5000 1.4820
1.5000 1.5690 1.5000 1.5481
1.5000 1.5788 1.5000 1.4961
1.4800 1.5372 1.4800 1.4289
1.4700 1.4626 1.4700 1.3527
1.4600 1.4874 1.4600 1.4208
1.4500 1.5134 1.4500 1.4607
1.4400 1.4779 1.4400 1.3881
1.4300 1.4766 1.4300 1.3983
1.4200 1.4109 1.4200 1.3283
1.3900 1.4264 1.3900 1.3660
1.3600 1.4159 1.3600 1.3637
1.3400 1.4021 1.3400 1.3357
1.3100 1.3926 1.3100 1.3323
1.2700 1.3843 1.2700 1.3286
1.2100 1.3751 1.2100 1.3181
1.1400 1.2978 1.1400 1.2188
1.0800 1.2706 1.0800 1.2092
1.0300 1.2771 1.0300 1.2457
0.9800 1.2211 0.9800 1.1636
0.9200 1.1584 0.9200 1.0915
0.8900 1.0627 0.8900 1.0104
0.8700 1.0046 0.8700 0.9629
0.8800 0.9793 0.8800 0.9555
0.9000 0.9557 0.9000 0.9350
0.9500 0.9175 0.9500 0.8884
1.0000 0.8628 1.0000 0.8307
1.0400 0.8849 1.0400 0.8728
1.0900 0.8851 1.0900 0.8689
1.1300 0.9466 1.1300 0.9322
1.1600 0.9917 1.1600 0.9728
1.2000 1.1053 1.2000 1.0946
1.2200 1.1513 1.2200 1.1214
1.2500 1.1631 1.2500 1.1029
1.2800 1.2338 1.2800 1.1981
1.3100 1.2482 1.3100 1.2001
1.3200 1.2490 1.3200 1.1787
1.3200 1.3097 1.3200 1.2683
1.3300 1.2795 1.3300 1.2124
1.3400 1.3280 1.3400 1.2714
1.3500 1.3566 1.3500 1.3132
1.3500 1.3811 1.3500 1.3212
1.3500 1.3415 1.3500 1.2598
1.3500 1.3187 1.3500 1.2436
1.3500 1.3532 1.3500 1.3110
1.3300 1.3585 1.3300 1.3076
1.3200 1.3634 1.3200 1.2998
1.3100 1.3395 1.3100 1.2726
1.2900 1.3408 1.2900 1.2831
1.2600 1.3411 1.2600 1.2895
1.2300 1.3391 1.2300 1.2832
1.2000 1.2706 1.2000 1.1924
1.2000 1.2862 1.2000 1.2377
1.1900 1.2772 1.1900 1.2382
1.1800 1.2306 1.1800 1.1643
1.1600 1.1791 1.1600 1.1150
1.1300 1.1533 1.1300 1.1099
1.1100 1.1250 1.1100 1.0847
1.0900 1.1945 1.0900 1.1845
1.0800 1.1610 1.0800 1.1207
1.0700 1.1516 1.0700 1.0969
1.0600 1.1158 1.0600 1.0707
1.0800 1.0671 1.0800 1.0139
1.1100 1.0729 1.1100 1.0404
1.1500 1.0545 1.1500 1.0210
1.1700 1.0670 1.1700 1.0329
1.1900 1.0597 1.1900 1.0249
1.2000 1.0522 1.2000 1.0114
1.2100 1.1422 1.2100 1.1357
1.2200 1.1936 1.2200 1.1770
1.2000 1.2512 1.2000 1.2129
1.1800 1.2255 1.1800 1.1619
1.1400 1.2476 1.1400 1.1936
1.1100 1.2362 1.1100 1.1845
1.0700 1.2429 1.0700 1.1874
1.0500 1.2501 1.0500 1.2004
1.0500 1.1581 1.0500 1.0746
1.0300 1.1394 1.0300 1.0783
0.9800 1.0568 0.9800 1.0001
0.9000 1.0490 0.9000 1.0059
0.8500 0.9952 0.8500 0.9578
0.8500 1.0152 0.8500 0.9897
0.8700 1.0637 0.8700 1.0581
0.9000 0.9997 0.9000 0.9435
0.9400 0.9119 0.9400 0.8554
0.9900 0.8283 0.9900 0.7880
1.0400 0.8445 1.0400 0.8360
1.0800 0.9090 1.0800 0.9261
1.0900 0.9621 1.0900 0.9462
1.0900 1.0110 1.0900 0.9733
1.0900 1.0750 1.0900 1.0511
1.1100 1.1456 1.1100 1.1219
1.1300 1.1895 1.1300 1.1480
1.1600 1.2012 1.1600 1.1422
1.1800 1.1412 1.1800 1.0587
1.2000 1.1190 1.2000 1.0518
1.2100 1.1186 1.2100 1.0750
1.2400 1.1778 1.2400 1.1511
1.2500 1.1907 1.2500 1.1478
1.2800 1.2388 1.2800 1.1965
1.2900 1.2358 1.2900 1.1848
1.3000 1.2552 1.3000 1.2026
1.2800 1.2424 1.2800 1.1862
1.2500 1.3168 1.2500 1.2851
1.2300 1.2767 1.2300 1.2131
1.2400 1.3500 1.2400 1.3045
1.2600 1.3135 1.2600 1.2540
1.2800 1.3209 1.2800 1.2524
1.2800 1.2321 1.2800 1.1504
1.2800 1.1793 1.2800 1.1047
1.2900 1.1841 1.2900 1.1500
1.3000 1.2599 1.3000 1.2522
1.3100 1.2969 1.3100 1.2667
1.2900 1.3149 1.2900 1.2626
1.2700 1.2727 1.2700 1.2034
1.2500 1.2783 1.2500 1.2252
1.2500 1.3135 1.2500 1.2816
1.2500 1.3187 1.2500 1.2683
1.2400 1.3254 1.2400 1.2668
1.2300 1.2359 1.2300 1.1513
1.2200 1.2193 1.2200 1.1578
1.2000 1.2019 1.2000 1.1636
1.1800 1.2446 1.1800 1.2169
1.1700 1.2414 1.1700 1.2000
1.1500 1.2077 1.1500 1.1450
1.1300 1.2025 1.1300 1.1560
1.1100 1.1960 1.1100 1.1574
1.1100 1.1524 1.1100 1.0950
1.1400 1.1336 1.1400 1.0845
1.1900 1.1490 1.1900 1.1213
1.2300 1.1059 1.2300 1.0564
1.2400 1.0873 1.2400 1.0377
1.2300 1.0720 1.2300 1.0367
1.2200 1.1192 1.2200 1.1014
1.2300 1.2164 1.2300 1.2156
1.2400 1.3080 1.2400 1.2936
1.2500 1.3219 1.2500 1.2653
1.2500 1.2653 1.2500 1.1774
1.2300 1.2159 1.2300 1.1392
1.1900 1.2087 1.1900 1.1603
1.1500 1.2600 1.1500 1.2336
1.1400 1.2619 1.1400 1.2147
1.1500 1.2680 1.1500 1.2108
1.1700 1.2474 1.1700 1.1909
1.1700 1.1833 1.1700 1.1115
1.1600 1.1000 1.1600 1.0254
1.1600 1.0631 1.1600 1.0161
1.1800 1.1218 1.1800 1.1164
1.2000 1.1735 1.2000 1.1633
1.2100 1.2127 1.2100 1.1798
1.2000 1.1696 1.2000 1.1075
1.1900 1.1432 1.1900 1.0841
1.1900 1.1717 1.1900 1.1446
1.1800 1.2352 1.1800 1.2186
1.1800 1.2490 1.1800 1.2039
1.1800 1.2338 1.1800 1.1693
1.1700 1.1814 1.1700 1.1117
1.1600 1.1750 1.1600 1.1257
1.1600 1.1978 1.1600 1.1676
1.1500 1.1604 1.1500 1.1039
1.1300 1.1819 1.1300 1.1383
1.1000 1.1839 1.1000 1.1491
1.0900 1.1501 1.0900 1.0922
1.1000 1.1421 1.1000 1.0940
1.1200 1.1673 1.1200 1.1400
1.1400 1.1330 1.1400 1.0817
1.1200 1.0904 1.1200 1.0278
1.1000 1.0424 1.1000 0.9903
1.0900 1.0808 1.0900 1.0611
1.0900 1.1351 1.0900 1.1254
1.0800 1.1736 1.0800 1.1431
1.0700 1.1928 1.0700 1.1497
1.0900 1.0851 1.0900 1.0002
1.1200 1.0713 1.1200 1.0147
1.1400 1.0886 1.1400 1.0702
1.1300 1.1059 1.1300 1.0733
1.1200 1.0697 1.1200 1.0124
1.1200 1.0622 1.1200 1.0157
1.1300 1.1535 1.1300 1.1509
1.1400 1.2032 1.1400 1.1845
1.1500 1.1949 1.1500 1.1329
1.1500 1.1191 1.1500 1.0375
1.1400 1.1152 1.1400 1.0663
1.1200 1.1394 1.1200 1.1149
1.1000 1.1660 1.1000 1.1313
1.1000 1.1714 1.1000 1.1241
1.1000 1.1813 1.1000 1.1358
1.0900 1.1601 1.0900 1.1074
1.0900 1.1285 1.0900 1.0699
1.0900 1.0875 1.0900 1.0311
1.1000 1.0686 1.1000 1.0233
1.0900 1.1137 1.0900 1.0941
1.0800 1.1115 1.0800 1.0762
1.0600 1.0777 1.0600 1.0182
1.0500 1.1046 1.0500 1.0728
1.0400 1.1072 1.0400 1.0759
1.0300 1.1377 1.0300 1.1017
1.0200 1.0825 1.0200 1.0221
1.0100 1.0742 1.0100 1.0217
1.0100 1.0357 1.0100 0.9902
1.0000 1.0484 1.0000 1.0123
0.9800 1.0387 0.9800 1.0020
0.9600 1.0285 0.9600 0.9839
0.9400 1.0210 0.9400 0.9804
0.9400 1.0138 0.9400 0.9748
0.9400 1.0375 0.9400 1.0072
0.9700 1.0062 0.9700 0.9587
0.9900 0.9657 0.9900 0.9076
0.9900 0.9509 0.9900 0.9097
0.9800 0.9346 0.9800 0.8997
0.9900 0.9794 0.9900 0.9560
1.0000 0.9799 1.0000 0.9454
1.0100 1.0740 1.0100 1.0575
1.0200 1.0710 1.0200 1.0328
1.0300 1.0242 1.0300 0.9493
1.0100 0.9964 1.0100 0.9401
1.0000 1.0533 1.0000 1.0354
0.9900 1.0588 0.9900 1.0220
0.9900 1.0629 0.9900 1.0091
0.9900 1.0730 0.9900 1.0309
0.9700 1.0832 0.9700 1.0427
0.9500 0.9958 0.9500 0.9201
0.9300 1.0101 0.9300 0.9648
0.9100 1.0031 0.9100 0.9737
0.9000 1.0218 0.9000 0.9834
0.8900 1.0210 0.8900 0.9802
0.8900 0.9582 0.8900 0.8962
0.8900 0.9428 0.8900 0.8968
0.8900 0.9283 0.8900 0.8961
0.8800 0.9136 0.8800 0.8783
0.8800 0.9238 0.8800 0.8891
0.8700 0.9170 0.8700 0.8791
0.8800 0.9404 0.8800 0.9050
0.8700 0.9427 0.8700 0.9048
0.8700 0.9435 0.8700 0.8981
0.8700 0.9137 0.8700 0.8605
0.8700 0.9374 0.8700 0.9001
0.8700 0.9074 0.8700 0.8605
0.8700 0.9596 0.8700 0.9265
0.8700 0.9073 0.8700 0.8545
0.8800 0.9283 0.8800 0.8794
0.9000 0.9314 0.9000 0.8968
0.9100 0.9303 0.9100 0.8824
0.9100 0.9298 0.9100 0.8824
0.9100 0.9307 0.9100 0.8866
0.9000 0.9307 0.9000 0.8850
0.9000 0.9618 0.9000 0.9262
0.8900 1.0013 0.8900 0.9700
0.8900 0.9857 0.8900 0.9312
0.8900 0.9625 0.8900 0.9009
0.8800 0.9645 0.8800 0.9205
0.8700 0.9331 0.8700 0.8806
0.8600 0.9536 0.8600 0.9119
0.8600 0.9225 0.8600 0.8732
0.8700 0.9436 0.8700 0.9011
0.9100 0.9451 0.9100 0.9075
0.9700 0.9133 0.9700 0.8589
1.0500 0.9054 1.0500 0.8592
1.1000 0.8991 1.1000 0.8596
1.1200 0.9212 1.1200 0.8848
1.1200 0.9522 1.1200 0.9197
1.1300 1.0537 1.1300 1.0404
1.1700 1.1505 1.1700 1.1366
1.2000 1.2641 1.2000 1.2410
1.2300 1.2392 1.2300 1.1659
1.2400 1.1901 1.2400 1.0958
1.2600 1.1499 1.2600 1.0799
1.2700 1.1813 1.2700 1.1425
1.2800 1.2810 1.2800 1.2671
1.2800 1.2768 1.2800 1.2191
1.2700 1.3019 1.2700 1.2367
1.2400 1.2692 1.2400 1.2047
1.2000 1.3133 1.2000 1.2673
1.1800 1.2979 1.1800 1.2426
1.1700 1.3031 1.1700 1.2399
1.1600 1.2788 1.1600 1.2165
1.1700 1.2446 1.1700 1.1780
1.2000 1.1685 1.2000 1.0937
1.2300 1.1069 1.2300 1.0428
1.2600 1.1346 1.2600 1.1133
1.2500 1.1455 1.2500 1.1235
1.2200 1.1328 1.2200 1.0865
1.1400 1.1919 1.1400 1.1721
1.0600 1.2706 1.0600 1.2639
0.9900 1.2980 0.9900 1.2560
0.9400 1.3280 0.9400 1.2752
0.8900 1.2281 0.8900 1.1374
0.8500 1.1558 0.8500 1.0683
0.8200 0.9942 0.8200 0.9313
0.8100 0.9470 0.8100 0.9091
0.8200 0.9138 0.8200 0.9004
0.8400 0.8995 0.8400 0.8837
0.8600 0.8592 0.8600 0.8334
0.8700 0.8427 0.8700 0.8192
0.8700 0.8384 0.8700 0.8194
0.8700 0.8592 0.8700 0.8391
0.8700 0.9069 0.8700 0.8901
0.8700 0.9492 0.8700 0.9196
0.8600 0.9678 0.8600 0.9240
0.8500 0.9556 0.8500 0.9011
0.8300 0.9343 0.8300 0.8770
0.8300 0.9348 0.8300 0.8878
0.8200 0.9338 0.8200 0.8886
0.8100 0.9316 0.8100 0.8825
0.8000 0.8997 0.8000 0.8488
0.8000 0.8914 0.8000 0.8479
0.8200 0.8625 0.8200 0.8242
0.8600 0.8982 0.8600 0.8665
0.9200 0.8689 0.9200 0.8323
0.9900 0.8608 0.9900 0.8184
1.0800 0.8557 1.0800 0.8216
1.1800 0.8776 1.1800 0.8414
1.2300 0.9391 1.2300 0.9135
1.2500 1.0170 1.2500 0.9947
1.2400 1.1110 1.2400 1.0877
1.2200 1.1927 1.2200 1.1619
1.2100 1.3173 1.2100 1.2938
1.1900 1.4230 1.1900 1.4022
1.2000 1.3595 1.2000 1.2504
1.2000 1.3122 1.2000 1.2000
1.2000 1.2392 1.2000 1.1549
1.2000 1.1917 1.2000 1.1160
1.2100 1.1971 1.2100 1.1500
1.2400 1.1463 1.2400 1.0870
1.2900 1.2218 1.2900 1.1979
1.3500 1.1988 1.3500 1.1603
1.4200 1.1973 1.4200 1.1397
1.5100 1.2020 1.5100 1.1631
1.5900 1.2363 1.5900 1.2055
1.6300 1.3105 1.6300 1.2887
1.6000 1.4036 1.6000 1.3823
1.5300 1.4839 1.5300 1.4444
1.4800 1.5776 1.4800 1.5302
1.4600 1.7089 1.4600 1.6788
1.4700 1.7645 1.4700 1.6896
1.4900 1.7164 1.4900 1.5665
1.5300 1.5197 1.5300 1.3296
1.5700 1.3582 1.5700 1.2069
1.5800 1.3544 1.5800 1.3026
1.5800 1.3902 1.5800 1.3690
1.5900 1.4570 1.5900 1.4263
1.5900 1.4993 1.5900 1.4557
1.5800 1.5947 1.5800 1.5600
1.5700 1.6417 1.5700 1.5864
1.5600 1.5810 1.5600 1.4662
1.5600 1.5633 1.5600 1.4621
1.5500 1.6017 1.5500 1.5430
1.5300 1.5695 1.5300 1.4803
1.5000 1.5295 1.5000 1.4247
1.4700 1.5215 1.4700 1.4459
1.4500 1.5109 1.4500 1.4423
1.4000 1.5330 1.4000 1.4709
1.3100 1.4966 1.3100 1.4174
1.2300 1.4528 1.2300 1.3646
1.2000 1.4021 1.2000 1.3252
1.2300 1.3734 1.2300 1.3109
1.2700 1.3766 1.2700 1.3307
1.2800 1.2522 1.2800 1.1640
1.2700 1.0939 1.2700 1.0141
1.2600 1.0600 1.2600 1.0272
1.2700 1.1157 1.2700 1.1521
1.2900 1.2781 1.2900 1.3201
1.3000 1.3367 1.3000 1.3160
1.3100 1.2818 1.3100 1.1983
1.3100 1.2411 1.3100 1.1705
1.3000 1.2421 1.3000 1.2038
1.2800 1.2960 1.2800 1.2718
1.2600 1.3313 1.2600 1.2933
1.2500 1.3131 1.2500 1.2457
1.2600 1.3257 1.2600 1.2696
1.2700 1.3057 1.2700 1.2496
1.2800 1.2718 1.2800 1.2032
1.2700 1.2286 1.2700 1.1632
1.2600 1.2088 1.2600 1.1577
1.2200 1.2212 1.2200 1.1864
1.2100 1.2756 1.2100 1.2544
1.2000 1.2833 1.2000 1.2411
1.1900 1.2937 1.1900 1.2411
1.1600 1.2410 1.1600 1.1737
1.1600 1.2345 1.1600 1.1799
1.2000 1.1265 1.2000 1.0512
1.2500 1.1862 1.2500 1.1592
1.2900 1.1759 1.2900 1.1522
1.3000 1.1610 1.3000 1.1052
1.2900 1.0890 1.2900 1.0248
1.2700 1.1637 1.2700 1.1525
1.2500 1.2962 1.2500 1.3178
1.2400 1.3609 1.2400 1.3314
1.2400 1.3746 1.2400 1.3054
1.2400 1.3212 1.2400 1.2357
1.2400 1.2712 1.2400 1.1906
1.2500 1.2296 1.2500 1.1647
1.2700 1.2054 1.2700 1.1503
1.2700 1.2136 1.2700 1.1729
1.2600 1.2335 1.2600 1.1995
1.2500 1.2321 1.2500 1.1871
1.2300 1.2338 1.2300 1.1869
1.2200 1.2699 1.2200 1.2381
1.2000 1.3133 1.2000 1.2826
1.1700 1.2646 1.1700 1.1932
1.1400 1.2332 1.1400 1.1615
1.1000 1.2276 1.1000 1.1839
1.0700 1.1831 1.0700 1.1260
1.0400 1.1943 1.0400 1.1508
1.0300 1.1514 1.0300 1.1023
1.0300 1.0988 1.0300 1.0366
1.0400 1.0735 1.0400 1.0315
1.0400 1.0145 1.0400 0.9728
1.0500 1.0099 1.0500 0.9757
1.0600 0.9849 1.0600 0.9535
1.0700 1.0219 1.0700 1.0023
1.1000 1.0476 1.1000 1.0292
1.1400 1.0809 1.1400 1.0526
1.1600 1.0607 1.1600 1.0134
1.1600 1.0958 1.1600 1.0619
1.1600 1.1075 1.1600 1.0747
1.1500 1.1150 1.1500 1.0686
1.1500 1.1887 1.1500 1.1660
1.1400 1.2483 1.1400 1.2240
1.1200 1.2173 1.1200 1.1461
1.0900 1.1724 1.0900 1.0933
1.0500 1.1769 1.0500 1.1314
1.0100 1.1425 1.0100 1.0894
0.9800 1.1608 0.9800 1.1160
0.9700 1.1263 0.9700 1.0755
0.9800 1.0829 0.9800 1.0204
0.9900 1.0340 0.9900 0.9802
0.9900 0.9801 0.9900 0.9392
0.9900 0.9551 0.9900 0.9210
0.9800 0.9477 0.9800 0.9216
0.9700 0.9734 0.9700 0.9585
0.9600 1.0292 0.9600 1.0162
0.9500 1.0398 0.9500 1.0043
0.9300 1.0198 0.9300 0.9664
0.9200 1.0244 0.9200 0.9835
0.8900 0.9950 0.8900 0.9474
0.8600 0.9850 0.8600 0.9364
0.8400 0.9762 0.8400 0.9351
0.8400 0.9667 0.8400 0.9232
0.8400 0.9264 0.8400 0.8818
0.8500 0.9415 0.8500 0.9056
0.8500 0.8857 0.8500 0.8456
0.8400 0.8678 0.8400 0.8295
0.8400 0.8703 0.8400 0.8466
0.8400 0.9020 0.8400 0.8813
0.8400 0.9021 0.8400 0.8601
0.8500 0.9340 0.8500 0.8946
0.8500 0.9149 0.8500 0.8671
0.8400 0.8847 0.8400 0.8320
0.8400 0.9089 0.8400 0.8719
0.8300 0.9096 0.8300 0.8698
0.8300 0.9072 0.8300 0.8547
0.8400 0.9385 0.8400 0.9015
0.8400 0.9167 0.8400 0.8655
0.8500 0.8847 0.8500 0.8316
0.8500 0.9089 0.8500 0.8719
0.8300 0.8788 0.8300 0.8371
0.8000 0.8989 0.8000 0.8522
0.7600 0.9314 0.7600 0.9012
0.7700 0.9081 0.7700 0.8527
0.8200 0.9382 0.8200 0.8940
0.8600 0.9180 0.8600 0.8706
0.8900 0.8600 0.8900 0.8095
0.9000 0.8320 0.9000 0.7910
0.9000 0.7984 0.9000 0.7644
0.8900 0.8754 0.8900 0.8702
0.8800 1.0081 0.8800 1.0186
0.8600 1.0137 0.8600 0.9558
0.8800 1.0149 0.8800 0.9459
0.8900 0.9846 0.8900 0.9271
0.9100 0.9626 0.9100 0.9037
0.9100 0.9294 0.9100 0.8716
0.8900 0.9179 0.8900 0.8705
0.8800 0.8832 0.8800 0.8425
0.8800 0.9825 0.8800 0.9711
0.8900 0.9692 0.8900 0.9322
0.9000 1.0046 0.9000 0.9531
0.9000 0.9630 0.9000 0.9078
0.8900 0.9013 0.8900 0.8439
0.8800 0.9168 0.8800 0.8785
0.8700 0.9397 0.8700 0.9136
0.8600 0.9668 0.8600 0.9279
0.8600 0.9745 0.8600 0.9295
0.8800 0.9529 0.8800 0.8979
0.9000 0.9233 0.9000 0.8666
0.9000 0.9162 0.9000 0.8711
0.8800 0.9075 0.8800 0.8662
0.8700 0.8977 0.8700 0.8567
0.8700 0.9203 0.8700 0.8839
0.8700 0.9833 0.8700 0.9627
0.8600 0.9997 0.8600 0.9600
0.8500 0.9533 0.8500 0.8829
0.8500 0.8932 0.8500 0.8383
0.8700 0.9101 0.8700 0.8748
0.8900 0.9321 0.8900 0.9039
0.9100 0.9282 0.9100 0.8787
0.9200 0.8965 0.9200 0.8448
0.9200 0.8905 0.9200 0.8474
0.9100 0.9152 0.9100 0.8838
0.9000 0.9767 0.9000 0.9539
0.9100 0.9922 0.9100 0.9503
0.9200 1.0080 0.9200 0.9577
0.9200 0.9957 0.9200 0.9434
0.8900 0.9734 0.8900 0.9159
0.8600 0.9419 0.8600 0.8845
0.8400 0.9324 0.8400 0.8845
0.8300 0.9851 0.8300 0.9610
0.8200 0.9919 0.8200 0.9533
0.8100 0.9669 0.8100 0.9052
0.8100 0.8816 0.8100 0.8293
0.8100 0.8690 0.8100 0.8334
0.8300 0.8740 0.8300 0.8514
0.8500 0.8786 0.8500 0.8491
0.8900 0.8678 0.8900 0.8306
0.9400 0.8592 0.9400 0.8223
0.9800 0.8830 0.9800 0.8490
1.0200 0.8849 1.0200 0.8431
1.0400 0.9461 1.0400 0.9155
1.0300 0.9638 1.0300 0.9256
0.9700 1.0407 0.9700 1.0093
0.9600 1.1064 0.9600 1.0801
0.9500 1.1156 0.9500 1.0592
1.0100 1.1499 1.0100 1.0977
1.0200 1.1232 1.0200 1.0614
1.0600 1.0433 1.0600 0.9556
1.0700 0.9014 1.0700 0.8365
1.2400 1.0918 1.2400 1.0372
1.2400 1.0722 1.2400 1.0253
1.2100 1.1069 1.2100 1.0903
1.2400 1.1730 1.2400 1.1613
1.2500 1.2203 1.2500 1.1899
1.2800 1.3776 1.2800 1.3738
1.3200 1.3120 1.3200 1.2352
1.3900 1.2428 1.3900 1.1308
1.4700 1.1540 1.4700 1.0749
1.5200 1.3238 1.5200 1.3387
1.5300 1.2756 1.5300 1.2273
1.5000 1.3406 1.5000 1.2764
1.4800 1.4093 1.4800 1.3882
1.4300 1.5492 1.4300 1.5321
1.4100 1.6502 1.4100 1.6054
1.4100 1.6261 1.4100 1.5146
1.4500 1.5453 1.4500 1.4063
1.4900 1.4260 1.4900 1.2973
1.5000 1.4303 1.5000 1.3607
1.4900 1.2968 1.4900 1.2010
1.4200 1.3403 1.4200 1.2887
1.3500 1.3868 1.3500 1.3764
1.3200 1.5172 1.3200 1.5072
1.3600 1.5563 1.3600 1.5070
1.3800 1.4973 1.3800 1.3900
1.3700 1.4503 1.3700 1.3532
1.3300 1.2415 1.3300 1.1112
1.3000 1.1733 1.3000 1.1020
1.2800 1.2367 1.2800 1.2465
1.2600 1.4303 1.2600 1.4729
1.2400 1.3923 1.2400 1.3297
1.2300 1.3160 1.2300 1.2048
1.2300 1.2252 1.2300 1.1486
1.2400 1.2276 1.2400 1.1929
1.2200 1.2264 1.2200 1.1952
1.1700 1.1989 1.1700 1.1457
1.1500 1.1794 1.1500 1.1304
1.1400 1.1976 1.1400 1.1704
1.1100 1.2231 1.1100 1.1978
1.0500 1.2562 1.0500 1.2247
1.0000 1.1676 1.0000 1.0914
1.0200 1.0540 1.0200 0.9766
1.0600 1.1116 1.0600 1.1025
1.1400 1.1235 1.1400 1.1137
1.2800 1.0414 1.2800 0.9701
1.4700 0.9474 1.4700 0.8909
1.6400 0.9342 1.6400 0.9107
1.7300 1.0877 1.7300 1.1375
1.7400 1.1655 1.7400 1.1688
1.7100 1.3260 1.7100 1.3126
1.6600 1.5584 1.6600 1.6078
1.6500 1.7876 1.6500 1.8215
1.6500 1.8975 1.6500 1.8513
1.6700 1.8561 1.6700 1.7201
1.6800 1.7756 1.6800 1.5447
1.6800 1.6585 1.6800 1.4857
1.6900 1.5440 1.6900 1.4025
1.7000 1.6110 1.7000 1.5451
1.7100 1.6157 1.7100 1.5514
1.7000 1.6760 1.7000 1.6030
1.6800 1.6653 1.6800 1.5807
1.6600 1.6467 1.6600 1.5469
1.6300 1.6886 1.6300 1.6176
1.5600 1.6978 1.5600 1.6181
1.5100 1.7040 1.5100 1.6057
1.4700 1.6439 1.4700 1.5278
1.4400 1.6014 1.4400 1.4930
1.3900 1.5831 1.3900 1.5007
1.3100 1.5245 1.3100 1.4321
1.2600 1.3525 1.2600 1.2213
1.2200 1.3570 1.2200 1.3021
1.2200 1.3419 1.2200 1.3196
1.2200 1.3291 1.2200 1.2800
1.2200 1.2331 1.2200 1.1600
1.2200 1.1027 1.2200 1.0348
1.2100 1.1229 1.2100 1.1150
1.2200 1.1091 1.2200 1.1061
1.2400 1.1984 1.2400 1.1957
1.2700 1.2019 1.2700 1.1795
1.2900 1.2065 1.2900 1.1609
1.3200 1.2154 1.3200 1.1799
1.3500 1.1868 1.3500 1.1373
1.3700 1.2443 1.3700 1.2166
1.3700 1.2865 1.3700 1.2632
1.3800 1.3354 1.3800 1.2948
1.3900 1.3315 1.3900 1.2714
1.4200 1.3871 1.4200 1.3423
1.4500 1.4180 1.4500 1.3721
1.4600 1.4112 1.4600 1.3370
1.4700 1.3634 1.4700 1.2752
1.4500 1.3993 1.4500 1.3474
1.4400 1.4068 1.4400 1.3566
1.3900 1.4788 1.3900 1.4340
1.3400 1.5060 1.3400 1.4504
1.3100 1.4663 1.3100 1.3721
1.3000 1.4808 1.3000 1.4081
1.3100 1.3901 1.3100 1.2977
1.3000 1.4028 1.3000 1.3341
1.2900 1.2550 1.2900 1.1592
1.2900 1.2036 1.2900 1.1253
1.3200 1.2243 1.3200 1.2104
1.3500 1.2568 1.3500 1.2411
1.3800 1.3104 1.3800 1.2858
1.4000 1.2560 1.4000 1.1936
1.4100 1.2529 1.4100 1.1975
1.4100 1.2839 1.4100 1.2603
1.3900 1.3828 1.3900 1.3724
1.3700 1.4077 1.3700 1.3615
1.3400 1.4364 1.3400 1.3719
1.3100 1.4375 1.3100 1.3721
1.2800 1.4261 1.2800 1.3525
1.2500 1.4024 1.2500 1.3262
1.2300 1.3330 1.2300 1.2453
1.2100 1.3121 1.2100 1.2455
1.2000 1.2569 1.2000 1.1949
1.1800 1.2244 1.1800 1.1659
1.1600 1.1951 1.1600 1.1493
1.1500 1.1661 1.1500 1.1218
