1.1200 1.0577 1.1200 1.0949
1.1100 1.1367 1.1100 1.1763
1.0700 1.1674 1.0700 1.2102
1.0100 1.1707 1.0100 1.2161
0.9800 1.1125 0.9800 1.1552
0.9600 1.1449 0.9600 1.1852
0.9400 1.1252 0.9400 1.1596
0.9200 1.0885 0.9200 1.1184
0.9100 0.9926 0.9100 1.0142
0.9000 0.9279 0.9000 0.9141
0.8800 0.9480 0.8800 0.9437
0.8600 0.9449 0.8600 0.9403
0.8300 0.9240 0.8300 0.9173
0.7800 0.9082 0.7800 0.9057
0.7600 0.9129 0.7600 0.9249
0.7500 0.9062 0.7500 0.9205
0.7400 0.8792 0.7400 0.8846
0.7300 0.8665 0.7300 0.8693
0.7200 0.8369 0.7200 0.8249
0.7200 0.7827 0.7200 0.7608
0.7200 0.8036 0.7200 0.7805
0.7200 0.8077 0.7200 0.7897
0.7100 0.7952 0.7100 0.7797
0.7000 0.7870 0.7000 0.7770
0.7000 0.7803 0.7000 0.7753
0.6900 0.7913 0.6900 0.7973
0.6800 0.7908 0.6800 0.7993
0.6600 0.7894 0.6600 0.8004
0.6500 0.7725 0.6500 0.7754
0.6500 0.7665 0.6500 0.7671
0.6500 0.7784 0.6500 0.7857
0.6400 0.7607 0.6400 0.7575
0.6500 0.7531 0.6500 0.7474
0.6500 0.7310 0.6500 0.7180
0.6500 0.7349 0.6500 0.7217
0.6500 0.7458 0.6500 0.7401
0.6500 0.7435 0.6500 0.7401
0.6400 0.7254 0.6400 0.7153
0.6400 0.7527 0.6400 0.7630
0.6500 0.7432 0.6500 0.7483
0.6600 0.7411 0.6600 0.7466
0.6400 0.7426 0.6400 0.7490
0.6500 0.7425 0.6500 0.7491
0.6600 0.7261 0.6600 0.7214
0.6600 0.7365 0.6600 0.7382
0.6700 0.7540 0.6700 0.7658
0.6700 0.7586 0.6700 0.7743
0.6800 0.7139 0.6800 0.7054
0.7100 0.7523 0.7100 0.7666
0.7400 0.7618 0.7400 0.7786
0.7500 0.7473 0.7500 0.7557
0.7600 0.7648 0.7600 0.7841
0.7600 0.7552 0.7600 0.7691
0.7600 0.7717 0.7600 0.7942
0.7600 0.8316 0.7600 0.8592
0.7500 0.8560 0.7500 0.8871
0.7500 0.8270 0.7500 0.8597
0.7500 0.8381 0.7500 0.8710
0.7600 0.8227 0.7600 0.8527
0.7600 0.8194 0.7600 0.8466
0.7700 0.8181 0.7700 0.8426
0.7700 0.8001 0.7700 0.8115
0.7500 0.8111 0.7500 0.8280
0.7500 0.8117 0.7500 0.8283
0.7700 0.8321 0.7700 0.8546
0.8100 0.8162 0.8100 0.8376
0.8400 0.8412 0.8400 0.8662
0.8600 0.8254 0.8600 0.8499
0.8700 0.7881 0.8700 0.7926
0.8800 0.8120 0.8800 0.8290
0.9000 0.8627 0.9000 0.8848
0.9100 0.9292 0.9100 0.9572
0.9000 0.9360 0.9000 0.9694
0.9200 0.9368 0.9200 0.9740
0.9400 0.9317 0.9400 0.9686
0.9400 0.9409 0.9400 0.9758
0.9600 0.9754 0.9600 1.0090
1.0100 0.9618 1.0100 0.9937
1.0400 0.9125 1.0400 0.9416
1.0400 0.9895 1.0400 1.0192
1.0400 1.0079 1.0400 1.0377
1.0400 0.9619 1.0400 0.9920
1.0500 1.0210 1.0500 1.0529
1.0800 1.1288 1.0800 1.1654
1.1000 1.1095 1.1000 1.1498
1.1300 1.0473 1.1300 1.0875
1.1400 1.0556 1.1400 1.0926
1.1700 1.0578 1.1700 1.0899
1.1800 1.0799 1.1800 1.1098
1.2100 1.1438 1.2100 1.1757
1.2400 1.1391 1.2400 1.1735
1.2500 1.1859 1.2500 1.2253
1.2600 1.1580 1.2600 1.1972
1.2800 1.2257 1.2800 1.2677
1.3000 1.1946 1.3000 1.2341
1.3100 1.2591 1.3100 1.3011
1.3200 1.2890 1.3200 1.3316
1.3500 1.2502 1.3500 1.2926
1.3800 1.2613 1.3800 1.3028
1.3600 1.3047 1.3600 1.3451
1.2900 1.3185 1.2900 1.3588
1.2800 1.3020 1.2800 1.3418
1.2300 1.3128 1.2300 1.3522
1.2400 1.3862 1.2400 1.4276
1.3800 1.4102 1.3800 1.4539
1.5600 1.2767 1.5600 1.3164
1.6600 1.1121 1.6600 1.1397
1.6900 1.2443 1.6900 1.2655
1.7500 1.1085 1.7500 1.1171
1.6500 1.2278 1.6500 1.2420
1.7000 1.6546 1.7000 1.6906
1.8300 1.9045 1.8300 1.9759
1.9300 1.7931 1.9300 1.8906
2.0100 1.6836 2.0100 1.7864
2.0500 1.8527 2.0500 1.9511
2.1100 1.3681 2.1100 1.4294
2.1500 1.7651 2.1500 1.8220
2.1600 2.0994 2.1600 2.1555
2.1800 2.0499 2.1800 2.1278
2.1700 2.0784 2.1700 2.1745
2.1900 2.0518 2.1900 2.1492
2.2200 2.1726 2.2200 2.2700
2.2500 2.1526 2.2500 2.2406
2.2300 2.0690 2.2300 2.1483
2.2400 2.1231 2.2400 2.1957
2.2600 2.0346 2.2600 2.0961
2.2900 2.1281 2.2900 2.1882
2.3100 2.1828 2.3100 2.2418
2.3300 2.1970 2.3300 2.2610
2.3300 2.0438 2.3300 2.1041
2.3500 2.1491 2.3500 2.2094
2.3600 2.2007 2.3600 2.2577
2.3800 2.2364 2.3800 2.2979
2.4000 2.2247 2.4000 2.2891
2.4100 2.2487 2.4100 2.3161
2.4200 2.1987 2.4200 2.2636
2.4200 2.2751 2.4200 2.3402
2.4200 2.2556 2.4200 2.3177
2.4200 2.2950 2.4200 2.3594
2.4300 2.3160 2.4300 2.3812
2.4400 2.2949 2.4400 2.3608
2.4500 2.3073 2.4500 2.3729
2.4500 2.2824 2.4500 2.3450
2.4600 2.2820 2.4600 2.3423
2.4400 2.2830 2.4400 2.3407
2.3300 2.3180 2.3300 2.3759
2.3300 2.3240 2.3300 2.3830
2.3900 2.3311 2.3900 2.3922
2.4500 2.3052 2.4500 2.3661
2.5100 2.3458 2.5100 2.4075
2.5600 2.2430 2.5600 2.2995
2.5600 1.8961 2.5600 1.9341
2.5700 2.2244 2.5700 2.2598
2.5900 2.4401 2.5900 2.4782
2.6100 2.4355 2.6100 2.4955
2.6000 2.4944 2.6000 2.5746
2.6100 2.5392 2.6100 2.6304
2.6100 2.4046 2.6100 2.4933
2.5700 2.4552 2.5700 2.5377
2.4800 2.5088 2.4800 2.5827
2.5100 2.5095 2.5100 2.5814
2.5400 2.4085 2.5400 2.4763
2.5400 2.4858 2.5400 2.5530
2.5400 2.4603 2.5400 2.5233
2.5400 2.2997 2.5400 2.3560
2.5100 2.0896 2.5100 2.1296
2.5100 2.4763 2.5100 2.5175
2.5500 2.4787 2.5500 2.5223
2.5600 2.3500 2.5600 2.4070
2.5600 2.3799 2.5600 2.4421
2.5500 2.4002 2.5500 2.4620
2.5200 2.2799 2.5200 2.3358
2.5100 2.3681 2.5100 2.4224
2.4900 2.5196 2.4900 2.5774
2.4700 2.4202 2.4700 2.4829
2.4600 2.3932 2.4600 2.4603
2.4600 2.3774 2.4600 2.4407
2.4500 2.2947 2.4500 2.3506
2.4300 2.3430 2.4300 2.3945
2.3800 2.2931 2.3800 2.3390
2.2500 2.2669 2.2500 2.3122
2.2000 2.2907 2.2000 2.3359
2.1700 2.3169 2.1700 2.3644
2.2000 2.2741 2.2000 2.3233
2.2100 2.2301 2.2100 2.2791
2.2100 2.1086 2.2100 2.1504
2.2000 1.7800 2.2000 1.8009
2.1800 1.9693 2.1800 1.9817
2.1400 1.9901 2.1400 1.9947
2.0900 2.1398 2.0900 2.1620
2.0400 2.0898 2.0400 2.1253
2.0000 2.0680 2.0000 2.1169
1.9500 2.0532 1.9500 2.1044
1.8800 2.0136 1.8800 2.0613
1.8600 1.9226 1.8600 1.9622
1.8300 1.8529 1.8300 1.8830
1.8200 1.8100 1.8200 1.8316
1.8000 1.7967 1.8000 1.8137
1.7800 1.7201 1.7800 1.7334
1.7400 1.6054 1.7400 1.6141
1.7200 1.7212 1.7200 1.7326
1.7100 1.6649 1.7100 1.6764
1.7200 1.6942 1.7200 1.7143
1.7200 1.6589 1.7200 1.6820
1.7000 1.6421 1.7000 1.6689
1.6700 1.5617 1.6700 1.5855
1.6400 1.5954 1.6400 1.6188
1.5800 1.6111 1.5800 1.6342
1.5400 1.6612 1.5400 1.6900
1.5100 1.6351 1.5100 1.6681
1.4800 1.5702 1.4800 1.6044
1.4400 1.5278 1.4400 1.5587
1.4200 1.5051 1.4200 1.5306
1.4200 1.3770 1.4200 1.3929
1.3800 1.3878 1.3800 1.3992
1.3700 1.3865 1.3700 1.3945
1.3600 1.3509 1.3600 1.3600
1.3100 1.2927 1.3100 1.3020
1.3100 1.3256 1.3100 1.3376
1.3000 1.3727 1.3000 1.3891
1.2800 1.2416 1.2800 1.2574
1.2200 1.3030 1.2200 1.3227
1.1900 1.3035 1.1900 1.3226
1.1400 1.1624 1.1400 1.1782
1.1000 1.2763 1.1000 1.2950
1.0000 1.2510 1.0000 1.2680
0.9100 1.1992 0.9100 1.2189
0.8900 1.0709 0.8900 1.0816
0.9300 1.1119 0.9300 1.1230
0.9600 1.0371 0.9600 1.0322
0.9200 1.0163 0.9200 1.0076
0.9100 0.8801 0.9100 0.8424
0.9100 0.8338 0.9100 0.7946
0.9000 0.9066 0.9000 0.8653
0.9100 1.0190 0.9100 1.0167
0.9200 1.0165 0.9200 1.0302
0.9200 0.8706 0.9200 0.8732
0.9200 0.9192 0.9200 0.9432
0.9100 0.9497 0.9100 0.9707
0.9000 0.9080 0.9000 0.9275
0.9000 0.9526 0.9000 0.9739
0.9100 0.9660 0.9100 0.9893
0.8600 0.9445 0.8600 0.9702
0.7900 0.9468 0.7900 0.9730
0.7600 0.9215 0.7600 0.9456
0.8200 0.9115 0.8200 0.9338
0.9200 0.9308 0.9200 0.9520
1.0200 0.9571 1.0200 0.9796
1.0700 0.8305 1.0700 0.8158
1.1400 0.7656 1.1400 0.7455
1.2200 0.7983 1.2200 0.7735
1.0900 0.9744 1.0900 0.9848
1.3000 1.1302 1.3000 1.1586
1.4900 1.2164 1.4900 1.2675
1.6200 1.1741 1.6200 1.2374
1.7200 1.2931 1.7200 1.3648
1.7000 1.3964 1.7000 1.4693
1.6900 0.8795 1.6900 0.8792
1.6900 1.7463 1.6900 1.8136
1.7400 1.9094 1.7400 1.9843
1.8000 1.8030 1.8000 1.9122
1.8200 1.8785 1.8200 1.9984
1.8100 1.6071 1.8100 1.7093
1.8300 1.6265 1.8300 1.7096
1.8300 1.6553 1.8300 1.7107
1.8200 1.7936 1.8200 1.8440
1.8100 1.8565 1.8100 1.9115
1.7700 1.7677 1.7700 1.8279
1.7300 1.6979 1.7300 1.7568
1.7000 1.8088 1.7000 1.8650
1.6600 1.7523 1.6600 1.8010
1.6300 1.7049 1.6300 1.7498
1.6400 1.7033 1.6400 1.7434
1.6200 1.5930 1.6200 1.6250
1.6100 1.5567 1.6100 1.5822
1.6000 1.5581 1.6000 1.5775
1.6000 1.4911 1.6000 1.5060
1.5900 1.4851 1.5900 1.4997
1.5500 1.5934 1.5500 1.6135
1.5200 1.4971 1.5200 1.5193
1.5200 1.5102 1.5200 1.5381
1.5000 1.5139 1.5000 1.5418
1.4800 1.5346 1.4800 1.5652
1.4600 1.5000 1.4600 1.5305
1.4200 1.3939 1.4200 1.4201
1.3700 1.3968 1.3700 1.4193
1.3400 1.4696 1.3400 1.4912
1.3400 1.3947 1.3400 1.4153
1.3500 1.3735 1.3500 1.3959
1.3400 1.3653 1.3400 1.3868
1.3300 1.2838 1.3300 1.3017
1.3500 1.2174 1.3500 1.2300
1.3900 1.2391 1.3900 1.2485
1.4200 1.3029 1.4200 1.3147
1.4200 1.3266 1.4200 1.3451
1.4000 1.2719 1.4000 1.2954
1.3800 1.2705 1.3800 1.2974
1.3900 1.3626 1.3900 1.3934
1.4200 1.4397 1.4200 1.4768
1.4500 1.4372 1.4500 1.4806
1.4700 1.3724 1.4700 1.4170
1.5100 1.3190 1.5100 1.3590
1.5400 1.3064 1.5400 1.3388
1.5700 1.3789 1.5700 1.4084
1.5900 1.4429 1.5900 1.4751
1.6200 1.4626 1.6200 1.5018
1.6500 1.4606 1.6500 1.5053
1.6700 1.5508 1.6700 1.6017
1.7100 1.5567 1.7100 1.6095
1.7300 1.5798 1.7300 1.6352
1.7100 1.5784 1.7100 1.6325
1.7100 1.6302 1.7100 1.6851
1.6800 1.6571 1.6800 1.7119
1.6600 1.6473 1.6600 1.7018
1.6300 1.7346 1.6300 1.7920
1.6200 1.7040 1.6200 1.7602
1.6100 1.5845 1.6100 1.6351
1.6200 1.6435 1.6200 1.6895
1.5300 1.5452 1.5300 1.5799
1.5600 1.5413 1.5600 1.5719
1.5900 1.4939 1.5900 1.5173
1.6100 1.5284 1.6100 1.5521
1.6300 1.5183 1.6300 1.5421
1.6500 1.5714 1.6500 1.6009
1.6500 1.2569 1.6500 1.2752
1.6500 1.5727 1.6500 1.6000
1.6300 1.6097 1.6300 1.6364
1.6200 1.5683 1.6200 1.6075
1.6100 1.6014 1.6100 1.6470
1.6100 1.6329 1.6100 1.6822
1.6000 1.5830 1.6000 1.6311
1.5800 1.5837 1.5800 1.6287
1.5700 1.5204 1.5700 1.5581
1.5800 1.5332 1.5800 1.5673
1.5500 1.5242 1.5500 1.5543
1.5300 1.5426 1.5300 1.5735
1.5300 1.5088 1.5300 1.5393
1.5200 1.4676 1.5200 1.4971
1.5200 1.4868 1.5200 1.5155
1.4900 1.5430 1.4900 1.5736
1.4600 1.4155 1.4600 1.4430
1.4600 1.4227 1.4600 1.4501
1.4600 1.4795 1.4600 1.5058
1.4600 1.4384 1.4600 1.4648
1.4600 1.4579 1.4600 1.4872
1.4500 1.3669 1.4500 1.3928
1.4400 1.3415 1.4400 1.3653
1.4300 1.4157 1.4300 1.4388
1.4200 1.4090 1.4200 1.4330
1.4100 1.4022 1.4100 1.4302
1.4100 1.4079 1.4100 1.4385
1.3800 1.3791 1.3800 1.4100
1.3800 1.3711 1.3800 1.4012
1.3700 1.3636 1.3700 1.3916
1.3600 1.3528 1.3600 1.3796
1.3600 1.3431 1.3600 1.3690
1.3300 1.3658 1.3300 1.3929
1.3300 1.2711 1.3300 1.2948
1.3300 1.3391 1.3300 1.3649
1.3300 1.3119 1.3300 1.3355
1.3100 1.2953 1.3100 1.3204
1.3100 1.3218 1.3100 1.3480
1.3100 1.2291 1.3100 1.2521
1.3100 1.2951 1.3100 1.3203
1.3000 1.2993 1.3000 1.3235
1.3000 1.2912 1.3000 1.3183
1.3000 1.2322 1.3000 1.2579
1.3000 1.2799 1.3000 1.3070
1.3100 1.2818 1.3100 1.3083
1.3100 1.2757 1.3100 1.3038
1.2200 1.2467 1.2200 1.2742
1.2200 1.2710 1.2200 1.2993
1.2900 1.2719 1.2900 1.3001
1.3400 1.2689 1.3400 1.2978
1.3900 1.3007 1.3900 1.3316
1.3900 1.2791 1.3900 1.3103
1.3800 1.0291 1.3800 1.0250
1.3700 1.2048 1.3700 1.2233
1.2800 1.4281 1.2800 1.4511
1.2900 1.3975 1.2900 1.4342
1.3100 1.4430 1.3100 1.4947
1.3600 1.3540 1.3600 1.4063
1.4000 1.3289 1.4000 1.3777
1.4200 1.3251 1.4200 1.3636
1.5000 1.0775 1.5000 1.0812
1.6100 1.2863 1.6100 1.3044
1.6600 1.3309 1.6600 1.3467
1.6800 1.4152 1.6800 1.4468
1.8000 1.4372 1.8000 1.4796
1.9100 1.4176 1.9100 1.4674
1.9900 1.6391 1.9900 1.7002
1.8700 1.8135 1.8700 1.8860
1.7900 1.6981 1.7900 1.7770
2.0100 1.6542 2.0100 1.7327
2.0200 2.0385 2.0200 2.1247
2.1300 2.1024 2.1300 2.1939
2.3300 2.0703 2.3300 2.1721
2.3700 1.4746 2.3700 1.5471
2.4200 1.5419 2.4200 1.5914
2.4600 2.5483 2.4600 2.6056
2.4500 1.9021 2.4500 1.9570
2.4500 2.2337 2.4500 2.3292
2.4400 2.7730 2.4400 2.8868
2.4400 2.3101 2.4400 2.4321
2.4500 2.3965 2.4500 2.5232
2.4900 2.4700 2.4900 2.5758
2.4700 2.2915 2.4700 2.3806
2.4800 2.3161 2.4800 2.3912
2.4800 2.2868 2.4800 2.3474
2.4700 2.3019 2.4700 2.3587
2.4700 2.3361 2.4700 2.3919
2.4700 2.4527 2.4700 2.5156
2.4800 2.2572 2.4800 2.3182
2.4800 2.3607 2.4800 2.4257
2.4600 2.3473 2.4600 2.4064
2.4500 2.2946 2.4500 2.3524
2.4400 2.3274 2.4400 2.3835
2.4100 2.3287 2.4100 2.3836
2.4000 2.3604 2.4000 2.4179
2.4000 2.3313 2.4000 2.3891
2.3700 2.2576 2.3700 2.3133
2.3500 2.2853 2.3500 2.3386
2.3400 2.2772 2.3400 2.3268
2.3100 2.1858 2.3100 2.2314
2.2900 2.2368 2.2900 2.2820
2.2800 2.2663 2.2800 2.3116
2.2700 2.1443 2.2700 2.1883
2.2600 2.1602 2.2600 2.2041
2.2200 2.1877 2.2200 2.2297
2.2000 2.0952 2.2000 2.1348
2.1800 2.1053 2.1800 2.1448
2.1600 2.1294 2.1600 2.1683
2.1400 2.1129 2.1400 2.1535
2.1200 2.1019 2.1200 2.1445
2.0800 1.9873 2.0800 2.0260
2.0500 2.0298 2.0500 2.0675
2.0100 2.0140 2.0100 2.0479
1.9800 1.9852 1.9800 2.0195
1.9700 1.9683 1.9700 2.0025
1.9300 1.9524 1.9300 1.9867
1.8600 1.8630 1.8600 1.8940
1.8800 1.8656 1.8800 1.8946
1.8300 1.8054 1.8300 1.8293
1.8300 1.7998 1.8300 1.8230
1.8600 1.8433 1.8600 1.8682
1.8800 1.7239 1.8800 1.7475
1.8900 1.5872 1.8900 1.6057
1.8700 1.8485 1.8700 1.8726
1.8500 1.6148 1.8500 1.6321
1.8100 1.7253 1.8100 1.7536
1.7800 1.8508 1.7800 1.8840
1.7600 1.8259 1.7600 1.8692
1.7600 1.8092 1.7600 1.8592
1.7300 1.7293 1.7300 1.7761
1.7000 1.7178 1.7000 1.7600
1.7200 1.6332 1.7200 1.6648
1.7100 1.6264 1.7100 1.6519
1.7100 1.6323 1.7100 1.6541
1.6700 1.6752 1.6700 1.7003
1.6600 1.5703 1.6600 1.5950
1.6700 1.5468 1.6700 1.5722
1.6700 1.6978 1.6700 1.7275
1.6700 1.6056 1.6700 1.6357
1.6400 1.6225 1.6400 1.6585
1.6400 1.5030 1.6400 1.5329
1.6200 1.5683 1.6200 1.5986
1.5800 1.6284 1.5800 1.6581
1.5000 1.5903 1.5000 1.6227
1.3900 1.5904 1.3900 1.6264
1.4700 1.4995 1.4700 1.5320
1.4500 1.5749 1.4500 1.6083
1.3100 1.5095 1.3100 1.5377
1.4200 1.4178 1.4200 1.4421
1.4500 1.2619 1.4500 1.2742
1.6200 1.1409 1.6200 1.1012
1.8400 1.6129 1.8400 1.6219
2.0200 1.3445 2.0200 1.3529
2.1200 1.0127 2.1200 0.9769
2.1500 1.6393 2.1500 1.6648
2.2200 1.4852 2.2200 1.5104
2.3700 1.9137 2.3700 1.9832
2.5300 2.2943 2.5300 2.3959
2.6400 2.3443 2.6400 2.4833
2.6900 2.2468 2.6900 2.3984
2.6900 2.1322 2.6900 2.2691
2.6900 2.3286 2.6900 2.4495
2.6700 2.6772 2.6700 2.7938
2.6500 2.8084 2.6500 2.9371
2.6200 2.7492 2.6200 2.8907
2.6100 2.6541 2.6100 2.7934
2.5600 2.5451 2.5600 2.6653
2.5500 2.5589 2.5500 2.6560
2.5100 2.4737 2.5100 2.5475
2.4700 2.4415 2.4700 2.5022
2.4400 2.3847 2.4400 2.4350
2.3400 2.4310 2.3400 2.4792
2.2400 2.2664 2.2400 2.3074
2.2100 2.3737 2.2100 2.4173
2.2200 2.2556 2.2200 2.2926
2.2100 2.2100 2.2100 2.2470
2.1800 2.2223 2.1800 2.2560
2.1500 1.9331 2.1500 1.9543
2.1100 1.8526 2.1100 1.8630
2.0400 2.0321 2.0400 2.0374
2.0100 2.1231 2.0100 2.1366
1.9100 2.0307 1.9100 2.0574
1.9200 1.9614 1.9200 1.9963
1.9000 1.9582 1.9000 1.9941
1.8900 1.8989 1.8900 1.9299
1.8700 1.7518 1.8700 1.7731
1.8300 1.8341 1.8300 1.8526
1.7900 1.5614 1.7900 1.5656
1.7800 1.8479 1.7800 1.8626
1.7500 1.7556 1.7500 1.7686
1.7000 1.7466 1.7000 1.7730
1.6500 1.7233 1.6500 1.7518
1.3500 1.6416 1.3500 1.6689
1.1500 1.2976 1.1500 1.3141
1.1100 1.3257 1.1100 1.3512
1.1200 1.2900 1.1200 1.3047
1.1200 1.3232 1.1200 1.3357
1.1000 1.2038 1.1000 1.2098
0.9500 0.9194 0.9500 0.8749
1.0000 1.0683 1.0000 1.0398
1.1200 1.0465 1.1200 1.0063
1.0000 1.1044 1.0000 1.0992
0.7900 1.0946 0.7900 1.1001
0.6500 1.0430 0.6500 1.0586
0.5100 0.7815 0.5100 0.7536
0.4300 1.1140 0.4300 1.1234
0.3900 1.3786 0.3900 1.3984
0.4100 0.8240 0.4100 0.8042
0.4300 0.6064 0.4300 0.5842
0.3900 0.6312 0.3900 0.5925
0.3900 0.5538 0.3900 0.5030
0.3900 0.5492 0.3900 0.4979
0.3900 0.5515 0.3900 0.5085
0.3900 0.6080 0.3900 0.5791
0.3900 0.6155 0.3900 0.5995
0.3900 0.5293 0.3900 0.5227
0.3900 0.5694 0.3900 0.5658
0.3900 0.5765 0.3900 0.5723
0.3900 0.5723 0.3900 0.5691
0.3900 0.5721 0.3900 0.5692
0.3900 0.5713 0.3900 0.5693
