1.9900 1.8437 1.9900 1.8159
1.9900 1.8717 1.9900 1.8648
2.0000 1.9056 2.0000 1.9030
2.0100 1.9476 2.0100 1.9438
2.0300 1.9666 2.0300 1.9575
2.0700 1.9534 2.0700 1.9330
2.1100 1.9680 2.1100 1.9595
2.1600 1.9447 2.1600 1.9256
2.2100 1.9791 2.2100 1.9707
2.2700 1.9867 2.2700 1.9753
2.3300 2.0276 2.3300 2.0192
2.3900 2.1161 2.3900 2.1336
2.4200 2.1504 2.4200 2.1493
2.4300 2.2248 2.4300 2.2308
2.4100 2.2762 2.4100 2.2879
2.3700 2.3610 2.3700 2.3775
2.3400 2.4194 2.3400 2.4286
2.3000 2.4768 2.3000 2.4783
2.2700 2.4279 2.2700 2.3896
2.2400 2.3923 2.2400 2.3492
2.2200 2.3012 2.2200 2.2453
2.1900 2.2114 2.1900 2.1388
2.1300 2.2097 2.1300 2.1687
2.0500 2.1338 2.0500 2.0641
1.9300 2.1251 1.9300 2.0625
1.7900 2.0955 1.7900 2.0469
1.6200 2.1000 1.6200 2.0582
1.4600 2.0455 1.4600 1.9882
1.3200 1.9135 1.3200 1.8218
1.2100 1.7977 1.2100 1.7151
1.1100 1.5901 1.1100 1.4798
1.0100 1.4378 1.0100 1.2949
0.9100 1.2867 0.9100 1.1040
0.8200 1.1716 0.8200 1.0063
0.7200 1.0697 0.7200 0.9225
0.6400 0.9907 0.6400 0.8555
0.5700 0.9341 0.5700 0.7882
0.5200 0.8768 0.5200 0.7473
0.4800 0.8303 0.4800 0.7389
0.4400 0.8075 0.4400 0.7504
0.3900 0.7582 0.3900 0.7130
0.3900 0.7542 0.3900 0.7445
0.3900 0.7366 0.3900 0.7477
0.3900 0.7344 0.3900 0.7565
0.4400 0.7198 0.4400 0.7503
0.5700 0.6930 0.5700 0.7287
0.6900 0.6572 0.6900 0.7022
0.8000 0.7100 0.8000 0.7913
0.8700 0.7019 0.8700 0.7618
0.9200 0.6900 0.9200 0.7308
0.9400 0.7819 0.9400 0.8855
0.9400 1.0421 0.9400 1.1831
0.9500 1.0814 0.9500 1.1055
0.9500 1.0848 0.9500 1.1502
0.9700 1.0691 0.9700 1.1466
1.0000 1.0786 1.0000 1.1484
1.0400 1.0348 1.0400 1.0772
1.0800 0.9859 1.0800 1.0051
1.1100 1.0053 1.1100 1.0379
1.1500 0.9779 1.1500 0.9925
1.1900 1.0300 1.1900 1.0551
1.2500 1.0771 1.2500 1.1161
1.3000 1.1350 1.3000 1.1728
1.3400 1.1754 1.3400 1.2129
1.3600 1.1858 1.3600 1.2165
1.3800 1.2464 1.3800 1.2934
1.4000 1.2851 1.4000 1.3301
1.4300 1.3833 1.4300 1.4386
1.4800 1.4098 1.4800 1.4484
1.5400 1.4264 1.5400 1.4511
1.5900 1.4048 1.5900 1.4230
1.6400 1.4243 1.6400 1.4510
1.6800 1.4415 1.6800 1.4655
1.7100 1.4877 1.7100 1.5120
1.7600 1.5775 1.7600 1.6196
1.8200 1.6557 1.8200 1.6972
1.8900 1.6809 1.8900 1.7006
1.9800 1.7332 1.9800 1.7646
2.0600 1.7521 2.0600 1.7792
2.1300 1.7577 2.1300 1.7671
2.2000 1.8542 2.2000 1.8950
2.2700 1.9317 2.2700 1.9710
2.3300 2.0181 2.3300 2.0449
2.3600 2.1551 2.3600 2.2087
2.3800 2.2066 2.3800 2.2346
2.4100 2.2522 2.4100 2.2633
2.4500 2.3281 2.4500 2.3611
2.4900 2.3964 2.4900 2.4224
2.4900 2.4251 2.4900 2.4212
2.4900 2.3752 2.4900 2.3361
2.4700 2.3758 2.4700 2.3532
2.4500 2.4343 2.4500 2.4413
2.4400 2.4890 2.4400 2.4808
2.4300 2.5177 2.4300 2.4877
2.4200 2.4089 2.4200 2.3297
2.4200 2.4232 2.4200 2.3898
2.4100 2.3552 2.4100 2.3121
2.3900 2.3307 2.3900 2.2688
2.3600 2.3467 2.3600 2.3108
2.3200 2.3278 2.3200 2.2767
2.2900 2.3156 2.2900 2.2597
2.2700 2.3449 2.2700 2.3174
2.2700 2.3068 2.2700 2.2564
2.2800 2.2629 2.2800 2.1992
2.3000 2.2141 2.3000 2.1593
2.3000 2.1514 2.3000 2.0889
2.2700 2.1499 2.2700 2.1058
2.2400 2.1522 2.2400 2.1144
2.2100 2.1981 2.2100 2.1700
2.2100 2.2301 2.2100 2.2053
2.2200 2.2747 2.2200 2.2557
2.2300 2.2249 2.2300 2.1775
2.2300 2.1257 2.2300 2.0532
2.2200 2.1105 2.2200 2.0772
2.2200 2.0808 2.2200 2.0456
2.2400 2.1501 2.2400 2.1307
2.2800 2.1759 2.2800 2.1513
2.3000 2.1798 2.3000 2.1390
2.3000 2.1604 2.3000 2.1240
2.2900 2.1322 2.2900 2.0982
2.3000 2.1633 2.3000 2.1495
2.3100 2.2311 2.3100 2.2319
2.2900 2.3130 2.2900 2.3117
2.2800 2.2742 2.2800 2.2272
2.2600 2.2297 2.2600 2.1780
2.2900 2.2076 2.2900 2.1827
2.3100 2.2715 2.3100 2.2729
2.3300 2.2707 2.3300 2.2390
2.3500 2.1654 2.3500 2.0774
2.3600 2.1934 2.3600 2.1657
2.3900 2.1498 2.3900 2.1188
2.3800 2.3046 2.3800 2.3178
2.3800 2.2864 2.3800 2.2570
2.3600 2.3004 2.3600 2.2516
2.3500 2.3329 2.3500 2.3265
2.3100 2.3172 2.3100 2.2908
2.2600 2.4023 2.2600 2.3997
2.1900 2.2812 2.1900 2.2114
2.1000 2.3135 2.1000 2.2730
2.0000 2.2468 2.0000 2.2073
1.9000 2.2589 1.9000 2.2151
1.8200 2.1402 1.8200 2.0597
1.7300 2.0677 1.7300 1.9880
1.6700 1.9558 1.6700 1.8796
1.6300 1.8181 1.6300 1.7190
1.6100 1.7009 1.6100 1.6067
1.5900 1.6052 1.5900 1.5234
1.5700 1.5746 1.5700 1.5137
1.5400 1.4599 1.5400 1.3727
1.5200 1.4759 1.5200 1.4306
1.5000 1.4870 1.5000 1.4698
1.4900 1.5125 1.4900 1.4896
1.4700 1.4975 1.4700 1.4705
1.4300 1.4846 1.4300 1.4658
1.3400 1.4400 1.3400 1.4173
1.1900 1.4475 1.1900 1.4398
1.0200 1.4288 1.0200 1.4166
0.8800 1.4403 0.8800 1.4301
0.7900 1.3992 0.7900 1.3782
0.7700 1.3181 0.7700 1.2783
0.7700 1.1283 0.7700 1.0509
0.7500 0.9913 0.7500 0.8659
0.7000 0.8703 0.7000 0.7595
0.6500 0.8093 0.6500 0.7578
0.6100 0.8509 0.6100 0.8151
0.5800 0.9067 0.5800 0.9004
0.5600 0.9210 0.5600 0.9128
0.5700 0.8288 0.5700 0.7851
0.6100 0.7329 0.6100 0.6848
0.6900 0.7230 0.6900 0.7184
0.7700 0.7374 0.7700 0.7461
0.8500 0.7457 0.8500 0.7491
0.9300 0.7459 0.9300 0.7525
1.0300 0.7741 1.0300 0.8239
1.1400 0.8638 1.1400 0.9192
1.2500 0.9965 1.2500 1.0494
1.3500 1.0268 1.3500 1.0369
1.4000 1.0507 1.4000 1.1209
1.4300 1.1325 1.4300 1.2173
1.4800 1.2705 1.4800 1.3746
1.5100 1.3979 1.5100 1.4985
1.5300 1.5034 1.5300 1.5895
1.5300 1.5797 1.5300 1.6563
1.5800 1.5203 1.5800 1.5469
1.6400 1.5072 1.6400 1.5336
1.7000 1.6004 1.7000 1.6717
1.7400 1.5740 1.7400 1.5879
1.7700 1.5628 1.7700 1.5517
1.8000 1.5180 1.8000 1.5154
1.8000 1.6797 1.8000 1.7445
1.7900 1.7544 1.7900 1.7998
1.7400 1.8039 1.7400 1.8106
1.6800 1.8011 1.6800 1.8080
1.6100 1.8134 1.6100 1.8311
1.5700 1.8468 1.5700 1.8693
1.5600 1.7711 1.5600 1.7435
1.5600 1.7377 1.5600 1.7086
1.5400 1.5956 1.5400 1.5402
1.5100 1.5150 1.5100 1.4606
1.5000 1.4242 1.5000 1.3752
1.5200 1.4483 1.5200 1.4269
1.5500 1.5002 1.5500 1.4969
1.6000 1.5165 1.6000 1.4981
1.6500 1.4552 1.6500 1.4158
1.6900 1.4134 1.6900 1.3915
1.7300 1.4560 1.7300 1.4739
1.7700 1.5403 1.7700 1.5697
1.8200 1.5862 1.8200 1.5937
1.8700 1.6807 1.8700 1.7088
1.9300 1.7334 1.9300 1.7660
1.9700 1.7522 1.9700 1.7659
1.9800 1.7968 1.9800 1.8221
1.9800 1.8376 1.9800 1.8649
1.9800 1.9083 1.9800 1.9361
1.9800 1.9539 1.9800 1.9728
1.9700 2.0350 1.9700 2.0620
1.9500 2.0241 1.9500 2.0224
1.9200 1.9619 1.9200 1.9281
1.9000 1.9459 1.9000 1.9339
1.8700 1.9463 1.8700 1.9417
1.8200 1.9387 1.8200 1.9141
1.7500 1.8986 1.7500 1.8570
1.6900 1.8547 1.6900 1.8137
1.6400 1.8035 1.6400 1.7643
1.5900 1.8096 1.5900 1.7889
1.5200 1.7525 1.5200 1.7101
1.4400 1.6544 1.4400 1.5846
1.3700 1.5452 1.3700 1.4789
1.3300 1.5154 1.3300 1.4812
1.3100 1.4872 1.3100 1.4535
1.3200 1.4334 1.3200 1.3791
1.3400 1.3221 1.3400 1.2518
1.3900 1.2296 1.3900 1.1719
1.4500 1.1894 1.4500 1.1566
1.5000 1.2146 1.5000 1.2015
1.5500 1.2355 1.5500 1.2207
1.5900 1.3107 1.5900 1.3186
1.6300 1.3568 1.6300 1.3742
1.6500 1.4763 1.6500 1.5221
1.6800 1.5625 1.6800 1.6134
1.7000 1.5917 1.7000 1.6160
1.7400 1.6463 1.7400 1.6823
1.7700 1.6662 1.7700 1.6988
1.7800 1.7053 1.7800 1.7308
1.7800 1.6773 1.7800 1.6785
1.7700 1.7290 1.7700 1.7487
1.7800 1.7232 1.7800 1.7317
1.8100 1.8054 1.8100 1.8284
1.8200 1.8084 1.8200 1.8151
1.8300 1.7682 1.8300 1.7435
1.8200 1.7504 1.8200 1.7404
1.8200 1.7185 1.8200 1.7076
1.8100 1.7738 1.8100 1.7810
1.8000 1.8445 1.8000 1.8631
1.7800 1.7982 1.7800 1.7655
1.7700 1.8122 1.7700 1.7978
1.7700 1.7606 1.7700 1.7462
1.7800 1.7860 1.7800 1.7805
1.8000 1.7507 1.8000 1.7302
1.8400 1.7373 1.8400 1.7095
1.8800 1.6951 1.8800 1.6657
1.9200 1.7094 1.9200 1.6974
1.9500 1.7321 1.9500 1.7288
1.9500 1.7616 1.9500 1.7555
1.9100 1.8043 1.9100 1.8060
1.8300 1.8918 1.8300 1.9166
1.7200 1.9300 1.7200 1.9409
1.5800 1.9701 1.5800 1.9752
1.4600 1.9792 1.4600 1.9817
1.3600 1.9081 1.3600 1.8755
1.3200 1.7772 1.3200 1.7136
1.3100 1.6103 1.3100 1.5313
1.3100 1.4367 1.3100 1.3467
1.2900 1.2938 1.2900 1.1309
1.2500 1.2137 1.2500 1.0830
1.2300 1.1333 1.2300 1.0379
1.2500 1.1858 1.2500 1.1624
1.3100 1.2413 1.3100 1.2340
1.3500 1.2685 1.3500 1.2550
1.3600 1.2195 1.3600 1.1995
1.3300 1.1506 1.3300 1.1305
1.3000 1.1809 1.3000 1.1963
1.2700 1.2833 1.2700 1.3258
1.2200 1.4221 1.2200 1.4701
1.1600 1.4176 1.1600 1.4226
1.0900 1.3688 1.0900 1.3588
1.0300 1.2642 1.0300 1.2519
0.9800 1.2392 0.9800 1.2429
0.9400 1.2056 0.9400 1.1999
0.9300 1.1068 0.9300 1.0590
0.9500 1.0263 0.9500 0.9807
0.9800 0.9614 0.9800 0.9029
1.0100 0.9241 1.0100 0.8729
1.0200 0.8884 1.0200 0.8481
1.0000 0.8720 1.0000 0.8315
0.9600 0.9367 0.9600 0.9131
0.9300 1.0182 0.9300 1.0204
0.9400 1.0468 0.9400 1.0701
0.9700 1.0794 0.9700 1.1060
1.0200 1.0558 1.0200 1.0733
1.0800 0.9808 1.0800 0.9773
1.1300 0.9036 1.1300 0.8937
1.1700 0.8908 1.1700 0.8966
1.1900 0.9726 1.1900 1.0049
1.2000 1.0395 1.2000 1.0650
1.2100 1.1267 1.2100 1.1629
1.2600 1.2110 1.2600 1.2664
1.3600 1.2450 1.3600 1.2895
1.4500 1.2672 1.4500 1.3055
1.5300 1.2471 1.5300 1.2738
1.5600 1.2349 1.5600 1.2545
1.6000 1.2418 1.6000 1.2646
1.6500 1.3697 1.6500 1.4298
1.7000 1.5702 1.7000 1.6631
1.7700 1.6324 1.7700 1.6758
1.8400 1.6915 1.8400 1.7275
1.9000 1.6176 1.9000 1.6311
1.9200 1.6868 1.9200 1.7331
1.9400 1.7582 1.9400 1.8156
1.9700 1.7944 1.9700 1.8096
2.0200 1.9058 2.0200 1.9443
2.0600 1.9719 2.0600 2.0120
2.1100 2.0049 2.1100 2.0183
2.1200 1.9309 2.1200 1.9076
2.0700 1.9587 2.0700 1.9669
1.9700 2.0136 1.9700 2.0420
1.8500 2.1004 1.8500 2.1179
1.7400 2.1052 1.7400 2.0888
1.6400 2.1797 1.6400 2.1883
1.5500 2.0909 1.5500 2.0560
1.4500 1.8971 1.4500 1.7964
1.3500 1.6943 1.3500 1.5964
1.2400 1.5381 1.2400 1.4559
1.1300 1.4498 1.1300 1.3734
1.0300 1.3632 1.0300 1.2765
0.9400 1.2926 0.9400 1.2093
0.8600 1.1764 0.8600 1.0918
0.7900 1.1049 0.7900 1.0187
0.7200 1.0228 0.7200 0.9004
0.6500 0.9468 0.6500 0.8328
0.5800 0.8821 0.5800 0.7822
0.5200 0.8566 0.5200 0.7595
0.4600 0.8344 0.4600 0.7563
0.4100 0.8122 0.4100 0.7564
0.3900 0.7780 0.3900 0.7371
0.3900 0.7478 0.3900 0.7262
0.3900 0.7210 0.3900 0.7216
0.3900 0.7115 0.3900 0.7338
0.3900 0.6891 0.3900 0.7213
0.4700 0.6802 0.4700 0.7285
0.4900 0.7012 0.4900 0.7701
0.5200 0.7124 0.5200 0.7763
0.5500 0.6969 0.5500 0.7443
0.5800 0.6822 0.5800 0.7326
0.6300 0.6748 0.6300 0.7320
0.7100 0.8605 0.7100 0.9909
0.8100 0.7395 0.8100 0.7531
0.9400 0.7580 0.9400 0.7746
1.0700 0.7632 1.0700 0.8321
1.1900 0.7848 1.1900 0.8241
1.2700 0.8592 1.2700 0.8959
1.3300 0.9801 1.3300 1.0319
1.3800 1.0822 1.3800 1.1438
1.4300 1.2388 1.4300 1.3526
1.5200 1.3705 1.5200 1.4811
1.6200 1.4698 1.6200 1.5647
1.7100 1.4664 1.7100 1.5286
1.7700 1.4829 1.7700 1.5400
1.8200 1.5087 1.8200 1.5669
1.8800 1.5500 1.8800 1.5957
1.9400 1.7195 1.9400 1.8009
2.0100 1.8321 2.0100 1.9012
2.0800 1.8915 2.0800 1.9239
2.1300 1.8844 2.1300 1.9024
2.1500 1.9175 2.1500 1.9517
2.1700 2.0032 2.1700 2.0547
2.2000 2.0536 2.2000 2.0777
2.2500 2.1401 2.2500 2.1631
2.3100 2.2059 2.3100 2.2316
2.3900 2.2025 2.3900 2.1954
2.4600 2.1509 2.4600 2.1204
2.5200 2.1788 2.5200 2.1805
2.5800 2.2316 2.5800 2.2438
2.6300 2.3204 2.6300 2.3273
2.6900 2.3955 2.6900 2.3973
2.7700 2.5228 2.7700 2.5468
2.8600 2.5633 2.8600 2.5642
2.9400 2.5989 2.9400 2.5860
3.0200 2.6674 3.0200 2.6780
3.1000 2.6885 3.1000 2.6767
3.1800 2.7736 3.1800 2.7696
3.2600 2.9035 3.2600 2.9261
3.3100 3.0078 3.3100 3.0117
3.3300 3.0530 3.3300 3.0265
3.3100 3.1395 3.3100 3.1352
3.2600 3.2240 3.2600 3.2296
3.2200 3.2999 3.2200 3.2877
3.1900 3.3772 3.1900 3.3599
3.1800 3.3378 3.1800 3.2733
3.1600 3.2808 3.1600 3.1988
3.1300 3.1597 3.1300 3.0634
3.1000 3.0318 3.1000 2.9181
3.0900 3.0253 3.0900 2.9555
3.0900 3.0069 3.0900 2.9299
3.0900 3.0351 3.0900 2.9540
3.1000 2.9780 3.1000 2.8781
3.1200 2.9253 3.1200 2.8276
3.1200 2.9102 3.1200 2.8467
3.1200 2.9586 3.1200 2.9194
3.1100 2.9765 3.1100 2.9167
3.1200 2.9693 3.1200 2.8906
3.1300 3.0135 3.1300 2.9678
3.1400 3.0636 3.1400 3.0322
3.1200 3.0021 3.1200 2.9159
3.1000 3.0119 3.1000 2.9478
3.0700 2.9804 3.0700 2.9220
3.0400 3.0457 3.0400 3.0062
3.0100 3.0477 3.0100 2.9907
2.9800 3.0506 2.9800 2.9773
2.9400 2.9504 2.9400 2.8499
2.9100 2.9439 2.9100 2.8777
2.8800 2.8905 2.8800 2.8209
2.8400 2.8548 2.8400 2.7662
2.7900 2.8247 2.7900 2.7440
2.7200 2.7919 2.7200 2.7110
2.6200 2.7243 2.6200 2.6292
2.5300 2.7278 2.5300 2.6625
2.4700 2.6973 2.4700 2.6286
2.4400 2.6265 2.4400 2.5279
2.4000 2.5569 2.4000 2.4642
2.3500 2.4397 2.3500 2.3364
2.3000 2.2669 2.3000 2.1335
2.2600 2.2180 2.2600 2.1336
2.2100 2.2371 2.2100 2.1915
2.1800 2.2708 2.1800 2.2146
2.1300 2.1958 2.1300 2.0990
2.0800 2.1311 2.0800 2.0480
1.9900 2.0994 1.9900 2.0545
1.8500 2.0902 1.8500 2.0501
1.6900 2.0122 1.6900 1.9355
1.5300 2.0369 1.5300 1.9952
1.4200 1.9369 1.4200 1.8689
1.3500 1.8916 1.3500 1.8231
1.3300 1.7119 1.3300 1.6149
1.3400 1.4683 1.3400 1.3213
1.3600 1.3526 1.3600 1.1770
1.3600 1.2316 1.3600 1.0697
1.3300 1.1734 1.3300 1.0639
1.2600 1.1403 1.2600 1.0911
1.1600 1.2284 1.1600 1.2081
1.0300 1.3122 1.0300 1.3218
0.8800 1.3645 0.8800 1.3773
0.7500 1.3340 0.7500 1.3285
0.6500 1.2514 0.6500 1.2302
0.5900 1.1068 0.5900 1.0626
0.5800 1.0102 0.5800 0.9156
0.6200 0.8996 0.6200 0.8003
0.6800 0.7751 0.6800 0.6748
0.7700 0.7648 0.7700 0.7301
0.8500 0.7731 0.8500 0.7691
0.9300 0.7879 0.9300 0.7961
1.0000 0.8156 1.0000 0.8368
1.0800 0.9123 1.0800 0.9778
1.1900 0.9714 1.1900 1.0067
1.3000 1.0653 1.3000 1.0982
1.4200 1.0588 1.4200 1.1234
1.5200 1.1302 1.5200 1.2056
1.6200 1.1815 1.6200 1.2572
1.7000 1.2781 1.7000 1.3615
1.7500 1.4450 1.7500 1.5535
1.7800 1.5497 1.7800 1.6361
1.8200 1.6870 1.8200 1.7730
1.8800 1.7427 1.8800 1.8139
1.9300 1.8426 1.9300 1.9160
1.9600 1.8765 1.9600 1.9303
1.9700 1.8527 1.9700 1.8650
1.9900 1.8364 1.9900 1.8446
2.0100 1.8987 2.0100 1.9348
2.0500 1.9972 2.0500 2.0388
2.0900 2.0096 2.0900 2.0066
2.1400 1.9879 2.1400 1.9657
2.1900 1.9558 2.1900 1.9430
2.2300 2.0047 2.2300 2.0198
2.2500 2.0187 2.2500 2.0164
2.2600 2.1001 2.2600 2.1055
2.2600 2.1345 2.2600 2.1350
2.2600 2.2066 2.2600 2.2137
2.2500 2.2574 2.2500 2.2676
2.2100 2.2704 2.2100 2.2601
2.1900 2.2423 2.1900 2.2133
2.1700 2.2319 2.1700 2.2093
2.1900 2.2075 2.1900 2.1785
2.2100 2.2048 2.2100 2.1727
2.2400 2.1652 2.2400 2.1183
2.2500 2.0470 2.2500 1.9636
2.2500 2.0870 2.2500 2.0641
2.2300 2.0632 2.2300 2.0352
2.2000 2.1763 2.2000 2.1698
2.1600 2.1889 2.1600 2.1686
2.1000 2.2410 2.1000 2.2207
2.0300 2.2064 2.0300 2.1760
1.9800 2.1873 1.9800 2.1539
1.9300 2.1237 1.9300 2.0791
1.8900 2.0705 1.8900 2.0181
1.8200 2.0067 1.8200 1.9491
1.7200 1.8952 1.7200 1.8137
1.6200 1.8048 1.6200 1.7269
1.5500 1.8083 1.5500 1.7738
1.5200 1.7526 1.5200 1.6972
1.5400 1.7349 1.5400 1.6795
1.5600 1.5976 1.5600 1.5177
1.6000 1.4384 1.6000 1.3417
1.6100 1.3543 1.6100 1.2959
1.6200 1.3549 1.6200 1.3276
1.6100 1.4081 1.6100 1.3895
1.6000 1.5353 1.6000 1.5480
1.5900 1.5554 1.5900 1.5499
1.5700 1.6486 1.5700 1.6711
1.5200 1.6003 1.5200 1.6012
1.4500 1.6173 1.4500 1.6208
1.3600 1.5675 1.3600 1.5622
1.3000 1.5561 1.3000 1.5447
1.2600 1.5453 1.2600 1.5372
1.2600 1.4986 1.2600 1.4721
1.2700 1.3821 1.2700 1.3254
1.2800 1.2737 1.2800 1.2198
1.2900 1.1533 1.2900 1.0877
1.2900 1.1512 1.2900 1.1274
1.2600 1.1498 1.2600 1.1310
1.2100 1.2302 1.2100 1.2292
1.1800 1.2643 1.1800 1.2697
1.1600 1.2797 1.1600 1.2821
1.1600 1.2982 1.1600 1.3145
1.1300 1.2823 1.1300 1.2919
1.1100 1.1921 1.1100 1.1670
1.1000 1.1038 1.1000 1.0730
1.1100 1.1163 1.1100 1.1219
1.1200 1.1126 1.1200 1.1112
1.1300 1.1494 1.1300 1.1476
1.1300 1.0603 1.1300 1.0303
1.1200 1.0652 1.1200 1.0610
1.0900 1.0803 1.0900 1.1012
1.0400 1.1292 1.0400 1.1481
0.9900 1.1392 0.9900 1.1470
0.9600 1.1506 0.9600 1.1619
0.9600 1.1339 0.9600 1.1439
0.9800 1.1057 0.9800 1.1089
1.0100 1.0368 1.0100 1.0235
1.0200 0.9477 1.0200 0.9203
1.0300 0.9122 1.0300 0.8797
1.0500 0.9055 1.0500 0.9049
1.0900 0.9686 1.0900 0.9745
1.1400 1.0280 1.1400 1.0399
1.1900 1.0740 1.1900 1.0999
1.2300 1.0505 1.2300 1.0617
1.2600 1.0650 1.2600 1.0884
1.2800 1.1070 1.2800 1.1493
1.2900 1.1846 1.2900 1.2317
1.3000 1.2520 1.3000 1.2950
1.3100 1.3005 1.3100 1.3396
1.3200 1.3207 1.3200 1.3548
1.3300 1.3309 1.3300 1.3620
1.3400 1.3296 1.3400 1.3543
1.3500 1.3161 1.3500 1.3302
1.3600 1.3231 1.3600 1.3387
1.3600 1.3296 1.3600 1.3440
1.3500 1.3362 1.3500 1.3456
1.3400 1.3443 1.3400 1.3545
1.3300 1.3533 1.3300 1.3649
1.3300 1.3627 1.3300 1.3739
1.3300 1.3721 1.3300 1.3830
1.3400 1.3501 1.3400 1.3494
1.3500 1.3191 1.3500 1.3118
1.3600 1.3100 1.3600 1.3114
1.3800 1.2989 1.3800 1.2988
1.4000 1.3183 1.4000 1.3233
1.4200 1.3168 1.4200 1.3184
1.3100 1.3478 1.3100 1.3586
1.2500 1.3586 1.2500 1.3702
1.1700 1.3689 1.1700 1.3770
1.1100 1.4117 1.1100 1.4347
1.0600 1.4311 1.0600 1.4495
1.0400 1.4503 1.0400 1.4623
1.0300 1.0873 1.0300 0.9552
1.0200 1.1231 1.0200 1.1149
1.0000 1.0364 1.0000 0.9978
0.9700 0.9877 0.9700 0.9049
0.9400 0.9460 0.9400 0.9069
0.9300 0.9831 0.9300 0.9842
0.9200 0.9992 0.9200 0.9976
0.9200 0.9948 0.9200 0.9899
0.9200 0.9628 0.9200 0.9572
0.9200 0.9192 0.9200 0.9129
0.9200 0.8926 0.9200 0.8895
0.9100 0.9214 0.9100 0.9351
0.9000 0.9115 0.9000 0.9134
0.8900 0.9314 0.8900 0.9380
0.8900 0.9345 0.8900 0.9492
0.8900 0.9370 0.8900 0.9501
0.9100 0.9390 0.9100 0.9540
0.9400 0.9111 0.9400 0.9171
0.9800 0.9015 0.9800 0.9093
1.0100 0.8917 1.0100 0.9027
1.0400 0.9100 1.0400 0.9262
1.0600 0.9100 1.0600 0.9224
1.0900 0.9678 1.0900 0.9982
1.1300 1.0182 1.1300 1.0569
1.1600 1.0780 1.1600 1.1177
1.1800 1.0899 1.1800 1.1202
1.2000 1.1205 1.2000 1.1566
1.2200 1.1211 1.2200 1.1523
1.2300 1.1688 1.2300 1.2079
1.2400 1.2264 1.2400 1.2727
1.2400 1.2325 1.2400 1.2564
1.2500 1.2306 1.2500 1.2475
1.2500 1.2507 1.2500 1.2820
1.2600 1.2690 1.2600 1.2973
1.2700 1.2551 1.2700 1.2642
1.2800 1.2631 1.2800 1.2769
1.2700 1.2412 1.2700 1.2490
1.2600 1.2704 1.2600 1.2879
1.2300 1.2479 1.2300 1.2529
1.2000 1.2770 1.2000 1.2897
1.1700 1.2868 1.1700 1.3035
1.1500 1.2953 1.1500 1.3049
1.1400 1.2439 1.1400 1.2343
1.1400 1.2353 1.1400 1.2370
1.1400 1.1646 1.1400 1.1505
1.1400 1.1338 1.1400 1.1181
1.1500 1.1038 1.1500 1.0946
1.1700 1.1026 1.1700 1.0971
1.1800 1.1127 1.1800 1.1130
1.2000 1.1335 1.2000 1.1406
1.2200 1.1356 1.2200 1.1408
1.2600 1.1384 1.2600 1.1460
1.2900 1.1712 1.2900 1.1937
1.3200 1.2122 1.3200 1.2404
1.3200 1.2014 1.3200 1.2094
1.3200 1.2427 1.3200 1.2667
1.3200 1.2636 1.3200 1.2927
1.3300 1.3438 1.3300 1.3844
1.3400 1.3516 1.3400 1.3746
1.3300 1.3805 1.3300 1.4017
1.3200 1.3185 1.3200 1.3182
1.3100 1.3193 1.3100 1.3284
1.3000 1.3189 1.3000 1.3353
1.3000 1.3449 1.3000 1.3573
1.3000 1.3515 1.3000 1.3570
1.3000 1.2975 1.3000 1.2818
1.2900 1.2902 1.2900 1.2895
1.2900 1.2815 1.2900 1.2894
1.2800 1.2693 1.2800 1.2644
1.2700 1.2893 1.2700 1.2944
1.2500 1.2885 1.2500 1.2927
1.2400 1.2886 1.2400 1.2891
1.2200 1.2592 1.2200 1.2543
1.2200 1.2819 1.2200 1.2933
1.2500 1.2510 1.2500 1.2490
1.2800 1.2404 1.2800 1.2338
1.3100 1.2008 1.3100 1.1922
1.3200 1.2120 1.3200 1.2159
1.3200 1.1713 1.3200 1.1617
1.3200 1.2122 1.3200 1.2215
1.3300 1.3049 1.3300 1.3470
1.3300 1.3326 1.3300 1.3511
1.3400 1.3638 1.3400 1.3787
1.3500 1.3357 1.3500 1.3467
1.3600 1.3175 1.3600 1.3248
1.3600 1.3186 1.3600 1.3329
1.3700 1.3465 1.3700 1.3646
1.3700 1.3211 1.3700 1.3162
1.3700 1.3511 1.3700 1.3608
1.3600 1.3615 1.3600 1.3776
1.3500 1.3701 1.3500 1.3771
1.3400 1.3492 1.3400 1.3479
1.3400 1.3814 1.3400 1.3984
1.3500 1.3594 1.3500 1.3622
1.3500 1.3581 1.3500 1.3560
1.3400 1.3274 1.3400 1.3230
1.3300 1.3173 1.3300 1.3145
1.3200 1.3074 1.3200 1.3063
1.3100 1.3273 1.3100 1.3338
1.3100 1.3575 1.3100 1.3700
1.3000 1.3350 1.3000 1.3294
1.3000 1.3057 1.3000 1.2953
1.3000 1.2991 1.3000 1.3037
1.3200 1.2892 1.3200 1.2912
1.3400 1.2778 1.3400 1.2719
1.3700 1.2983 1.3700 1.3050
1.4000 1.2668 1.4000 1.2596
1.4300 1.2887 1.4300 1.2937
1.4400 1.2901 1.4400 1.2999
1.4500 1.3517 1.4500 1.3751
1.4500 1.3713 1.4500 1.3884
1.4600 1.4221 1.4600 1.4446
1.4700 1.4537 1.4700 1.4802
1.4900 1.4837 1.4900 1.5066
1.5200 1.4507 1.5200 1.4517
1.5500 1.4619 1.5500 1.4730
1.5600 1.4399 1.5600 1.4454
1.5500 1.4690 1.5500 1.4792
1.5400 1.4762 1.5400 1.4838
1.5400 1.5152 1.5400 1.5278
1.5600 1.5666 1.5600 1.5906
1.5900 1.5948 1.5900 1.6108
1.6000 1.5601 1.6000 1.5512
1.6100 1.5088 1.6100 1.4931
1.6000 1.5026 1.6000 1.5052
1.5900 1.5227 1.5900 1.5316
1.5900 1.5814 1.5900 1.5952
1.6200 1.6289 1.6200 1.6418
1.6500 1.5918 1.6500 1.5757
1.6800 1.6071 1.6800 1.6103
1.6600 1.5556 1.6600 1.5483
1.6400 1.5458 1.6400 1.5343
1.6300 1.5682 1.6300 1.5744
1.6300 1.6612 1.6300 1.6893
1.6500 1.6850 1.6500 1.6901
1.6600 1.7137 1.6600 1.7149
1.6300 1.5834 1.6300 1.5417
1.5700 1.5727 1.5700 1.5606
1.5200 1.5894 1.5200 1.6060
1.4800 1.6022 1.4800 1.5930
1.4500 1.6625 1.4500 1.6652
1.4200 1.6466 1.4200 1.6371
1.4200 1.5276 1.4200 1.4732
1.4500 1.4111 1.4500 1.3604
1.5000 1.3915 1.5000 1.3812
1.5600 1.3688 1.5600 1.3485
1.6000 1.3533 1.6000 1.3178
1.6600 1.3229 1.6600 1.2921
1.7300 1.3917 1.7300 1.4044
1.8100 1.4889 1.8100 1.5261
1.8900 1.5812 1.8900 1.6126
1.9800 1.6653 1.9800 1.7003
2.0600 1.6638 2.0600 1.6786
2.1500 1.7759 2.1500 1.8284
2.2300 1.8704 2.2300 1.9324
2.3100 1.9672 2.3100 2.0080
2.3800 2.0447 2.3800 2.0811
2.4400 2.1587 2.4400 2.2113
2.4800 2.2127 2.4800 2.2446
2.4800 2.3273 2.4800 2.3693
2.4600 2.3803 2.4600 2.4071
2.4400 2.4572 2.4400 2.4755
2.4300 2.5011 2.4300 2.5118
2.4200 2.5326 2.4200 2.5286
2.4000 2.5201 2.4000 2.4957
2.3600 2.4152 2.3600 2.3476
2.3100 2.3514 2.3100 2.2917
2.2500 2.3353 2.2500 2.3007
2.1800 2.3415 2.1800 2.3008
2.1400 2.3195 2.1400 2.2586
2.0600 2.2698 2.0600 2.2000
1.9800 2.1833 1.9800 2.1079
1.8800 2.1166 1.8800 2.0509
1.8200 2.0358 1.8200 1.9659
1.8000 1.9413 1.8000 1.8566
1.7800 1.9805 1.7800 1.9471
1.7800 1.7932 1.7800 1.6857
1.7700 1.7220 1.7700 1.6279
1.7700 1.5880 1.7700 1.5153
1.8000 1.6276 1.8000 1.5962
1.8400 1.6991 1.8400 1.6950
1.8900 1.6679 1.8900 1.6154
1.9200 1.7219 1.9200 1.7047
1.9500 1.6971 1.9500 1.6877
1.9500 1.7264 1.9500 1.7197
1.9200 1.8320 1.9200 1.8665
1.8600 1.8898 1.8600 1.9065
1.8100 1.9609 1.8100 1.9706
1.7800 1.9447 1.7800 1.9384
1.7600 1.9807 1.7600 1.9877
1.7600 1.9112 1.7600 1.8883
1.7600 1.8102 1.7600 1.7527
1.7600 1.6851 1.7600 1.6220
1.7400 1.6621 1.7400 1.6313
1.7500 1.6734 1.7500 1.6543
1.7600 1.6657 1.7600 1.6275
1.7800 1.7106 1.7800 1.6956
1.8000 1.7119 1.8000 1.7005
1.8400 1.7152 1.8400 1.7001
1.9000 1.6539 1.9000 1.6235
1.9500 1.7399 1.9500 1.7587
1.9900 1.7472 1.9900 1.7520
2.0000 1.7849 2.0000 1.7748
2.0000 1.8069 2.0000 1.8093
1.9800 1.8951 1.9800 1.9229
1.9700 2.0019 1.9700 2.0417
1.9500 2.0216 1.9500 2.0238
1.9300 2.0395 1.9300 2.0352
1.9300 1.9821 1.9300 1.9630
1.9600 1.9632 1.9600 1.9457
1.9800 1.8954 1.9800 1.8610
1.9900 1.9073 1.9900 1.8858
2.0000 1.8577 2.0000 1.8198
2.0200 1.8336 2.0200 1.7907
2.0500 1.8843 2.0500 1.8819
2.0700 1.9825 2.0700 2.0032
2.0900 1.9697 2.0900 1.9433
2.1300 1.9579 2.1300 1.9266
2.2000 1.9782 2.2000 1.9807
2.2700 2.0241 2.2700 2.0337
2.3400 2.0740 2.3400 2.0745
2.3600 2.0638 2.3600 2.0395
2.3800 2.0858 2.3800 2.0726
2.3900 2.1793 2.3900 2.2052
2.4000 2.3189 2.4000 2.3596
2.4000 2.3774 2.4000 2.3796
2.3800 2.4462 2.3800 2.4474
2.3700 2.3416 2.3700 2.2931
2.3600 2.3764 2.3600 2.3640
2.3500 2.3652 2.3500 2.3572
2.3300 2.3639 2.3300 2.3222
2.3100 2.3334 2.3100 2.2817
2.2600 2.2591 2.2600 2.1915
2.2000 2.2817 2.2000 2.2513
2.1400 2.2686 2.1400 2.2349
2.0800 2.2518 2.0800 2.1964
2.0300 2.2070 2.0300 2.1486
1.9900 2.1909 1.9900 2.1468
1.9500 2.0657 1.9500 1.9829
1.9000 1.9878 1.9000 1.9095
1.8400 1.9356 1.8400 1.8829
1.7800 1.8724 1.7800 1.8054
1.7500 1.8464 1.7500 1.7870
1.7400 1.8309 1.7400 1.7865
1.7200 1.7910 1.7200 1.7384
1.6900 1.7213 1.6900 1.6600
1.6400 1.6457 1.6400 1.5878
1.6300 1.5932 1.6300 1.5467
1.6400 1.6364 1.6400 1.6247
1.6900 1.6683 1.6900 1.6564
1.7200 1.6211 1.7200 1.5734
1.7400 1.5756 1.7400 1.5360
1.7700 1.4898 1.7700 1.4515
1.8000 1.5775 1.8000 1.5936
1.8000 1.6283 1.8000 1.6433
1.7700 1.7620 1.7700 1.7856
1.7500 1.7443 1.7500 1.7366
1.7600 1.7464 1.7600 1.7377
1.7800 1.8117 1.7800 1.8488
1.8000 1.8398 1.8000 1.8589
1.7800 1.7642 1.7800 1.7237
1.7600 1.6678 1.7600 1.6188
1.7400 1.6791 1.7400 1.6789
1.7200 1.7550 1.7200 1.7778
1.7300 1.7851 1.7300 1.7753
1.7500 1.7999 1.7500 1.7816
1.7300 1.6898 1.7300 1.6427
1.6700 1.6812 1.6700 1.6659
1.6000 1.6660 1.6000 1.6638
1.5700 1.6393 1.5700 1.6086
1.5600 1.7171 1.5600 1.7227
1.5300 1.7553 1.5300 1.7632
1.5000 1.6383 1.5000 1.5762
1.4800 1.4975 1.4800 1.4269
1.4600 1.4195 1.4600 1.3885
1.4500 1.4806 1.4500 1.4905
1.4500 1.5030 1.4500 1.4892
1.4600 1.4203 1.4600 1.3563
1.4800 1.3990 1.4800 1.3713
1.4900 1.4101 1.4900 1.4193
1.4900 1.3901 1.4900 1.3755
1.4900 1.4022 1.4900 1.3909
1.4800 1.4253 1.4800 1.4307
1.4900 1.4576 1.4900 1.4660
1.5200 1.5005 1.5200 1.5153
1.5700 1.4892 1.5700 1.4891
1.6200 1.4699 1.6200 1.4635
1.6700 1.4736 1.6700 1.4811
1.7200 1.4411 1.7200 1.4337
1.7700 1.4942 1.7700 1.5071
1.8100 1.5658 1.8100 1.5971
1.8300 1.6555 1.8300 1.6867
1.8600 1.7040 1.8600 1.7259
1.8900 1.7559 1.8900 1.7825
1.9200 1.8096 1.9200 1.8441
1.9700 1.8599 1.9700 1.8896
2.0100 1.8746 2.0100 1.8857
2.0200 1.8463 2.0200 1.8363
2.0200 1.9026 2.0200 1.9219
2.0100 1.9289 2.0100 1.9429
2.0000 1.9518 2.0000 1.9454
2.0000 2.0493 2.0000 2.0761
1.9900 2.0594 1.9900 2.0619
1.9800 1.9938 1.9800 1.9497
1.9800 1.9791 1.9800 1.9618
1.9700 1.9479 1.9700 1.9326
1.9600 1.9338 1.9600 1.9039
1.9500 1.9545 1.9500 1.9370
1.9500 1.9139 1.9500 1.8752
1.9600 1.9045 1.9600 1.8704
1.9800 1.9322 1.9800 1.9263
1.9900 1.8945 1.9900 1.8613
2.0000 1.8857 2.0000 1.8525
2.0200 1.8788 2.0200 1.8604
2.0300 1.9025 2.0300 1.8905
2.0400 1.9347 2.0400 1.9264
2.0400 1.9761 2.0400 1.9711
2.0300 1.9604 2.0300 1.9369
2.0400 1.9740 2.0400 1.9598
2.0600 2.0224 2.0600 2.0313
2.0900 2.0037 2.0900 1.9820
2.1100 2.0136 2.1100 1.9913
2.1200 1.9910 2.1200 1.9694
2.1300 1.9566 2.1300 1.9217
2.1500 2.0188 2.1500 2.0206
2.1800 2.0576 2.1800 2.0576
2.2000 2.1051 2.2000 2.0929
2.2000 2.0992 2.2000 2.0770
2.2000 2.0880 2.2000 2.0641
2.2000 2.1041 2.2000 2.0956
2.2200 2.1486 2.2200 2.1486
2.2400 2.1979 2.2400 2.1929
2.2600 2.1868 2.2600 2.1561
2.2600 2.1381 2.2600 2.0917
2.2700 2.1466 2.2700 2.1290
2.2800 2.1471 2.2800 2.1296
2.2900 2.2127 2.2900 2.2044
2.2900 2.2252 2.2900 2.2025
2.2800 2.2418 2.2800 2.2128
2.2600 2.1942 2.2600 2.1524
2.2300 2.2364 2.2300 2.2248
2.2100 2.2460 2.2100 2.2315
2.1900 2.2493 2.1900 2.2131
2.2000 2.2237 2.2000 2.1809
2.2100 2.1904 2.2100 2.1467
2.2100 2.1487 2.2100 2.1022
2.2000 2.0947 2.2000 2.0403
2.1900 2.1018 2.1900 2.0674
2.1600 2.0778 2.1600 2.0357
2.1200 2.1611 2.1200 2.1504
2.0900 2.1655 2.0900 2.1413
2.0600 2.1374 2.0600 2.0862
2.0500 2.1119 2.0500 2.0760
2.0400 2.1082 2.0400 2.0861
2.0300 2.0271 2.0300 1.9679
2.0400 1.9646 2.0400 1.9005
2.0400 1.9646 2.0400 1.9356
2.0600 1.9299 2.0600 1.8863
2.0900 1.9668 2.0900 1.9382
2.1200 1.9546 2.1200 1.9240
2.1200 1.9444 2.1200 1.9070
2.0900 2.0097 2.0900 2.0120
2.0800 1.9824 2.0800 1.9569
2.1000 2.0533 2.1000 2.0473
2.1300 2.1090 2.1300 2.1211
2.1400 2.1335 2.1400 2.1201
2.1100 2.0600 2.1100 2.0098
2.0500 1.9645 2.0500 1.9066
1.9700 2.0162 1.9700 2.0197
1.8600 2.1035 1.8600 2.1225
1.8200 2.1404 1.8200 2.1163
1.7600 2.0952 1.7600 2.0419
1.7100 1.9752 1.7100 1.9075
1.6100 1.8576 1.6100 1.7945
1.5300 1.7381 1.5300 1.6710
1.4500 1.5560 1.4500 1.4488
1.3500 1.6862 1.3500 1.6841
1.2800 1.5640 1.2800 1.4988
1.2000 1.5331 1.2000 1.4495
1.1400 1.3337 1.1400 1.2457
1.0600 1.3129 1.0600 1.2723
1.0000 1.2403 1.0000 1.2019
0.9400 1.1156 0.9400 1.0008
0.8800 1.0973 0.8800 1.0570
0.8200 1.0130 0.8200 0.9559
0.7600 0.9873 0.7600 0.9426
0.7000 0.9112 0.7000 0.8233
0.6600 0.8847 0.6600 0.8325
0.6200 0.8562 0.6200 0.7857
0.6100 0.8307 0.6100 0.7404
0.6200 0.8075 0.6200 0.7390
0.6500 0.7843 0.6500 0.7363
0.7000 0.7645 0.7000 0.7308
0.7700 0.7741 0.7700 0.7638
0.8200 0.7545 0.8200 0.7442
0.8600 0.7790 0.8600 0.7868
0.9000 0.8058 0.9000 0.8457
0.9700 0.8630 0.9700 0.8920
1.0800 0.9267 1.0800 0.9554
1.2000 1.0024 1.2000 1.0278
1.2900 0.9659 1.2900 1.0089
1.3300 0.9824 1.3300 1.0263
1.3900 1.0213 1.3900 1.0815
1.4400 1.1450 1.4400 1.2282
1.5000 1.3296 1.5000 1.4343
1.5500 1.4665 1.5500 1.5570
1.5800 1.4925 1.5800 1.5432
1.6200 1.4292 1.6200 1.4514
1.6400 1.5367 1.6400 1.6187
1.6700 1.5602 1.6700 1.6174
1.6900 1.6298 1.6900 1.6608
1.7000 1.6521 1.7000 1.6804
1.7200 1.6333 1.7200 1.6408
1.7400 1.6978 1.7400 1.7329
1.7600 1.6687 1.7600 1.6772
1.7600 1.7180 1.7600 1.7298
1.7800 1.7129 1.7800 1.7212
1.8200 1.6957 1.8200 1.6839
1.8800 1.7404 1.8800 1.7543
1.9500 1.7570 1.9500 1.7665
2.0100 1.7730 2.0100 1.7681
2.0200 1.7257 2.0200 1.7031
2.0100 1.7958 2.0100 1.8132
2.0000 1.8812 2.0000 1.9178
2.0000 1.9797 2.0000 2.0049
2.0100 2.0699 2.0100 2.0961
1.9900 2.1047 1.9900 2.1173
1.9700 1.9959 1.9700 1.9521
1.9600 1.9503 1.9600 1.9234
1.9600 1.9475 1.9600 1.9486
1.9500 1.9622 1.9500 1.9470
1.9300 1.9857 1.9300 1.9625
1.9300 1.8855 1.9300 1.8210
1.9500 1.8730 1.9500 1.8376
1.9500 1.8938 1.9500 1.8945
1.9700 1.9114 1.9700 1.8946
2.0100 1.8724 2.0100 1.8276
2.0600 1.8310 2.0600 1.7898
2.1300 1.8862 2.1300 1.8911
2.2100 1.9514 2.2100 1.9643
2.3000 1.8941 2.3000 1.8471
2.3800 1.9684 2.3800 1.9680
2.4100 2.0607 2.4100 2.0991
2.4300 2.1267 2.4300 2.1347
2.4400 2.2449 2.4400 2.2702
2.4600 2.3487 2.4600 2.3849
2.4900 2.4624 2.4900 2.4947
2.5300 2.5160 2.5300 2.5283
2.5600 2.4171 2.5600 2.3634
2.5900 2.4274 2.5900 2.4086
2.5900 2.4166 2.5900 2.4075
2.6200 2.4521 2.6200 2.4262
2.6400 2.4986 2.6400 2.4765
2.6700 2.5551 2.6700 2.5362
2.6800 2.5541 2.6800 2.5159
2.6500 2.5878 2.6500 2.5630
2.6000 2.5104 2.6000 2.4519
2.5500 2.6288 2.5500 2.6303
2.5400 2.6141 2.5400 2.5865
2.4700 2.6607 2.4700 2.6154
2.4700 2.6190 2.4700 2.5662
2.4100 2.4830 2.4100 2.3819
2.3800 2.3978 2.3800 2.3174
2.2400 2.3555 2.2400 2.3022
2.1200 2.4444 2.1200 2.4241
1.9800 2.1931 1.9800 2.0377
1.8400 2.3937 1.8400 2.3852
1.6700 2.1725 1.6700 2.0885
1.4400 2.2212 1.4400 2.1450
1.2000 1.8109 1.2000 1.6360
1.0400 1.7662 1.0400 1.6662
0.9600 1.5935 0.9600 1.5162
0.9200 1.4607 0.9200 1.3023
0.8900 1.3060 0.8900 1.1024
0.8500 1.0826 0.8500 0.8801
0.8100 0.9223 0.8100 0.7519
0.7900 0.9224 0.7900 0.8691
0.7700 0.9802 0.7700 0.9140
0.7600 0.9608 0.7600 0.8982
0.7600 0.9298 0.7600 0.8794
0.7500 0.8413 0.7500 0.8088
0.7200 0.8019 0.7200 0.7772
0.6900 0.8211 0.6900 0.8290
0.6900 0.8106 0.6900 0.7919
0.7200 0.8241 0.7200 0.8075
0.7600 0.8445 0.7600 0.8445
0.8000 0.8096 0.8000 0.7892
0.8500 0.7573 0.8500 0.7054
0.9100 0.7531 0.9100 0.7286
0.9700 0.7990 0.9700 0.8349
0.9800 0.8957 0.9800 0.9240
1.0200 0.9396 1.0200 0.9348
1.0600 0.9480 1.0600 0.9485
1.1600 0.9868 1.1600 1.0420
1.2700 1.0636 1.2700 1.1324
1.4500 1.1227 1.4500 1.1814
1.6300 1.0341 1.6300 1.0407
1.8000 1.1298 1.8000 1.1883
1.9100 1.1679 1.9100 1.2317
2.0100 1.3810 2.0100 1.4712
2.0800 1.5093 2.0800 1.5965
2.1400 1.8379 2.1400 1.9846
2.1900 2.0230 2.1900 2.1544
2.2500 2.1690 2.2500 2.2588
2.3300 2.1456 2.3300 2.1872
2.4300 2.2340 2.4300 2.3035
2.5100 2.2344 2.5100 2.2754
2.5800 2.2601 2.5800 2.2666
2.6200 2.2792 2.6200 2.2824
2.6100 2.3562 2.6100 2.3731
2.5800 2.4793 2.5800 2.5122
2.5400 2.6192 2.5400 2.6542
2.5200 2.6365 2.5200 2.6213
2.5200 2.6855 2.5200 2.6772
2.5200 2.6544 2.5200 2.6337
2.5000 2.5138 2.5000 2.4280
2.4300 2.4445 2.4300 2.3774
2.3200 2.3802 2.3200 2.3237
2.1500 2.4031 2.1500 2.3556
1.9500 2.4420 1.9500 2.4025
1.7800 2.4283 1.7800 2.3650
1.6400 2.3572 1.6400 2.2767
1.5300 2.1684 1.5300 2.0538
1.3900 1.9763 1.3900 1.8565
1.2700 1.6951 1.2700 1.5097
1.1900 1.5291 1.1900 1.3060
1.1800 1.4221 1.1800 1.2359
1.2400 1.3065 1.2400 1.1537
1.3500 1.2172 1.3500 1.1030
1.4600 1.0756 1.4600 0.9018
1.5300 1.0160 1.5300 0.8848
1.5100 0.9957 1.5100 0.9639
1.4600 1.1351 1.4600 1.1287
1.3600 1.3355 1.3600 1.3759
1.2100 1.5489 1.2100 1.6289
1.0500 1.6704 1.0500 1.7353
0.9300 1.6641 0.9300 1.6930
0.8900 1.4587 0.8900 1.4200
0.8600 1.3584 0.8600 1.3417
0.8000 1.1859 0.8000 1.1001
0.7300 1.0367 0.7300 0.9067
0.6600 0.9081 0.6600 0.7906
0.6300 0.8512 0.6300 0.7869
0.6200 0.9379 0.6200 0.9080
0.6300 0.9024 0.6300 0.8482
0.6400 0.8011 0.6400 0.6973
0.6700 0.7480 0.6700 0.7061
0.7000 0.7305 0.7000 0.7268
0.7200 0.7798 0.7200 0.7922
0.7500 0.7934 0.7500 0.7942
0.7800 0.8184 0.7800 0.8357
0.8300 0.8108 0.8300 0.8247
0.8700 0.8611 0.8700 0.8938
0.9200 0.8681 0.9200 0.8852
0.9900 0.8463 0.9900 0.8361
1.0600 0.8804 1.0600 0.8980
1.1300 0.8970 1.1300 0.9292
1.1800 0.9740 1.1800 1.0223
1.1900 0.9862 1.1900 1.0296
1.1800 1.0525 1.1800 1.1038
1.1700 1.1602 1.1700 1.2387
1.2000 1.2282 1.2000 1.2928
1.2600 1.2957 1.2600 1.3524
1.3100 1.3038 1.3100 1.3489
1.3700 1.2304 1.3700 1.2388
1.4300 1.1786 1.4300 1.1854
1.4800 1.1654 1.4800 1.1843
1.5200 1.2697 1.5200 1.3160
1.5500 1.3835 1.5500 1.4352
1.5700 1.4071 1.5700 1.4241
1.5900 1.4911 1.5900 1.5353
1.6200 1.5560 1.6200 1.6170
1.6800 1.5835 1.6800 1.6167
1.7400 1.6010 1.7400 1.6252
1.7900 1.6080 1.7900 1.6304
1.7900 1.6035 1.7900 1.6145
1.7700 1.6209 1.7700 1.6339
1.7600 1.6699 1.7600 1.6935
1.7600 1.7937 1.7600 1.8422
1.8100 1.8467 1.8100 1.8727
1.8900 1.8705 1.8900 1.8763
1.9600 1.7575 1.9600 1.7241
2.0300 1.7004 2.0300 1.6773
2.0500 1.7193 2.0500 1.7321
2.0300 1.7319 2.0300 1.7258
1.9800 1.8899 1.9800 1.9224
1.9100 2.0319 1.9100 2.0817
1.8500 2.0695 1.8500 2.0716
1.8100 2.1475 1.8100 2.1713
1.7700 2.0520 1.7700 2.0322
1.7400 1.9432 1.7400 1.8881
1.7000 1.8318 1.7000 1.7842
1.6300 1.7128 1.6300 1.6471
1.5600 1.6732 1.5600 1.6200
1.5000 1.6724 1.5000 1.6377
1.4500 1.6236 1.4500 1.5667
1.3900 1.6187 1.3900 1.5800
1.3500 1.5607 1.3500 1.5229
1.3100 1.4277 1.3100 1.3550
1.3000 1.3692 1.3000 1.3232
1.2900 1.3360 1.2900 1.3101
1.2900 1.3052 1.2900 1.2655
1.2900 1.2240 1.2900 1.1661
1.2900 1.2328 1.2900 1.2121
1.2900 1.1976 1.2900 1.1785
1.2900 1.2534 1.2900 1.2535
1.2900 1.2465 1.2900 1.2426
1.2800 1.2701 1.2800 1.2692
1.3000 1.2755 1.3000 1.2835
1.3100 1.2783 1.3100 1.2843
1.3200 1.2809 1.3200 1.2873
1.3100 1.2817 1.3100 1.2888
1.3000 1.2821 1.3000 1.2874
1.3000 1.2512 1.3000 1.2454
1.2900 1.3349 1.2900 1.3670
1.2900 1.3221 1.2900 1.3331
1.3000 1.3303 1.3000 1.3286
1.3100 1.2812 1.3100 1.2768
1.3200 1.2730 1.3200 1.2760
1.3200 1.2946 1.3200 1.3106
1.3200 1.2599 1.3200 1.2509
1.3100 1.2801 1.3100 1.2818
1.2900 1.3118 1.2900 1.3330
1.2600 1.3204 1.2600 1.3282
1.2400 1.3309 1.2400 1.3379
1.2300 1.3113 1.2300 1.3147
1.2400 1.3127 1.2400 1.3196
1.2500 1.2818 1.2500 1.2796
1.2500 1.2401 1.2500 1.2261
1.2400 1.1898 1.2400 1.1729
1.2300 1.1907 1.2300 1.1897
1.2200 1.2001 1.2200 1.2035
1.2100 1.2496 1.2100 1.2627
1.2100 1.2596 1.2100 1.2672
1.2000 1.2407 1.2000 1.2376
1.1900 1.2143 1.1900 1.2143
1.1700 1.2069 1.1700 1.2148
1.1600 1.1965 1.1600 1.1995
1.1500 1.1848 1.1500 1.1819
1.1500 1.2048 1.1500 1.2140
1.1500 1.1741 1.1500 1.1701
1.1600 1.1650 1.1600 1.1618
1.1700 1.1267 1.1700 1.1219
1.1900 1.1376 1.1900 1.1434
1.2100 1.1277 1.2100 1.1308
1.2400 1.1471 1.2400 1.1539
1.2600 1.1480 1.2600 1.1555
1.2600 1.1790 1.2600 1.1961
1.2600 1.1904 1.2600 1.2069
1.2500 1.2313 1.2500 1.2554
1.2400 1.2519 1.2400 1.2753
1.2400 1.3024 1.2400 1.3332
1.2400 1.3016 1.2400 1.3202
1.2500 1.2597 1.2500 1.2570
1.2600 1.2615 1.2600 1.2747
1.2500 1.2297 1.2500 1.2347
1.2500 1.2169 1.2500 1.2130
1.2600 1.2360 1.2600 1.2472
1.2500 1.2337 1.2500 1.2386
1.2300 1.2638 1.2300 1.2753
1.2000 1.2743 1.2000 1.2885
1.1800 1.2232 1.1800 1.2123
1.1500 1.2466 1.1500 1.2590
1.1300 1.2778 1.1300 1.3051
1.1200 1.2230 1.1200 1.2075
1.1200 1.1832 1.1200 1.1661
1.1200 1.1354 1.1200 1.1292
1.1300 1.1359 1.1300 1.1369
1.1500 1.0840 1.1500 1.0659
1.1700 1.0836 1.1700 1.0745
1.2000 1.0953 1.2000 1.1030
1.2000 1.1157 1.2000 1.1240
1.2000 1.1175 1.2000 1.1215
1.2100 1.1499 1.2100 1.1684
1.2400 1.1923 1.2400 1.2218
1.2900 1.2128 1.2900 1.2336
1.3300 1.2640 1.3300 1.2950
1.3300 1.2030 1.3300 1.2029
1.2900 1.2041 1.2900 1.2117
1.2400 1.2357 1.2400 1.2686
1.2100 1.3029 1.2100 1.3378
1.1800 1.3910 1.1800 1.4314
1.1600 1.4078 1.1600 1.4299
1.1300 1.3247 1.1300 1.3090
1.1300 1.2064 1.1300 1.1791
1.1600 1.1401 1.1600 1.1287
1.2000 1.1479 1.2000 1.1518
1.2200 1.1095 1.2200 1.0859
1.2200 1.1064 1.2200 1.0862
1.1900 1.0590 1.1900 1.0419
1.1300 1.1229 1.1300 1.1413
1.0400 1.2162 1.0400 1.2603
0.9400 1.2759 0.9400 1.3035
0.8200 1.2573 0.8200 1.2609
0.7200 1.2213 0.7200 1.2266
0.6200 1.1346 0.6200 1.1258
0.5500 1.0149 0.5500 0.9800
0.4800 0.9325 0.4800 0.8519
0.4700 0.8525 0.4700 0.7746
0.5300 0.7579 0.5300 0.6812
0.6500 0.7658 0.6500 0.7346
0.7700 0.7353 0.7700 0.7241
0.8500 0.7432 0.8500 0.7584
0.9000 0.7074 0.9000 0.7332
0.9600 0.7584 0.9600 0.8156
1.0400 0.8951 1.0400 1.0081
1.1400 1.0979 1.1400 1.1833
1.2600 1.1381 1.2600 1.1475
1.3700 1.0571 1.3700 1.1166
1.4600 1.0535 1.4600 1.1167
1.5200 1.1315 1.5200 1.2242
1.5700 1.2436 1.5700 1.3369
1.5900 1.3735 1.5900 1.4572
1.6000 1.5285 1.6000 1.6238
1.5600 1.6151 1.5600 1.6944
1.5200 1.6614 1.5200 1.7201
1.4600 1.6571 1.4600 1.6997
1.4000 1.6853 1.4000 1.7298
1.3500 1.6334 1.3500 1.6416
1.3000 1.6153 1.3000 1.6129
1.2600 1.4586 1.2600 1.4095
1.2100 1.4186 1.2100 1.3891
1.1500 1.3133 1.1500 1.2761
1.0500 1.2482 1.0500 1.1976
0.9500 1.2194 0.9500 1.1890
0.8700 1.1676 0.8700 1.1314
0.8100 1.1509 0.8100 1.1222
0.7700 1.0844 0.7700 1.0509
0.7200 1.0096 0.7200 0.9680
0.6800 0.9058 0.6800 0.8102
0.6500 0.8437 0.6500 0.7618
0.6600 0.8276 0.6600 0.7701
0.7300 0.8336 0.7300 0.7765
0.8700 0.8326 0.8700 0.7803
1.0200 0.7836 1.0200 0.7339
1.1300 0.7712 1.1300 0.7467
1.1800 0.7672 1.1800 0.7609
1.1800 0.8272 1.1800 0.8697
1.1900 1.0097 1.1900 1.0729
1.2300 1.2556 1.2300 1.3170
1.2700 1.3450 1.2700 1.4551
1.2800 1.3817 1.2800 1.4472
1.2800 1.3152 1.2800 1.3548
1.3000 1.2175 1.3000 1.2437
1.3600 1.2450 1.3600 1.2957
1.4000 1.3339 1.4000 1.3937
1.4500 1.3578 1.4500 1.3744
1.4900 1.2981 1.4900 1.2804
1.5300 1.2802 1.5300 1.2889
1.5500 1.3450 1.5500 1.3923
1.5500 1.4852 1.5500 1.5502
1.5600 1.4741 1.5600 1.4811
1.5700 1.5453 1.5700 1.5713
1.6000 1.5683 1.6000 1.6101
1.6100 1.6075 1.6100 1.6365
1.6100 1.5822 1.6100 1.5874
1.5900 1.5362 1.5900 1.5256
1.5800 1.5701 1.5800 1.5881
1.5600 1.5753 1.5600 1.5854
1.5400 1.6444 1.5400 1.6603
1.5300 1.6052 1.5300 1.5938
1.5200 1.5832 1.5200 1.5664
1.5100 1.5233 1.5100 1.5072
1.5100 1.5372 1.5100 1.5378
1.5000 1.4920 1.5000 1.4724
1.5000 1.4686 1.5000 1.4419
1.5100 1.4822 1.5100 1.4794
1.5100 1.4705 1.5100 1.4608
1.5100 1.4604 1.5100 1.4445
1.4900 1.4847 1.4900 1.4890
1.4700 1.4528 1.4700 1.4406
1.4400 1.4764 1.4400 1.4755
1.4500 1.5099 1.4500 1.5257
1.4600 1.4854 1.4600 1.4743
1.4700 1.4871 1.4700 1.4807
1.4600 1.4253 1.4600 1.4082
1.4500 1.4074 1.4500 1.3939
1.4400 1.3564 1.4400 1.3377
1.4100 1.4524 1.4100 1.4756
1.3700 1.4582 1.3700 1.4639
1.3200 1.4649 1.3200 1.4521
1.2800 1.4165 1.2800 1.4034
1.2400 1.4113 1.2400 1.4129
1.2100 1.4035 1.2100 1.4059
1.1800 1.3273 1.1800 1.2952
1.1500 1.2672 1.1500 1.2335
1.1000 1.1985 1.1000 1.1711
1.0500 1.1801 1.0500 1.1618
1.0000 1.1393 1.0000 1.1143
0.9700 1.1301 0.9700 1.1106
0.9300 1.1028 0.9300 1.0867
0.9000 1.0761 0.9000 1.0594
0.8800 0.9906 0.8800 0.9575
0.8600 0.9454 0.8600 0.9216
0.8400 0.9074 0.8400 0.8811
0.8000 0.9089 0.8000 0.9014
0.7700 0.8537 0.7700 0.8273
0.7300 0.8576 0.7300 0.8305
0.7100 0.8695 0.7100 0.8545
0.7000 0.8558 0.7000 0.8294
0.6900 0.8397 0.6900 0.8117
0.6700 0.7849 0.6700 0.7276
0.6400 0.7925 0.6400 0.7590
0.6100 0.7711 0.6100 0.7309
0.6000 0.7924 0.6000 0.7731
0.6100 0.7973 0.6100 0.8017
0.6200 0.7860 0.6200 0.7790
0.6300 0.7593 0.6300 0.7327
0.6400 0.7357 0.6400 0.7171
0.6700 0.7316 0.6700 0.7286
0.7300 0.7574 0.7300 0.7680
0.8100 0.7877 0.8100 0.8233
0.8700 0.7921 0.8700 0.8036
0.9200 0.7886 0.9200 0.8000
0.9600 0.7861 0.9600 0.8070
1.0100 0.8474 1.0100 0.8826
1.1000 0.9538 1.1000 0.9932
1.2000 1.0448 1.2000 1.0793
1.3100 1.0289 1.3100 1.0769
1.4100 1.0594 1.4100 1.1101
1.4800 1.0799 1.4800 1.1381
1.5400 1.1454 1.5400 1.2082
1.6300 1.3093 1.6300 1.4034
1.7400 1.4246 1.7400 1.5065
1.8200 1.5518 1.8200 1.6286
1.8000 1.6315 1.8000 1.7074
1.7400 1.6366 1.7400 1.6813
1.7100 1.6765 1.7100 1.7252
1.7100 1.8336 1.7100 1.9275
1.7100 1.9798 1.7100 2.0620
1.7200 1.9766 1.7200 1.9840
1.7200 1.7217 1.7200 1.6314
1.7300 1.5905 1.7300 1.5443
1.6800 1.6416 1.6800 1.6811
1.5900 1.6884 1.5900 1.6912
1.5100 1.6660 1.5100 1.6124
1.4500 1.6978 1.4500 1.6829
1.4100 1.6801 1.4100 1.6758
1.3500 1.7177 1.3500 1.7225
1.3100 1.5302 1.3100 1.4594
1.2800 1.3586 1.2800 1.2670
1.2800 1.3147 1.2800 1.2908
1.2800 1.2930 1.2800 1.2688
1.2800 1.2870 1.2800 1.2428
1.2700 1.1831 1.2700 1.1168
1.2600 1.1943 1.2600 1.1739
1.2400 1.1929 1.2400 1.1933
1.1900 1.2569 1.1900 1.2648
1.1100 1.2592 1.1100 1.2569
1.0300 1.2625 1.0300 1.2594
0.9800 1.2379 0.9800 1.2375
0.9600 1.2316 0.9600 1.2360
0.9500 1.1925 0.9500 1.1848
0.9400 1.0811 0.9400 1.0405
0.9300 0.9757 0.9300 0.8889
0.9400 0.9233 0.9400 0.8485
0.9500 0.9014 0.9500 0.8652
0.9700 0.9367 0.9700 0.9050
0.9500 0.9521 0.9500 0.9107
0.9200 0.9322 0.9200 0.9152
0.8600 0.9183 0.8600 0.9271
0.8000 0.9720 0.8000 1.0032
0.7400 0.9847 0.7400 1.0059
0.7000 1.0246 0.7000 1.0478
0.6800 0.9301 0.6800 0.9195
0.6800 0.8827 0.6800 0.8739
0.7000 0.8144 0.7000 0.7693
0.7300 0.7755 0.7300 0.7277
0.7700 0.7712 0.7700 0.7315
0.8200 0.7874 0.8200 0.7635
0.8800 0.7998 0.8800 0.7830
0.9500 0.8193 0.9500 0.8335
0.9900 0.8701 0.9900 0.8888
1.0000 0.8997 1.0000 0.9110
0.9800 0.9332 0.9800 0.9383
0.9600 0.9748 0.9600 1.0107
0.9600 1.0338 0.9600 1.0978
0.9900 1.1227 0.9900 1.1924
1.0300 1.1037 1.0300 1.1394
