2.5000 2.2951 2.5000 2.3710
2.5200 2.3846 2.5200 2.4472
2.5600 2.3624 2.5600 2.4169
2.5900 2.3764 2.5900 2.4378
2.6200 2.4417 2.6200 2.5085
2.6600 2.4218 2.6600 2.4829
2.6900 2.4141 2.6900 2.4808
2.7200 2.4365 2.7200 2.5021
2.7500 2.4926 2.7500 2.5586
2.7900 2.5093 2.7900 2.5677
2.8100 2.5307 2.8100 2.5873
2.8300 2.5840 2.8300 2.6411
2.8600 2.6000 2.8600 2.6533
2.8900 2.6222 2.8900 2.6771
2.9200 2.6473 2.9200 2.7024
2.9400 2.7027 2.9400 2.7602
2.9900 2.6951 2.9900 2.7462
3.0100 2.6987 3.0100 2.7524
3.0400 2.7415 3.0400 2.7965
3.0700 2.7731 3.0700 2.8256
3.0900 2.7985 3.0900 2.8503
3.1100 2.8011 3.1100 2.8498
3.1300 2.8867 3.1300 2.9425
3.1300 2.8790 3.1300 2.9235
3.1400 2.9006 3.1400 2.9514
3.1400 2.9355 3.1400 2.9851
3.1500 2.9413 3.1500 2.9881
3.1700 2.9494 3.1700 2.9973
3.1800 2.9629 3.1800 3.0105
3.1900 2.9415 3.1900 2.9835
3.2100 2.9387 3.2100 2.9840
3.2100 2.9334 3.2100 2.9752
3.2100 2.9478 3.2100 2.9900
3.2200 2.9817 3.2200 3.0239
3.2600 2.9847 3.2600 3.0217
3.2600 2.9872 3.2600 3.0245
3.2600 3.0166 3.2600 3.0563
3.2500 3.0006 3.2500 3.0347
3.2400 2.9813 3.2400 3.0182
3.2200 3.0059 3.2200 3.0461
3.2000 3.0961 3.2000 3.1398
3.1800 3.0544 3.1800 3.0846
3.1600 3.0262 3.1600 3.0622
3.1400 3.0070 3.1400 3.0412
3.0800 2.9882 3.0800 3.0233
3.0400 2.9496 3.0400 2.9830
3.0100 2.9204 3.0100 2.9541
2.9800 2.9065 2.9800 2.9383
2.9600 2.8758 2.9600 2.9053
2.9400 2.8594 2.9400 2.8880
2.9300 2.7437 2.9300 2.7618
2.9100 2.7069 2.9100 2.7351
2.7300 2.7039 2.7300 2.7308
2.7000 2.6829 2.7000 2.7070
2.7600 2.6739 2.7600 2.6992
2.6500 2.6654 2.6500 2.6891
2.5100 2.6772 2.5100 2.7025
2.5100 2.6450 2.5100 2.6683
2.5100 2.2587 2.5100 2.2518
2.4900 2.3241 2.4900 2.3702
2.5500 2.6031 2.5500 2.6508
2.9400 2.3318 2.9400 2.3245
3.0600 2.0295 3.0600 2.0370
3.1600 2.2121 3.1600 2.2549
3.2200 2.3304 3.2200 2.3503
3.1100 2.2311 3.1100 2.2472
2.9800 2.4150 2.9800 2.4588
2.9300 3.3378 2.9300 3.4428
2.8800 3.2848 2.8800 3.2886
2.9100 3.1858 2.9100 3.2334
2.8900 3.2233 2.8900 3.2835
2.8500 2.8793 2.8500 2.9190
2.8900 2.5642 2.8900 2.6348
3.0000 2.5803 3.0000 2.6719
3.0700 2.6420 3.0700 2.7032
2.9600 2.6713 2.9600 2.7262
2.9100 2.6521 2.9100 2.6790
2.7500 2.5714 2.7500 2.5792
2.7000 2.6800 2.7000 2.7126
2.7200 2.9553 2.7200 2.9987
2.6900 3.0316 2.6900 3.0590
2.5100 2.6378 2.5100 2.6417
2.4100 2.5815 2.4100 2.6311
2.4400 2.3129 2.4400 2.3315
2.3900 2.3228 2.3900 2.3774
2.3700 2.4933 2.3700 2.5446
2.3300 2.4558 2.3300 2.4754
2.2800 2.0441 2.2800 2.0293
2.2200 1.9334 2.2200 1.9526
2.1800 2.2297 2.1800 2.2670
2.1400 2.1268 2.1400 2.1269
2.1000 2.1060 2.1000 2.1299
2.0900 2.0833 2.0900 2.0976
2.0500 2.0291 2.0500 2.0436
2.0400 1.9224 2.0400 1.9396
2.0400 1.9248 2.0400 1.9529
1.9800 1.9221 1.9800 1.9464
1.9700 1.8582 1.9700 1.8837
1.9500 1.9031 1.9500 1.9362
1.9400 1.8481 1.9400 1.8667
1.9000 1.8616 1.9000 1.8924
1.8900 1.8944 1.8900 1.9263
1.8000 1.7813 1.8000 1.7997
1.7700 1.7940 1.7700 1.8316
1.7600 1.7959 1.7600 1.8289
1.7200 1.8042 1.7200 1.8394
1.6800 1.7220 1.6800 1.7496
1.6500 1.7435 1.6500 1.7819
1.6200 1.5850 1.6200 1.5992
1.5900 1.5654 1.5900 1.6005
1.5600 1.6264 1.5600 1.6615
1.5100 1.5640 1.5100 1.5857
1.5000 1.5079 1.5000 1.5322
1.4600 1.4906 1.4600 1.5158
1.4000 1.4870 1.4000 1.5105
1.4000 1.4386 1.4000 1.4613
1.3800 1.4274 1.3800 1.4530
1.4000 1.3622 1.4000 1.3800
1.3900 1.3821 1.3900 1.4126
1.4100 1.3384 1.4100 1.3581
1.3900 1.2474 1.3900 1.2621
1.4400 1.3008 1.4400 1.3324
1.5200 1.3005 1.5200 1.3229
1.6000 1.3566 1.6000 1.3899
1.6700 1.3334 1.6700 1.3582
1.7600 1.3896 1.7600 1.4259
1.7900 1.3396 1.7900 1.3653
1.7700 1.4433 1.7700 1.4941
1.7200 1.6065 1.7200 1.6641
1.5800 1.6995 1.5800 1.7575
1.4500 1.7689 1.4500 1.8298
1.3800 1.8743 1.3800 1.9446
1.3600 1.8599 1.3600 1.9197
1.3400 1.7304 1.3400 1.7864
1.2800 1.6199 1.2800 1.6776
1.2300 1.3551 1.2300 1.3886
1.2100 1.1705 1.2100 1.2048
1.2300 1.1556 1.2300 1.1911
1.2100 1.2252 1.2100 1.2549
1.1700 1.2196 1.1700 1.2333
1.1200 1.1267 1.1200 1.1219
1.0900 1.0925 1.0900 1.0823
1.1000 1.1006 1.1000 1.1072
1.1400 1.1897 1.1400 1.2114
1.2600 1.1604 1.2600 1.1738
1.4200 1.0921 1.4200 1.1064
1.5500 1.0303 1.5500 1.0442
1.6300 1.0165 1.6300 1.0362
1.5900 1.0781 1.5900 1.1081
1.5300 1.1705 1.5300 1.2074
1.5200 1.3979 1.5200 1.4570
1.5100 1.6465 1.5100 1.7153
1.4500 1.7840 1.4500 1.8486
1.4100 1.8026 1.4100 1.8650
1.4100 1.6097 1.4100 1.6575
1.4300 1.4588 1.4300 1.5189
1.4500 1.4717 1.4500 1.5488
1.4600 1.4796 1.4600 1.5489
1.4900 1.3478 1.4900 1.3929
1.5100 1.2884 1.5100 1.3299
1.5200 1.3455 1.5200 1.3846
1.5300 1.3941 1.5300 1.4284
1.5400 1.4243 1.5400 1.4574
1.5400 1.4375 1.5400 1.4691
1.5400 1.4904 1.5400 1.5314
1.5600 1.5067 1.5600 1.5484
1.5500 1.5067 1.5500 1.5506
1.5300 1.5132 1.5300 1.5608
1.4700 1.5240 1.4700 1.5740
1.4200 1.5103 1.4200 1.5580
1.4200 1.4988 1.4200 1.5465
1.4300 1.5429 1.4300 1.5949
1.3800 1.5072 1.3800 1.5484
1.3700 1.4563 1.3700 1.4964
1.3500 1.3464 1.3500 1.3754
1.3000 1.2859 1.3000 1.3174
1.3100 1.3385 1.3100 1.3795
1.3200 1.3853 1.3200 1.4229
1.3300 1.2819 1.3300 1.2999
1.3500 1.2794 1.3500 1.3093
1.3500 1.2812 1.3500 1.3062
1.3700 1.1935 1.3700 1.2100
1.4000 1.2470 1.4000 1.2830
1.4500 1.3011 1.4500 1.3345
1.4900 1.3175 1.4900 1.3502
1.5000 1.3361 1.5000 1.3731
1.4900 1.3408 1.4900 1.3744
1.4600 1.3710 1.4600 1.4117
1.9900 1.7891 1.9900 1.8476
1.9800 1.8020 1.9800 1.8639
1.9900 1.7722 1.9900 1.8307
1.9800 1.7561 1.9800 1.8106
1.9800 1.8774 1.9800 1.9440
1.9700 1.9767 1.9700 2.0360
1.9800 1.9920 1.9800 2.0435
1.9500 1.9077 1.9500 1.9513
1.9200 1.9193 1.9200 1.9753
1.8700 1.8931 1.8700 1.9442
1.8100 1.8808 1.8100 1.9371
1.8400 1.8683 1.8400 1.9203
1.8300 1.8907 1.8300 1.9442
1.8000 1.8222 1.8000 1.8616
1.7900 1.7597 1.7900 1.7993
1.7700 1.6928 1.7700 1.7263
1.7200 1.6048 1.7200 1.6344
1.6700 1.7327 1.6700 1.7840
1.6600 1.7268 1.6600 1.7577
1.6300 1.6593 1.6300 1.6865
1.5900 1.6541 1.5900 1.6878
1.5700 1.6510 1.5700 1.6819
1.5400 1.5583 1.5400 1.5823
1.5100 1.4833 1.5100 1.5124
1.4900 1.5404 1.4900 1.5787
1.4800 1.5007 1.4800 1.5274
1.4700 1.4374 1.4700 1.4628
1.4600 1.4427 1.4600 1.4711
1.4400 1.4194 1.4400 1.4425
1.3900 1.3824 1.3900 1.4061
1.3300 1.3753 1.3300 1.4023
1.2900 1.3954 1.2900 1.4243
1.2600 1.3888 1.2600 1.4170
1.2400 1.3816 1.2400 1.4114
1.2400 1.3605 1.2400 1.3879
1.2300 1.2743 1.2300 1.2950
1.2400 1.1903 1.2400 1.2106
1.2500 1.1684 1.2500 1.1929
1.2700 1.1617 1.2700 1.1853
1.2900 1.1575 1.2900 1.1803
1.3100 1.1874 1.3100 1.2128
1.3300 1.1857 1.3300 1.2061
1.3400 1.2142 1.3400 1.2411
1.3400 1.2397 1.3400 1.2686
1.3400 1.2793 1.3400 1.3143
1.3400 1.3065 1.3400 1.3449
1.3500 1.3304 1.3500 1.3725
1.3600 1.3551 1.3600 1.3998
1.3700 1.3514 1.3700 1.3956
1.3700 1.3387 1.3700 1.3827
1.3800 1.3292 1.3800 1.3739
1.3800 1.3282 1.3800 1.3733
1.3900 1.3449 1.3900 1.3912
1.3900 1.3575 1.3900 1.4023
1.4000 1.3671 1.4000 1.4107
1.4000 1.3548 1.4000 1.3952
1.3900 1.3691 1.3900 1.4127
1.3900 1.3637 1.3900 1.4044
1.4000 1.3771 1.4000 1.4214
1.3900 1.3717 1.3900 1.4132
1.3800 1.3862 1.3800 1.4307
1.3700 1.3801 1.3700 1.4214
1.3700 1.3521 1.3700 1.3909
1.3600 1.3583 1.3600 1.4001
1.3600 1.3810 1.3600 1.4244
1.3600 1.3572 1.3600 1.3946
1.3600 1.3322 1.3600 1.3697
1.3600 1.3254 1.3600 1.3629
1.3500 1.3350 1.3500 1.3739
1.3500 1.3167 1.3500 1.3521
1.3200 1.3236 1.3200 1.3617
1.2900 1.3317 1.2900 1.3687
1.3000 1.3297 1.3000 1.3665
1.2800 1.3313 1.2800 1.3685
1.2700 1.3116 1.2700 1.3463
1.2600 1.3193 1.2600 1.3578
1.2400 1.2608 1.2400 1.2908
1.2200 1.2175 1.2200 1.2486
1.2100 1.2665 1.2100 1.3069
1.1900 1.2385 1.1900 1.2677
1.1800 1.2229 1.1800 1.2546
1.1700 1.2167 1.1700 1.2474
1.1700 1.1966 1.1700 1.2239
1.1600 1.1652 1.1600 1.1923
1.1500 1.1667 1.1500 1.1974
1.1300 1.1521 1.1300 1.1788
1.1200 1.1397 1.1200 1.1687
1.1100 1.1408 1.1100 1.1698
1.1000 1.1540 1.1000 1.1842
1.0900 1.1391 1.0900 1.1668
1.0800 1.1273 1.0800 1.1559
1.0700 1.1015 1.0700 1.1277
1.0700 1.0956 1.0700 1.1252
1.0500 1.0935 1.0500 1.1229
1.0400 1.0837 1.0400 1.1124
1.0400 1.0767 1.0400 1.1052
1.0300 1.0670 1.0300 1.0948
1.0300 1.0602 1.0300 1.0879
1.0200 1.0693 1.0200 1.0994
1.0100 1.0390 1.0100 1.0638
1.0100 1.0297 1.0100 1.0576
1.0000 1.0452 1.0000 1.0758
0.9900 1.0332 0.9900 1.0605
0.9800 1.0378 0.9800 1.0682
0.9800 1.0247 0.9800 1.0521
0.9700 1.0151 0.9700 1.0429
0.9700 1.0203 0.9700 1.0508
0.9600 1.0100 0.9600 1.0380
0.9600 0.9971 0.9600 1.0249
0.9700 0.9849 0.9700 1.0128
0.9500 0.9990 0.9500 1.0295
0.9300 0.9827 0.9300 1.0094
0.9400 0.9884 0.9400 1.0184
0.9700 0.9771 0.9700 1.0039
1.0300 0.9814 1.0300 1.0112
1.1000 1.0063 1.1000 1.0390
1.1800 0.9648 1.1800 0.9892
1.3100 0.9330 1.3100 0.9584
1.4600 0.9682 1.4600 1.0016
1.5600 1.0352 1.5600 1.0736
1.6100 1.1296 1.6100 1.1759
1.6900 1.2284 1.6900 1.2791
1.6300 1.3325 1.6300 1.3885
1.9900 1.5186 1.9900 1.5931
2.0000 1.7238 2.0000 1.8084
2.0100 1.7888 2.0100 1.8658
2.0000 1.7544 2.0000 1.8297
1.9700 1.8389 1.9700 1.9329
1.9300 1.6292 1.9300 1.6883
1.8900 2.2634 1.8900 2.4334
1.8500 2.2100 1.8500 2.2607
1.8000 2.0130 1.8000 2.0893
1.7700 1.9476 1.7700 2.0245
1.8100 1.9032 1.8100 1.9732
1.8100 1.8131 1.8100 1.8770
1.7400 1.6930 1.7400 1.7554
1.6700 1.7496 1.6700 1.8039
1.6300 1.5893 1.6300 1.6196
1.5800 1.6026 1.5800 1.6429
1.5500 1.7341 1.5500 1.7733
1.5600 1.7282 1.5600 1.7556
1.5800 1.5591 1.5800 1.5729
2.0000 1.4548 2.0000 1.4766
2.1300 1.4582 2.1300 1.4882
2.4600 1.4104 2.4600 1.4345
2.6500 1.3914 2.6500 1.4199
2.6700 1.4729 2.6700 1.5072
2.5800 1.5286 2.5800 1.5590
2.4800 2.4183 2.4800 2.5537
2.4000 2.4639 2.4000 2.4930
2.3000 2.7624 2.3000 2.8634
2.2500 2.8551 2.2500 2.9570
2.2400 2.6697 2.2400 2.7715
2.2000 2.4304 2.2000 2.5139
2.1400 2.2155 2.1400 2.3218
2.1200 2.2085 2.1200 2.3111
2.0600 1.9592 2.0600 2.0297
1.9800 1.9988 1.9800 2.0688
1.9400 2.0326 1.9400 2.0682
1.9500 1.9679 1.9500 1.9845
1.9700 1.8627 1.9700 1.8685
1.9600 1.8929 1.9600 1.9125
1.9400 1.8249 1.9400 1.8351
1.9300 1.6913 1.9300 1.7050
1.9300 1.6971 1.9300 1.7256
1.9000 1.8051 1.9000 1.8398
1.8600 1.8629 1.8600 1.8945
1.8500 1.8243 1.8500 1.8489
1.8600 1.7966 1.8600 1.8233
1.8200 1.7940 1.8200 1.8269
1.7800 1.8135 1.7800 1.8530
1.7700 1.7583 1.7700 1.7920
1.7600 1.6934 1.7600 1.7287
1.7300 1.7144 1.7300 1.7572
1.7100 1.7631 1.7100 1.8061
1.6800 1.6762 1.6800 1.7035
1.6600 1.6091 1.6600 1.6398
1.6400 1.6407 1.6400 1.6785
1.5900 1.6476 1.5900 1.6818
1.5600 1.5912 1.5600 1.6206
1.5300 1.5771 1.5300 1.6105
1.5100 1.5518 1.5100 1.5810
1.4900 1.5305 1.4900 1.5623
1.4500 1.5186 1.4500 1.5504
1.4000 1.4439 1.4000 1.4667
1.3600 1.4197 1.3600 1.4491
1.3600 1.4006 1.3600 1.4279
1.3300 1.3992 1.3300 1.4272
1.2900 1.3822 1.2900 1.4085
1.2400 1.3289 1.2400 1.3499
1.2400 1.2632 1.2400 1.2815
1.3000 1.2265 1.3000 1.2476
1.3400 1.2832 1.3400 1.3137
1.4200 1.2438 1.4200 1.2629
1.4600 1.1834 1.4600 1.2014
1.4300 1.1241 1.4300 1.1388
1.4700 1.1749 1.4700 1.2028
1.5600 1.3237 1.5600 1.3659
1.6200 1.3797 1.6200 1.4154
1.6400 1.5051 1.6400 1.5557
1.6800 1.5277 1.6800 1.5703
1.7500 1.4123 1.7500 1.4451
1.7900 1.4810 1.7900 1.5420
1.8300 1.6679 1.8300 1.7435
1.9000 1.7257 1.9000 1.7908
1.9400 1.6659 1.9400 1.7239
1.9700 1.7189 1.9700 1.7863
2.0100 1.8311 2.0100 1.9027
2.0600 1.8339 2.0600 1.8978
2.0800 1.8599 2.0800 1.9284
2.0800 1.9657 2.0800 2.0416
2.0800 1.9813 2.0800 2.0473
2.1200 1.9689 2.1200 2.0348
2.0900 2.0125 2.0900 2.0824
2.0500 2.0830 2.0500 2.1534
2.0800 2.0573 2.0800 2.1190
2.0400 2.0084 2.0400 2.0682
2.0100 1.9986 2.0100 2.0583
2.0100 2.0757 2.0100 2.1424
2.0300 1.9776 2.0300 2.0222
2.0300 1.8784 2.0300 1.9243
1.9900 1.9851 1.9900 2.0467
2.0000 1.9010 2.0000 1.9353
2.0200 1.8315 2.0200 1.8721
2.0200 1.8685 2.0200 1.9147
1.9700 1.9501 1.9700 1.9952
1.9700 1.9187 1.9700 1.9552
1.9900 1.8197 1.9900 1.8514
1.9800 1.8876 1.9800 1.9340
2.0400 1.9343 2.0400 1.9792
2.0500 1.9212 2.0500 1.9629
2.0400 1.7995 2.0400 1.8305
2.1000 1.8357 2.1000 1.8846
2.1200 1.9095 2.1200 1.9576
2.1200 1.8659 2.1200 1.9041
2.1200 1.9977 2.1200 2.0562
2.1000 1.9953 2.1000 2.0350
2.0800 1.9351 2.0800 1.9758
2.0600 2.0540 2.0600 2.1165
2.0800 2.0857 2.0800 2.1345
2.0500 2.0336 2.0500 2.0813
2.0400 2.0048 2.0400 2.0587
1.9900 1.9840 1.9900 2.0326
1.9700 1.9331 1.9700 1.9801
1.9100 1.9026 1.9100 1.9510
1.8200 1.9853 1.8200 2.0386
1.8000 1.9052 1.8000 1.9392
1.7600 1.8887 1.7600 1.9317
1.7400 1.8069 1.7400 1.8363
1.7900 1.7993 1.7900 1.8384
1.7800 1.7075 1.7800 1.7343
1.7200 1.5590 1.7200 1.5799
1.6900 1.6100 1.6900 1.6477
1.6500 1.5803 1.6500 1.6031
1.6200 1.5832 1.6200 1.6096
1.6200 1.7158 1.6200 1.7561
1.6600 1.7024 1.6600 1.7239
1.6700 1.5497 1.6700 1.5641
1.6600 1.5227 1.6600 1.5552
1.6000 1.5139 1.6000 1.5432
1.5600 1.4760 1.5600 1.5077
1.5300 1.5111 1.5300 1.5515
1.5200 1.6336 1.5200 1.6782
1.5600 1.6253 1.5600 1.6571
1.6600 1.5758 1.6600 1.6075
1.1200 1.1106 1.1200 1.1298
1.0900 1.1316 1.0900 1.1418
1.0400 1.1272 1.0400 1.1368
0.9800 1.1449 0.9800 1.1600
0.9600 1.1469 0.9600 1.1634
0.9300 1.1144 0.9300 1.1332
0.9100 1.0553 0.9100 1.0743
0.9100 1.0368 0.9100 1.0610
0.9100 0.9687 0.9100 0.9861
0.9400 0.9066 0.9400 0.9102
0.9800 0.9193 0.9800 0.9283
1.0100 0.9035 1.0100 0.9068
1.0300 0.8930 1.0300 0.8969
1.0400 0.9106 1.0400 0.9219
1.0500 0.9274 1.0500 0.9450
1.0600 0.9870 1.0600 1.0143
1.0800 1.0539 1.0800 1.0874
1.0900 1.0938 1.0900 1.1286
1.1000 1.0984 1.1000 1.1350
1.1200 1.0986 1.1200 1.1380
1.1300 1.1061 1.1300 1.1484
1.1400 1.1094 1.1400 1.1539
1.1600 1.1391 1.1600 1.1873
1.1700 1.1410 1.1700 1.1850
1.1800 1.1421 1.1800 1.1856
1.1900 1.1691 1.1900 1.2143
1.2100 1.1721 1.2100 1.2137
1.2200 1.1749 1.2200 1.2170
1.2300 1.2016 1.2300 1.2469
1.2300 1.2080 1.2300 1.2506
1.2400 1.2082 1.2400 1.2512
1.2500 1.2161 1.2500 1.2597
1.2700 1.2472 1.2700 1.2933
1.2900 1.2475 1.2900 1.2905
1.3100 1.2508 1.3100 1.2947
1.3000 1.2409 1.3000 1.2820
1.3300 1.2524 1.3300 1.2965
1.3600 1.2655 1.3600 1.3093
1.3900 1.2935 1.3900 1.3395
1.4400 1.3188 1.4400 1.3645
1.5100 1.3366 1.5100 1.3824
1.5700 1.2962 1.5700 1.3347
1.6200 1.3484 1.6200 1.3995
1.6700 1.4000 1.6700 1.4503
1.7200 1.4278 1.7200 1.4784
1.7600 1.4968 1.7600 1.5542
1.8000 1.6014 1.8000 1.6641
1.8300 1.6641 1.8300 1.7248
1.8600 1.6891 1.8600 1.7508
1.8800 1.7410 1.8800 1.8077
1.9100 1.7860 1.9100 1.8548
1.9300 1.8075 1.9300 1.8767
1.9500 1.8368 1.9500 1.9075
1.9600 1.8513 1.9600 1.9191
1.9700 1.8668 1.9700 1.9342
1.9900 1.8671 1.9900 1.9307
2.0000 1.8975 2.0000 1.9626
2.0200 1.9058 2.0200 1.9660
2.0400 1.9132 2.0400 1.9728
2.0400 1.9075 2.0400 1.9635
2.0700 1.9068 2.0700 1.9622
2.1000 1.9355 2.1000 1.9925
2.1300 1.9339 2.1300 1.9865
2.1600 1.9594 2.1600 2.0145
2.1800 1.9806 2.1800 2.0340
2.1900 1.9574 2.1900 2.0057
2.2000 2.0068 2.2000 2.0639
2.2300 2.0542 2.2300 2.1090
2.2400 2.0855 2.2400 2.1398
2.2700 2.1088 2.2700 2.1640
2.2800 2.1206 2.2800 2.1746
2.3100 2.1114 2.3100 2.1642
2.3400 2.1068 2.3400 2.1619
2.3600 2.1652 2.3600 2.2253
2.3800 2.1566 2.3800 2.2086
2.4000 2.1952 2.4000 2.2537
2.4400 2.1915 2.4400 2.2422
2.4600 2.2330 2.4600 2.2895
2.4500 2.2707 2.4500 2.3253
2.4700 2.2774 2.4700 2.3298
2.4900 2.2922 2.4900 2.3462
2.5000 2.3052 2.5000 2.3597
2.5300 2.3753 2.5300 2.4347
2.5500 2.3725 2.5500 2.4242
2.5600 2.3142 2.5600 2.3623
2.5700 2.3499 2.5700 2.4075
2.5700 2.3866 2.5700 2.4406
2.6100 2.3801 2.6100 2.4301
2.6300 2.4218 2.6300 2.4770
2.6400 2.4480 2.6400 2.4978
2.6500 2.4347 2.6500 2.4820
2.6200 2.4295 2.6200 2.4794
2.6100 2.4247 2.6100 2.4725
2.6500 2.5052 2.6500 2.5621
2.7000 2.5185 2.7000 2.5668
2.7200 2.5063 2.7200 2.5534
2.7300 2.5047 2.7300 2.5530
2.6700 2.4246 2.6700 2.4645
2.6500 2.4127 2.6500 2.4612
2.7000 2.5219 2.7000 2.5790
2.5600 2.6251 2.5600 2.6760
2.9200 2.6008 2.9200 2.6413
2.9300 2.5801 2.9300 2.6239
2.8400 2.4324 2.8400 2.4625
2.7700 2.4105 2.7700 2.4597
2.8400 2.5752 2.8400 2.6368
2.8900 2.2365 2.8900 2.2441
2.7600 3.1225 2.7600 3.2624
2.7700 2.9917 2.7700 2.9868
2.7700 2.5556 2.7700 2.5700
2.7300 2.4158 2.7300 2.4640
2.6300 2.7441 2.6300 2.8230
2.4800 2.8454 2.4800 2.8956
2.4500 2.3598 2.4500 2.3786
2.5300 2.5719 2.5300 2.6419
2.5100 2.5685 2.5100 2.5991
2.4500 2.4768 2.4500 2.5089
2.3800 2.2547 2.3800 2.2697
2.3300 2.0397 2.3300 2.0551
2.3000 2.1320 2.3000 2.1728
2.2700 2.3853 2.2700 2.4356
2.2300 2.3460 2.2300 2.3558
2.1600 2.1608 2.1600 2.1688
2.0800 2.0709 2.0800 2.0899
2.1000 2.0570 2.1000 2.0807
2.1400 2.0445 2.1400 2.0752
2.0100 2.0405 2.0100 2.0724
1.9300 2.0082 1.9300 2.0342
1.8700 1.8788 1.8700 1.8968
1.7600 1.7790 1.7600 1.7970
1.7600 1.9180 1.7600 1.9574
1.7900 2.0494 1.7900 2.0851
1.8900 1.7319 1.8900 1.7258
1.9800 1.6130 1.9800 1.6368
1.9700 1.6213 1.9700 1.6457
2.0000 1.4706 2.0000 1.4769
1.9100 1.5467 1.9100 1.5832
1.8000 1.7007 1.8000 1.7340
1.7200 1.9208 1.7200 1.9630
1.7300 2.0132 1.7300 2.0505
1.8200 1.9212 1.8200 1.9430
1.8000 1.9513 1.8000 1.9988
1.7000 1.7330 1.7000 1.7619
1.6900 1.5472 1.6900 1.5862
1.7400 1.4654 1.7400 1.5107
1.8200 1.6046 1.8200 1.6633
1.9500 1.8288 1.9500 1.8873
1.9700 1.7108 1.9700 1.7289
1.9900 1.4895 1.9900 1.4941
1.9900 1.5238 1.9900 1.5572
2.0600 1.7082 2.0600 1.7568
2.0900 1.8512 2.0900 1.9038
1.9800 2.0602 1.9800 2.1287
2.0000 2.0099 2.0000 2.0487
2.0500 1.9571 2.0500 2.0087
2.0700 1.9246 2.0700 1.9806
1.9900 2.0832 1.9900 2.1615
1.8800 2.0913 1.8800 2.1555
1.8500 1.7805 1.8500 1.8161
1.8500 1.8775 1.8500 1.9524
1.8200 2.0212 1.8200 2.0849
1.8300 2.0273 1.8300 2.0759
1.7700 1.7838 1.7700 1.8088
1.7200 1.6056 1.7200 1.6333
1.7200 1.6517 1.7200 1.6949
1.7200 1.6996 1.7200 1.7416
1.6900 1.6744 1.6900 1.7033
1.6700 1.7086 1.6700 1.7439
1.6600 1.6040 1.6600 1.6193
1.6600 1.5225 1.6600 1.5429
1.6500 1.5817 1.6500 1.6172
1.6400 1.6307 1.6400 1.6636
1.6300 1.5654 1.6300 1.5913
1.6000 1.5336 1.6000 1.5663
1.5500 1.5639 1.5500 1.5976
1.4700 1.5690 1.4700 1.6030
1.3900 1.5567 1.3900 1.5912
1.3200 1.5518 1.3200 1.5868
1.2300 1.5432 1.2300 1.5792
1.1600 1.4888 1.1600 1.5204
1.1300 1.4095 1.1300 1.4372
1.1100 1.2867 1.1100 1.3065
1.1000 1.1931 1.1000 1.2119
1.1800 1.1317 1.1800 1.1478
1.2900 1.0472 1.2900 1.0368
1.4200 1.0023 1.4200 0.9902
1.5700 1.0178 1.5700 1.0104
1.6700 1.0307 1.6700 1.0264
1.7000 1.0348 1.7000 1.0386
1.8000 1.2194 1.8000 1.2529
1.8700 1.4249 1.8700 1.4683
1.9300 1.6025 1.9300 1.6580
2.0500 1.8018 2.0500 1.8727
2.0700 1.8797 2.0700 1.9474
2.0800 1.8068 2.0800 1.8719
2.1200 1.9375 2.1200 2.0367
2.1900 2.0179 2.1900 2.1098
2.2100 2.0310 2.2100 2.1221
2.2500 2.1984 2.2500 2.3047
2.2700 2.1370 2.2700 2.2081
2.2600 2.0577 2.2600 2.1310
2.2400 2.1020 2.2400 2.1833
2.1900 2.2418 2.1900 2.3238
2.2800 2.1904 2.2800 2.2525
2.2700 2.2108 2.2700 2.2831
2.3300 2.2347 2.3300 2.2960
2.3500 2.1516 2.3500 2.2042
2.3400 2.0939 2.3400 2.1491
2.2800 2.0004 2.2800 2.0462
2.2200 2.2436 2.2200 2.3223
2.2300 2.1778 2.2300 2.2148
2.3000 2.2697 2.3000 2.3302
2.3000 2.2775 2.3000 2.3208
2.3200 2.2165 2.3200 2.2580
2.3300 2.0686 2.3300 2.1048
2.3300 1.9657 2.3300 2.0102
2.3500 2.0896 2.3500 2.1488
2.3100 2.2378 2.3100 2.2975
2.2500 2.2062 2.2500 2.2424
2.2100 2.1992 2.2100 2.2410
2.1600 2.2201 2.1600 2.2619
2.0500 2.2038 2.0500 2.2447
1.6600 1.3409 1.6600 1.3695
1.5600 1.3222 1.5600 1.3540
1.4800 1.7047 1.4800 1.7856
1.4000 1.8640 1.4000 1.9179
1.3200 1.9254 1.3200 1.9836
1.2400 1.7251 1.2400 1.7582
1.1600 1.5178 1.1600 1.5569
1.0700 1.3614 1.0700 1.4057
0.8700 1.2765 0.8700 1.3249
0.7700 1.2217 0.7700 1.2590
0.6600 1.1113 0.6600 1.1313
0.5800 1.0618 0.5800 1.0542
0.5300 1.0045 0.5300 0.9809
0.5100 0.9508 0.5100 0.9240
0.4900 0.7776 0.4900 0.7373
0.4800 0.7358 0.4800 0.7119
0.4800 0.6843 0.4800 0.6566
0.4700 0.6432 0.4700 0.6197
0.4600 0.6257 0.4600 0.6050
0.4600 0.6282 0.4600 0.6115
0.4500 0.6196 0.4500 0.6048
0.4500 0.6027 0.4500 0.5943
0.4500 0.6149 0.4500 0.6140
0.4600 0.5923 0.4600 0.5955
0.4700 0.5808 0.4700 0.5914
0.4700 0.5920 0.4700 0.6079
0.4700 0.5851 0.4700 0.6027
0.4600 0.5879 0.4600 0.6093
0.4600 0.5932 0.4600 0.6155
0.4600 0.6097 0.4600 0.6342
0.4600 0.6194 0.4600 0.6441
0.4600 0.6151 0.4600 0.6389
0.4700 0.6143 0.4700 0.6388
0.4800 0.5989 0.4800 0.6223
0.4900 0.6031 0.4900 0.6291
0.5000 0.6041 0.5000 0.6297
0.5100 0.6048 0.5100 0.6303
0.5200 0.6045 0.5200 0.6294
0.5300 0.6179 0.5300 0.6442
0.6300 0.6301 0.6300 0.6561
0.6600 0.6367 0.6600 0.6629
0.6500 0.6461 0.6500 0.6730
0.8600 0.6540 0.8600 0.6814
0.8200 0.6618 0.8200 0.6899
0.7600 0.6691 0.7600 0.6977
0.7800 0.8252 0.7800 0.8811
0.8300 0.8366 0.8300 0.8751
0.8600 0.7683 0.8600 0.8000
0.8700 1.1412 0.8700 1.2352
0.8900 0.9889 0.8900 1.0155
0.8800 0.7984 0.8800 0.8286
0.8700 0.8554 0.8700 0.9089
0.9100 0.9908 0.9100 1.0511
0.9200 0.9812 0.9200 1.0310
0.9500 0.9432 0.9500 0.9884
0.9700 1.0140 0.9700 1.0589
0.9100 0.9315 0.9100 0.9616
0.8400 0.9124 0.8400 0.9491
0.8100 1.0006 0.8100 1.0469
0.8600 1.0034 0.8600 1.0423
0.9200 1.0319 0.9200 1.0769
0.9200 1.0489 0.9200 1.0899
0.9900 0.9186 0.9900 0.9376
1.1600 0.8092 1.1600 0.8209
1.2900 0.8075 1.2900 0.8267
1.3900 0.9343 1.3900 0.9789
1.4800 1.0258 1.4800 1.0682
1.5400 0.9865 1.5400 1.0118
1.6300 1.1019 1.6300 1.1471
1.7300 1.4010 1.7300 1.4766
1.8900 1.5542 1.8900 1.6227
1.9500 1.6071 1.9500 1.6781
1.9400 1.6634 1.9400 1.7650
1.9600 1.6991 1.9600 1.7937
2.1200 1.7937 2.1200 1.8906
2.1800 1.9159 2.1800 2.0174
2.1900 2.0969 2.1900 2.2348
2.2300 2.1095 2.2300 2.1913
2.3000 1.9504 2.3000 2.0230
2.2600 1.9544 2.2600 2.0393
2.2900 2.2863 2.2900 2.4005
2.3500 2.2963 2.3500 2.3692
2.3300 2.1622 2.3300 2.2296
2.3400 2.2193 2.3400 2.2985
2.4500 2.3363 2.4500 2.4137
2.6500 2.1550 2.6500 2.2034
2.5500 2.1880 2.5500 2.2641
2.5000 2.3533 2.5000 2.4269
2.4100 2.2255 2.4100 2.2699
2.3100 2.2044 2.3100 2.2653
2.2400 2.4693 2.2400 2.5464
2.2400 2.8635 2.2400 2.9460
2.2300 2.3956 2.2300 2.4004
2.2500 2.2397 2.2500 2.2991
2.2800 2.1444 2.2800 2.1909
2.2300 1.9924 2.2300 2.0377
2.1800 1.9190 2.1800 1.9688
2.1700 2.0294 2.1700 2.0817
2.1600 2.0791 2.1600 2.1069
2.1000 2.0671 2.1000 2.0948
2.1000 2.1757 2.1000 2.2060
2.1700 2.0359 2.1700 2.0432
2.2100 1.9387 2.2100 1.9676
2.2600 1.9846 2.2600 2.0280
2.2900 2.0130 2.2900 2.0536
2.2600 1.8760 2.2600 1.9042
2.2500 1.9243 2.2500 1.9710
2.3000 2.1288 2.3000 2.1818
2.3100 2.1645 2.3100 2.2017
2.2600 2.2108 2.2600 2.2570
2.1800 2.2383 2.1800 2.2827
2.0900 2.1317 2.0900 2.1690
2.0000 2.0928 2.0000 2.1468
1.9400 2.2366 1.9400 2.3059
1.9100 2.2388 1.9100 2.2894
1.9300 2.0688 1.9300 2.1083
1.9900 1.9207 1.9900 1.9585
2.0300 1.8053 2.0300 1.8378
2.0500 1.6931 2.0500 1.7222
2.0700 1.6647 2.0700 1.6960
2.0800 1.6976 2.0800 1.7254
2.0000 1.7905 2.0000 1.8211
1.9300 1.9309 1.9300 1.9647
1.9100 1.9843 1.9100 2.0103
1.9200 1.9807 1.9200 2.0101
1.8800 1.9984 1.8800 2.0394
2.0100 2.0068 2.0100 2.0540
2.0000 1.8109 2.0000 1.8433
2.0200 1.6976 2.0200 1.7432
2.0100 1.7432 2.0100 1.7966
2.0100 1.8107 2.0100 1.8597
2.0100 1.7192 2.0100 1.7475
1.9600 2.0245 1.9600 2.0947
1.9000 1.9644 1.9000 1.9836
1.8900 1.9295 1.8900 1.9704
1.8200 1.9038 1.8200 1.9444
1.7800 1.9199 1.7800 1.9686
1.7900 1.9166 1.7900 1.9680
1.7800 1.7836 1.7800 1.8248
1.7000 1.7211 1.7000 1.7618
1.6900 1.7225 1.6900 1.7685
1.6800 1.6305 1.6800 1.6575
1.6700 1.5776 1.6700 1.6073
1.6700 1.6651 1.6700 1.7052
1.6600 1.6736 1.6600 1.6999
1.6500 1.4942 1.6500 1.5042
1.7400 1.5274 1.7400 1.5622
1.9400 1.5800 1.9400 1.6094
2.1600 1.5568 2.1600 1.5860
2.3200 1.5711 2.3200 1.6066
2.4200 1.5736 2.4200 1.6049
2.5300 1.5603 2.5300 1.5930
2.7400 1.7512 2.7400 1.8121
2.8800 2.1615 2.8800 2.2456
2.9700 2.4769 2.9700 2.5569
3.0800 2.5866 3.0800 2.6573
3.1100 2.5941 3.1100 2.6664
3.1000 2.6882 3.1000 2.7817
3.0800 2.9465 3.0800 3.0882
3.0700 3.0487 3.0700 3.1808
2.9500 3.0818 2.9500 3.1947
2.8100 3.1900 2.8100 3.2971
2.6700 3.1154 2.6700 3.1959
2.5600 2.9687 2.5600 3.0458
2.3900 2.8844 2.3900 2.9621
2.1900 2.8908 2.1900 2.9627
1.9800 2.5900 1.9800 2.6255
1.8600 2.3320 1.8600 2.3704
1.7400 2.1879 1.7400 2.2157
1.6000 2.1015 1.6000 2.1221
1.4800 1.8640 1.4800 1.8589
1.4100 1.6136 1.4100 1.5773
1.3500 1.4764 1.3500 1.4060
1.3400 1.4444 1.3400 1.3807
1.4100 1.3946 1.4100 1.3248
1.4700 1.2856 1.4700 1.2138
1.4700 1.2100 1.4700 1.1453
1.4400 1.1895 1.4400 1.1327
1.3700 1.1647 1.3700 1.1122
1.3000 1.1726 1.3000 1.1525
1.2100 1.3803 1.2100 1.3973
1.1400 1.4928 1.1400 1.5097
1.0500 1.4380 1.0500 1.4510
0.9500 1.3607 0.9500 1.3805
0.8800 1.2504 0.8800 1.2708
0.8000 1.1544 0.8000 1.1815
0.7500 1.0403 0.7500 1.0619
0.7300 0.9977 0.7300 1.0085
0.8500 0.9161 0.8500 0.9093
0.9000 0.8501 0.9000 0.8353
0.8500 0.8281 0.8500 0.8126
0.9100 0.7814 0.9100 0.7613
1.0500 0.7605 1.0500 0.7442
1.2300 0.7600 1.2300 0.7474
1.3900 0.9521 1.3900 0.9852
1.4800 1.0155 1.4800 1.0309
1.4700 0.8631 1.4700 0.8608
1.4400 0.9893 1.4400 1.0282
1.3900 1.2641 1.3900 1.3318
1.3200 1.5313 1.3200 1.6170
1.2200 1.6298 1.2200 1.7260
1.1300 1.6313 1.1300 1.7282
1.0700 1.5730 1.0700 1.6339
1.0000 1.4426 1.0000 1.5135
0.9500 1.3586 0.9500 1.4278
0.9000 1.2340 0.9000 1.2931
1.8000 1.3610 1.8000 1.4332
1.8800 1.4826 1.8800 1.5589
1.9800 1.5766 1.9800 1.6502
2.0900 1.6992 2.0900 1.7808
2.1700 1.7996 2.1700 1.8826
2.2500 1.8685 2.2500 1.9538
2.3600 1.9914 2.3600 2.0875
2.4200 2.0420 2.4200 2.1316
2.4400 2.1408 2.4400 2.2392
2.4700 2.2600 2.4700 2.3591
2.4700 2.3068 2.4700 2.3965
2.4500 2.3532 2.4500 2.4442
2.4300 2.4897 2.4300 2.5877
2.4500 2.5031 2.4500 2.5837
2.4700 2.4191 2.4700 2.4944
2.4600 2.4301 2.4600 2.5123
2.4600 2.3929 2.4600 2.4625
2.4600 2.3065 2.4600 2.3706
2.4500 2.2594 2.4500 2.3215
2.4300 2.3321 2.4300 2.3956
2.3900 2.3604 2.3900 2.4123
2.3500 2.3026 2.3500 2.3440
2.2900 2.3017 2.2900 2.3462
2.2300 2.3066 2.2300 2.3490
2.1600 2.2824 2.1600 2.3235
2.1000 2.2379 2.1000 2.2786
2.0300 2.1734 2.0300 2.2111
1.9800 2.1197 1.9800 2.1577
1.9300 2.0277 1.9300 2.0597
1.8900 1.9590 1.8900 1.9900
1.8500 1.8755 1.8500 1.9004
1.8100 1.8226 1.8100 1.8473
1.7700 1.7490 1.7700 1.7664
1.7400 1.7187 1.7400 1.7383
1.7000 1.6888 1.7000 1.7044
1.6600 1.6649 1.6600 1.6812
1.6600 1.6397 1.6600 1.6555
1.6600 1.6068 1.6600 1.6230
1.6100 1.5776 1.6100 1.5954
1.5700 1.5630 1.5700 1.5844
1.5400 1.5283 1.5400 1.5481
1.5400 1.4865 1.5400 1.5073
1.5300 1.5384 1.5300 1.5704
1.5400 1.5673 1.5400 1.5965
1.5300 1.4668 1.5300 1.4842
1.5200 1.4135 1.5200 1.4383
1.5100 1.4096 1.5100 1.4371
1.5000 1.4495 1.5000 1.4835
1.4800 1.4421 1.4800 1.4722
1.4500 1.4796 1.4500 1.5156
1.4200 1.4648 1.4200 1.4940
1.4300 1.4416 1.4300 1.4736
1.4400 1.4382 1.4400 1.4724
1.4400 1.4301 1.4400 1.4655
1.4200 1.4036 1.4200 1.4380
1.4000 1.3531 1.4000 1.3851
1.3900 1.3241 1.3900 1.3558
1.3700 1.3729 1.3700 1.4125
1.3600 1.4071 1.3600 1.4439
1.3600 1.3985 1.3600 1.4316
1.3700 1.3549 1.3700 1.3843
1.3700 1.3287 1.3700 1.3600
1.3700 1.3296 1.3700 1.3645
1.3600 1.3023 1.3600 1.3347
1.3500 1.3027 1.3500 1.3381
1.3400 1.3173 1.3400 1.3535
1.3300 1.3460 1.3300 1.3836
1.3200 1.3400 1.3200 1.3737
1.3200 1.3381 1.3200 1.3733
1.3100 1.3220 1.3100 1.3558
1.3000 1.3054 1.3000 1.3409
1.2900 1.2965 1.2900 1.3330
1.2700 1.2868 1.2700 1.3228
1.2500 1.2777 1.2500 1.3132
1.2400 1.2863 1.2400 1.3233
1.2300 1.2737 1.2300 1.3068
1.2200 1.2580 1.2200 1.2907
1.2100 1.2495 1.2100 1.2823
1.2100 1.2211 1.2100 1.2510
1.1900 1.1960 1.1900 1.2261
1.1800 1.1962 1.1800 1.2285
1.1600 1.1950 1.1600 1.2260
1.1400 1.1837 1.1400 1.2136
1.1300 1.1763 1.1300 1.2059
1.1300 1.1899 1.1300 1.2217
1.1200 1.1555 1.1200 1.1817
1.1200 1.1471 1.1200 1.1774
1.1200 1.1251 1.1200 1.1524
1.1200 1.1018 1.1200 1.1291
1.1400 1.1013 1.1400 1.1308
1.1500 1.1178 1.1500 1.1490
1.1400 1.1075 1.1400 1.1349
1.1400 1.1100 1.1400 1.1401
1.1300 1.1215 1.1300 1.1521
1.1200 1.1222 1.1200 1.1529
1.1200 1.1625 1.1200 1.2005
1.1100 1.1760 1.1100 1.2117
1.1100 1.1443 1.1100 1.1763
1.1100 1.1413 1.1100 1.1778
1.1200 1.1299 1.1200 1.1642
1.1200 1.1130 1.1200 1.1470
1.1200 1.1187 1.1200 1.1553
1.1500 1.1082 1.1500 1.1407
1.1800 1.1108 1.1800 1.1448
1.1600 1.1130 1.1600 1.1462
1.1700 1.1380 1.1700 1.1735
1.1800 1.1310 1.1800 1.1634
1.1500 1.1276 1.1500 1.1616
1.1200 1.1896 1.1200 1.2324
1.1000 1.2334 1.1000 1.2763
1.0900 1.1666 1.0900 1.1975
1.0700 1.1787 1.0700 1.2208
1.0500 1.2068 1.0500 1.2489
1.0300 1.1345 1.0300 1.1653
1.0200 1.0768 1.0200 1.1089
1.0000 1.0709 1.0000 1.1040
0.9900 1.0763 0.9900 1.1083
0.9800 1.0389 0.9800 1.0653
1.0100 1.0232 1.0100 1.0480
1.0300 1.0060 1.0300 1.0279
1.0000 1.0024 1.0000 1.0267
0.9900 0.9821 0.9900 1.0030
0.9800 0.9800 0.9800 1.0036
0.9800 0.9788 0.9800 1.0027
0.9700 1.0479 0.9700 1.0830
1.5900 1.5591 1.5900 1.6210
1.6600 1.5513 1.6600 1.6060
1.7000 1.5283 1.7000 1.5834
1.7600 1.5277 1.7600 1.5843
1.9600 1.5568 1.9600 1.6153
2.0800 1.5720 2.0800 1.6285
2.0900 1.5885 2.0900 1.6440
2.0800 1.7141 2.0800 1.7807
2.0900 1.7436 2.0900 1.7983
2.1000 1.8090 2.1000 1.8720
2.1200 2.1836 2.1200 2.2829
2.1600 2.3010 2.1600 2.3707
2.2200 2.1282 2.2200 2.1828
2.3100 2.0208 2.3100 2.0904
2.3400 2.0579 2.3400 2.1380
2.3000 2.0519 2.3000 2.1279
2.2700 2.0556 2.2700 2.1325
2.3900 2.1424 2.3900 2.2151
2.4500 2.2196 2.4500 2.2846
2.4200 2.3459 2.4200 2.4133
2.4300 2.3229 2.4300 2.3709
2.4600 2.1618 2.4600 2.2030
2.4800 2.0959 2.4800 2.1520
2.4900 2.4083 2.4900 2.4992
2.4800 2.4782 2.4800 2.5354
2.4700 2.2844 2.4700 2.3252
2.4900 2.2948 2.4900 2.3553
2.5900 2.3818 2.5900 2.4398
2.6400 2.3852 2.6400 2.4377
2.6700 2.3570 2.6700 2.4105
2.7100 2.3451 2.7100 2.3946
2.7400 2.3070 2.7400 2.3545
2.7900 2.3483 2.7900 2.4038
2.8500 2.5809 2.8500 2.6476
2.8700 2.6144 2.8700 2.6581
2.9000 2.5830 2.9000 2.6304
2.9100 2.6280 2.9100 2.6832
2.8700 2.6566 2.8700 2.7103
2.8600 2.7179 2.8600 2.7799
2.8800 2.7963 2.8800 2.8604
2.8100 2.7823 2.8100 2.8350
2.7400 2.7807 2.7400 2.8387
2.7200 2.7689 2.7200 2.8222
2.6200 2.6503 2.6200 2.6920
2.5800 2.6334 2.5800 2.6878
2.4200 2.7130 2.4200 2.7682
2.2300 2.5405 2.2300 2.5663
2.0700 2.3944 2.0700 2.4291
1.9500 2.4490 1.9500 2.4923
1.8500 2.2805 1.8500 2.2934
1.7500 2.2468 1.7500 2.2806
1.6400 1.9816 1.6400 1.9807
1.5600 1.7007 1.5600 1.6988
1.5000 1.5417 1.5000 1.5413
1.3800 1.5063 1.3800 1.5041
1.2400 1.4658 1.2400 1.4547
1.1200 1.3863 1.1200 1.3442
1.0500 1.3250 1.0500 1.2707
1.0000 1.2767 1.0000 1.2220
0.9600 1.2552 0.9600 1.2212
0.9000 1.1501 0.9000 1.0991
0.8500 1.0275 0.8500 0.9840
0.8000 0.9562 0.8000 0.9199
0.7600 0.9410 0.7600 0.9112
0.7300 0.9242 0.7300 0.8962
0.7200 0.9041 0.7200 0.8780
0.7200 0.8580 0.7200 0.8311
0.7300 0.8214 0.7300 0.7999
0.7400 0.7935 0.7400 0.7763
0.7300 0.7695 0.7300 0.7579
0.7200 0.7505 0.7200 0.7444
0.7300 0.7527 0.7300 0.7545
0.7500 0.7724 0.7500 0.7778
0.7800 0.7929 0.7800 0.8017
0.8000 0.8110 0.8000 0.8225
0.8700 0.7926 0.8700 0.8032
0.9500 0.7805 0.9500 0.7952
0.9800 0.8026 0.9800 0.8283
0.9900 0.8399 0.9900 0.8730
0.9900 0.8824 0.9900 0.9194
1.0000 0.9005 1.0000 0.9360
1.0200 1.0128 1.0200 1.0634
1.0800 1.1240 1.0800 1.1790
1.1300 1.1159 1.1300 1.1610
1.1600 1.0837 1.1600 1.1290
1.2100 1.0626 1.2100 1.1093
1.2600 1.0731 1.2600 1.1243
1.3000 1.0913 1.3000 1.1444
1.3500 1.1939 1.3500 1.2567
1.4100 1.2515 1.4100 1.3071
1.4800 1.2497 1.4800 1.2993
1.5600 1.3088 1.5600 1.3655
1.5900 1.3680 1.5900 1.4258
1.6100 1.3951 1.6100 1.4536
1.6300 1.4423 1.6300 1.5071
1.6400 1.5214 1.6400 1.5906
1.6800 1.6010 1.6800 1.6725
1.7200 1.6892 1.7200 1.7643
1.7500 1.6711 1.7500 1.7338
1.8000 1.6461 1.8000 1.7109
1.8400 1.6511 1.8400 1.7184
1.8400 1.6445 1.8400 1.7086
1.8400 1.6999 1.8400 1.7704
1.8400 1.7494 1.8400 1.8154
1.8300 1.7681 1.8300 1.8280
1.8300 1.8223 1.8300 1.8860
1.8500 1.8641 1.8500 1.9242
1.8700 1.8103 1.8700 1.8611
1.8700 1.7772 1.8700 1.8337
1.8700 1.7797 1.8700 1.8369
1.8400 1.7510 1.8400 1.8034
1.8200 1.7451 1.8200 1.7991
1.8000 1.7954 1.8000 1.8503
1.7400 1.8252 1.7400 1.8747
1.7100 1.7943 1.7100 1.8377
1.6800 1.7858 1.6800 1.8311
1.6400 1.7227 1.6400 1.7607
1.6200 1.6928 1.6200 1.7365
1.5900 1.6760 1.5900 1.7188
1.5600 1.5720 1.5600 1.6024
1.5100 1.5493 1.5100 1.5872
1.4800 1.5344 1.4800 1.5667
1.4700 1.4893 1.4700 1.5150
1.4800 1.4786 1.4800 1.5075
1.4600 1.4588 1.4600 1.4831
1.4200 1.4300 1.4200 1.4530
1.3800 1.3525 1.3800 1.3710
1.3400 1.3471 1.3400 1.3723
1.3000 1.3712 1.3000 1.3991
1.2800 1.4153 1.2800 1.4479
1.2900 1.3825 1.2900 1.4062
1.3400 1.3082 1.3400 1.3289
1.4000 1.2649 1.4000 1.2882
1.4300 1.2251 1.4300 1.2482
1.4400 1.1884 1.4400 1.2114
1.4400 1.1900 1.4400 1.2165
1.4500 1.2488 1.4500 1.2806
1.4900 1.3566 1.4900 1.3960
1.5100 1.4544 1.5100 1.4957
1.5500 1.4680 1.5500 1.5042
1.5700 1.4474 1.5700 1.4860
1.6100 1.4289 1.6100 1.4725
1.6200 1.4446 1.6200 1.4960
1.6300 1.5172 1.6300 1.5783
1.6200 1.5312 1.6200 1.5854
1.1600 1.2053 1.1600 1.2541
1.1600 1.2109 1.1600 1.2613
1.1600 1.2003 1.1600 1.2455
1.1700 1.1720 1.1700 1.2119
1.1700 1.1524 1.1700 1.1902
1.1800 1.1382 1.1800 1.1739
1.1800 1.1675 1.1800 1.2069
1.1800 1.1639 1.1800 1.1985
1.1700 1.1620 1.1700 1.1967
1.1600 1.1806 1.1600 1.2175
1.1600 1.1773 1.1600 1.2117
1.1600 1.1925 1.1600 1.2306
1.1500 1.1861 1.1500 1.2222
1.1400 1.1856 1.1400 1.2230
1.1300 1.1615 1.1300 1.1961
1.1200 1.1467 1.1200 1.1819
1.1200 1.1572 1.1200 1.1941
1.1000 1.1588 1.1000 1.1946
1.1000 1.1413 1.1000 1.1737
1.0900 1.1241 1.0900 1.1558
1.0900 1.1165 1.0900 1.1480
1.0800 1.1055 1.0800 1.1361
1.0800 1.1149 1.0800 1.1481
1.0900 1.0828 1.0900 1.1098
1.1300 1.0933 1.1300 1.1258
1.1100 1.0830 1.1100 1.1118
1.0600 1.0908 1.0600 1.1224
1.0300 1.0756 1.0300 1.1041
1.0000 1.0824 1.0000 1.1143
0.9700 1.1103 0.9700 1.1448
0.9500 1.1816 0.9500 1.2245
0.9300 1.1244 0.9300 1.1515
0.9200 1.0141 0.9200 1.0355
0.9100 0.9906 0.9100 1.0192
0.9000 0.9690 0.9000 0.9951
0.8900 0.9362 0.8900 0.9599
0.8800 0.9242 0.8800 0.9455
0.8700 0.9203 0.8700 0.9385
0.8700 0.9152 0.8700 0.9314
0.8600 0.9121 0.8600 0.9283
0.8600 0.9104 0.8600 0.9280
0.8500 0.9014 0.8500 0.9214
0.8400 0.8951 0.8400 0.9171
0.8400 0.8899 0.8400 0.9127
0.8500 0.9000 0.8500 0.9262
0.8600 0.8895 0.8600 0.9136
0.8600 0.8953 0.8600 0.9224
0.8600 0.8827 0.8600 0.9072
0.8600 0.8706 0.8600 0.8955
0.8600 0.8796 0.8600 0.9074
0.8700 0.9041 0.8700 0.9347
0.8700 0.9215 0.8700 0.9522
0.8700 0.9113 0.8700 0.9398
0.8600 0.9112 0.8600 0.9409
0.8600 0.9100 0.8600 0.9401
0.8600 0.9100 0.8600 0.9412
0.8500 0.9286 0.8500 0.9628
0.8500 0.9247 0.8500 0.9563
0.8500 0.9202 0.8500 0.9518
0.8500 0.8995 0.8500 0.9281
0.8400 0.9047 0.8400 0.9360
0.8300 0.9078 0.8300 0.9384
0.8200 0.8881 0.8200 0.9159
0.8200 0.8936 0.8200 0.9239
0.8300 0.8968 0.8300 0.9261
0.8300 0.8987 0.8300 0.9279
0.8300 0.8775 0.8300 0.9036
0.8300 0.8661 0.8300 0.8927
0.8200 0.8563 0.8200 0.8823
0.8200 0.8633 0.8200 0.8919
0.8000 0.8884 0.8000 0.9194
0.7800 0.8846 0.7800 0.9123
0.7900 0.8820 0.7900 0.9102
0.7900 0.8820 0.7900 0.9104
0.7800 0.8652 0.7800 0.8916
0.7700 0.8681 0.7700 0.8978
0.7500 0.8374 0.7500 0.8602
0.7400 0.8156 0.7400 0.8328
0.7300 0.8418 0.7300 0.8724
0.7200 0.8482 0.7200 0.8752
0.7200 0.8289 0.7200 0.8497
0.7100 0.8161 0.7100 0.8341
0.7100 0.7984 0.7100 0.8133
0.7200 0.7908 0.7200 0.8077
0.7300 0.7851 0.7300 0.8022
0.7300 0.7811 0.7300 0.7979
0.7500 0.7852 0.7500 0.8034
0.7700 0.7752 0.7700 0.7913
0.7600 0.7810 0.7600 0.7990
0.7600 0.7976 0.7600 0.8198
0.7700 0.8116 0.7700 0.8397
0.7600 0.8046 0.7600 0.8299
0.7700 0.8371 0.7700 0.8704
0.8000 0.8692 0.8000 0.9034
0.8100 0.8318 0.8100 0.8592
0.8300 0.8273 0.8300 0.8592
0.8500 0.8506 0.8500 0.8852
0.8700 0.8270 0.8700 0.8561
0.8800 0.8392 0.8800 0.8737
0.9000 0.8978 0.9000 0.9370
0.8700 0.9008 0.8700 0.9336
0.8300 0.9143 0.8300 0.9509
0.8100 0.9422 0.8100 0.9799
0.7900 0.9648 0.7900 1.0035
0.7700 0.9582 0.7700 0.9960
0.7700 0.9843 0.7700 1.0268
0.7300 0.9146 0.7300 0.9431
0.8600 0.8371 0.8600 0.8619
0.8300 0.8321 0.8300 0.8570
0.8500 0.8221 0.8500 0.8408
0.8700 0.8029 0.8700 0.8192
0.8800 0.8145 0.8800 0.8320
0.8800 0.7693 0.8800 0.7764
0.8800 1.0013 0.8800 1.0584
0.9200 0.9125 0.9200 0.9251
0.9900 0.9158 0.9900 0.9483
1.0600 0.9526 1.0600 0.9878
1.1200 0.9664 1.1200 1.0030
1.1400 0.9458 1.1400 0.9817
1.1500 0.9238 1.1500 0.9618
1.1200 1.0345 1.1200 1.0844
1.0900 1.1111 1.0900 1.1641
1.1000 1.2144 1.1000 1.2719
1.1000 1.2633 1.1000 1.3159
1.1100 1.2405 1.1100 1.2887
1.0400 1.2193 1.0400 1.2697
0.9500 1.1365 0.9500 1.1795
0.9000 1.0817 0.9000 1.1267
0.8900 1.1206 0.8900 1.1735
0.9200 1.1234 0.9200 1.1672
0.9800 1.1336 0.9800 1.1748
1.0400 0.9852 1.0400 0.9997
1.1200 0.8667 1.1200 0.8679
1.1900 0.8435 1.1900 0.8503
1.2200 0.8786 1.2200 0.8903
1.2800 0.9500 1.2800 0.9790
1.3100 1.0556 1.3100 1.0900
1.3700 1.1502 1.3700 1.1848
1.4400 1.2506 1.4400 1.2936
1.5100 1.3310 1.5100 1.3798
1.5900 1.3267 1.5900 1.3738
1.6400 1.3954 1.6400 1.4618
1.6900 1.4094 1.6900 1.4728
1.7100 1.4810 1.7100 1.5559
1.6900 1.5647 1.6900 1.6413
1.7000 1.6414 1.7000 1.7167
1.7300 1.7250 1.7300 1.8017
1.7600 1.7372 1.7600 1.8065
1.7900 1.7748 1.7900 1.8478
1.7900 1.7442 1.7900 1.8106
1.8100 1.6604 1.8100 1.7209
1.8700 1.6683 1.8700 1.7369
1.8900 1.7276 1.8900 1.7964
1.9100 1.7641 1.9100 1.8260
1.8800 1.7798 1.8800 1.8377
1.8700 1.7492 1.8700 1.7977
1.8700 1.7720 1.8700 1.8258
1.8700 1.8806 1.8700 1.9443
1.8700 1.8821 1.8700 1.9335
1.9300 1.8745 1.9300 1.9299
2.0600 1.7835 2.0600 1.8289
2.2000 1.7706 2.2000 1.8241
2.2100 1.7797 2.2100 1.8329
2.1700 1.7845 2.1700 1.8352
2.1700 1.7853 2.1700 1.8326
2.1500 1.9062 2.1500 1.9660
2.1100 2.1656 2.1100 2.2363
2.0900 2.3551 2.0900 2.4209
2.0700 2.2215 2.0700 2.2611
2.0500 2.0472 2.0500 2.0955
2.0400 2.0671 2.0400 2.1375
2.0500 2.0373 2.0500 2.1002
2.0700 1.9437 2.0700 2.0016
2.0900 1.9283 2.0900 1.9870
2.1200 1.9264 2.1200 1.9730
2.2100 1.8836 2.2100 1.9214
2.2700 1.8816 2.2700 1.9192
2.3300 1.9361 2.3300 1.9746
2.3800 1.9766 2.3800 2.0162
2.4300 2.0023 2.4300 2.0440
2.4700 2.0536 2.4700 2.0996
2.4700 2.2262 2.4700 2.2881
2.4900 2.2892 2.4900 2.3416
2.5000 2.3327 2.5000 2.3917
2.4800 2.3731 2.4800 2.4349
2.4500 2.4216 2.4500 2.4877
2.4300 2.4413 2.4300 2.5076
2.4300 2.3756 2.4300 2.4358
2.4200 2.4005 2.4200 2.4691
2.3700 2.3942 2.3700 2.4552
2.2400 2.3258 2.2400 2.3784
2.1600 2.2527 2.1600 2.3020
2.1100 2.2375 2.1100 2.2872
2.0700 2.2663 2.0700 2.3145
2.0300 2.2428 2.0300 2.2833
2.0100 2.1417 2.0100 2.1721
2.0000 1.8880 2.0000 1.9022
1.9900 1.8190 1.9900 1.8515
1.9700 1.8365 1.9700 1.8671
2.0100 1.8261 2.0100 1.8503
2.0300 1.7912 2.0300 1.8105
2.0300 1.8059 2.0300 1.8266
1.9500 1.8317 1.9500 1.8513
1.9300 1.8223 1.9300 1.8436
1.9000 1.8101 1.9000 1.8344
1.8400 1.9233 1.8400 1.9664
1.8500 1.9614 1.8500 1.9995
1.8400 1.9285 1.8400 1.9663
1.8400 1.7462 1.8400 1.7705
1.8700 1.7557 1.8700 1.8029
1.8900 1.7477 1.8900 1.7871
1.9000 1.6387 1.9000 1.6689
1.9300 1.7164 1.9300 1.7637
1.9600 1.7251 1.9600 1.7569
1.9800 1.7328 1.9800 1.7661
1.9500 1.7876 1.9500 1.8279
1.9400 1.8414 1.9400 1.8799
1.9100 1.8318 1.9100 1.8699
1.9000 1.8727 1.9000 1.9236
1.8500 1.9352 1.8500 1.9870
1.8000 1.9335 1.8000 1.9840
1.7900 1.8376 1.7900 1.8811
1.8000 1.8265 1.8000 1.8787
1.7800 1.7787 1.7800 1.8236
1.7700 1.7742 1.7700 1.8236
1.7500 1.6864 1.7500 1.7213
1.7300 1.6126 1.7300 1.6465
1.7000 1.6484 1.7000 1.6886
1.6500 1.6988 1.6500 1.7372
1.5700 1.6639 1.5700 1.6918
1.5000 1.6442 1.5000 1.6764
1.4500 1.6336 1.4500 1.6647
1.4200 1.6051 1.4200 1.6368
1.4100 1.5632 1.4100 1.5953
1.4200 1.4928 1.4200 1.5205
1.4300 1.3716 1.4300 1.3918
1.4500 1.2905 1.4500 1.3123
1.4600 1.2742 1.4600 1.2961
1.4900 1.2763 1.4900 1.2965
1.4800 1.3025 1.4800 1.3240
1.4400 1.3525 1.4400 1.3759
1.4100 1.3831 1.4100 1.4061
1.4200 1.4194 1.4200 1.4484
1.4700 1.4348 1.4700 1.4661
1.4700 1.4882 1.4700 1.5308
1.4500 1.4494 1.4500 1.4857
1.4900 1.3580 1.4900 1.3919
1.5500 1.3219 1.5500 1.3611
1.5000 1.5475 1.5000 1.5755
1.4500 1.5426 1.4500 1.5675
1.4200 1.5071 1.4200 1.5290
1.4100 1.6038 1.4100 1.6423
1.4300 1.5264 1.4300 1.5444
1.4800 1.3682 1.4800 1.3826
1.5100 1.3092 1.5100 1.3332
1.5300 1.2918 1.5300 1.3158
1.5300 1.2854 1.5300 1.3104
1.5300 1.3014 1.5300 1.3282
1.5300 1.3875 1.5300 1.4181
1.5200 1.4813 1.5200 1.5161
1.5000 1.5136 1.5000 1.5459
1.4700 1.5257 1.4700 1.5610
1.4400 1.5028 1.4400 1.5407
1.3900 1.4967 1.3900 1.5421
1.3500 1.4937 1.3500 1.5423
1.3300 1.4710 1.3300 1.5179
1.3100 1.4346 1.3100 1.4778
1.2900 1.3814 1.2900 1.4195
1.2600 1.3457 1.2600 1.3811
1.2200 1.2702 1.2200 1.2963
1.1700 1.2301 1.1700 1.2570
1.1200 1.2369 1.1200 1.2650
1.0600 1.2293 1.0600 1.2536
1.0000 1.2115 1.0000 1.2336
0.9500 1.1755 0.9500 1.1941
0.8900 1.1287 0.8900 1.1448
0.8400 1.0639 0.8400 1.0777
0.8000 1.0167 0.8000 1.0287
0.7600 0.9633 0.7600 0.9613
0.7300 0.9111 0.7300 0.9083
0.6900 0.8815 0.6900 0.8786
0.6600 0.8369 0.6600 0.8279
0.6500 0.8083 0.6500 0.8004
0.6400 0.7894 0.6400 0.7824
0.6300 0.7661 0.6300 0.7595
0.6200 0.7486 0.6200 0.7444
0.6100 0.7201 0.6100 0.7163
0.6000 0.7029 0.6000 0.7024
0.5900 0.7066 0.5900 0.7112
0.5900 0.7100 0.5900 0.7163
0.5800 0.7052 0.5800 0.7132
0.5800 0.6992 0.5800 0.7094
0.5700 0.6966 0.5700 0.7088
0.5600 0.6886 0.5600 0.7024
0.5600 0.6825 0.5600 0.6983
0.5600 0.6913 0.5600 0.7100
0.5600 0.6801 0.5600 0.6975
0.5800 0.6846 0.5800 0.7046
0.6100 0.6747 0.6100 0.6929
0.6300 0.6649 0.6300 0.6837
0.6700 0.6709 0.6700 0.6918
0.7100 0.6743 0.7100 0.6954
0.7300 0.6759 0.7300 0.6972
0.7400 0.7025 0.7400 0.7277
0.7600 0.7421 0.7600 0.7724
0.7900 0.7551 0.7900 0.7866
0.8200 0.8080 0.8200 0.8472
0.8600 0.8592 0.8600 0.9006
0.9200 0.8628 0.9200 0.9017
0.9700 0.8523 0.9700 0.8915
1.0100 0.8762 1.0100 0.9200
1.0600 0.9156 1.0600 0.9626
1.1000 0.9417 1.1000 0.9890
1.1300 0.9898 1.1300 1.0400
1.1700 1.0698 1.1700 1.1251
1.2200 1.1167 1.2200 1.1700
1.2800 1.1399 1.2800 1.1927
1.3300 1.1926 1.3300 1.2512
1.3800 1.2257 1.3800 1.2838
1.4300 1.2340 1.4300 1.2919
1.4800 1.2719 1.4800 1.3344
1.5200 1.3345 1.5200 1.3995
1.5700 1.4017 1.5700 1.4686
1.6100 1.4398 1.6100 1.5040
1.6500 1.4835 1.6500 1.5486
1.7000 1.5276 1.7000 1.5937
1.7200 1.5717 1.7200 1.6395
1.7600 1.5959 1.7600 1.6623
1.8300 1.6451 1.8300 1.7156
1.9200 1.6752 1.9200 1.7428
2.0500 1.7014 2.0500 1.7692
2.1000 1.7564 2.1000 1.8267
2.0800 1.7433 2.0800 1.8045
2.2400 1.7827 2.2400 1.8508
2.4400 1.8908 2.4400 1.9647
2.6300 2.0220 2.6300 2.0977
2.7900 2.2043 2.7900 2.2878
2.9800 2.1820 2.9800 2.2442
3.1400 2.0327 3.1400 2.0884
3.3400 2.3577 3.3400 2.4671
3.5100 2.7240 3.5100 2.8258
3.5900 2.9184 3.5900 3.0093
3.6200 3.0216 3.6200 3.1097
3.6400 3.2207 3.6400 3.3473
3.7000 3.3736 3.7000 3.4828
3.7800 3.5531 3.7800 3.6935
3.8600 3.7080 3.8600 3.8440
3.9300 3.6872 3.9300 3.7698
4.0000 3.5648 4.0000 3.6516
4.0000 3.5200 4.0000 3.6064
4.0000 3.6211 4.0000 3.7082
4.0000 3.7171 4.0000 3.7909
4.0000 3.8006 4.0000 3.8604
4.0000 3.8417 4.0000 3.8866
4.0000 3.8915 4.0000 3.9325
4.0000 3.7847 4.0000 3.8086
4.0000 3.7285 4.0000 3.7645
4.0000 3.7288 4.0000 3.7664
4.0000 3.7220 4.0000 3.7558
4.0000 3.7061 4.0000 3.7356
4.0000 3.6985 4.0000 3.7224
4.0000 3.7023 4.0000 3.7203
4.0000 3.6862 4.0000 3.7010
4.0000 3.6912 4.0000 3.7061
4.0000 3.6904 4.0000 3.7037
4.0000 3.6895 4.0000 3.7042
4.0000 3.6895 4.0000 3.7042
4.0000 3.6895 4.0000 3.7042
4.0000 3.6895 4.0000 3.7042
4.0000 3.6895 4.0000 3.7042
4.0000 3.6895 4.0000 3.7042
4.0000 3.6895 4.0000 3.7042
4.0000 3.6895 4.0000 3.7042
4.0000 3.6895 4.0000 3.7042
4.0000 3.6895 4.0000 3.7042
4.0000 3.6895 4.0000 3.7042
4.0000 3.6895 4.0000 3.7042
4.0000 3.6895 4.0000 3.7042
4.0000 3.6895 4.0000 3.7042
4.0000 3.6895 4.0000 3.7042
3.9800 3.6895 3.9800 3.7042
3.9200 3.6895 3.9200 3.7042
3.8600 3.6895 3.8600 3.7042
3.8300 3.6895 3.8300 3.7042
3.8000 3.6895 3.8000 3.7042
3.7400 3.6895 3.7400 3.7042
3.7100 3.6400 3.7100 3.6507
3.6800 3.5075 3.6800 3.5136
3.6100 3.4206 3.6100 3.4336
3.5100 3.4354 3.5100 3.4538
3.5200 3.4238 3.5200 3.4345
3.5000 3.3150 3.5000 3.3170
3.3900 3.3109 3.3900 3.3224
3.3200 3.3087 3.3200 3.3141
3.2800 3.1787 3.2800 3.1756
3.3000 3.0102 3.3000 3.0101
3.3400 3.1693 3.3400 3.1977
3.3600 3.1864 3.3600 3.1907
3.3200 2.9183 3.3200 2.9080
3.2400 2.8537 3.2400 2.8686
3.1600 2.9031 3.1600 2.9176
3.1100 3.0235 3.1100 3.0449
3.0700 3.1130 3.0700 3.1324
3.0500 3.1528 3.0500 3.1655
3.0400 3.0177 3.0400 3.0214
3.0100 2.8378 3.0100 2.8510
2.9400 2.7526 2.9400 2.7763
2.8900 2.7398 2.8900 2.7710
2.9000 2.7330 2.9000 2.7620
2.9200 2.7429 2.9200 2.7688
2.9700 2.7619 2.9700 2.7825
3.0000 2.7135 3.0000 2.7253
3.0300 2.5809 3.0300 2.5887
3.0400 2.5395 3.0400 2.5608
3.0500 2.6529 3.0500 2.6875
3.0100 2.7244 3.0100 2.7539
2.9500 2.8221 2.9500 2.8574
2.9300 2.8533 2.9300 2.8812
2.8700 2.8805 2.8700 2.9132
2.8000 2.8616 2.8000 2.8954
2.7100 2.8653 2.7100 2.9075
2.6000 2.7635 2.6000 2.7983
2.5200 2.6357 2.5200 2.6746
2.4300 2.6587 2.4300 2.7077
2.3500 2.5634 2.3500 2.5927
2.2600 2.4500 2.2600 2.4777
2.2100 2.3213 2.2100 2.3417
2.1400 2.1848 2.1400 2.1986
2.1000 2.1222 2.1000 2.1402
2.0600 2.0389 2.0600 2.0489
2.0300 1.9814 2.0300 1.9897
2.0000 1.8805 2.0000 1.8826
1.9400 1.8891 1.9400 1.9004
1.8700 1.8278 1.8700 1.8284
1.8200 1.8185 1.8200 1.8297
1.7900 1.8138 1.7900 1.8245
1.7300 1.8049 1.7300 1.8195
1.6500 1.7920 1.6500 1.8096
1.5900 1.7025 1.5900 1.7154
1.5500 1.6201 1.5500 1.6359
1.5100 1.5855 1.5100 1.6076
1.5000 1.6029 1.5000 1.6288
1.5300 1.5204 1.5300 1.5348
1.5300 1.4075 1.5300 1.4186
1.5400 1.3682 1.5400 1.3829
1.5600 1.3659 1.5600 1.3821
1.5600 1.3409 1.5600 1.3545
1.5700 1.3714 1.5700 1.3922
1.5900 1.4752 1.5900 1.5049
1.6100 1.4710 1.6100 1.4919
1.6000 1.4811 1.6000 1.5108
1.6200 1.5293 1.6200 1.5662
1.6400 1.5229 1.6400 1.5586
1.6500 1.5289 1.6500 1.5732
1.6600 1.5691 1.6600 1.6187
1.6600 1.6027 1.6600 1.6522
1.6800 1.5491 1.6800 1.5913
1.7000 1.5883 1.7000 1.6414
1.7200 1.6272 1.7200 1.6772
1.6800 1.6203 1.6800 1.6679
1.6800 1.6229 1.6800 1.6721
1.7100 1.6136 1.7100 1.6601
1.7200 1.6504 1.7200 1.7026
1.7200 1.6723 1.7200 1.7232
1.7400 1.6984 1.7400 1.7496
1.7700 1.5869 1.7700 1.6224
1.8300 1.5955 1.8300 1.6462
1.9200 1.6817 1.9200 1.7362
2.0200 1.6824 2.0200 1.7280
2.1300 1.6572 2.1300 1.7018
2.1900 1.6953 2.1900 1.7454
2.2000 1.7560 2.2000 1.8068
2.2200 1.8421 2.2200 1.9002
1.7900 1.5683 1.7900 1.6166
1.7300 1.6514 1.7300 1.7094
1.6500 1.7162 1.6500 1.7656
1.6100 1.7284 1.6100 1.7753
1.5500 1.7593 1.5500 1.8083
1.5000 1.7630 1.5000 1.8079
1.4500 1.7293 1.4500 1.7766
1.3700 1.5941 1.3700 1.6313
1.3200 1.4601 1.3200 1.4954
1.2700 1.4441 1.2700 1.4875
1.2200 1.3819 1.2200 1.4114
1.1700 1.3279 1.1700 1.3532
1.0800 1.2805 1.0800 1.2988
1.0600 1.1817 1.0600 1.1862
1.0800 1.1439 1.0800 1.1531
1.0900 1.1174 1.0900 1.1221
1.1200 1.0865 1.1200 1.0878
1.1400 1.0401 1.1400 1.0354
1.1400 0.9476 1.1400 0.9282
1.1300 0.9729 1.1300 0.9704
1.1600 1.0499 1.1600 1.0696
1.1700 1.0875 1.1700 1.1044
1.1500 1.1361 1.1500 1.1608
1.1300 1.1705 1.1300 1.1969
1.1200 1.1594 1.1200 1.1853
1.0900 1.1214 1.0900 1.1510
1.0500 1.1985 1.0500 1.2452
1.0300 1.2102 1.0300 1.2512
1.0400 1.1434 1.0400 1.1787
1.0500 1.1107 1.0500 1.1464
1.0500 1.1101 1.0500 1.1459
1.0300 1.0611 1.0300 1.0893
1.0100 0.9953 1.0100 1.0192
1.0200 0.9968 1.0200 1.0239
1.0200 1.0428 1.0200 1.0740
1.0000 1.0656 1.0000 1.0946
0.9900 1.0603 0.9900 1.0860
0.9900 1.0238 0.9900 1.0451
1.0300 0.9958 1.0300 1.0191
1.0700 1.0340 1.0700 1.0673
1.1500 1.0413 1.1500 1.0720
1.2200 1.0008 1.2200 1.0268
1.2800 0.9901 1.2800 1.0191
1.3500 1.0075 1.3500 1.0382
1.4100 1.0881 1.4100 1.1290
1.4400 1.1471 1.4400 1.1881
1.4600 1.2748 1.4600 1.3290
1.4700 1.3575 1.4700 1.4106
1.4800 1.4061 1.4800 1.4620
1.4800 1.4838 1.4800 1.5487
1.4700 1.5379 1.4700 1.6055
1.4700 1.5313 1.4700 1.5963
1.4700 1.5111 1.4700 1.5778
1.4800 1.5042 1.4800 1.5699
1.4800 1.4956 1.4800 1.5588
1.4900 1.4722 1.4900 1.5302
1.4800 1.4407 1.4800 1.4922
1.4500 1.4385 1.4500 1.4888
1.4400 1.4362 1.4400 1.4822
1.4400 1.4545 1.4400 1.5003
1.4500 1.4456 1.4500 1.4863
1.4600 1.4622 1.4600 1.5058
1.4700 1.4349 1.4700 1.4725
1.4800 1.3715 1.4800 1.4053
1.4800 1.3722 1.4800 1.4124
1.4900 1.3923 1.4900 1.4330
1.5000 1.4194 1.5000 1.4610
1.5100 1.4308 1.5100 1.4708
1.5200 1.4478 1.5200 1.4878
1.5300 1.4577 1.5300 1.4977
1.5300 1.4455 1.5300 1.4850
1.5400 1.4649 1.5400 1.5093
1.5500 1.4792 1.5500 1.5243
1.5400 1.4898 1.5400 1.5360
1.5400 1.4977 1.5400 1.5439
1.5400 1.5079 1.5400 1.5542
1.5600 1.4969 1.5600 1.5406
1.5700 1.5087 1.5700 1.5558
1.5700 1.5253 1.5700 1.5722
1.5700 1.4917 1.5700 1.5330
1.5800 1.4892 1.5800 1.5344
1.5800 1.4943 1.5800 1.5383
1.5800 1.5361 1.5800 1.5844
1.5900 1.5417 1.5900 1.5858
1.5900 1.5283 1.5900 1.5706
1.5900 1.5230 1.5900 1.5660
1.6000 1.5412 1.6000 1.5874
1.6100 1.5375 1.6100 1.5810
1.6100 1.5278 1.6100 1.5719
1.6100 1.5518 1.6100 1.5989
1.6200 1.5445 1.6200 1.5874
1.6200 1.5368 1.6200 1.5803
1.6200 1.5570 1.6200 1.6030
1.6300 1.5755 1.6300 1.6207
1.6300 1.5609 1.6300 1.6036
1.6100 1.5548 1.6100 1.5989
1.6200 1.5785 1.6200 1.6251
1.6300 1.5702 1.6300 1.6135
1.6400 1.5631 1.6400 1.6074
1.6700 1.5850 1.6700 1.6317
1.6900 1.5800 1.6900 1.6231
1.7100 1.5293 1.7100 1.5679
1.7400 1.5603 1.7400 1.6078
1.7500 1.5899 1.7500 1.6349
1.7600 1.5968 1.7600 1.6411
1.7700 1.6474 1.7700 1.6975
1.7900 1.6733 1.7900 1.7198
1.8000 1.6875 1.8000 1.7355
1.8100 1.7239 1.8100 1.7768
1.8100 1.7245 1.8100 1.7736
1.8200 1.7183 1.8200 1.7699
1.8300 1.7244 1.8300 1.7779
1.8400 1.7587 1.8400 1.8141
1.8500 1.7556 1.8500 1.8069
1.8600 1.7575 1.8600 1.8095
1.8800 1.7471 1.8800 1.7955
1.8800 1.7575 1.8800 1.8085
1.9000 1.7721 1.9000 1.8222
1.9100 1.7797 1.9100 1.8290
1.9300 1.7897 1.9300 1.8390
1.9500 1.7971 1.9500 1.8460
1.9500 1.8295 1.9500 1.8809
1.9700 1.8087 1.9700 1.8544
2.0500 1.8416 2.0500 1.8945
2.1600 1.8497 2.1600 1.8988
2.0200 1.8755 2.0200 1.9281
2.1000 1.8985 2.1000 1.9505
2.1700 1.8748 2.1700 1.9223
2.2300 1.9074 2.2300 1.9617
2.2700 2.0650 2.2700 2.1324
2.3100 2.2540 2.3100 2.3235
2.3300 1.8247 2.3300 1.8326
2.3500 2.0183 2.3500 2.1060
2.3900 2.2147 2.3900 2.2807
2.4500 2.2530 2.4500 2.3134
2.4800 2.2344 2.4800 2.2946
2.5100 2.2868 2.5100 2.3498
2.5500 2.3009 2.5500 2.3564
2.5700 2.2408 2.5700 2.3013
2.5600 2.3573 2.5600 2.4275
2.5300 2.4313 2.5300 2.4959
2.4900 2.4294 2.4900 2.4898
2.4900 2.4357 2.4900 2.4946
2.5100 2.4899 2.5100 2.5510
2.5100 2.4854 2.5100 2.5401
2.4900 2.4165 2.4900 2.4679
2.4900 2.3389 2.4900 2.3893
2.4600 2.2743 2.4600 2.3227
2.4300 2.3057 2.4300 2.3605
2.4100 2.3718 2.4100 2.4227
2.3900 2.3581 2.3900 2.3969
2.3900 2.2962 2.3900 2.3310
2.3600 2.3121 2.3600 2.3535
2.3300 2.2598 2.3300 2.2924
2.3400 2.2056 2.3400 2.2429
2.3100 2.2021 2.3100 2.2431
2.2800 2.1927 2.2800 2.2306
2.2600 2.2123 2.2600 2.2531
2.2300 2.1552 2.2300 2.1860
2.1800 2.1171 2.1800 2.1498
2.1200 2.1719 2.1200 2.2139
2.0800 2.1229 2.0800 2.1525
2.0900 2.0689 2.0900 2.1023
2.0900 2.0603 2.0900 2.0977
2.0800 2.0365 2.0800 2.0696
2.0800 1.9471 2.0800 1.9755
2.0900 1.8635 2.0900 1.8923
2.0900 1.8550 2.0900 1.8867
2.1100 1.9287 2.1100 1.9678
2.1400 1.9513 2.1400 1.9827
2.1300 1.9293 2.1300 1.9577
2.1300 1.9407 2.1300 1.9746
2.1100 1.9768 2.1100 2.0145
2.1000 1.9721 2.1000 2.0095
2.1000 2.0116 2.1000 2.0585
2.0900 2.0764 2.0900 2.1261
2.0300 2.0217 2.0300 2.0618
2.0000 2.0075 2.0000 2.0560
1.9800 1.9726 1.9800 2.0162
1.9900 1.9641 1.9900 2.0114
2.0100 1.9726 2.0100 2.0211
2.0000 1.9599 2.0000 2.0036
2.0000 1.8349 2.0000 1.8650
1.9700 1.8025 1.9700 1.8431
1.9600 1.8201 1.9600 1.8587
1.9600 1.8667 1.9600 1.9081
1.9600 1.9157 1.9600 1.9570
1.9500 1.8836 1.9500 1.9157
1.9400 1.8833 1.9400 1.9215
1.9200 1.8193 1.9200 1.8519
1.9000 1.8258 1.9000 1.8683
1.8700 1.8438 1.8700 1.8879
1.8400 1.8547 1.8400 1.8988
1.8000 1.8330 1.8000 1.8729
1.7600 1.8133 1.7600 1.8536
1.7400 1.7902 1.7400 1.8277
1.7300 1.7574 1.7300 1.7951
1.7200 1.7201 1.7200 1.7564
1.7100 1.6849 1.7100 1.7204
1.6700 1.6332 1.6700 1.6653
1.6400 1.5872 1.6400 1.6178
1.6200 1.5924 1.6200 1.6257
1.6200 1.6062 1.6200 1.6384
1.6300 1.6061 1.6300 1.6366
1.5800 1.5984 1.5800 1.6288
1.5600 1.5321 1.5600 1.5560
1.5600 1.4988 1.5600 1.5283
1.5600 1.4974 1.5600 1.5300
1.5600 1.5305 1.5600 1.5673
1.5700 1.5632 1.5700 1.6010
1.5400 1.4561 1.5400 1.4779
1.5200 1.4416 1.5200 1.4747
1.5200 1.4782 1.5200 1.5149
1.5300 1.4964 1.5300 1.5321
1.5800 1.4926 1.5800 1.5286
1.6300 1.5200 1.6300 1.5601
1.6600 1.4613 1.6600 1.4901
1.6700 1.4190 1.6700 1.4537
1.7200 1.4546 1.7200 1.4957
1.7400 1.4892 1.7400 1.5303
1.7400 1.5848 1.7400 1.6367
1.7500 1.6603 1.7500 1.7100
1.7700 1.6778 1.7700 1.7233
1.7600 1.6486 1.7600 1.6937
1.7400 1.7386 1.7400 1.8001
1.7000 1.7479 1.7000 1.8015
1.6800 1.7006 1.6800 1.7540
1.6800 1.7102 1.6800 1.7691
1.6800 1.7459 1.6800 1.8045
1.6800 1.6997 1.6800 1.7481
1.6600 1.6406 1.6600 1.6871
1.6400 1.5796 1.6400 1.6200
1.6400 1.5621 1.6400 1.6052
1.6500 1.5895 1.6500 1.6344
1.6500 1.6020 1.6500 1.6419
1.6400 1.6040 1.6400 1.6417
1.6500 1.5600 1.6500 1.5921
1.6200 1.5347 1.6200 1.5685
1.6000 1.5541 1.6000 1.5934
1.5900 1.5910 1.5900 1.6330
1.5700 1.5871 1.5700 1.6259
1.5700 1.5603 1.5700 1.5980
1.5400 1.5917 1.5400 1.6355
1.5200 1.5274 1.5200 1.5596
1.5200 1.4953 1.5200 1.5336
1.4900 1.5029 1.4900 1.5432
1.4500 1.4806 1.4500 1.5163
1.4300 1.4925 1.4300 1.5326
1.4100 1.4404 1.4100 1.4704
1.3800 1.4242 1.3800 1.4571
1.3700 1.4429 1.3700 1.4795
1.3900 1.3993 1.3900 1.4274
1.3800 1.3331 1.3800 1.3590
1.3700 1.3270 1.3700 1.3590
1.3300 1.3283 1.3300 1.3577
1.2900 1.2808 1.2900 1.3056
1.2700 1.2904 1.2700 1.3211
1.2400 1.3623 1.2400 1.3984
1.2100 1.3355 1.2100 1.3622
1.2100 1.3117 1.2100 1.3418
1.2100 1.2485 1.2100 1.2719
1.1900 1.1963 1.1900 1.2219
1.1800 1.1922 1.1800 1.2233
1.1700 1.1657 1.1700 1.1919
1.1500 1.1356 1.1500 1.1595
1.1300 1.1613 1.1300 1.1908
1.5400 1.4509 1.5400 1.4992
1.5300 1.4796 1.5300 1.5289
1.5300 1.5201 1.5300 1.5711
1.5600 1.5155 1.5600 1.5608
1.6100 1.5349 1.6100 1.5844
1.6900 1.5364 1.6900 1.5842
1.8000 1.5006 1.8000 1.5448
1.9200 1.4736 1.9200 1.5192
2.0400 1.4832 2.0400 1.5312
2.1400 1.5511 2.1400 1.6042
2.2400 1.6326 2.2400 1.6877
2.3300 1.7623 2.3300 1.8237
2.4300 1.9265 2.4300 1.9940
2.5100 2.0798 2.5100 2.1513
2.5900 2.2119 2.5900 2.2880
2.6500 2.2909 2.6500 2.3690
2.6900 2.3820 2.6900 2.4692
2.7600 2.4541 2.7600 2.5442
2.8200 2.5540 2.8200 2.6502
2.8800 2.6055 2.8800 2.6959
2.9400 2.6618 2.9400 2.7525
2.9900 2.6853 2.9900 2.7687
3.0300 2.6731 3.0300 2.7508
3.0400 2.7592 3.0400 2.8430
3.0200 2.8126 3.0200 2.8865
3.0000 2.8587 3.0000 2.9299
2.9600 2.9041 2.9600 2.9721
2.9100 2.9400 2.9100 3.0034
2.8300 2.9506 2.8300 3.0105
2.7300 2.9021 2.7300 2.9568
2.6400 2.8231 2.6400 2.8742
2.5700 2.7714 2.5700 2.8241
2.5100 2.6981 2.5100 2.7438
2.4400 2.6136 2.4400 2.6540
2.3800 2.4785 2.3800 2.5088
2.3300 2.3321 2.3300 2.3561
2.2700 2.2378 2.2700 2.2605
2.2000 2.1974 2.2000 2.2179
2.1200 2.1672 2.1200 2.1821
2.1000 2.0906 2.1000 2.0985
2.0500 2.0474 2.0500 2.0572
2.0000 2.0240 2.0000 2.0342
1.9400 1.9658 1.9400 1.9743
1.8400 1.8867 1.8400 1.8962
1.7300 1.7995 1.7300 1.8096
1.6500 1.8558 1.6500 1.8815
1.5900 1.8100 1.5900 1.8229
1.5700 1.7507 1.5700 1.7664
1.5500 1.6871 1.5500 1.7011
1.5500 1.5466 1.5500 1.5519
1.5900 1.4066 1.5900 1.4121
1.6400 1.3556 1.6400 1.3675
1.6600 1.3551 1.6600 1.3659
1.6600 1.3857 1.6600 1.4002
1.6200 1.4005 1.6200 1.4114
1.5800 1.4383 1.5800 1.4524
1.5300 1.5410 1.5300 1.5679
1.4700 1.6385 1.4700 1.6715
1.4100 1.6442 1.4100 1.6762
1.3600 1.6106 1.3600 1.6480
1.3100 1.5262 1.3100 1.5617
1.2600 1.4601 1.2600 1.5009
1.2100 1.3945 1.2100 1.4332
1.1700 1.3185 1.1700 1.3509
1.1200 1.2491 1.1200 1.2757
1.0800 1.2063 1.0800 1.2283
1.0400 1.1660 1.0400 1.1807
1.0000 1.1148 1.0000 1.1243
0.9700 1.0781 0.9700 1.0816
0.9400 1.0559 0.9400 1.0592
0.9100 1.0134 0.9100 1.0081
0.8800 0.9882 0.8800 0.9837
0.8500 0.9638 0.8500 0.9588
0.8200 0.9348 0.8200 0.9305
0.8000 0.9208 0.8000 0.9193
0.7700 0.9037 0.7700 0.9027
0.7500 0.8845 0.7500 0.8843
0.7300 0.8610 0.7300 0.8618
0.7100 0.8421 0.7100 0.8442
0.6900 0.8202 0.6900 0.8230
0.6800 0.8127 0.6800 0.8186
0.6600 0.7890 0.6600 0.7933
0.6400 0.7781 0.6400 0.7851
0.6300 0.7677 0.6300 0.7752
0.6100 0.7547 0.6100 0.7627
0.6000 0.7402 0.6000 0.7489
0.5800 0.7405 0.5800 0.7519
0.5700 0.7247 0.5700 0.7348
0.5600 0.7051 0.5600 0.7161
0.5400 0.7067 0.5400 0.7204
0.5300 0.6891 0.5300 0.7011
0.5100 0.6850 0.5100 0.6998
0.5000 0.6669 0.5000 0.6799
0.5100 0.6654 0.5100 0.6809
0.5500 0.6596 0.5500 0.6751
0.6200 0.6395 0.6200 0.6538
0.6800 0.6368 0.6800 0.6533
0.7400 0.6172 0.7400 0.6320
0.8100 0.6155 0.8100 0.6328
0.8600 0.6366 0.8600 0.6572
0.9100 0.6952 0.9100 0.7217
0.9600 0.7893 0.9600 0.8295
0.9900 0.8574 0.9900 0.8981
1.0400 0.9220 1.0400 0.9674
1.0700 1.0018 1.0700 1.0554
1.0700 1.0417 1.0700 1.0962
1.0700 1.0794 1.0700 1.1397
1.0800 1.1245 1.0800 1.1893
1.0900 1.1331 1.0900 1.1944
1.1000 1.1798 1.1000 1.2474
1.0900 1.1924 1.0900 1.2535
1.0900 1.1487 1.0900 1.2005
1.1000 1.1198 1.1000 1.1707
1.1000 1.1337 1.1000 1.1854
1.1100 1.1416 1.1100 1.1896
1.1100 1.1393 1.1100 1.1849
1.0900 1.1116 1.0900 1.1496
1.1000 1.1067 1.1000 1.1451
1.1200 1.1255 1.1200 1.1654
1.1400 1.1208 1.1400 1.1567
1.2000 1.1340 1.2000 1.1726
1.3300 1.1285 1.3300 1.1641
1.5000 1.0862 1.5000 1.1165
1.6200 1.1098 1.6200 1.1486
1.8300 1.1566 1.8300 1.1974
1.2700 1.3408 1.2700 1.3634
1.2500 1.2033 1.2500 1.2145
1.1900 1.1953 1.1900 1.2184
1.0900 1.2084 1.0900 1.2273
1.0900 1.2086 1.0900 1.2260
1.0500 1.2163 1.0500 1.2348
1.0600 1.1843 1.0600 1.1970
1.0700 1.1735 1.0700 1.1908
1.0500 1.0760 1.0500 1.0846
1.0100 0.9526 1.0100 0.9435
0.9400 1.0107 0.9400 1.0368
0.8800 0.9885 0.8800 0.9984
0.8600 1.0308 0.8600 1.0547
0.8500 1.0632 0.8500 1.0845
0.8400 1.0366 0.8400 1.0502
0.8300 0.9621 0.8300 0.9722
0.7800 0.8723 0.7800 0.8709
0.8000 0.8376 0.8000 0.8406
0.8300 0.8381 0.8300 0.8477
0.7700 0.8593 0.7700 0.8701
0.7300 0.8563 0.7300 0.8628
0.7800 0.8492 0.7800 0.8553
0.8200 0.7898 0.8200 0.7878
0.8300 0.8396 0.8300 0.8539
0.8300 0.9026 0.8300 0.9306
0.8400 0.7940 0.8400 0.7961
0.8700 0.7425 0.8700 0.7525
0.8400 0.8572 0.8400 0.8961
0.8500 0.9351 0.8500 0.9698
0.8800 0.9025 0.8800 0.9306
0.9300 0.8960 0.9300 0.9250
0.9200 0.9200 0.9200 0.9523
0.9200 0.9568 0.9200 0.9970
0.9200 0.8835 0.9200 0.9099
0.9000 0.9101 0.9000 0.9489
0.8800 0.9681 0.8800 1.0113
0.8400 1.0445 0.8400 1.0926
0.7500 0.9852 0.7500 1.0156
0.7300 0.9684 0.7300 1.0039
0.7100 0.9776 0.7100 1.0135
0.7200 0.9264 0.7200 0.9568
0.7800 0.8985 0.7800 0.9300
0.7800 0.8436 0.7800 0.8604
0.7700 0.7338 0.7700 0.7380
0.7000 0.7402 0.7000 0.7552
0.7100 0.7534 0.7100 0.7637
0.7500 0.7819 0.7500 0.7946
0.7700 0.8737 0.7700 0.9056
0.7800 0.8599 0.7800 0.8759
0.8200 0.8251 0.8200 0.8393
0.8600 0.7204 0.8600 0.7237
0.9200 0.7739 0.9200 0.7977
0.9800 0.8482 0.9800 0.8868
1.0500 0.8672 1.0500 0.9023
1.0700 0.8676 1.0700 0.8988
1.0800 0.9248 1.0800 0.9637
1.0800 0.9884 1.0800 1.0290
1.1200 1.0525 1.1200 1.1009
1.2200 1.1339 1.2200 1.1884
1.2600 1.2157 1.2600 1.2758
1.2400 1.1880 1.2400 1.2388
1.2700 1.1599 1.2700 1.2123
1.2200 1.1425 1.2200 1.1940
1.2600 1.2055 1.2600 1.2682
1.3400 1.3776 1.3400 1.4548
1.3700 1.3825 1.3700 1.4388
1.4100 1.2724 1.4100 1.3147
1.4900 1.3112 1.4900 1.3696
1.5800 1.2075 1.5800 1.2429
1.6800 1.2820 1.6800 1.3438
1.7800 1.4409 1.7800 1.5099
1.8700 1.4542 1.8700 1.5047
1.9400 1.4619 1.9400 1.5157
2.0200 1.5875 2.0200 1.6541
2.1100 1.7318 2.1100 1.8001
2.1900 1.8211 2.1900 1.8949
2.2800 1.9434 2.2800 2.0248
2.3600 2.0273 2.3600 2.1073
2.3700 2.0535 2.3700 2.1345
1.8000 1.1249 1.8000 1.1798
1.8200 1.1804 1.8200 1.2383
1.8400 1.2575 1.8400 1.3187
1.8400 1.2964 1.8400 1.3548
1.8200 1.3782 1.8200 1.4449
1.8000 1.3771 1.8000 1.4343
1.7800 2.1479 1.7800 2.3129
1.7500 2.0451 1.7500 2.1275
1.7300 1.8485 1.7300 1.9545
1.7000 1.8670 1.7000 1.9558
1.6900 1.8395 1.6900 1.9271
1.6900 1.7494 1.6900 1.8366
1.6900 1.6606 1.6900 1.7450
1.6800 1.7253 1.6800 1.7931
1.6700 1.5779 1.6700 1.6218
1.6500 1.5786 1.6500 1.6233
1.6400 1.5807 1.6400 1.6100
1.6300 1.5961 1.6300 1.6322
1.6300 1.6068 1.6300 1.6415
1.6300 1.5882 1.6300 1.6209
1.6200 1.5745 1.6200 1.6096
1.6300 1.5498 1.6300 1.5837
1.6400 1.5429 1.6400 1.5809
1.6400 1.5421 1.6400 1.5804
1.6400 1.5547 1.6400 1.5947
1.6200 1.5609 1.6200 1.6000
1.6100 1.5409 1.6100 1.5770
1.6100 1.5704 1.6100 1.6126
1.6200 1.5915 1.6200 1.6330
1.6200 1.5843 1.6200 1.6243
1.6200 1.5769 1.6200 1.6188
1.6200 1.5384 1.6200 1.5764
1.6200 1.5282 1.6200 1.5699
1.6200 1.5403 1.6200 1.5839
1.6300 1.5710 1.6300 1.6157
1.6200 1.5634 1.6200 1.6036
1.6200 1.5577 1.6200 1.5986
1.6100 1.5616 1.6100 1.6025
1.6100 1.5590 1.6100 1.6001
1.6100 1.5606 1.6100 1.6030
1.6000 1.5817 1.6000 1.6269
1.6200 1.5569 1.6200 1.5967
1.6100 1.5544 1.6100 1.5979
1.6000 1.5394 1.6000 1.5798
1.5900 1.5456 1.5900 1.5885
1.5900 1.5491 1.5900 1.5912
1.5700 1.5283 1.5700 1.5674
1.5400 1.5783 1.5400 1.6254
1.5100 1.5486 1.5100 1.5858
1.5000 1.5263 1.5000 1.5659
1.5500 1.5119 1.5500 1.5516
1.7000 1.5280 1.7000 1.5706
1.8500 1.4892 1.8500 1.5251
1.9400 1.4331 1.9400 1.4675
2.0000 1.4054 2.0000 1.4392
2.0400 1.4111 2.0400 1.4476
2.0500 1.5392 2.0500 1.5895
2.0500 1.8366 2.0500 1.9081
2.0600 2.0562 2.0600 2.1220
2.0700 2.0846 2.0700 2.1395
2.0700 2.0843 2.0700 2.1469
2.0800 2.0905 2.0800 2.1612
2.0800 2.0454 2.0800 2.1190
2.0900 1.9998 2.0900 2.0782
2.0800 2.0130 2.0800 2.0927
2.0800 2.0142 2.0800 2.0848
2.0800 1.9834 2.0800 2.0437
2.0700 1.9931 2.0700 2.0495
2.0600 1.9842 2.0600 2.0322
2.0400 1.9938 2.0400 2.0433
2.0200 1.9624 2.0200 2.0060
2.0200 1.9641 2.0200 2.0115
2.0100 1.9679 2.0100 2.0142
2.0000 1.9436 2.0000 1.9871
2.2700 1.9284 2.2700 1.9722
2.2300 1.8934 2.2300 1.9341
2.2200 1.8713 2.2200 1.9121
2.2000 1.8890 2.2000 1.9332
2.1900 1.8828 2.1900 1.9223
2.1900 1.8668 2.1900 1.9056
2.1900 2.4792 2.1900 2.5864
2.1700 2.2364 2.1700 2.2414
2.1600 2.0751 2.1600 2.1228
2.1700 2.0595 2.1700 2.1138
2.1700 2.0860 2.1700 2.1436
2.1600 2.0657 2.1600 2.1252
2.1400 2.0451 2.1400 2.1051
2.1200 2.0699 2.1200 2.1169
2.1000 1.9799 2.1000 2.0211
2.0700 2.0528 2.0700 2.1032
2.0300 2.0480 2.0300 2.0835
1.9800 2.0173 1.9800 2.0577
1.9300 1.9820 1.9300 2.0212
1.8700 1.9595 1.8700 1.9997
1.8200 1.9349 1.8200 1.9748
1.7700 1.8938 1.7700 1.9310
1.7100 1.8385 1.7100 1.8727
1.6600 1.7688 1.6600 1.7998
1.6200 1.7143 1.6200 1.7439
1.5800 1.6427 1.5800 1.6670
1.5300 1.6008 1.5300 1.6256
1.4800 1.5599 1.4800 1.5811
1.4300 1.4925 1.4300 1.5084
1.3900 1.4525 1.3900 1.4695
1.3600 1.4354 1.3600 1.4526
1.3400 1.4096 1.3400 1.4249
1.3100 1.3523 1.3100 1.3648
1.2900 1.3072 1.2900 1.3206
1.2500 1.2652 1.2500 1.2779
1.2300 1.2403 1.2300 1.2556
1.2100 1.2339 1.2100 1.2508
1.2000 1.2375 1.2000 1.2560
1.1800 1.2096 1.1800 1.2250
1.1600 1.2008 1.1600 1.2199
1.1500 1.1535 1.1500 1.1677
1.1200 1.1491 1.1200 1.1705
1.0900 1.1441 1.0900 1.1658
1.0500 1.1501 1.0500 1.1749
1.0200 1.1298 1.0200 1.1517
1.0000 1.1078 1.0000 1.1303
1.0100 1.1153 1.0100 1.1408
1.0400 1.0698 1.0400 1.0896
1.0600 1.0368 1.0600 1.0581
1.0800 0.9876 1.0800 1.0052
1.1000 0.9683 1.1000 0.9882
1.1200 0.9619 1.1200 0.9821
1.1300 1.0085 1.1300 1.0357
1.1300 1.0786 1.1300 1.1096
1.1300 1.1014 1.1300 1.1301
1.1100 1.1246 1.1100 1.1565
1.1200 1.1480 1.1200 1.1835
1.1500 1.1730 1.1500 1.2131
1.1800 1.1715 1.1800 1.2125
1.1900 1.1580 1.1900 1.1995
1.2000 1.1525 1.2000 1.1949
1.2300 1.1077 1.2300 1.1439
1.2400 1.1342 1.2400 1.1777
1.2500 1.1955 1.2500 1.2416
1.2500 1.2359 1.2500 1.2801
1.2800 1.2240 1.2800 1.2625
1.3100 1.2250 1.3100 1.2655
1.3500 1.2777 1.3500 1.3252
1.4000 1.2716 1.4000 1.3145
1.4400 1.2725 1.4400 1.3184
1.4600 1.2605 1.4600 1.3041
1.5100 1.3152 1.5100 1.3674
1.5700 1.3545 1.5700 1.4046
1.6200 1.4037 1.6200 1.4566
1.6800 1.4720 1.6800 1.5278
1.7200 1.5041 1.7200 1.5582
1.7700 1.4984 1.7700 1.5504
1.8100 1.5639 1.8100 1.6272
1.8500 1.6543 1.8500 1.7212
1.8800 1.6925 1.8800 1.7569
1.9200 1.7538 1.9200 1.8236
1.9500 1.7777 1.9500 1.8423
1.9900 1.8235 1.9900 1.8929
2.0200 1.8470 2.0200 1.9147
2.0500 1.8819 2.0500 1.9512
2.0800 1.8924 2.0800 1.9588
2.1000 1.9299 2.1000 1.9995
2.1200 1.9516 2.1200 2.0165
2.1300 1.9872 2.1300 2.0537
2.1400 2.0092 2.1400 2.0720
2.1400 2.0270 2.1400 2.0893
2.1400 2.0530 2.1400 2.1153
2.1300 2.0552 2.1300 2.1143
2.1200 2.0671 2.1200 2.1269
2.1000 2.0574 2.1000 2.1140
2.0900 2.0605 2.0900 2.1174
2.0700 2.0411 2.0700 2.0939
2.0600 2.0321 2.0600 2.0848
2.0400 2.0067 2.0400 2.0550
2.0300 1.9861 2.0300 2.0337
2.0100 1.9525 2.0100 1.9960
1.9900 1.9451 1.9900 1.9898
1.9800 1.9188 1.9800 1.9587
1.9600 1.9128 1.9600 1.9541
1.9500 1.8878 1.9500 1.9249
1.9300 1.8838 1.9300 1.9230
1.9200 1.8598 1.9200 1.8954
1.9100 1.8337 1.9100 1.8698
1.9000 1.8394 1.9000 1.8781
1.9000 1.8129 1.9000 1.8478
1.8900 1.8129 1.8900 1.8513
1.8900 1.7857 1.8900 1.8204
1.8800 1.7877 1.8800 1.8258
1.8800 1.7822 1.8800 1.8191
1.8700 1.7751 1.8700 1.8126
1.8700 1.7903 1.8700 1.8302
1.8500 1.7741 1.8500 1.8112
1.8100 1.7851 1.8100 1.8262
1.8000 1.7676 1.8000 1.8059
1.7800 1.7782 1.7800 1.8207
1.7800 1.7618 1.7800 1.8012
1.7900 1.7686 1.7900 1.8119
1.8100 1.7336 1.8100 1.7712
1.8200 1.6571 1.8200 1.6910
1.8400 1.6723 1.8400 1.7150
1.8700 1.6565 1.8700 1.6926
1.8800 1.6761 1.8800 1.7167
1.8800 1.7054 1.8800 1.7459
1.8700 1.7521 1.8700 1.7941
1.8600 1.7559 1.8600 1.7949
1.8600 1.7817 1.8600 1.8268
1.8600 1.8393 1.8600 1.8887
1.8700 1.8283 1.8700 1.8742
1.8800 1.8072 1.8800 1.8557
1.8700 1.7789 1.8700 1.8265
1.8600 1.7637 1.8600 1.8125
1.8500 1.7681 1.8500 1.8181
1.8300 1.7727 1.8300 1.8205
1.8200 1.7946 1.8200 1.8424
1.8000 1.8067 1.8000 1.8523
1.7700 1.7753 1.7700 1.8155
