2.0300 1.9258 2.0300 1.8537
2.0300 1.9416 2.0300 1.8797
1.9900 1.9458 1.9900 1.8884
1.9600 1.9779 1.9600 1.9318
1.9500 1.9665 1.9500 1.9173
1.9700 1.9455 1.9700 1.8966
1.9900 1.9864 1.9900 1.9488
2.0600 1.9829 2.0600 1.9420
2.0800 1.9008 2.0800 1.8423
2.0600 1.8602 2.0600 1.8017
2.0200 1.8736 2.0200 1.8211
2.0300 1.9392 2.0300 1.8995
2.0200 1.9806 2.0200 1.9452
1.9800 2.1036 1.9800 2.0837
1.9700 2.0993 1.9700 2.0664
1.9700 2.0131 1.9700 1.9680
1.9700 1.9375 1.9700 1.8873
1.9800 1.9800 1.9800 1.9444
1.9800 1.9784 1.9800 1.9340
1.9800 1.8904 1.9800 1.8283
1.9800 1.8947 1.9800 1.8427
2.0100 1.9124 2.0100 1.8626
2.1400 1.9281 2.1400 1.8799
2.1700 1.9550 2.1700 1.9150
2.1400 1.9426 2.1400 1.9016
2.0800 1.9366 2.0800 1.8965
2.0600 1.9388 2.0600 1.8991
2.0600 2.0062 2.0600 1.9764
2.0900 2.2603 2.0900 2.2589
2.1400 2.2383 2.1400 2.2067
2.1300 2.0961 2.1300 2.0470
2.1500 1.9689 2.1500 1.9142
2.1500 1.9635 2.1500 1.9127
2.1300 2.0194 2.1300 1.9747
2.1100 2.0796 2.1100 2.0415
2.0800 2.1637 2.0800 2.1338
2.0600 2.0903 2.0600 2.0419
2.0300 2.1233 2.0300 2.0828
2.0000 2.1266 2.0000 2.0807
1.9600 2.0668 1.9600 2.0164
1.9100 2.0354 1.9100 1.9865
1.8600 1.9793 1.8600 1.9215
1.8200 1.9702 1.8200 1.9127
1.7800 1.9321 1.7800 1.8674
1.7400 1.8988 1.7400 1.8322
1.7000 1.8478 1.7000 1.7765
1.6800 1.7750 1.6800 1.6979
1.6400 1.7249 1.6400 1.6468
1.6200 1.6925 1.6200 1.6176
1.6000 1.6594 1.6000 1.5851
1.5700 1.6215 1.5700 1.5479
1.4800 1.5840 1.4800 1.5115
1.3900 1.5890 1.3900 1.5257
1.3500 1.5442 1.3500 1.4758
1.2100 1.5401 1.2100 1.4806
1.2400 1.5344 1.2400 1.4780
1.2500 1.4961 1.2500 1.4365
1.2300 1.3475 1.2300 1.2647
1.2100 1.2239 1.2100 1.1348
1.2300 1.2356 1.2300 1.1616
1.2600 1.0224 1.2600 0.9389
1.2200 1.1805 1.2200 1.1252
1.2100 1.2541 1.2100 1.2017
1.1900 1.2070 1.1900 1.1483
1.1500 1.1975 1.1500 1.1483
1.1600 1.2379 1.1600 1.2043
1.1100 1.3281 1.1100 1.3068
1.1300 1.2227 1.1300 1.1776
1.1300 1.2146 1.1300 1.1799
1.0800 1.1889 1.0800 1.1485
1.0400 1.1248 1.0400 1.0716
1.0500 1.1941 1.0500 1.1575
1.0800 1.0977 1.0800 1.0396
1.1100 1.1595 1.1100 1.1251
1.1100 1.1744 1.1100 1.1364
1.0700 1.0722 1.0700 1.0152
1.0500 1.0265 1.0500 0.9731
1.0300 1.0686 1.0300 1.0298
1.0200 1.1607 1.0200 1.1330
1.0100 1.2051 1.0100 1.1826
0.9800 1.1779 0.9800 1.1497
0.9600 1.0831 0.9600 1.0400
0.9600 1.0609 0.9600 1.0207
0.9400 1.0571 0.9400 1.0138
0.9100 1.0573 0.9100 1.0163
0.9200 1.0468 0.9200 1.0058
0.9700 0.9935 0.9700 0.9435
1.0500 0.9802 1.0500 0.9321
1.1100 1.0051 1.1100 0.9640
1.1500 0.9818 1.1500 0.9357
1.1700 0.9338 1.1700 0.8846
1.1700 0.9712 1.1700 0.9359
1.2300 1.0819 1.2300 1.0640
1.2800 1.2217 1.2800 1.2225
1.2900 1.2860 1.2900 1.2898
1.3000 1.2970 1.3000 1.2998
1.3500 1.2862 1.3500 1.2833
1.4000 1.2570 1.4000 1.2437
1.4400 1.3673 1.4400 1.3733
1.4800 1.4300 1.4800 1.4336
1.5100 1.3926 1.5100 1.3803
1.5100 1.3786 1.5100 1.3633
1.5600 1.4582 1.5600 1.4543
1.5900 1.5360 1.5900 1.5339
1.6200 1.5651 1.6200 1.5619
1.6300 1.5927 1.6300 1.5919
1.6500 1.6019 1.6500 1.5965
1.6600 1.5670 1.6600 1.5470
1.6900 1.6533 1.6900 1.6506
1.7300 1.6820 1.7300 1.6731
1.7200 1.6953 1.7200 1.6848
1.7100 1.6833 1.7100 1.6648
1.7200 1.6948 1.7200 1.6761
1.6900 1.7030 1.6900 1.6801
1.7200 1.7409 1.7200 1.7239
1.7200 1.8025 1.7200 1.7908
1.7000 1.7376 1.7000 1.7062
1.6700 1.7006 1.6700 1.6655
1.6600 1.7270 1.6600 1.6970
1.6500 1.6629 1.6500 1.6142
1.6300 1.7359 1.6300 1.7092
1.6600 1.7273 1.6600 1.6908
1.6000 1.6692 1.6000 1.6222
1.6200 1.6211 1.6200 1.5696
1.7800 1.6174 1.7800 1.5697
1.8000 1.6270 1.8000 1.5804
1.8000 1.5888 1.8000 1.5374
1.8400 1.6682 1.8400 1.6378
1.9000 1.5374 1.9000 1.4736
1.9000 1.5962 1.9000 1.5601
1.8800 1.9489 1.8800 1.9680
1.8800 1.8980 1.8800 1.8772
1.8900 1.8225 1.8900 1.7982
1.8600 1.8752 1.8600 1.8660
1.8500 1.9758 1.8500 1.9689
1.8300 1.9465 1.8300 1.9170
1.7700 1.8596 1.7700 1.8241
1.6200 1.8603 1.6200 1.8303
1.5700 1.8741 1.5700 1.8409
1.5300 1.8245 1.5300 1.7717
1.4800 1.8150 1.4800 1.7679
1.4600 1.7746 1.4600 1.7224
1.4700 1.6630 1.4700 1.5903
1.4900 1.4039 1.4900 1.2900
1.4900 1.3997 1.4900 1.3152
1.5100 1.4142 1.5100 1.3334
1.5500 1.3638 1.5500 1.2781
1.5700 1.3834 1.5700 1.3155
1.6300 1.4262 1.6300 1.3740
1.6000 1.4920 1.6000 1.4524
1.5300 1.4912 1.5300 1.4512
1.5000 1.5300 1.5000 1.5040
1.5200 1.5991 1.5200 1.5859
1.5400 1.6115 1.5400 1.5930
1.5600 1.7172 1.5600 1.7175
1.6000 1.6136 1.6000 1.5800
1.6400 1.4532 1.6400 1.3962
1.6500 1.4416 1.6500 1.3923
1.6300 1.5237 1.6300 1.4873
1.6100 1.5820 1.6100 1.5486
1.5800 1.5947 1.5800 1.5642
1.5400 1.6539 1.5400 1.6354
1.5000 1.7060 1.5000 1.6921
1.4600 1.6962 1.4600 1.6743
1.4500 1.6343 1.4500 1.6006
1.4300 1.5848 1.4300 1.5476
1.3700 1.5372 1.3700 1.4903
1.3400 1.4835 1.3400 1.4264
1.3300 1.4369 1.3300 1.3755
1.3300 1.3890 1.3300 1.3239
1.3200 1.4093 1.3200 1.3542
1.3300 1.3983 1.3300 1.3413
1.3600 1.2959 1.3600 1.2251
1.3600 1.2745 1.3600 1.2144
1.4100 1.2963 1.4100 1.2444
1.4500 1.3267 1.4500 1.2810
1.4700 1.3191 1.4700 1.2742
1.4900 1.3415 1.4900 1.3065
1.5500 1.4071 1.5500 1.3836
1.6300 1.3945 1.6300 1.3629
1.7000 1.4899 1.7000 1.4800
1.7600 1.5427 1.7600 1.5345
1.7800 1.5387 1.7800 1.5242
1.8200 1.5559 1.8200 1.5424
1.8500 1.6487 1.8500 1.6504
1.8600 1.7757 1.8600 1.7838
1.8800 1.8452 1.8800 1.8479
1.9000 1.8916 1.9000 1.8914
1.9500 1.8586 1.9500 1.8467
1.9500 1.8954 1.9500 1.8865
1.9400 1.9267 1.9400 1.9115
1.9600 1.9031 1.9600 1.8797
1.9800 1.9159 1.9800 1.8941
1.9400 1.9278 1.9400 1.9034
1.8500 2.0116 1.8500 1.9925
1.8100 1.9728 1.8100 1.9375
1.7600 1.9202 1.7600 1.8822
1.7300 1.9614 1.7300 1.9329
1.6700 1.9878 1.6700 1.9569
1.6000 1.8922 1.6000 1.8396
1.5100 1.7065 1.5100 1.6258
1.4100 1.6813 1.4100 1.6127
1.3300 1.6426 1.3300 1.5651
1.2500 1.6339 1.2500 1.5618
1.1800 1.5530 1.1800 1.4716
1.1400 1.4425 1.1400 1.3547
1.1100 1.3344 1.1100 1.2375
1.1000 1.2161 1.1000 1.1109
1.1100 1.1603 1.1100 1.0619
1.1200 1.0835 1.1200 0.9842
1.1300 1.0297 1.1300 0.9572
1.1400 1.0344 1.1400 0.9522
1.1500 1.0384 1.1500 0.9648
1.1600 1.0702 1.1600 1.0106
1.1700 1.1195 1.1700 1.0753
1.1900 1.1506 1.1900 1.1144
1.2200 1.1718 1.2200 1.1419
1.2500 1.1885 1.2500 1.1625
1.2700 1.2061 1.2700 1.1823
1.2900 1.2206 1.2900 1.1978
1.3000 1.2332 1.3000 1.2104
1.3200 1.2654 1.3200 1.2463
1.3200 1.3106 1.3200 1.2959
1.3200 1.3482 1.3200 1.3350
1.3300 1.3602 1.3300 1.3447
1.3300 1.3732 1.3300 1.3580
1.3400 1.3715 1.3400 1.3522
1.3400 1.3950 1.3400 1.3781
1.3500 1.3782 1.3500 1.3531
1.3600 1.3637 1.3600 1.3359
1.3900 1.3805 1.3900 1.3549
1.4200 1.3717 1.4200 1.3406
1.4700 1.3890 1.4700 1.3612
1.5300 1.3795 1.5300 1.3479
1.6100 1.3925 1.6100 1.3642
1.3800 1.4078 1.3800 1.3804
1.4400 1.4560 1.4400 1.4367
1.4900 1.4998 1.4900 1.4837
1.5200 1.5674 1.5200 1.5611
1.5100 1.6506 1.5100 1.6538
1.4600 1.7555 1.4600 1.7642
1.4300 1.2230 1.4300 1.1157
1.3600 1.4070 1.3600 1.3901
1.2600 1.5813 1.2600 1.5653
1.2100 1.5914 1.2100 1.5628
1.2000 1.5634 1.2000 1.5327
1.2200 1.3870 1.2200 1.3312
1.2400 1.3919 1.2400 1.3427
1.2600 1.2809 1.2600 1.2082
1.2900 1.1479 1.2900 1.0609
1.3200 1.1095 1.3200 1.0360
1.3700 1.1365 1.3700 1.0736
1.5800 1.2432 1.5800 1.1944
1.6300 1.2858 1.6300 1.2468
1.6800 1.3080 1.6800 1.2779
1.7100 1.3535 1.7100 1.3343
1.7400 1.3955 1.7400 1.3814
1.7900 1.4772 1.7900 1.4753
1.8200 1.8547 1.8200 1.9048
1.8200 1.8309 1.8200 1.8376
1.8400 1.8078 1.8400 1.8122
1.8700 1.8144 1.8700 1.8151
1.9100 1.8178 1.9100 1.8127
1.9500 1.9118 1.9500 1.9071
1.9300 1.9034 1.9300 1.8887
1.9100 1.8592 1.9100 1.8368
1.9100 1.8650 1.9100 1.8437
1.9200 1.9177 1.9200 1.8949
1.9300 1.9818 1.9300 1.9589
1.9300 2.0121 1.9300 1.9905
1.9500 1.9215 1.9500 1.8832
1.9900 1.8653 1.9900 1.8242
2.0100 1.8818 2.0100 1.8446
2.0400 1.9117 2.0400 1.8762
2.0400 1.9268 2.0400 1.8925
2.0700 1.9055 2.0700 1.8667
2.0900 1.9410 2.0900 1.9105
2.1300 2.0144 2.1300 1.9883
2.1500 2.0293 2.1500 1.9967
2.1400 2.0607 2.1400 2.0321
2.1300 2.0260 2.1300 1.9900
2.1500 2.0716 2.1500 2.0428
2.1800 2.1012 2.1800 2.0678
2.2200 2.1536 2.2200 2.1240
2.3200 2.1654 2.3200 2.1301
2.3800 2.1026 2.3800 2.0569
2.4100 2.0815 2.4100 2.0356
2.4300 2.1269 2.4300 2.0878
2.5000 2.1850 2.5000 2.1476
2.5300 2.2392 2.5300 2.2032
2.5200 2.4068 2.5200 2.3887
2.5200 2.4580 2.5200 2.4266
2.5000 2.4381 2.5000 2.3963
2.4600 2.4347 2.4600 2.3907
2.4100 2.5461 2.4100 2.5155
2.3800 2.5626 2.3800 2.5164
2.3600 2.4783 2.3600 2.4164
2.3200 2.4636 2.3200 2.4056
2.3100 2.4116 2.3100 2.3444
2.2500 2.3425 2.2500 2.2653
2.2100 2.2668 2.2100 2.1859
2.1700 2.2384 2.1700 2.1658
2.1500 2.2340 2.1500 2.1641
2.1100 2.1760 2.1100 2.0965
2.0700 2.1929 2.0700 2.1279
2.0500 2.0885 2.0500 2.0037
2.0400 2.0439 2.0400 1.9647
2.0200 2.0210 2.0200 1.9438
2.0000 2.0175 2.0000 1.9476
1.9700 1.9760 1.9700 1.9012
1.9500 1.9195 1.9500 1.8428
1.9300 1.9308 1.9300 1.8646
1.9200 1.9423 1.9200 1.8816
1.9200 1.9271 1.9200 1.8660
1.9400 1.9047 1.9400 1.8455
1.9400 1.8628 1.9400 1.8002
1.9100 1.8531 1.9100 1.7938
1.8900 1.8439 1.8900 1.7854
1.8900 1.8472 1.8900 1.7934
1.8900 1.8646 1.8900 1.8173
1.9100 1.9121 1.9100 1.8756
1.9400 1.9091 1.9400 1.8683
1.9700 1.8397 1.9700 1.7864
1.9800 1.8157 1.9800 1.7649
1.9600 1.8403 1.9600 1.7963
1.9300 1.8546 1.9300 1.8112
1.9200 1.8976 1.9200 1.8645
1.9100 1.9467 1.9100 1.9202
1.9000 1.9845 1.9000 1.9576
1.8700 1.9800 1.8700 1.9469
1.8500 1.9194 1.8500 1.8783
1.8600 1.8607 1.8600 1.8118
1.8800 1.8610 1.8800 1.8156
1.8900 1.8613 1.8900 1.8133
1.8800 1.8506 1.8800 1.8010
1.8500 1.7962 1.8500 1.7371
1.8300 1.7741 1.8300 1.7167
1.8600 1.8246 1.8600 1.7805
1.8800 1.8729 1.8800 1.8367
1.9100 1.8814 1.9100 1.8462
1.9200 1.8418 1.9200 1.8002
2.0500 1.7802 2.0500 1.7284
2.1600 1.7637 2.1600 1.7127
2.2700 1.8528 2.2700 1.8224
2.3400 1.8895 2.3400 1.8590
2.4600 1.9243 2.4600 1.8991
2.4300 1.9190 2.4300 1.8891
2.5300 2.1673 2.5300 2.1701
2.5400 2.3337 2.5400 2.3291
2.5300 2.4361 2.5300 2.4292
2.5200 2.4705 2.5200 2.4547
2.4800 2.6089 2.4800 2.6052
2.4100 2.4573 2.4100 2.4048
2.3600 2.6112 2.3600 2.5911
2.3500 2.5919 2.3500 2.5446
2.4000 2.4811 2.4000 2.4191
2.4800 2.4736 2.4800 2.4115
2.4700 2.3656 2.4700 2.2883
2.5100 2.2597 2.5100 2.1738
2.5200 2.1906 2.5200 2.1057
2.4900 2.2320 2.4900 2.1629
2.4800 2.3650 2.4800 2.3142
2.5000 2.5077 2.5000 2.4666
2.5200 2.4269 2.5200 2.3605
2.4900 2.4713 2.4900 2.4247
2.4800 2.4800 2.4800 2.4257
2.4300 2.3927 2.4300 2.3234
2.3700 2.3899 2.3700 2.3284
2.3900 2.4321 2.3900 2.3789
2.3600 2.4751 2.3600 2.4189
2.2800 2.3892 2.2800 2.3142
2.2700 2.3766 2.2700 2.3092
2.2700 2.2894 2.2700 2.2114
2.2400 2.1895 2.2400 2.1051
2.2200 2.3003 2.2200 2.2433
2.2100 2.2455 2.2100 2.1743
2.1900 2.0855 2.1900 1.9913
2.1500 2.1248 2.1500 2.0591
2.2400 2.1710 2.2400 2.1112
2.2500 2.1276 2.2500 2.0581
2.2100 2.1024 2.2100 2.0403
2.1800 2.1031 2.1800 2.0465
2.1300 2.0809 2.1300 2.0207
2.1200 2.0220 2.1200 1.9527
2.0900 2.2494 2.0900 2.2256
2.0400 2.2403 2.0400 2.1944
1.9900 2.1051 1.9900 2.0430
1.9300 2.0709 1.9300 2.0158
1.8700 1.9880 1.8700 1.9175
1.8100 2.0273 1.8100 1.9714
1.7500 1.9903 1.7500 1.9251
1.7200 1.9045 1.7200 1.8279
1.6700 1.8393 1.6700 1.7605
1.6200 1.7645 1.6200 1.6776
1.5000 1.7176 1.5000 1.6302
1.4700 1.6488 1.4700 1.5615
1.4100 1.5859 1.4100 1.4983
1.3500 1.5908 1.3500 1.5158
1.3400 1.5393 1.3400 1.4588
1.3000 1.4893 1.3000 1.4103
1.2500 1.2997 1.2500 1.1942
1.1700 1.3254 1.1700 1.2500
1.1600 1.2895 1.1600 1.2062
1.1000 1.2196 1.1000 1.1348
1.0500 1.2736 1.0500 1.2130
1.0500 1.2191 1.0500 1.1491
1.0000 1.1701 1.0000 1.0998
0.9600 1.0578 0.9600 0.9762
0.9300 1.1045 0.9300 1.0474
0.9200 1.0391 0.9200 0.9669
0.8700 0.9773 0.8700 0.9062
0.8400 1.0430 0.8400 0.9929
0.7900 0.9626 0.7900 0.8955
0.7600 0.9316 0.7600 0.8691
0.7300 0.9145 0.7300 0.8559
0.7100 0.9314 0.7100 0.8812
0.6700 0.8657 0.6700 0.8038
0.6700 0.8347 0.6700 0.7852
0.6700 0.7904 0.6700 0.7672
0.7100 0.7768 0.7100 0.7566
0.7600 0.7655 0.7600 0.7462
0.7900 0.7563 0.7900 0.7391
0.8000 0.7329 0.8000 0.7165
0.8100 0.7350 0.8100 0.7229
0.8000 0.7541 0.8000 0.7281
0.7900 0.8376 0.7900 0.8129
0.7900 0.9238 0.7900 0.9116
0.7800 0.9432 0.7800 0.9305
0.7700 0.9324 0.7700 0.9172
0.7600 0.9284 0.7600 0.9123
0.7500 0.9027 0.7500 0.8780
0.7700 0.8811 0.7700 0.8523
0.7900 0.8845 0.7900 0.8557
0.8300 0.8665 0.8300 0.8312
0.8900 0.8517 0.8900 0.8139
0.9400 0.8407 0.9400 0.8012
0.9900 0.8305 0.9900 0.7904
1.0100 0.8779 1.0100 0.8489
1.0500 0.9122 1.0500 0.8866
1.1100 0.9746 1.1100 0.9600
1.1800 1.0631 1.1800 1.0615
1.2500 1.1153 1.2500 1.1159
1.3500 1.1666 1.3500 1.1719
1.2000 1.1542 1.2000 1.1507
1.3000 1.1963 1.3000 1.1987
1.3800 1.2820 1.3800 1.2919
1.4600 1.3691 1.4600 1.3836
1.5100 1.4465 1.5100 1.4645
1.5600 1.5664 1.5600 1.5940
1.6100 1.1852 1.6100 1.1222
1.6600 1.3971 1.6600 1.4109
1.7000 1.5703 1.7000 1.5837
1.7500 1.6413 1.7500 1.6512
1.7800 1.6818 1.7800 1.6868
1.8200 1.6637 1.8200 1.6688
1.8400 1.7449 1.8400 1.7499
1.8500 1.7811 1.8500 1.7775
1.8800 1.8238 1.8800 1.8189
1.8900 1.8569 1.8900 1.8548
1.8800 1.8518 1.8800 1.8422
1.8700 1.9047 1.8700 1.8914
1.8900 1.9035 1.8900 1.8832
1.8600 1.8839 1.8600 1.8591
1.8400 1.9242 1.8400 1.9040
1.8900 1.9150 1.8900 1.8868
1.8900 1.8725 1.8900 1.8370
1.8800 1.8447 1.8800 1.8053
1.8600 1.8888 1.8600 1.8589
1.8200 1.8228 1.8200 1.7715
1.7900 1.7829 1.7900 1.7314
1.7700 1.9079 1.7700 1.8870
1.7600 1.8867 1.7600 1.8479
1.7500 1.8497 1.7500 1.8073
1.8100 1.8092 1.8100 1.7626
1.8600 1.7347 1.8600 1.6754
1.8300 1.7114 1.8300 1.6532
1.8200 1.7017 1.8200 1.6448
1.8600 1.7090 1.8600 1.6563
1.9000 1.6984 1.9000 1.6465
1.9500 1.8354 1.9500 1.8145
1.9500 1.9223 1.9500 1.9041
1.9200 1.8057 1.9200 1.7622
1.8800 1.7785 1.8800 1.7422
1.8500 1.8725 1.8500 1.8557
1.8000 1.9460 1.8000 1.9266
1.7600 2.0140 1.7600 1.9954
1.7300 1.9587 1.7300 1.9276
1.6900 1.8661 1.6900 1.8231
1.6500 1.8019 1.6500 1.7478
1.5900 1.7786 1.5900 1.7214
1.5200 1.7095 1.5200 1.6414
1.4800 1.6530 1.4800 1.5840
1.4300 1.6364 1.4300 1.5691
1.6400 1.5917 1.6400 1.5191
1.6400 1.5530 1.6400 1.4812
1.6500 1.4717 1.6500 1.3929
1.6600 1.3794 1.6600 1.2958
1.6700 1.3655 1.6700 1.2923
1.6900 1.3231 1.6900 1.2466
1.7000 1.8030 1.7000 1.8338
1.6800 1.7352 1.6800 1.7081
1.6600 1.6601 1.6600 1.6368
1.6600 1.6832 1.6600 1.6694
1.6200 1.6696 1.6200 1.6456
1.5900 1.7490 1.5900 1.7351
1.5300 1.7209 1.5300 1.6979
1.4700 1.6693 1.4700 1.6328
1.4100 1.6171 1.4100 1.5724
1.3700 1.6448 1.3700 1.6034
1.3300 1.5889 1.3300 1.5311
1.3100 1.5301 1.3100 1.4741
1.3100 1.4385 1.3100 1.3685
1.3100 1.3586 1.3100 1.2830
1.3200 1.3026 1.3200 1.2245
1.3900 1.2787 1.3900 1.2055
1.4000 1.2547 1.4000 1.1835
1.4300 1.2523 1.4300 1.1898
1.4700 1.2914 1.4700 1.2411
1.5100 1.3082 1.5100 1.2630
1.5400 1.3372 1.5400 1.3015
1.5700 1.4781 1.5700 1.4711
1.5800 1.4656 1.5800 1.4441
1.5900 1.4932 1.5900 1.4810
1.6100 1.5545 1.6100 1.5495
1.6400 1.5981 1.6400 1.5930
1.6700 1.6299 1.6700 1.6238
1.6700 1.6459 1.6700 1.6382
1.6800 1.6368 1.6800 1.6203
1.6900 1.6303 1.6900 1.6094
1.6900 1.6610 1.6900 1.6419
1.6900 1.7040 1.6900 1.6882
1.6900 1.7335 1.6900 1.7187
1.7200 1.7001 1.7200 1.6725
1.7400 1.7025 1.7400 1.6767
1.7400 1.7139 1.7400 1.6871
1.7400 1.7020 1.7400 1.6692
1.7500 1.6965 1.7500 1.6628
1.7500 1.6875 1.7500 1.6518
1.7400 1.7476 1.7400 1.7237
1.7400 1.7736 1.7400 1.7480
1.7300 1.7492 1.7300 1.7163
1.7300 1.7373 1.7300 1.7044
1.7200 1.7510 1.7200 1.7206
1.7500 1.7501 1.7500 1.7154
1.8100 1.7235 1.8100 1.6833
1.7900 1.7242 1.7900 1.6866
1.7400 1.7051 1.7400 1.6620
1.7200 1.7120 1.7200 1.6713
1.7200 1.6986 1.7200 1.6543
1.7200 1.7617 1.7200 1.7339
1.7200 1.8749 1.7200 1.8634
1.6900 1.7890 1.6900 1.7501
1.6600 1.6705 1.6600 1.6163
1.6500 1.6558 1.6500 1.6086
1.6400 1.6901 1.6400 1.6468
1.6200 1.7101 1.6200 1.6671
1.6000 1.7037 1.6000 1.6618
1.5900 1.6365 1.5900 1.5830
1.6200 1.5901 1.6200 1.5336
1.6300 1.6089 1.6300 1.5592
1.6000 1.6121 1.6000 1.5636
1.5800 1.5779 1.5800 1.5272
1.5800 1.5478 1.5800 1.4965
1.5800 1.5506 1.5800 1.5026
1.5800 1.6329 1.5800 1.6019
1.5400 1.6491 1.5400 1.6151
1.5200 1.5699 1.5200 1.5222
1.5100 1.5360 1.5100 1.4910
1.4900 1.5585 1.4900 1.5189
1.4600 1.5779 1.4600 1.5384
1.4600 1.5802 1.4600 1.5418
1.4600 1.4934 1.4600 1.4396
1.4600 1.4705 1.4600 1.4209
1.4500 1.4837 1.4500 1.4368
1.4400 1.4639 1.4400 1.4127
1.4300 1.4209 1.4300 1.3669
1.4100 1.4363 1.4100 1.3928
1.4100 1.4566 1.4100 1.4148
1.4100 1.4633 1.4100 1.4230
1.4000 1.4477 1.4000 1.4065
1.3900 1.4294 1.3900 1.3884
1.3900 1.4208 1.3900 1.3800
1.3800 1.3934 1.3800 1.3478
1.3700 1.4114 1.3700 1.3731
1.3700 1.4188 1.3700 1.3812
1.3800 1.4005 1.3800 1.3593
1.3700 1.3897 1.3700 1.3487
1.3500 1.3977 1.3500 1.3603
1.3500 1.3861 1.3500 1.3457
1.3500 1.3719 1.3500 1.3313
1.3400 1.3818 1.3400 1.3453
1.3400 1.4061 1.3400 1.3740
1.3400 1.3844 1.3400 1.3459
1.3400 1.3460 1.3400 1.3030
1.3400 1.3593 1.3400 1.3230
1.3400 1.3683 1.3400 1.3320
1.3500 1.3533 1.3500 1.3135
1.3600 1.3579 1.3600 1.3222
1.3700 1.3595 1.3700 1.3242
1.3800 1.3626 1.3800 1.3275
1.3800 1.3659 1.3800 1.3315
1.3800 1.3657 1.3800 1.3319
1.3700 1.3850 1.3700 1.3556
1.3900 1.4003 1.3900 1.3718
1.4000 1.4137 1.4000 1.3861
1.4000 1.4237 1.4000 1.3971
1.4100 1.4122 1.4100 1.3820
1.4200 1.4086 1.4200 1.3777
1.4300 1.3871 1.4300 1.3513
1.4400 1.4309 1.4400 1.4053
1.4400 1.4461 1.4400 1.4181
1.4400 1.4308 1.4400 1.3988
1.4400 1.4469 1.4400 1.4193
1.4300 1.4572 1.4300 1.4294
1.4200 1.4724 1.4200 1.4452
1.4000 1.4812 1.4000 1.4546
1.4000 1.4687 1.4000 1.4383
1.4000 1.4621 1.4000 1.4307
1.4200 1.4604 1.4200 1.4278
1.4400 1.4417 1.4400 1.4041
1.4300 1.4244 1.4300 1.3855
1.4400 1.3906 1.4400 1.3462
1.4500 1.4052 1.4500 1.3666
1.4600 1.4156 1.4600 1.3776
1.4600 1.4564 1.4600 1.4270
1.4700 1.4895 1.4700 1.4638
1.4800 1.4478 1.4800 1.4122
1.4900 1.4663 1.4900 1.4385
1.5000 1.4837 1.5000 1.4563
1.5000 1.4967 1.5000 1.4695
1.5100 1.4880 1.5100 1.4576
1.5200 1.4967 1.5200 1.4688
1.5300 1.5143 1.5300 1.4866
1.5300 1.5237 1.5300 1.4954
1.5500 1.5373 1.5500 1.5099
1.5500 1.5229 1.5500 1.4915
1.5500 1.5362 1.5500 1.5080
1.5800 1.5516 1.5800 1.5234
1.6000 1.5618 1.6000 1.5335
1.6200 1.5511 1.6200 1.5193
1.6500 1.5828 1.6500 1.5580
1.6900 1.5740 1.6900 1.5422
1.7200 1.5628 1.7200 1.5297
1.7300 1.6238 1.7300 1.6030
1.7400 1.6454 1.7400 1.6219
1.7400 1.6645 1.7400 1.6426
1.7500 1.7025 1.7500 1.6864
1.8000 1.7559 1.8000 1.7457
1.8600 1.7841 1.8600 1.7709
2.0000 1.7667 2.0000 1.7468
2.1100 1.7650 2.1100 1.7434
2.2000 1.7485 2.2000 1.7198
2.2500 1.7627 2.2500 1.7349
2.2900 1.8588 2.2900 1.8456
2.3600 1.9457 2.3600 1.9342
2.3700 2.1774 2.3700 2.1867
2.3500 2.3024 2.3500 2.3021
2.3200 2.3587 2.3200 2.3514
2.3100 2.3600 2.3100 2.3416
2.2600 2.3575 2.2600 2.3335
2.1700 2.4609 2.1700 2.4419
2.0600 2.4080 2.0600 2.3655
1.9700 2.3154 1.9700 2.2610
1.9200 2.2433 1.9200 2.1836
1.8900 2.2368 1.8900 2.1785
1.9100 2.1583 1.9100 2.0845
1.8900 1.9881 1.8900 1.8902
1.8300 1.8226 1.8300 1.7094
1.7800 1.7266 1.7800 1.6134
1.7300 1.7342 1.7300 1.6350
1.6900 1.7498 1.6900 1.6622
1.6600 1.8343 1.6600 1.7749
1.6300 1.8015 1.6300 1.7358
1.5800 1.6880 1.5800 1.6100
1.5200 1.6398 1.5200 1.5678
1.4800 1.5927 1.4800 1.5198
1.4500 1.5720 1.4500 1.5025
1.4200 1.5569 1.4200 1.4913
1.4100 1.5332 1.4100 1.4677
1.3700 1.4697 1.3700 1.3966
1.3400 1.3954 1.3400 1.3172
1.3100 1.3790 1.3100 1.3084
1.2800 1.3696 1.2800 1.3042
1.2900 1.3492 1.2900 1.2857
1.3000 1.3646 1.3000 1.3112
1.2700 1.3076 1.2700 1.2454
1.2300 1.2804 1.2300 1.2220
1.2000 1.2614 1.2000 1.2043
1.1900 1.2341 1.1900 1.1768
1.1800 1.2906 1.1800 1.2503
1.1600 1.3206 1.1600 1.2838
1.1600 1.2614 1.1600 1.2126
1.1600 1.1939 1.1600 1.1405
1.1700 1.1666 1.1700 1.1144
1.1800 1.1873 1.1800 1.1411
1.2000 1.1910 1.2000 1.1459
1.1900 1.1624 1.1900 1.1147
1.2000 1.1760 1.2000 1.1362
1.2000 1.1882 1.2000 1.1497
1.2000 1.2191 1.2000 1.1866
1.2000 1.2380 1.2000 1.2093
1.1900 1.2647 1.1900 1.2420
1.2100 1.2338 1.2100 1.2020
1.2300 1.2491 1.2300 1.2232
1.2200 1.2517 1.2200 1.2228
1.2100 1.2450 1.2100 1.2145
1.2000 1.2474 1.2000 1.2170
1.2400 1.2223 1.2400 1.1863
1.3000 1.2695 1.3000 1.2443
1.4100 1.3029 1.4100 1.2791
1.5400 1.2672 1.5400 1.2337
1.6700 1.2417 1.6700 1.2076
1.7700 1.2238 1.7700 1.1877
1.8500 1.3170 1.8500 1.2987
1.8900 1.4250 1.8900 1.4190
1.9500 1.5970 1.9500 1.6178
1.9900 1.7761 1.9900 1.8037
2.0300 1.9176 2.0300 1.9448
2.0900 1.9989 2.0900 2.0177
2.1600 2.0400 2.1600 2.0519
2.2100 2.0260 2.2100 2.0248
2.2800 2.0774 2.2800 2.0768
2.3400 2.0993 2.3400 2.0878
2.4100 2.1178 2.4100 2.1001
2.4500 2.1916 2.4500 2.1755
2.4400 2.2719 2.4400 2.2535
2.4400 2.3063 2.4400 2.2790
2.4100 2.3796 2.4100 2.3560
2.3600 2.4335 2.3600 2.4063
2.3400 2.5032 2.3400 2.4762
2.3200 2.5131 2.3200 2.4752
2.3000 2.4230 2.3000 2.3678
2.2800 2.4006 2.2800 2.3474
2.2800 2.3306 2.2800 2.2650
2.2500 2.2379 2.2500 2.1632
2.2500 2.2314 2.2500 2.1651
2.2500 2.2127 2.2500 2.1458
2.2500 2.1935 2.2500 2.1258
2.2800 2.1708 2.2800 2.1042
2.2900 2.1911 2.2900 2.1328
2.2900 2.1407 2.2900 2.0754
2.2900 2.1562 2.2900 2.1013
2.3100 2.1771 2.3100 2.1245
2.3300 2.1735 2.3300 2.1212
2.3400 2.2439 2.3400 2.2013
2.3300 2.2476 2.3300 2.1988
2.3500 2.2326 2.3500 2.1813
2.4000 2.2276 2.4000 2.1765
2.4400 2.2689 2.4400 2.2234
2.5100 2.3050 2.5100 2.2584
2.5700 2.3004 2.5700 2.2499
2.5100 2.2650 2.5100 2.2090
2.4400 2.3029 2.4400 2.2553
2.4000 2.4054 2.4000 2.3650
2.3800 2.4542 2.3800 2.4087
2.3300 2.5533 2.3300 2.5172
2.2800 2.6155 2.2800 2.5765
2.2300 2.4173 2.2300 2.3403
2.1800 2.2729 2.1800 2.1930
2.1500 2.2499 2.1500 2.1795
2.1500 2.2593 2.1500 2.1909
2.1400 2.1870 2.1400 2.1052
2.1600 2.1077 2.1600 2.0210
2.2300 2.0547 2.2300 1.9661
2.3400 2.0045 2.3400 1.9134
2.4400 2.0100 2.4400 1.9304
2.5300 2.0508 2.5300 1.9895
2.5900 2.0409 2.5900 1.9813
2.6600 2.0937 2.6600 2.0502
2.7000 2.2445 2.7000 2.2168
2.7300 2.4351 2.7300 2.4189
2.7400 2.5586 2.7400 2.5395
2.7300 2.6383 2.7300 2.6165
2.7000 2.6655 2.7000 2.6350
2.6200 2.7333 2.6200 2.7023
2.5800 2.7514 2.5800 2.7068
2.5400 2.7478 2.5400 2.6957
2.2000 2.7216 2.2000 2.6607
2.1700 2.6645 2.1700 2.5923
2.2100 2.5991 2.2100 2.5170
2.1900 2.4398 2.1900 2.3398
2.1300 2.4072 2.1300 2.3198
2.0500 2.3777 2.0500 2.2902
1.9400 1.6864 1.9400 1.4591
1.8100 1.8338 1.8100 1.7202
1.7100 2.1031 1.7100 2.0279
1.6400 2.0624 1.6400 1.9659
1.5900 1.9702 1.5900 1.8794
1.5400 1.7937 1.5400 1.6925
1.4900 1.6783 1.4900 1.5673
1.4600 1.5175 1.4600 1.3915
1.3800 1.4572 1.3800 1.3430
1.3100 1.4162 1.3100 1.3134
1.3000 1.3877 1.3000 1.2916
1.2800 1.3879 1.2800 1.2948
1.2900 1.3512 1.2900 1.2646
1.2900 1.3492 1.2900 1.2769
1.2800 1.2390 1.2800 1.1524
1.2900 1.1646 1.2900 1.0820
1.2900 1.2215 1.2900 1.1627
1.3100 1.2271 1.3100 1.1672
1.3200 1.2827 1.3200 1.2386
1.3200 1.2927 1.3200 1.2511
1.3300 1.2750 1.3300 1.2328
1.3400 1.3119 1.3400 1.2804
1.3500 1.3149 1.3500 1.2817
1.3600 1.3598 1.3600 1.3366
1.3500 1.3655 1.3500 1.3406
1.3400 1.3527 1.3400 1.3235
1.3500 1.3741 1.3500 1.3485
1.3500 1.3855 1.3500 1.3592
1.3600 1.4018 1.3600 1.3760
1.3900 1.4089 1.3900 1.3833
1.4000 1.3763 1.4000 1.3426
1.4000 1.3561 1.4000 1.3203
1.4100 1.3833 1.4100 1.3535
1.4200 1.3845 1.4200 1.3509
1.4500 1.4000 1.4500 1.3704
1.4900 1.4520 1.4900 1.4316
1.5100 1.4527 1.5100 1.4267
1.5300 1.4365 1.5300 1.4074
1.5600 1.4489 1.5600 1.4233
1.5600 1.4622 1.5600 1.4364
1.5300 1.5136 1.5300 1.4957
1.4900 1.5736 1.4900 1.5615
1.4500 1.5788 1.4500 1.5612
1.4300 1.5880 1.4300 1.5708
1.4000 1.6263 1.4000 1.6132
1.3900 1.6027 1.3900 1.5773
1.3900 1.5239 1.3900 1.4840
1.4000 1.4843 1.4000 1.4483
1.3700 1.4182 1.3700 1.3538
1.3400 1.2758 1.3400 1.1992
1.3200 1.4106 1.3200 1.3782
1.3000 1.3989 1.3000 1.3517
1.2800 1.4123 1.2800 1.3733
1.2500 1.4102 1.2500 1.3759
1.2200 1.3393 1.2200 1.2927
1.2100 1.3067 1.2100 1.2582
1.1700 1.2941 1.1700 1.2453
1.1200 1.2911 1.1200 1.2425
1.1100 1.2614 1.1100 1.2123
1.1300 1.2211 1.1300 1.1669
1.1300 1.1942 1.1300 1.1389
1.1100 1.2018 1.1100 1.1540
1.0900 1.1471 1.0900 1.0890
1.0900 1.0759 1.0900 1.0130
1.0900 1.0961 1.0900 1.0467
1.0900 1.1665 1.0900 1.1297
1.1200 1.1753 1.1200 1.1363
1.1400 1.1298 1.1400 1.0865
1.1400 1.0976 1.1400 1.0548
1.2100 1.1180 1.2100 1.0816
1.3900 1.1368 1.3900 1.1013
1.5200 1.1412 1.5200 1.1074
1.6600 1.1961 1.6600 1.1753
1.6300 1.2209 1.6300 1.1990
1.7200 1.2065 1.7200 1.1787
1.8300 1.3376 1.8300 1.3377
1.9400 1.6583 1.9400 1.7022
2.0900 1.8062 2.0900 1.8365
2.2100 1.9388 2.2100 1.9720
2.2300 1.7367 2.2300 1.7265
2.0300 1.8527 2.0300 1.8726
2.0600 2.0526 2.0600 2.0725
2.1000 2.1631 2.1000 2.1735
2.1200 2.3646 2.1200 2.3858
2.1000 2.4345 2.1000 2.4427
2.1100 2.3488 2.1100 2.3229
2.1400 1.8530 2.1400 1.7570
2.1400 1.9955 2.1400 1.9679
2.1500 2.1483 2.1500 2.1187
2.1500 2.1317 2.1500 2.0858
2.1100 2.0741 2.1100 2.0201
2.0900 2.0449 2.0900 2.0009
2.0900 2.1405 2.0900 2.1027
2.0300 2.1226 2.0300 2.0695
2.0100 2.1376 2.0100 2.0946
1.9900 2.1033 1.9900 2.0627
1.9900 2.0014 1.9900 1.9440
2.0300 2.0037 2.0300 1.9493
2.0500 2.0305 2.0500 1.9831
2.0400 1.9133 2.0400 1.8385
2.0700 1.9012 2.0700 1.8390
2.0900 1.8992 2.0900 1.8372
2.1300 1.9221 2.1300 1.8680
2.1600 2.0237 2.1600 1.9914
2.1700 2.0402 2.1700 2.0033
2.2100 1.9960 2.2100 1.9532
2.2800 2.0496 2.2800 2.0191
2.3200 2.0863 2.3200 2.0525
2.3400 2.1489 2.3400 2.1194
2.4300 2.1768 2.4300 2.1448
2.5300 2.1563 2.5300 2.1176
2.6200 2.2220 2.6200 2.1910
2.6700 2.3395 2.6700 2.3140
2.6700 2.3708 2.6700 2.3346
2.6300 2.3487 2.6300 2.3063
2.6800 2.4986 2.6800 2.4767
2.7500 2.6512 2.7500 2.6285
2.8300 2.7414 2.8300 2.7110
2.9100 2.7436 2.9100 2.7009
2.9500 2.6530 2.9500 2.5947
3.0100 2.5384 3.0100 2.4651
3.0400 2.6631 3.0400 2.6122
3.0600 2.8026 3.0600 2.7540
3.0500 2.8927 3.0500 2.8431
3.0300 2.9773 3.0300 2.9277
2.9700 2.9669 2.9700 2.9031
2.9000 3.0393 2.9000 2.9804
2.8700 3.0459 2.8700 2.9753
2.7900 3.0313 2.7900 2.9567
2.6800 2.9708 2.6800 2.8864
2.6600 2.9043 2.6600 2.8131
2.6500 2.7955 2.6500 2.6885
2.7700 2.6780 2.7700 2.5651
2.7600 2.6834 2.7600 2.5837
2.7600 2.5551 2.7600 2.4391
2.7500 2.3774 2.7500 2.2464
2.7300 2.4395 2.7300 2.3473
2.7100 2.4846 2.7100 2.3982
2.6900 2.7710 2.6900 2.7245
2.7000 2.6953 2.7000 2.6133
2.6800 2.6321 2.6800 2.5577
2.6300 2.6343 2.6300 2.5632
2.6300 2.5873 2.6300 2.5081
2.5800 2.5940 2.5800 2.5157
2.4800 2.5453 2.4800 2.4665
2.3900 2.5911 2.3900 2.5229
2.3200 2.5532 2.3200 2.4712
2.3700 2.4589 2.3700 2.3670
2.3700 2.5073 2.3700 2.4330
2.3200 2.4140 2.3200 2.3262
2.2500 2.2354 2.2500 2.1269
2.2200 2.1260 2.2200 2.0160
2.1700 2.0716 2.1700 1.9631
2.1000 2.2733 2.1000 2.2197
2.1200 2.2888 2.1200 2.2214
2.1700 2.1620 2.1700 2.0812
2.2100 2.0464 2.2100 1.9594
2.2300 2.0441 2.2300 1.9690
2.1900 2.0199 2.1900 1.9389
2.1300 1.9112 2.1300 1.8194
2.0800 2.0139 2.0800 1.9617
2.0200 2.1394 2.0200 2.1048
2.0200 2.2050 2.0200 2.1645
2.0100 2.2177 2.0100 2.1735
2.0000 2.0946 2.0000 2.0381
2.0000 1.9845 2.0000 1.9186
1.9900 1.9352 1.9900 1.8659
1.9500 1.8700 1.9500 1.7896
1.9000 1.9231 1.9000 1.8642
1.9000 1.9275 1.9000 1.8658
1.8600 1.9203 1.8600 1.8596
1.8100 1.9401 1.8100 1.8891
1.8300 1.9233 1.8300 1.8710
1.8200 1.8564 1.8200 1.7943
1.8400 1.7740 1.8400 1.7054
1.8700 1.8213 1.8700 1.7710
1.9500 1.7656 1.9500 1.6992
2.0200 1.6872 2.0200 1.6140
2.1000 1.7798 2.1000 1.7353
2.1600 1.7707 2.1600 1.7170
2.2000 1.8215 2.2000 1.7835
2.2100 1.8802 2.2100 1.8540
2.2200 2.0162 2.2200 2.0068
2.2300 2.1148 2.2300 2.1026
2.2500 2.2011 2.2500 2.1902
2.2700 2.2578 2.2700 2.2425
2.3200 2.2565 2.3200 2.2335
2.3100 2.2303 2.3100 2.1961
2.3100 2.2198 2.3100 2.1820
2.2900 2.2234 2.2900 2.1834
2.2700 2.2459 2.2700 2.2045
2.2800 2.2676 2.2800 2.2236
2.2800 2.3458 2.2800 2.3084
2.2300 2.2839 2.2300 2.2280
2.1700 2.2593 2.1700 2.2057
2.1200 2.2205 2.1200 2.1625
2.0700 2.1795 2.0700 2.1201
2.0400 2.2255 2.0400 2.1750
2.0200 2.2192 2.0200 2.1646
2.0100 2.1119 2.0100 2.0425
2.0000 2.0088 2.0000 1.9293
1.9900 1.9620 1.9900 1.8816
1.9800 1.9192 1.9800 1.8354
1.9500 1.9088 1.9500 1.8330
1.9200 1.9077 1.9200 1.8380
1.8800 1.9128 1.8800 1.8500
1.8600 1.9151 1.8600 1.8564
1.8200 1.9131 1.8200 1.8582
1.8000 1.9086 1.8000 1.8576
1.7500 1.8569 1.7500 1.7986
1.6800 1.8199 1.6800 1.7601
1.6300 1.7700 1.6300 1.7045
1.5900 1.7663 1.5900 1.7065
1.5500 1.7195 1.5500 1.6516
1.5100 1.7100 1.5100 1.6486
1.4900 1.6424 1.4900 1.5704
1.5100 1.5335 1.5100 1.4505
1.5100 1.4996 1.5100 1.4232
1.4500 1.4762 1.4500 1.4022
1.3800 1.4494 1.3800 1.3769
1.3200 1.4109 1.3200 1.3397
1.2700 1.4133 1.2700 1.3516
1.2300 1.4927 1.2300 1.4504
1.1900 1.5023 1.1900 1.4587
1.1800 1.3811 1.1800 1.3178
1.2200 1.2676 1.2200 1.1979
1.2200 1.2081 1.2200 1.1367
1.1700 1.1812 1.1700 1.1090
1.1500 1.1621 1.1500 1.0925
1.1400 1.1246 1.1400 1.0553
1.1500 1.1461 1.1500 1.0891
1.1800 1.2599 1.1800 1.2263
1.2200 1.2619 1.2200 1.2225
1.2000 1.1513 1.2000 1.0979
1.1900 1.1294 1.1900 1.0861
1.2300 1.1425 1.2300 1.1010
1.2900 1.1906 1.2900 1.1566
1.2700 1.2546 1.2700 1.2315
1.2600 1.3112 1.2600 1.2960
1.1800 1.2428 1.1800 1.2087
1.1500 1.2168 1.1500 1.1837
1.1600 1.3141 1.1600 1.3000
1.1600 1.4166 1.1600 1.4132
1.1600 1.3344 1.1600 1.3055
1.1700 1.2869 1.1700 1.2578
1.1600 1.1339 1.1600 1.0740
1.1600 1.1168 1.1600 1.0641
1.1500 1.1973 1.1500 1.1582
1.1400 1.1989 1.1400 1.1564
1.1300 1.1994 1.1300 1.1612
1.1800 1.2077 1.1800 1.1737
1.1900 1.1971 1.1900 1.1585
1.1600 1.2030 1.1600 1.1693
1.1400 1.1852 1.1400 1.1497
1.0800 1.1687 1.0800 1.1326
1.0500 1.1550 1.0500 1.1178
1.1100 1.2655 1.1100 1.2495
1.1100 1.2745 1.1100 1.2490
1.0900 1.1866 1.0900 1.1463
1.0700 1.1548 1.0700 1.1164
1.0200 1.0516 1.0200 0.9935
0.9700 1.0381 0.9700 0.9853
0.9900 1.1955 0.9900 1.1752
1.0100 1.1824 1.0100 1.1464
1.0800 1.1225 1.0800 1.0813
1.1200 1.0856 1.1200 1.0440
1.1100 1.0080 1.1100 0.9524
1.1000 0.9534 1.1000 0.8946
1.0900 1.0309 1.0900 0.9946
1.0900 1.0867 1.0900 1.0546
1.0900 1.2083 1.0900 1.1991
1.0900 1.2533 1.0900 1.2425
1.1000 1.1877 1.1000 1.1624
1.0900 1.1545 1.0900 1.1297
1.0900 1.1352 1.0900 1.1062
1.1700 1.1514 1.1700 1.1235
1.1700 1.1490 1.1700 1.1190
1.1800 1.1437 1.1800 1.1116
1.1800 1.1651 1.1800 1.1357
1.1600 1.1406 1.1600 1.1037
1.0800 1.1468 1.0800 1.1135
1.1500 1.3052 1.1500 1.3041
1.2100 1.2667 1.2100 1.2430
1.2500 1.2531 1.2500 1.2330
1.2800 1.2409 1.2800 1.2179
1.2700 1.1898 1.2700 1.1546
1.2500 1.0535 1.2500 0.9925
1.2900 1.2229 1.2900 1.2092
1.3300 1.3505 1.3300 1.3411
1.3500 1.3704 1.3500 1.3575
1.3400 1.3916 1.3400 1.3824
1.3000 1.3209 1.3000 1.2960
1.3100 1.2816 1.3100 1.2513
1.3200 1.3706 1.3200 1.3584
1.3300 1.4413 1.3300 1.4319
1.3300 1.4360 1.3300 1.4203
1.3700 1.3785 1.3700 1.3502
1.3600 1.2951 1.3600 1.2503
1.3400 1.3395 1.3400 1.3090
1.3300 1.3719 1.3300 1.3412
1.3400 1.3827 1.3400 1.3531
1.3800 1.3659 1.3800 1.3343
1.4400 1.4329 1.4400 1.4154
1.4500 1.4054 1.4500 1.3722
1.4200 1.3508 1.4200 1.3119
1.4300 1.3432 1.4300 1.3077
1.4300 1.3661 1.4300 1.3352
1.4400 1.4544 1.4400 1.4365
1.4700 1.5509 1.4700 1.5444
1.4800 1.5238 1.4800 1.5038
1.4800 1.4255 1.4800 1.3890
1.4900 1.4529 1.4900 1.4279
1.5300 1.4636 1.5300 1.4332
1.5600 1.4797 1.5600 1.4517
1.5600 1.5299 1.5600 1.5106
1.5100 1.5219 1.5100 1.4951
1.5000 1.5080 1.5000 1.4771
1.4700 1.5231 1.4700 1.4953
1.5200 1.6003 1.5200 1.5853
1.5900 1.6335 1.5900 1.6183
1.6500 1.5953 1.6500 1.5688
1.7200 1.4773 1.7200 1.4290
1.7900 1.4739 1.7900 1.4341
1.8300 1.4446 1.8300 1.3939
1.8600 1.5671 1.8600 1.5447
1.8800 1.6990 1.8800 1.6931
1.9000 1.7534 1.9000 1.7494
1.9100 1.8414 1.9100 1.8415
1.9300 1.9129 1.9300 1.9125
1.9200 1.9330 1.9200 1.9245
1.9200 1.9330 1.9200 1.9204
1.9000 1.9297 1.9000 1.9136
1.8800 1.9393 1.8800 1.9198
1.8500 1.9332 1.8500 1.9069
1.7600 1.9561 1.7600 1.9291
1.6800 1.9146 1.6800 1.8777
1.6400 1.9016 1.6400 1.8648
1.6800 1.8637 1.6800 1.8166
1.6800 1.8264 1.6800 1.7747
1.7000 1.7841 1.7000 1.7266
1.7300 1.6149 1.7300 1.5285
1.6900 1.5122 1.6900 1.4233
1.6900 1.5106 1.6900 1.4329
1.7200 1.6571 1.7200 1.6118
1.7600 1.6684 1.7600 1.6171
1.7900 1.6885 1.7900 1.6505
1.8200 1.7457 1.8200 1.7205
1.8400 1.6400 1.8400 1.5886
1.8400 1.6641 1.8400 1.6286
1.8400 1.7371 1.8400 1.7153
1.8500 1.8016 1.8500 1.7858
1.8800 1.8343 1.8800 1.8171
1.9100 1.8556 1.9100 1.8376
1.9100 1.8735 1.9100 1.8528
1.8500 1.8444 1.8500 1.8162
1.8100 1.8387 1.8100 1.8091
1.8300 1.8526 1.8300 1.8249
1.8300 1.9006 1.8300 1.8789
1.8500 1.9434 1.8500 1.9191
1.8500 1.9117 1.8500 1.8782
1.8700 1.7709 1.8700 1.7103
1.8800 1.7142 1.8800 1.6543
1.8800 1.8052 1.8800 1.7666
1.8700 1.8150 1.8700 1.7696
1.8900 1.8468 1.8900 1.8124
1.9400 1.8291 1.9400 1.7898
2.0400 1.8599 2.0400 1.8287
1.9600 1.8825 1.9600 1.8515
1.9800 1.8655 1.9800 1.8307
1.9800 1.8410 1.9800 1.8031
1.9700 1.8746 1.9700 1.8463
1.9600 1.9790 1.9600 1.9600
1.9500 2.1525 1.9500 2.1450
1.9600 1.9106 1.9600 1.8525
1.9300 1.9370 1.9300 1.9087
1.9200 1.9651 1.9200 1.9321
1.8100 1.9293 1.8100 1.8844
1.7100 1.9334 1.7100 1.8924
1.7700 1.8873 1.7700 1.8394
1.7400 1.9311 1.7400 1.8923
1.7400 1.8642 1.7400 1.8064
1.7300 1.8649 1.7300 1.8147
1.7300 1.6534 1.7300 1.5616
1.7500 1.4925 1.7500 1.3941
1.7700 1.7367 1.7700 1.6996
1.7900 1.6889 1.7900 1.6213
1.8200 1.6929 1.8200 1.6408
1.8200 1.6791 1.8200 1.6300
1.7600 1.6794 1.7600 1.6331
1.7800 1.7568 1.7800 1.7255
1.8000 1.7783 1.8000 1.7500
1.7400 1.8099 1.7400 1.7876
1.7100 1.8349 1.7100 1.8173
1.7000 1.8184 1.7000 1.7885
1.7500 1.6921 1.7500 1.6338
1.7500 1.7541 1.7500 1.7230
1.8200 1.8136 1.8200 1.7835
1.8600 1.6718 1.8600 1.6069
1.8800 1.6322 1.8800 1.5761
1.8900 1.6423 1.8900 1.5909
1.8500 1.7748 1.8500 1.7477
1.7800 1.7647 1.7800 1.7255
1.8000 1.8772 1.8000 1.8675
1.7600 1.9229 1.7600 1.9085
1.7600 1.9025 1.7600 1.8795
1.7600 1.9150 1.7600 1.8895
1.7200 1.8002 1.7200 1.7557
1.7900 1.6727 1.7900 1.6081
1.8300 1.7615 1.8300 1.7239
1.8600 1.7043 1.8600 1.6417
1.8900 1.7173 1.8900 1.6670
1.9000 1.7329 1.9000 1.6865
1.9000 1.6462 1.9000 1.5823
1.8800 1.8258 1.8800 1.8104
1.8600 1.8840 1.8600 1.8639
1.8400 1.9003 1.8400 1.8792
1.8100 1.9233 1.8100 1.9047
1.8000 1.9019 1.8000 1.8771
1.7800 1.9009 1.7800 1.8717
1.7600 1.8433 1.7600 1.8037
1.7500 1.8140 1.7500 1.7692
1.7400 1.7852 1.7400 1.7353
1.7200 1.7384 1.7200 1.6796
1.7300 1.7508 1.7300 1.6978
1.7300 1.7237 1.7300 1.6670
1.7400 1.6986 1.7400 1.6417
1.7400 1.7007 1.7400 1.6493
1.7400 1.6936 1.7400 1.6433
1.7800 1.6677 1.7800 1.6151
1.7400 1.7030 1.7400 1.6631
1.7700 1.7109 1.7700 1.6697
1.8100 1.7294 1.8100 1.6935
1.7800 1.7277 1.7800 1.6904
1.8000 1.7221 1.8000 1.6845
1.7200 1.8079 1.7200 1.7892
1.7000 1.7050 1.7000 1.6545
1.7100 1.7700 1.7100 1.7452
1.7400 1.8533 1.7400 1.8374
1.7100 1.7537 1.7100 1.7071
1.6700 1.8026 1.6700 1.7768
1.6300 1.6249 1.6300 1.5556
1.6000 1.6210 1.6000 1.5672
1.5500 1.6928 1.5500 1.6514
1.4800 1.7515 1.4800 1.7170
1.4100 1.6874 1.4100 1.6362
1.3600 1.5819 1.3600 1.5225
1.4100 1.5505 1.4100 1.4902
1.4300 1.5262 1.4300 1.4657
1.4200 1.4683 1.4200 1.4003
1.4200 1.3610 1.4200 1.2823
1.4000 1.2711 1.4000 1.1887
1.3800 1.2441 1.3800 1.1649
1.3900 1.4166 1.3900 1.3777
1.4400 1.4674 1.4400 1.4284
1.4600 1.4174 1.4600 1.3742
1.4900 1.4157 1.4900 1.3812
1.5100 1.3787 1.5100 1.3365
1.5000 1.3672 1.5000 1.3249
1.4900 1.4045 1.4900 1.3731
1.4800 1.5069 1.4800 1.4926
1.4600 1.5204 1.4600 1.4985
1.4500 1.5507 1.4500 1.5337
1.4600 1.5730 1.4600 1.5552
1.4700 1.5238 1.4700 1.4938
1.4800 1.5020 1.4800 1.4701
1.5000 1.4839 1.5000 1.4485
1.5100 1.4501 1.5100 1.4076
1.5300 1.4416 1.5300 1.3994
1.5500 1.4757 1.5500 1.4398
1.5600 1.4984 1.5600 1.4640
1.5700 1.5087 1.5700 1.4765
1.5900 1.5404 1.5900 1.5145
1.6000 1.5452 1.6000 1.5180
1.6100 1.5716 1.6100 1.5493
1.6400 1.5978 1.6400 1.5771
1.7000 1.5968 1.7000 1.5725
1.7500 1.6016 1.7500 1.5768
1.8200 1.6294 1.8200 1.6074
1.9100 1.6359 1.9100 1.6100
1.9500 1.6396 1.9500 1.6129
1.9600 1.6877 1.9600 1.6693
1.9600 1.7871 1.9600 1.7823
1.8900 1.8446 1.8900 1.8359
2.0000 1.9313 2.0000 1.9275
2.0000 2.0522 2.0000 2.0539
1.9200 2.0496 1.9200 2.0355
1.8400 2.0049 1.8400 1.9808
1.7500 1.9710 1.7500 1.9432
1.6800 1.8127 1.6800 1.7555
1.5800 2.0717 1.5800 2.0687
1.4900 2.0441 1.4900 2.0065
1.4200 1.8170 1.4200 1.7439
1.3600 1.6925 1.3600 1.6150
1.3100 1.5592 1.3100 1.4635
1.2700 1.5313 1.2700 1.4393
1.2400 1.3931 1.2400 1.2853
1.2000 1.2909 1.2000 1.1847
1.1500 1.2382 1.1500 1.1380
1.1100 1.2022 1.1100 1.1051
1.0700 1.1985 1.0700 1.1110
1.0300 1.1686 1.0300 1.0912
1.0000 1.1592 1.0000 1.0912
1.0000 1.1260 1.0000 1.0586
1.0200 1.0727 1.0200 1.0039
1.0100 1.0462 1.0100 0.9821
0.9700 1.0149 0.9700 0.9512
0.9400 0.9848 0.9400 0.9210
0.9200 0.9715 0.9200 0.9117
0.9000 1.0098 0.9000 0.9623
0.8600 1.0730 0.8600 1.0374
0.8700 1.0546 0.8700 1.0137
0.8600 0.9782 0.8600 0.9285
0.8100 0.9411 0.8100 0.8932
0.8100 0.9367 0.8100 0.8900
0.8800 0.9300 0.8800 0.8823
0.8800 0.8730 0.8800 0.8177
0.8800 0.9166 0.8800 0.8775
0.8700 0.9151 0.8700 0.8712
0.8000 0.8295 0.8000 0.7713
0.7800 0.8609 0.7800 0.8201
0.7800 1.0110 0.7800 0.9979
0.8200 0.9950 0.8200 0.9655
0.8600 0.9695 0.8600 0.9424
0.8800 0.9406 0.8800 0.9108
0.9000 0.8071 0.9000 0.7513
0.8900 0.8143 0.8900 0.7692
0.8900 0.8488 0.8900 0.8079
0.8900 0.9380 0.8900 0.9130
0.8700 1.0001 0.8700 0.9814
0.8400 1.0043 0.8400 0.9832
0.8600 1.0253 0.8600 1.0089
0.8700 0.9794 0.8700 0.9532
0.9200 0.9809 0.9200 0.9568
0.9500 0.9798 0.9500 0.9543
0.9600 0.9333 0.9600 0.8974
0.9800 0.8866 0.9800 0.8429
1.0700 0.9415 1.0700 0.9114
1.2200 0.9712 1.2200 0.9394
1.1700 1.0585 1.1700 1.0439
1.2200 1.0899 1.2200 1.0754
1.2900 1.0689 1.2900 1.0499
1.3700 1.0917 1.3700 1.0779
1.4600 1.2481 1.4600 1.2605
1.5300 1.5005 1.5300 1.5427
1.6300 1.2888 1.6300 1.2680
1.7100 1.3310 1.7100 1.3399
1.7600 1.4550 1.7600 1.4719
1.8000 1.5574 1.8000 1.5756
1.8300 1.6866 1.8300 1.7053
1.8600 1.7051 1.8600 1.7194
1.9200 1.8297 1.9200 1.8526
1.9000 1.8975 1.9000 1.9078
1.8900 1.9183 1.8900 1.9170
1.8900 1.9253 1.8900 1.9211
1.8800 1.9113 1.8800 1.9024
1.9200 1.9397 1.9200 1.9251
1.9000 2.0227 1.9000 2.0120
1.8700 1.9263 1.8700 1.8906
1.8400 1.8755 1.8400 1.8410
1.8200 1.8809 1.8200 1.8468
1.8400 1.8585 1.8400 1.8143
1.8700 1.9498 1.8700 1.9244
1.8400 1.8777 1.8400 1.8318
1.8000 1.8046 1.8000 1.7507
1.7600 1.7655 1.7600 1.7091
1.7000 1.7506 1.7000 1.6938
1.6800 1.8288 1.6800 1.7907
1.6600 1.8777 1.6600 1.8476
1.7100 1.7951 1.7100 1.7432
1.7000 1.7114 1.7000 1.6528
1.6400 1.6644 1.6400 1.6027
1.6600 1.5877 1.6600 1.5140
1.6400 1.5985 1.6400 1.5384
1.6200 1.5920 1.6200 1.5322
1.6100 1.7166 1.6100 1.6861
1.5900 1.6891 1.5900 1.6426
1.5500 1.5511 1.5500 1.4847
1.5300 1.6350 1.5300 1.6012
1.5100 1.6036 1.5100 1.5549
1.5000 1.5806 1.5000 1.5315
1.5700 1.5764 1.5700 1.5323
1.7000 1.5390 1.7000 1.4886
1.7400 1.4873 1.7400 1.4282
1.7700 1.4749 1.7700 1.4204
1.7900 1.4726 1.7900 1.4195
1.8000 1.4670 1.8000 1.4180
1.7700 1.6274 1.7700 1.6126
1.7000 1.8683 1.7000 1.8818
1.6500 1.8566 1.6500 1.8466
1.5900 1.8355 1.5900 1.8246
1.5300 1.8368 1.5300 1.8254
1.5500 1.8304 1.5500 1.8131
1.5500 1.7618 1.5500 1.7273
1.5400 1.6132 1.5400 1.5515
1.5100 1.5501 1.5100 1.4862
1.4700 1.4781 1.4700 1.4008
1.4400 1.4206 1.4400 1.3375
1.4500 1.5229 1.4500 1.4715
1.4100 1.5332 1.4100 1.4806
1.3500 1.5134 1.3500 1.4619
1.3600 1.4622 1.3600 1.4079
1.3700 1.3986 1.3700 1.3401
1.3700 1.3820 1.3700 1.3274
1.4000 1.4350 1.4000 1.3949
1.4100 1.3719 1.4100 1.3153
1.4300 1.2635 1.4300 1.1962
1.4600 1.3332 1.4600 1.2901
1.4900 1.3849 1.4900 1.3439
1.5200 1.3901 1.5200 1.3500
1.5300 1.4449 1.5300 1.4210
1.5200 1.4447 1.5200 1.4172
1.5100 1.4746 1.5100 1.4525
1.5300 1.5256 1.5300 1.5099
1.5400 1.5633 1.5400 1.5498
1.5400 1.5927 1.5400 1.5814
1.6100 1.5782 1.6100 1.5585
1.6700 1.5424 1.6700 1.5127
1.6600 1.5171 1.6600 1.4835
1.6700 1.5638 1.6700 1.5386
1.6800 1.5800 1.6800 1.5510
1.6700 1.5611 1.6700 1.5277
1.6900 1.6949 1.6900 1.6905
1.7100 1.7797 1.7100 1.7761
1.7600 1.7011 1.7600 1.6745
1.7800 1.6945 1.7800 1.6747
1.8000 1.7023 1.8000 1.6800
1.8300 1.6747 1.8300 1.6404
1.8700 1.7166 1.8700 1.6924
1.9000 1.7425 1.9000 1.7180
1.8800 1.8210 1.8800 1.8097
1.8900 1.8271 1.8900 1.8057
1.9300 1.8351 1.9300 1.8131
1.9700 1.8752 1.9700 1.8576
2.0000 1.9210 2.0000 1.9047
2.0400 1.9540 2.0400 1.9336
2.0600 1.8691 2.0600 1.8339
2.0600 1.8794 2.0600 1.8527
2.0800 1.9632 2.0800 1.9426
2.1200 2.0202 2.1200 1.9961
2.1200 2.0442 2.1200 2.0167
2.1800 2.0778 2.1800 2.0541
2.2100 2.0820 2.2100 2.0518
2.2500 2.0520 2.2500 2.0135
2.2200 2.0834 2.2200 2.0503
2.2900 2.1474 2.2900 2.1194
2.3400 2.1106 2.3400 2.0692
2.3100 2.2140 2.3100 2.1881
2.2100 2.2420 2.2100 2.2067
2.1400 2.2750 2.1400 2.2403
2.1000 2.1793 2.1000 2.1244
2.0900 2.3084 2.0900 2.2818
2.1100 2.3971 2.1100 2.3641
2.1300 2.2573 2.1300 2.1956
2.1700 2.0470 2.1700 1.9669
2.1400 1.9447 2.1400 1.8605
2.1700 1.9564 2.1700 1.8773
2.2600 1.9947 2.2600 1.9252
2.3500 2.0616 2.3500 2.0112
2.4500 2.0867 2.4500 2.0424
2.5600 2.1526 2.5600 2.1155
2.5800 2.0756 2.5800 2.0183
2.5700 2.1380 2.5700 2.1014
2.5500 2.3241 2.5500 2.3077
2.5400 2.4426 2.5400 2.4230
2.5300 2.5712 2.5300 2.5532
2.4900 2.6926 2.4900 2.6766
2.4200 2.6270 2.4200 2.5819
2.3500 2.5390 2.3500 2.4808
2.2800 2.4875 2.2800 2.4253
2.2200 2.4691 2.2200 2.4062
2.1300 2.4544 2.1300 2.3874
2.0900 2.3686 2.0900 2.2889
2.0300 2.2434 2.0300 2.1538
1.9900 2.1468 1.9900 2.0490
1.9700 2.0763 1.9700 1.9735
1.9200 2.0262 1.9200 1.9261
1.8800 1.8985 1.8800 1.7862
1.8800 1.8920 1.8800 1.7995
1.9000 1.8402 1.9000 1.7430
1.9100 1.8177 1.9100 1.7298
1.9000 1.8430 1.9000 1.7704
1.8600 1.7676 1.8600 1.6861
1.7700 1.7362 1.7700 1.6620
1.7800 1.7856 1.7800 1.7297
1.7800 1.8585 1.7800 1.8160
1.7700 1.8795 1.7700 1.8399
1.7600 1.8457 1.7600 1.8013
1.7200 1.7695 1.7200 1.7123
1.7000 1.6109 1.7000 1.5289
1.6900 1.7045 1.6900 1.6567
1.6700 1.7475 1.6700 1.6984
1.6700 1.7219 1.6700 1.6692
1.6600 1.7123 1.6600 1.6634
1.6600 1.6318 1.6600 1.5693
1.6800 1.6340 1.6800 1.5793
1.7400 1.6440 1.7400 1.5938
1.7900 1.6211 1.7900 1.5686
1.7900 1.6343 1.7900 1.5908
1.8000 1.6194 1.8000 1.5724
1.8100 1.6379 1.8100 1.5952
1.8300 1.6872 1.8300 1.6552
1.8600 1.7998 1.8600 1.7890
1.8900 1.8673 1.8900 1.8562
1.9300 1.8100 1.9300 1.7853
2.0400 1.8075 2.0400 1.7866
2.0900 1.8191 2.0900 1.7960
1.8300 1.8524 1.8300 1.8305
1.8300 1.8999 1.8300 1.8792
1.8200 1.9258 1.8200 1.9047
1.8200 1.9762 1.8200 1.9568
1.8200 2.1664 1.8200 2.1640
1.7700 2.1974 1.7700 2.1762
1.7400 1.5724 1.7400 1.4390
1.7300 1.6707 1.7300 1.6214
1.7100 1.7659 1.7100 1.7092
1.6700 1.7799 1.6700 1.7185
1.5900 1.8094 1.5900 1.7621
1.5200 1.6484 1.5200 1.5754
1.4900 1.6477 1.4900 1.5850
1.4800 1.6658 1.4800 1.6084
1.4600 1.6719 1.4600 1.6167
1.4300 1.5912 1.4300 1.5316
1.4000 1.4324 1.4000 1.3529
1.3800 1.3736 1.3800 1.2909
1.3600 1.3899 1.3600 1.3197
1.3500 1.4272 1.3500 1.3663
1.3400 1.4139 1.3400 1.3544
1.3300 1.3652 1.3300 1.3050
1.3300 1.3357 1.3300 1.2769
1.3200 1.3350 1.3200 1.2811
1.3200 1.3285 1.3200 1.2768
1.3300 1.3306 1.3300 1.2847
1.3400 1.3244 1.3400 1.2803
1.3400 1.3184 1.3400 1.2746
1.3300 1.3370 1.3300 1.2980
1.3200 1.3260 1.3200 1.2850
1.3600 1.3342 1.3600 1.2979
1.3800 1.3599 1.3800 1.3289
1.3900 1.3771 1.3900 1.3476
1.4000 1.3720 1.4000 1.3403
1.4400 1.3459 1.4400 1.3101
1.4700 1.3317 1.4700 1.2947
1.5100 1.4215 1.5100 1.4030
1.5500 1.4501 1.5500 1.4275
1.5900 1.4429 1.5900 1.4181
1.6200 1.4454 1.6200 1.4219
1.6400 1.5116 1.6400 1.4988
1.7800 1.5562 1.7800 1.5426
1.8200 1.6003 1.8200 1.5923
1.8500 1.6437 1.8500 1.6393
1.8700 1.6774 1.8700 1.6733
1.8900 1.7018 1.8900 1.6947
1.9000 1.7056 1.9000 1.6934
1.9200 1.9601 1.9200 1.9805
1.9300 1.9574 1.9300 1.9478
1.9400 1.9265 1.9400 1.9117
1.9500 1.9283 1.9500 1.9122
1.9500 1.9241 1.9500 1.9043
1.9400 1.9404 1.9400 1.9142
1.9800 1.9469 1.9800 1.9202
2.0000 1.9481 2.0000 1.9196
2.0300 1.9391 2.0300 1.9075
2.0700 1.9513 2.0700 1.9175
2.0900 1.9432 2.0900 1.9053
2.0900 1.9086 2.0900 1.8672
2.0600 1.9913 2.0600 1.9657
2.0100 2.0155 2.0100 1.9836
1.9500 2.0460 1.9500 2.0159
1.8800 2.1025 1.8800 2.0762
1.8200 2.1020 1.8200 2.0690
1.7500 2.0764 1.7500 2.0371
1.6600 1.9978 1.6600 1.9492
1.6000 1.9071 1.6000 1.8457
1.5700 1.8189 1.5700 1.7448
1.5300 1.7253 1.5300 1.6398
1.4700 1.6685 1.4700 1.5818
1.4300 1.5856 1.4300 1.4921
1.4400 1.4688 1.4400 1.3648
1.4300 1.4315 1.4300 1.3382
1.4200 1.4485 1.4200 1.3693
1.4000 1.4224 1.4000 1.3443
1.4400 1.3441 1.4400 1.2628
1.4500 1.3156 1.4500 1.2439
1.4200 1.3934 1.4200 1.3440
1.3800 1.4025 1.3800 1.3515
1.3600 1.3949 1.3600 1.3485
1.3400 1.3651 1.3400 1.3184
1.3200 1.4615 1.3200 1.4382
1.3100 1.4885 1.3100 1.4593
1.3000 1.4092 1.3000 1.3654
1.3000 1.3387 1.3000 1.2902
1.2800 1.3207 1.2800 1.2739
1.2800 1.3228 1.2800 1.2737
1.3300 1.3062 1.3300 1.2558
1.3600 1.3029 1.3600 1.2570
1.3500 1.2937 1.3500 1.2480
1.3500 1.3099 1.3500 1.2689
1.3400 1.2836 1.3400 1.2373
1.3100 1.2925 1.3100 1.2548
1.3100 1.4014 1.3100 1.3856
1.3200 1.4408 1.3200 1.4226
1.3400 1.3908 1.3400 1.3607
1.3200 1.3758 1.3200 1.3487
1.3300 1.3570 1.3300 1.3240
1.3600 1.3079 1.3600 1.2640
1.3900 1.3268 1.3900 1.2911
1.3900 1.3544 1.3900 1.3221
1.4100 1.3894 1.4100 1.3615
1.4500 1.3393 1.4500 1.2980
1.4500 1.3597 1.4500 1.3288
1.4100 1.4242 1.4100 1.4037
1.4000 1.4643 1.4000 1.4460
1.4200 1.4434 1.4200 1.4173
1.4200 1.4583 1.4200 1.4390
1.4600 1.5285 1.4600 1.5178
1.5200 1.5025 1.5200 1.4767
1.5400 1.4058 1.5400 1.3629
1.6300 1.3938 1.6300 1.3573
1.7000 1.4517 1.7000 1.4235
1.7500 1.4544 1.7500 1.4186
1.8000 1.5271 1.8000 1.5082
1.8000 1.6209 1.8000 1.6150
1.7900 1.6121 1.7900 1.5947
1.8200 1.7619 1.8200 1.7702
1.8500 1.8461 1.8500 1.8496
1.8700 1.8660 1.8700 1.8634
1.9300 1.9060 1.9300 1.9029
1.9500 1.8440 1.9500 1.8248
1.9600 1.8022 1.9600 1.7778
1.9700 1.8563 1.9700 1.8394
1.9800 1.9038 1.9800 1.8837
1.9900 1.9108 1.9900 1.8855
2.0100 1.9978 2.0100 1.9828
1.9800 1.9967 1.9800 1.9693
1.9700 1.9754 1.9700 1.9439
2.0200 1.9784 2.0200 1.9472
2.0900 1.9799 2.0900 1.9483
2.1400 1.9887 2.1400 1.9562
2.2000 2.0117 2.2000 1.9800
2.2300 1.9345 2.2300 1.8863
2.2400 1.9134 2.2400 1.8682
2.2500 2.0361 2.2500 2.0111
2.2800 2.1609 2.2800 2.1392
2.3000 2.2054 2.3000 2.1780
2.3000 2.2606 2.3000 2.2374
2.3000 2.2639 2.3000 2.2325
2.3300 2.2394 2.3300 2.1995
2.3500 2.2419 2.3500 2.2006
2.3600 2.2851 2.3600 2.2483
2.3800 2.2981 2.3800 2.2562
2.4000 2.2660 2.4000 2.2148
2.4100 2.2553 2.4100 2.2031
2.4300 2.3130 2.4300 2.2684
2.4600 2.3381 2.4600 2.2888
2.5000 2.3315 2.5000 2.2785
2.5400 2.3516 2.5400 2.3033
2.5700 2.3710 2.5700 2.3221
2.5800 2.3738 2.5800 2.3201
2.5400 2.4001 2.5400 2.3486
2.4600 2.4429 2.4600 2.3947
2.3800 2.4970 2.3800 2.4504
2.3200 2.5444 2.3200 2.4962
2.3000 2.5644 2.3000 2.5123
2.2400 2.5450 2.2400 2.4865
2.2600 2.4347 2.2600 2.3601
2.2300 2.2791 2.2300 2.1918
2.1800 2.1690 2.1800 2.0758
2.0700 2.1210 2.0700 2.0268
2.0100 2.1518 2.0100 2.0715
1.9300 2.0664 1.9300 1.9697
1.8900 2.1512 1.8900 2.0909
1.8500 2.1144 1.8500 2.0416
1.8100 2.0200 1.8100 1.9383
1.7400 1.8464 1.7400 1.7421
1.6100 1.7909 1.6100 1.6998
1.6600 1.7265 1.6600 1.6276
1.6300 1.7132 1.6300 1.6256
1.5700 1.7080 1.5700 1.6258
1.4800 1.6609 1.4800 1.5790
1.5200 1.5751 1.5200 1.4855
1.5500 1.3708 1.5500 1.2551
1.5700 1.5849 1.5700 1.5399
1.5700 1.5668 1.5700 1.5003
1.5500 1.4471 1.5500 1.3697
1.5700 1.3205 1.5700 1.2351
1.6000 1.4566 1.6000 1.4149
1.6300 1.5835 1.6300 1.5490
1.6900 1.5928 1.6900 1.5593
1.7200 1.5803 1.7200 1.5495
1.7800 1.5064 1.7800 1.4655
1.8000 1.5776 1.8000 1.5513
1.8500 1.6526 1.8500 1.6317
1.9400 1.6871 1.9400 1.6708
2.0200 1.7706 2.0200 1.7691
2.1100 1.7818 2.1100 1.7705
2.2100 1.8725 2.2100 1.8667
2.2700 1.8667 2.2700 1.8494
2.3500 1.9230 2.3500 1.9131
2.4500 2.0714 2.4500 2.0720
2.5500 2.1535 2.5500 2.1474
2.6500 2.2600 2.6500 2.2547
2.7100 2.3676 2.7100 2.3631
2.7400 2.3911 2.7400 2.3724
2.8400 2.4737 2.8400 2.4570
2.9300 2.6009 2.9300 2.5872
3.0100 2.7086 3.0100 2.6903
3.0000 2.8052 3.0000 2.7828
3.0300 2.8136 3.0300 2.7750
3.1200 2.7850 3.1200 2.7337
3.1300 2.9414 3.1300 2.9074
3.0600 3.0550 3.0600 3.0123
3.0900 3.1135 3.0900 3.0629
3.0400 2.9845 3.0400 2.9052
3.0000 2.9949 3.0000 2.9257
2.9700 3.1815 2.9700 3.1273
2.9100 3.1220 2.9100 3.0349
2.8500 2.9133 2.8500 2.8018
2.7800 2.9878 2.7800 2.9109
2.7200 2.8904 2.7200 2.7840
2.6400 2.8222 2.6400 2.7119
2.5700 2.8065 2.5700 2.7042
2.5400 2.6875 2.5400 2.5772
2.4900 2.6164 2.4900 2.5071
2.4500 2.5278 2.4500 2.4144
2.3800 2.4804 2.3800 2.3746
2.3000 2.3731 2.3000 2.2580
2.2000 2.2989 2.2000 2.1854
2.1300 2.3309 2.1300 2.2382
2.0600 2.2751 2.0600 2.1768
2.0000 2.2473 2.0000 2.1568
1.9600 2.1537 1.9600 2.0535
1.8400 2.0473 1.8400 1.9403
1.8000 1.9288 1.8000 1.8128
1.5900 1.8793 1.5900 1.7726
1.5400 1.8333 1.5400 1.7283
1.4900 1.7826 1.4900 1.6817
1.4200 1.7808 1.4200 1.6920
1.4600 1.5897 1.4600 1.4705
1.3500 1.6034 1.3500 1.5157
1.2300 1.2597 1.2300 1.1059
1.2000 1.2908 1.2000 1.1897
1.2400 1.3335 1.2400 1.2406
1.2900 1.2383 1.2900 1.1355
1.3800 1.4228 1.3800 1.3753
1.4900 1.1928 1.4900 1.0935
1.6100 1.0289 1.6100 0.9298
1.7300 1.0784 1.7300 1.0068
1.8300 1.2323 1.8300 1.1889
1.8800 1.3686 1.8800 1.3432
1.9400 1.4911 1.9400 1.4915
1.9900 1.6633 1.9900 1.6853
2.0400 1.8126 2.0400 1.8370
2.1800 1.9601 2.1800 1.9835
2.2500 2.0502 2.2500 2.0688
2.2400 2.0265 2.2400 2.0321
2.2500 2.0649 2.2500 2.0681
2.3000 2.1100 2.3000 2.1037
2.2600 2.1497 2.2600 2.1365
2.1800 2.3792 2.1800 2.3868
2.1100 2.4126 2.1100 2.3948
2.0600 2.2753 2.0600 2.2304
2.0000 2.2564 2.0000 2.2174
1.9500 2.3442 1.9500 2.3138
1.9200 2.2303 1.9200 2.1683
1.9000 2.0426 1.9000 1.9677
1.9300 1.9428 1.9300 1.8604
1.9600 1.9014 1.9600 1.8158
1.9400 1.8496 1.9400 1.7561
1.8900 1.8039 1.8900 1.7139
1.8500 1.7883 1.8500 1.7097
1.8700 1.7840 1.8700 1.7118
1.8900 1.8888 1.8900 1.8433
1.8900 1.9552 1.8900 1.9213
1.8800 1.8827 1.8800 1.8348
1.9000 1.7787 1.9000 1.7179
1.9200 1.7328 1.9200 1.6718
1.9100 1.8283 1.9100 1.7894
1.9100 1.8837 1.9100 1.8485
1.8400 1.8644 1.8400 1.8236
1.8000 1.8323 1.8000 1.7883
1.8000 1.8772 1.8000 1.8447
1.8100 1.9272 1.8100 1.8973
1.7900 1.8889 1.7900 1.8497
1.7800 1.8787 1.7800 1.8437
1.8000 1.7304 1.8000 1.6622
1.8000 1.6867 1.8000 1.6221
1.8100 1.7488 1.8100 1.6983
1.8100 1.7853 1.8100 1.7388
1.8400 1.7464 1.8400 1.6924
1.8600 1.7217 1.8600 1.6713
1.8800 1.7852 1.8800 1.7496
1.9400 1.7845 1.9400 1.7438
1.9900 1.8023 1.9900 1.7689
2.0300 1.7937 2.0300 1.7586
2.0600 1.8433 2.0600 1.8202
2.0700 1.8777 2.0700 1.8532
2.0900 1.8951 2.0900 1.8692
2.1000 2.0006 2.1000 1.9870
2.1000 2.0548 2.1000 2.0372
2.0500 2.0874 2.0500 2.0652
1.9700 2.1018 1.9700 2.0763
1.8700 2.0793 1.8700 2.0474
1.7900 2.1006 1.7900 2.0695
1.6900 2.1001 1.6900 2.0636
1.5700 2.0816 1.5700 2.0405
1.4400 1.9655 1.4400 1.9067
1.3000 1.8181 1.3000 1.7360
1.1700 1.6768 1.1700 1.5780
1.0600 1.5969 1.0600 1.4974
0.9500 1.4834 0.9500 1.3720
0.8700 1.3249 0.8700 1.2010
0.8000 1.1720 0.8000 1.0561
0.7500 1.0734 0.7500 0.9913
0.7100 1.0137 0.7100 0.9385
0.7100 0.9663 0.7100 0.8987
0.7500 0.9138 0.7500 0.8528
0.8100 0.8748 0.8100 0.8224
0.8500 0.8361 0.8500 0.7905
0.8900 0.8050 0.8900 0.7668
0.8700 0.7763 0.8700 0.7449
0.8200 0.7751 0.8200 0.7520
0.7600 0.8301 0.7600 0.7963
0.7200 0.9444 0.7200 0.9297
0.6800 0.9950 0.6800 0.9854
0.6500 1.0331 0.6500 1.0305
0.6400 0.9623 0.6400 0.9411
0.6200 0.8590 0.6200 0.8212
0.6200 0.7722 0.6200 0.7257
0.6400 0.7432 0.6400 0.7326
0.6600 0.7418 0.6600 0.7284
0.6800 0.7323 0.6800 0.7175
0.6500 0.7345 0.6500 0.7208
0.6600 0.7162 0.6600 0.7023
0.7200 0.7105 0.7200 0.6997
0.7200 0.7578 0.7200 0.7242
0.7400 0.7902 0.7400 0.7629
0.7800 0.8164 0.7800 0.7945
0.9100 0.7414 0.9100 0.7042
1.0600 0.7658 1.0600 0.7397
1.1600 0.8880 1.1600 0.8804
1.2500 0.8644 1.2500 0.8398
1.2700 0.8813 1.2700 0.8647
1.2600 0.9331 1.2600 0.9245
1.2200 1.1597 1.2200 1.1863
1.1800 1.3887 1.1800 1.4347
1.1300 1.4521 1.1300 1.4877
1.1000 1.5064 1.1000 1.5433
1.1100 1.4364 1.1100 1.4545
1.1300 1.3681 1.1300 1.3670
1.1400 1.2755 1.1400 1.2520
1.1500 1.1949 1.1500 1.1570
1.1500 1.1233 1.1500 1.0701
1.1300 1.0923 1.1300 1.0354
1.1400 1.1528 1.1400 1.1078
1.1300 1.1991 1.1300 1.1607
1.0000 1.2087 1.0000 1.1731
1.0000 1.2136 1.0000 1.1834
1.0100 1.2010 1.0100 1.1709
1.0400 1.1594 1.0400 1.1226
1.0700 1.1886 1.0700 1.1617
1.1100 1.1720 1.1100 1.1377
1.1400 0.9160 1.1400 0.8330
1.0700 0.9778 1.0700 0.9310
1.0200 1.0527 1.0200 1.0093
1.0800 1.1229 1.0800 1.0893
1.1100 1.1763 1.1100 1.1530
1.1800 1.2077 1.1800 1.1924
1.2300 1.2510 1.2300 1.2396
1.2700 1.0786 1.2700 1.0298
1.3000 1.0070 1.3000 0.9595
1.3200 1.1632 1.3200 1.1511
1.3400 1.2156 1.3400 1.1948
1.3900 1.3338 1.3900 1.3320
1.4400 1.3737 1.4400 1.3725
1.4300 1.3920 1.4300 1.3896
1.4200 1.4211 1.4200 1.4182
1.4300 1.4213 1.4300 1.4136
1.4400 1.4375 1.4400 1.4300
1.4600 1.4985 1.4600 1.4992
1.4800 1.5655 1.4800 1.5663
1.5100 1.4987 1.5100 1.4753
1.5500 1.4503 1.5500 1.4224
1.5400 1.4730 1.5400 1.4484
1.5300 1.4901 1.5300 1.4630
1.5200 1.5221 1.5200 1.4988
1.5400 1.5375 1.5400 1.5151
1.5600 1.5735 1.5600 1.5556
1.6600 1.6305 1.6600 1.6185
1.7500 1.5788 1.7500 1.5488
1.8200 1.5414 1.8200 1.5096
1.8500 1.5201 1.8500 1.4855
1.8400 1.5680 1.8400 1.5413
1.8500 1.6086 1.8500 1.5832
1.8600 1.7844 1.8600 1.7913
1.8500 1.9098 1.8500 1.9143
1.8800 1.9553 1.8800 1.9528
1.8900 1.9422 1.8900 1.9298
1.9100 1.8603 1.9100 1.8363
1.9600 1.8709 1.9600 1.8513
1.9600 1.8819 1.9600 1.8579
1.9200 1.8464 1.9200 1.8118
1.9400 1.8991 1.9400 1.8761
1.9900 1.8997 1.9900 1.8679
2.0200 1.9261 2.0200 1.8956
2.0600 2.0131 2.0600 1.9914
2.0600 1.9696 2.0600 1.9342
2.0700 1.8621 2.0700 1.8130
2.1100 1.9145 2.1100 1.8861
2.1300 2.0264 2.1300 2.0051
2.1000 2.0564 2.1000 2.0263
2.1100 2.0951 2.1100 2.0683
2.1200 2.0518 2.1200 2.0149
2.0900 2.0514 2.0900 2.0160
2.0600 2.1346 2.0600 2.1055
2.0400 2.1474 2.0400 2.1113
2.0200 2.0489 2.0200 1.9992
2.0100 2.0627 2.0100 2.0243
2.0000 2.0956 2.0000 2.0551
1.9800 2.0253 1.9800 1.9700
1.9700 1.9735 1.9700 1.9163
1.9500 1.9516 1.9500 1.8948
1.9300 1.9347 1.9300 1.8755
1.9100 1.9392 1.9100 1.8838
1.9000 1.9349 1.9000 1.8812
1.8900 1.9009 1.8900 1.8439
1.8800 1.8952 1.8800 1.8426
1.8500 1.8757 1.8500 1.8196
1.8100 1.8525 1.8100 1.7965
1.8200 1.8310 1.8200 1.7752
1.8100 1.8310 1.8100 1.7787
1.7900 1.8305 1.7900 1.7793
1.7700 1.8213 1.7700 1.7706
1.7600 1.7736 1.7600 1.7153
1.7600 1.7114 1.7600 1.6475
1.7500 1.7706 1.7500 1.7259
1.7500 1.7680 1.7500 1.7175
1.7700 1.7309 1.7700 1.6771
1.7800 1.7057 1.7800 1.6531
1.7600 1.7020 1.7600 1.6520
1.7400 1.7281 1.7400 1.6835
1.7400 1.7140 1.7400 1.6667
1.7400 1.7213 1.7400 1.6796
1.7200 1.7644 1.7200 1.7326
1.7200 1.7782 1.7200 1.7446
1.7100 1.7305 1.7100 1.6857
1.7100 1.6911 1.7100 1.6448
1.6900 1.7092 1.6900 1.6689
1.6900 1.7219 1.6900 1.6810
1.6800 1.6841 1.6800 1.6353
1.6700 1.6915 1.6700 1.6498
1.6600 1.6781 1.6600 1.6327
1.6300 1.6877 1.6300 1.6454
1.5700 1.6571 1.5700 1.6085
1.4900 1.6626 1.4900 1.6211
1.4000 1.6533 1.4000 1.6093
1.2300 1.6368 1.2300 1.5912
1.3900 1.6333 1.3900 1.5888
1.4800 1.5770 1.4800 1.5234
1.4300 1.4777 1.4300 1.4102
1.4000 1.3585 1.4000 1.2778
1.3400 1.2449 1.3400 1.1542
1.4300 0.9986 1.4300 0.9301
1.5400 1.4344 1.5400 1.4244
1.5000 1.6334 1.5000 1.6199
1.5600 1.4293 1.5600 1.3729
1.4600 1.3612 1.4600 1.3206
1.4900 1.2419 1.4900 1.1826
1.4700 1.5140 1.4700 1.5111
1.2900 1.7230 1.2900 1.7352
1.2400 1.5423 1.2400 1.5087
1.2900 1.6173 1.2900 1.6206
1.4200 1.3841 1.4200 1.3202
1.5100 1.5087 1.5100 1.4824
1.5600 1.5014 1.5600 1.4624
1.6000 1.0980 1.6000 0.9861
1.6000 1.1109 1.6000 1.0384
1.6100 1.2797 1.6100 1.2358
1.4500 1.5930 1.4500 1.5905
1.2500 1.6991 1.2500 1.7015
1.1100 1.6706 1.1100 1.6718
1.1800 1.6940 1.1800 1.6977
1.3200 1.6429 1.3200 1.6318
1.3400 1.6705 1.3400 1.6602
1.2500 1.3213 1.2500 1.2373
1.2000 0.9644 1.2000 0.9003
1.1500 0.9486 1.1500 0.8973
1.1300 1.1501 1.1300 1.0901
1.1100 1.4998 1.1100 1.4849
1.2400 1.4418 1.2400 1.4051
1.3500 1.1876 1.3500 1.1217
1.3700 1.1079 1.3700 1.0526
1.3300 1.0974 1.3300 1.0386
1.4200 1.1275 1.4200 1.0780
1.4800 1.1062 1.4800 1.0593
1.4900 1.3613 1.4900 1.3694
1.4300 1.5478 1.4300 1.5617
1.3700 1.5013 1.3700 1.4903
1.3500 1.3707 1.3500 1.3432
1.3300 1.5290 1.3300 1.5464
1.2500 1.6343 1.2500 1.6459
1.1700 1.5876 1.1700 1.5785
1.1500 1.4238 1.1500 1.3847
1.1200 1.2946 1.1200 1.2404
1.0800 1.3232 1.0800 1.2738
1.0300 1.3305 1.0300 1.2757
1.2900 1.2211 1.2900 1.2425
1.3600 1.2959 1.3600 1.3148
1.4400 1.3450 1.4400 1.3614
1.5000 1.3821 1.5000 1.3966
1.5200 1.4548 1.5200 1.4756
1.5400 1.3979 1.5400 1.3926
1.5700 1.3900 1.5700 1.3845
1.5900 1.5149 1.5900 1.5263
1.5900 1.6186 1.5900 1.6336
1.5800 1.6689 1.5800 1.6761
1.5300 1.6303 1.5300 1.6259
1.5000 1.6216 1.5000 1.6153
1.4500 1.6561 1.4500 1.6501
1.3900 1.6700 1.3900 1.6575
1.3600 1.6402 1.3600 1.6172
1.3300 1.5913 1.3300 1.5593
1.3100 1.4887 1.3100 1.4347
1.3000 1.4573 1.3000 1.4037
1.2600 1.3927 1.2600 1.3278
1.2200 1.3046 1.2200 1.2311
1.1600 1.2954 1.1600 1.2311
1.1400 1.2742 1.1400 1.2090
1.1400 1.2740 1.1400 1.2146
1.0800 1.2806 1.0800 1.2284
1.0900 1.2181 1.0900 1.1578
1.1200 1.1688 1.1200 1.1090
1.1700 1.0880 1.1700 1.0197
1.2300 1.1021 1.2300 1.0461
1.2800 1.1453 1.2800 1.0988
1.2900 1.0405 1.2900 0.9734
1.2600 1.0972 1.2600 1.0555
1.2500 1.1771 1.2500 1.1472
1.2300 1.2723 1.2300 1.2557
1.2000 1.3679 1.2000 1.3654
1.1400 1.4060 1.1400 1.4064
1.0800 1.3811 1.0800 1.3710
1.1600 1.2877 1.1600 1.2590
1.2100 1.2799 1.2100 1.2526
1.2100 1.2526 1.2100 1.2163
1.1900 1.2015 1.1900 1.1554
1.2000 1.1060 1.2000 1.0435
1.2200 1.0211 1.2200 0.9512
1.2300 1.2382 1.2300 1.2180
1.2200 1.3358 1.2200 1.3151
1.1700 1.2869 1.1700 1.2565
1.1400 1.2164 1.1400 1.1831
1.1900 1.2301 1.1900 1.2047
1.2200 1.2956 1.2200 1.2749
1.2200 1.3028 1.2200 1.2792
1.2100 1.2652 1.2100 1.2355
1.1900 1.1501 1.1900 1.1009
1.2000 1.1209 1.2000 1.0714
1.1900 1.2685 1.1900 1.2464
1.1900 1.3203 1.1900 1.2971
1.1800 1.2830 1.1800 1.2534
1.1500 1.2406 1.1500 1.2083
1.1200 1.2026 1.1200 1.1637
1.1200 1.2473 1.1200 1.2179
1.1400 1.2325 1.1400 1.1964
1.1400 1.2286 1.1400 1.1958
1.1400 1.2061 1.1400 1.1693
1.1400 1.1511 1.1400 1.1034
1.1700 1.1221 1.1700 1.0725
1.2200 1.1439 1.2200 1.1036
1.2400 1.2000 1.2400 1.1692
1.2200 1.1928 1.2200 1.1578
1.2500 1.1846 1.2500 1.1514
1.3200 1.1843 1.3200 1.1522
1.3800 1.2454 1.3800 1.2251
1.4700 1.3377 1.4700 1.3292
1.4400 1.3392 1.4400 1.3242
1.4600 1.2639 1.4600 1.2347
1.4800 1.3164 1.4800 1.3023
1.5200 1.4540 1.5200 1.4559
1.5600 1.5331 1.5600 1.5363
1.5900 1.6479 1.5900 1.6647
1.5900 1.5043 1.5900 1.4820
1.6000 1.5116 1.6000 1.5008
1.6300 1.5571 1.6300 1.5446
1.6800 1.6120 1.6800 1.6030
1.6600 1.6680 1.6600 1.6636
1.6700 1.6622 1.6700 1.6510
1.7400 1.6362 1.7400 1.6127
1.7200 1.6341 1.7200 1.6098
1.7300 1.6926 1.7300 1.6765
1.7900 1.7692 1.7900 1.7619
1.8700 1.6799 1.8700 1.6466
1.9500 1.6806 1.9500 1.6543
1.9800 1.8234 1.9800 1.8208
1.9300 1.7427 1.9300 1.7064
1.8900 1.7453 1.8900 1.7193
1.8700 1.8565 1.8700 1.8494
1.8500 1.9788 1.8500 1.9749
1.8700 2.0858 1.8700 2.0785
1.8900 2.0566 1.8900 2.0353
1.8800 1.8944 1.8800 1.8527
1.8900 1.8114 1.8900 1.7652
1.8800 1.8173 1.8800 1.7700
1.8800 1.8058 1.8800 1.7526
1.8800 1.8551 1.8800 1.8170
1.8400 1.8869 1.8400 1.8503
1.8200 1.8503 1.8200 1.8027
1.7700 1.8717 1.7700 1.8345
1.9500 1.8509 1.9500 1.8079
2.2500 1.8505 2.2500 1.8121
2.4400 1.8513 2.4400 1.8139
2.5300 1.7656 2.5300 1.7083
2.4400 1.7486 2.4400 1.6960
2.3500 1.6713 2.3500 1.6036
2.4200 2.0827 2.4200 2.0980
2.5800 2.6457 2.5800 2.6934
2.5400 2.7932 2.5400 2.8062
2.4500 2.7366 2.4500 2.7252
2.5300 2.3769 2.5300 2.3157
2.5900 2.2001 2.5900 2.1353
2.6500 2.4474 2.6500 2.4210
2.7300 2.7720 2.7300 2.7627
2.8200 2.5457 2.8200 2.4722
2.7800 2.2584 2.7800 2.1698
2.6700 2.5084 2.6700 2.4708
2.7100 2.6503 2.7100 2.5961
2.7100 2.7185 2.7100 2.6619
2.6900 2.7973 2.6900 2.7577
2.5300 2.8743 2.5300 2.8417
2.3900 2.7131 2.3900 2.6324
2.4700 2.4654 2.4700 2.3579
2.4300 2.6358 2.4300 2.5802
2.3500 2.6376 2.3500 2.5659
2.4600 2.5749 2.4600 2.4898
2.4800 2.2484 2.4800 2.1181
2.4800 2.0217 2.4800 1.8795
2.4700 2.3733 2.4700 2.3251
2.4600 2.3181 2.4600 2.2271
2.4500 2.1459 2.4500 2.0426
2.4300 2.4189 2.4300 2.3926
2.4100 2.4339 2.4100 2.3786
2.3600 2.4180 2.3600 2.3510
2.3200 2.3868 2.3200 2.3245
2.2700 2.3506 2.2700 2.2942
2.1600 2.3498 2.1600 2.2908
2.1200 2.3167 2.1200 2.2482
2.0800 2.3089 2.0800 2.2428
2.0400 2.2021 2.0400 2.1271
1.9900 2.1581 1.9900 2.0811
1.9300 2.1163 1.9300 2.0333
1.8700 1.9234 1.8700 1.8099
1.8400 1.9270 1.8400 1.8389
1.8100 1.9188 1.8100 1.8319
1.7700 1.8840 1.7700 1.7977
1.7600 1.8328 1.7600 1.7477
1.7600 1.7485 1.7600 1.6593
1.7700 1.6961 1.7700 1.6087
1.7600 1.6994 1.7600 1.6242
1.7500 1.6962 1.7500 1.6252
1.7500 1.6470 1.7500 1.5746
1.7400 1.6654 1.7400 1.6070
1.7400 1.7016 1.7400 1.6504
1.7400 1.7390 1.7400 1.6963
1.7400 1.7214 1.7400 1.6757
1.7400 1.7016 1.7400 1.6573
1.7600 1.7161 1.7600 1.6768
1.8000 1.7036 1.8000 1.6598
1.8400 1.7169 1.8400 1.6772
1.7700 1.7193 1.7700 1.6801
1.7400 1.7191 1.7400 1.6795
1.7300 1.7240 1.7300 1.6849
1.7700 1.7651 1.7700 1.7349
1.8100 1.8394 1.8100 1.8214
1.8400 1.8901 1.8400 1.8727
1.8300 1.7085 1.8300 1.6498
1.8400 1.6586 1.8400 1.6082
1.8300 1.6846 1.8300 1.6388
1.7500 1.7874 1.7500 1.7588
1.6900 1.8647 1.6900 1.8445
1.5600 1.8703 1.5600 1.8484
1.5000 1.8199 1.5000 1.7854
1.6300 1.8281 1.6300 1.7986
1.7400 1.8189 1.7400 1.7823
1.7900 1.6493 1.7900 1.5792
1.7900 1.5618 1.7900 1.4923
1.7900 1.3557 1.7900 1.2493
1.7900 1.3324 1.7900 1.2419
1.7900 1.7000 1.7900 1.6867
1.7900 1.8911 1.7900 1.8880
1.7900 1.8928 1.7900 1.8772
1.8000 1.8032 1.8000 1.7808
1.8000 1.7791 1.8000 1.7586
1.8400 1.7969 1.8400 1.7747
1.9100 1.9484 1.9100 1.9187
1.8800 1.9641 1.8800 1.9344
1.8700 1.9565 1.8700 1.9259
1.8500 1.9315 1.8500 1.8961
1.8300 1.8996 1.8300 1.8543
1.8200 1.8856 1.8200 1.8415
1.8200 1.8550 1.8200 1.8053
1.8100 1.8023 1.8100 1.7443
1.8000 1.8073 1.8000 1.7552
1.7700 1.7866 1.7700 1.7295
1.7100 1.7630 1.7100 1.7057
1.6900 1.7639 1.6900 1.7116
1.6500 1.7784 1.6500 1.7314
1.6200 1.7673 1.6200 1.7187
1.5600 1.7521 1.5600 1.7043
1.5500 1.7031 1.5500 1.6479
1.5500 1.5993 1.5500 1.5295
1.5200 1.6063 1.5200 1.5489
1.5000 1.5655 1.5000 1.4994
1.4800 1.5375 1.4800 1.4737
1.4400 1.4527 1.4400 1.3778
1.4300 1.4747 1.4300 1.4165
1.4000 1.5212 1.4000 1.4714
1.3900 1.4676 1.3900 1.4084
1.3600 1.4533 1.3600 1.4013
1.3500 1.4290 1.3500 1.3775
1.3300 1.3768 1.3300 1.3175
1.3000 1.3950 1.3000 1.3465
1.2700 1.3581 1.2700 1.3032
1.2500 1.3612 1.2500 1.3134
1.2300 1.3230 1.2300 1.2688
1.2100 1.3265 1.2100 1.2786
1.2000 1.3143 1.2000 1.2653
1.1700 1.2655 1.1700 1.2117
1.1600 1.2388 1.1600 1.1855
1.1300 1.2237 1.1300 1.1726
1.1000 1.2146 1.1000 1.1641
1.0800 1.1981 1.0800 1.1477
1.0800 1.1996 1.0800 1.1540
1.0800 1.1576 1.0800 1.1054
1.0800 1.1603 1.0800 1.1152
1.0600 1.1245 1.0600 1.0732
1.0600 1.0860 1.0600 1.0333
1.0500 1.0785 1.0500 1.0294
1.0400 1.1010 1.0400 1.0589
1.0400 1.1204 1.0400 1.0812
1.0500 1.1218 1.0500 1.0847
1.0700 1.0866 1.0700 1.0443
1.0200 1.0966 1.0200 1.0612
0.9700 1.0899 0.9700 1.0519
0.9300 1.0787 0.9300 1.0402
0.9900 1.0890 0.9900 1.0549
1.0500 1.1100 1.0500 1.0795
1.1000 1.1514 1.1000 1.1267
1.1600 1.0414 1.1600 0.9922
1.2200 0.9568 1.2200 0.9029
1.2500 0.9193 1.2500 0.8641
1.2700 1.0774 1.2700 1.0553
1.2600 1.2010 1.2600 1.1883
1.2200 1.2432 1.2200 1.2349
1.2600 1.3122 1.2600 1.3163
1.2800 1.3723 1.2800 1.3805
1.2900 1.3909 1.2900 1.3924
1.2400 1.3841 1.2400 1.3816
1.2400 1.3276 1.2400 1.3111
1.2200 1.2326 1.2200 1.1963
1.1900 1.3317 1.1900 1.3169
1.1500 1.3719 1.1500 1.3491
1.1100 1.3631 1.1100 1.3364
1.0100 1.2434 1.0100 1.1946
0.9500 1.2494 0.9500 1.2128
0.9900 1.2410 0.9900 1.1973
1.0400 1.1875 1.0400 1.1366
1.0700 1.1363 1.0700 1.0821
1.1000 1.0714 1.1000 1.0123
1.1300 0.9208 1.1300 0.8492
1.1800 0.8720 1.1800 0.8288
1.2300 1.0262 1.2300 0.9846
1.2800 1.1395 1.2800 1.1103
1.3300 1.1733 1.3300 1.1488
1.3100 1.1953 1.3100 1.1789
1.2200 1.2258 1.2200 1.2147
1.2800 1.3081 1.2800 1.3079
1.3600 1.3756 1.3600 1.3799
1.4400 1.4239 1.4400 1.4313
1.4100 1.4652 1.4100 1.4734
1.1500 1.3752 1.1500 1.3541
1.0600 1.1846 1.0600 1.1283
1.1700 1.3451 1.1700 1.3347
1.2900 1.5127 1.2900 1.5126
1.0900 1.6139 1.0900 1.6205
1.1200 1.4747 1.1200 1.4462
1.3300 0.9060 1.3300 0.8079
1.4400 0.8775 1.4400 0.8418
1.4600 1.2381 1.4600 1.2145
1.5500 1.4961 1.5500 1.4908
1.6300 1.0032 1.6300 0.8963
1.6300 1.0510 1.6300 1.0152
1.6200 1.5599 1.6200 1.6001
1.4600 1.7073 1.4600 1.7192
1.4000 1.6411 1.4000 1.6368
1.4000 1.6814 1.4000 1.7103
1.3900 1.7777 1.3900 1.8042
1.4400 1.7286 1.4400 1.7152
1.4700 1.6872 1.4700 1.6695
1.5600 1.3265 1.5600 1.2433
1.6300 1.2539 1.6300 1.1853
1.5600 1.3769 1.5600 1.3204
1.5100 1.3925 1.5100 1.3301
1.3300 1.5016 1.3300 1.4716
1.2400 1.5138 1.2400 1.4833
1.2900 1.6806 1.2900 1.6826
1.5000 1.7714 1.5000 1.7724
1.6100 1.5509 1.6100 1.5076
1.9400 1.4492 1.9400 1.4078
2.2400 1.1145 2.2400 1.0092
2.2000 1.0574 2.2000 0.9642
1.5700 1.2905 1.5700 1.2452
1.0900 1.7229 1.0900 1.7468
1.6100 1.8518 1.6100 1.8589
1.5500 2.3470 1.5500 2.4163
1.2700 2.7694 1.2700 2.8380
1.5900 2.3607 1.5900 2.3282
1.4500 0.9420 1.4500 0.7123
1.0900 0.6924 1.0900 0.6360
1.0000 1.8118 1.0000 1.8975
1.8200 1.7071 1.8200 1.6035
2.1500 0.9887 2.1500 0.8746
1.8600 1.7087 1.8600 1.7680
1.5500 1.3448 1.5500 1.2373
1.5400 0.7695 1.5400 0.6731
1.9600 0.7866 1.9600 0.7416
2.4100 2.5129 2.4100 2.7254
2.7300 2.9112 2.7300 2.9854
2.8600 1.7532 2.8600 1.6345
2.7700 1.1471 2.7700 1.0348
2.7400 1.2818 2.7400 1.2396
2.7600 2.4329 2.7600 2.5107
2.7900 3.2182 2.7900 3.2909
2.8100 3.3259 2.8100 3.3915
2.8100 3.1243 2.8100 3.1412
2.7900 2.7434 2.7900 2.6710
2.7700 2.7836 2.7700 2.7156
2.7500 2.8309 2.7500 2.7826
2.7300 2.8065 2.7300 2.7592
2.6300 2.7823 2.6300 2.7215
2.6000 2.7359 2.6000 2.6554
2.5500 2.7123 2.5500 2.6171
2.5000 2.6803 2.5000 2.5831
2.4500 2.6500 2.4500 2.5592
2.4000 2.6034 2.4000 2.5192
2.3400 2.3888 2.3400 2.2829
2.3000 2.3936 2.3000 2.3090
2.2500 2.3622 2.2500 2.2712
2.2200 2.2985 2.2200 2.2028
2.1900 2.2579 2.1900 2.1666
2.1300 2.1913 2.1300 2.0975
2.1100 2.1329 2.1100 2.0367
2.0800 2.1089 2.0800 2.0208
2.0300 2.0676 2.0300 1.9785
1.9600 2.0540 1.9600 1.9747
1.9000 2.0370 1.9000 1.9613
1.8500 1.9525 1.8500 1.8642
1.7800 1.9667 1.7800 1.8968
1.7100 1.9488 1.7100 1.8772
1.6500 1.8796 1.6500 1.7999
1.5900 1.7824 1.5900 1.6951
1.5200 1.7170 1.5200 1.6305
1.4100 1.6913 1.4100 1.6081
1.2500 1.6072 1.2500 1.5150
1.0600 1.5331 1.0600 1.4408
0.9200 1.4814 0.9200 1.3927
0.8500 1.4301 0.8500 1.3414
0.8300 1.3625 0.8300 1.2712
0.8100 1.2096 0.8100 1.1029
0.7800 1.0154 0.7800 0.9421
0.7300 0.9189 0.7300 0.8516
0.7000 0.8796 0.7000 0.8221
0.7000 0.8843 0.7000 0.8340
0.7200 0.8896 0.7200 0.8436
0.7400 0.8618 0.7400 0.8190
0.7700 0.8145 0.7700 0.7780
0.7900 0.7609 0.7900 0.7315
0.7800 0.7365 0.7800 0.7160
0.7600 0.7463 0.7600 0.7325
0.7800 0.8037 0.7800 0.7717
0.7900 0.8422 0.7900 0.8159
0.8100 0.8888 0.8100 0.8697
0.8300 0.9156 0.8300 0.8968
0.8300 0.8821 0.8300 0.8544
0.8200 0.8408 0.8200 0.8083
0.8000 0.8865 0.8000 0.8651
0.7900 0.9054 0.7900 0.8804
0.7900 0.9342 0.7900 0.9126
0.8100 0.9579 0.8100 0.9381
0.8500 0.9360 0.8500 0.9093
0.8700 0.9113 0.8700 0.8804
0.9100 0.8731 0.9100 0.8361
0.9300 0.8657 0.9300 0.8296
0.8900 0.8748 0.8900 0.8405
0.8600 0.9173 0.8600 0.8899
0.8700 0.9894 0.8700 0.9722
0.8800 1.0009 0.8800 0.9811
0.9000 1.0538 0.9000 1.0444
0.9000 1.0638 0.9000 1.0510
0.9000 0.9577 0.9000 0.9226
0.9000 0.9053 0.9000 0.8681
0.9000 0.9444 0.9000 0.9156
0.9300 0.9770 0.9300 0.9469
0.9600 1.0107 0.9600 0.9851
0.9800 0.9922 0.9800 0.9616
0.9800 0.9809 0.9800 0.9503
0.9800 0.9826 0.9800 0.9522
0.9600 0.9851 0.9600 0.9544
0.9700 1.0436 0.9700 1.0253
1.0000 1.0806 1.0000 1.0649
1.0400 1.0955 1.0400 1.0783
1.0600 1.0737 1.0600 1.0502
1.0800 1.0600 1.0800 1.0348
1.1100 1.0216 1.1100 0.9873
1.1500 1.0462 1.1500 1.0193
1.2000 1.1083 1.2000 1.0892
1.2400 1.1657 1.2400 1.1523
1.2900 1.1757 1.2900 1.1589
1.3300 1.1834 1.3300 1.1675
1.3500 1.2239 1.3500 1.2132
1.3600 1.2775 1.3600 1.2717
1.3800 1.3446 1.3800 1.3453
1.4000 1.3757 1.4000 1.3751
1.4400 1.4268 1.4400 1.4307
1.5000 1.4617 1.5000 1.4626
1.5300 1.4566 1.5300 1.4491
1.5500 1.4440 1.5500 1.4306
1.6000 1.4585 1.6000 1.4454
1.4700 1.4800 1.4700 1.4645
1.5200 1.5369 1.5200 1.5274
1.5700 1.6242 1.5700 1.6248
1.6100 1.6313 1.6100 1.6229
1.6800 1.6250 1.6800 1.6127
1.7400 1.6959 1.7400 1.6952
1.7500 1.3937 1.7500 1.3194
1.7500 1.5298 1.7500 1.5124
1.7400 1.6603 1.7400 1.6471
1.7300 1.6891 1.7300 1.6704
1.7200 1.8043 1.7200 1.8026
1.7300 1.8367 1.7300 1.8327
1.7200 1.8169 1.7200 1.8002
1.6700 1.7715 1.6700 1.7485
1.6400 1.7475 1.6400 1.7201
1.6300 1.7221 1.6300 1.6884
1.6400 1.6977 1.6400 1.6579
1.7300 1.7334 1.7300 1.6976
1.8700 1.7081 1.8700 1.6637
1.8300 1.6015 1.8300 1.5386
1.8700 1.5725 1.8700 1.5144
1.8900 1.5872 1.8900 1.5358
1.9100 1.6291 1.9100 1.5868
1.9200 1.8157 1.9200 1.8120
1.9200 2.0496 1.9200 2.0618
1.9500 1.8581 1.9500 1.8210
1.9800 1.8920 1.9800 1.8790
2.0000 1.9300 2.0000 1.9129
1.9300 1.9377 1.9300 1.9149
1.9900 1.9516 1.9900 1.9249
2.0600 1.9041 2.0600 1.8734
2.0500 1.9679 2.0500 1.9453
2.0400 2.0051 2.0400 1.9759
2.0300 2.0294 2.0300 1.9960
2.0300 1.8534 2.0300 1.7905
2.0300 1.9834 2.0300 1.9652
2.0300 2.1408 2.0300 2.1228
2.0400 2.0502 2.0400 2.0053
2.0200 2.0063 2.0200 1.9651
1.8700 1.9696 1.8700 1.9293
1.7700 1.9913 1.7700 1.9515
1.8400 2.0024 1.8400 1.9588
1.8700 1.9960 1.8700 1.9545
1.9600 2.0085 1.9600 1.9719
2.0900 1.9538 2.0900 1.9030
2.1500 1.6618 2.1500 1.5511
2.1700 1.5388 2.1700 1.4373
2.1800 1.8010 2.1800 1.7644
2.1500 1.8841 2.1500 1.8395
2.1200 2.0344 2.1200 2.0182
2.0900 2.2326 2.0900 2.2342
2.0700 2.2429 2.0700 2.2253
2.1200 2.2139 2.1200 2.1834
2.1700 2.1894 2.1700 2.1572
2.1800 2.1057 2.1800 2.0634
2.1700 2.0387 2.1700 1.9920
2.1300 2.0034 2.1300 1.9491
2.0900 1.9924 2.0900 1.9338
2.0400 2.1149 2.0400 2.0806
2.0000 2.2049 2.0000 2.1683
1.9300 2.1782 1.9300 2.1311
1.8400 2.1210 1.8400 2.0721
1.8200 2.0315 1.8200 1.9759
1.8200 1.9794 1.8200 1.9187
1.8100 1.9141 1.8100 1.8438
1.7800 1.8727 1.7800 1.8006
1.7000 1.7696 1.7000 1.6819
1.6600 1.6372 1.6600 1.5354
1.6200 1.6884 1.6200 1.6126
1.5600 1.7461 1.5600 1.6824
1.4900 1.7452 1.4900 1.6841
1.4400 1.6930 1.4400 1.6303
1.4500 1.5450 1.4500 1.4629
1.4500 1.5294 1.4500 1.4602
1.4500 1.5146 1.4500 1.4450
1.4300 1.4397 1.4300 1.3616
1.4100 1.3488 1.4100 1.2663
1.4000 1.3051 1.4000 1.2264
1.5100 1.4019 1.5100 1.3474
1.5400 1.4337 1.5400 1.3819
1.5200 1.4392 1.5200 1.3944
1.5100 1.3996 1.5100 1.3527
1.4900 1.3684 1.4900 1.3215
1.4900 1.3839 1.4900 1.3415
1.4500 1.6232 1.4500 1.6296
1.3700 1.6415 1.3700 1.6294
1.3600 1.5318 1.3600 1.5002
1.3900 1.5072 1.3900 1.4784
1.4400 1.4726 1.4400 1.4331
1.4000 1.5060 1.4000 1.4719
1.4500 1.4260 1.4500 1.3742
