2.2200 2.0159 2.2200 2.0792
2.2000 1.9909 2.2000 2.0633
2.2100 2.0630 2.2100 2.1394
2.2200 2.1426 2.2200 2.2107
2.2600 2.1933 2.2600 2.2504
2.2900 2.2105 2.2900 2.2705
2.3200 2.1262 2.3200 2.1958
2.3400 2.0571 2.3400 2.1356
2.3500 2.0948 2.3500 2.1782
2.3700 2.1201 2.3700 2.1999
2.3900 2.1909 2.3900 2.2727
2.4100 2.2225 2.4100 2.3037
2.4400 2.2463 2.4400 2.3260
2.4900 2.2569 2.4900 2.3324
2.5300 2.2452 2.5300 2.3177
2.5500 2.2698 2.5500 2.3433
2.6000 2.2993 2.6000 2.3732
2.6200 2.3115 2.6200 2.3905
2.6900 2.3536 2.6900 2.4378
2.8000 2.4363 2.8000 2.5108
2.8400 2.4772 2.8400 2.5398
2.8700 2.4591 2.8700 2.5367
2.9000 2.5353 2.9000 2.6015
2.9100 2.5406 2.9100 2.6093
2.8600 2.6416 2.8600 2.6946
2.8100 2.7876 2.8100 2.8293
2.7900 2.7832 2.7900 2.8185
2.8300 2.7627 2.8300 2.8227
2.8200 2.7998 2.8200 2.8689
2.8100 2.7933 2.8100 2.8676
2.8300 2.6302 2.8300 2.7425
2.8700 2.5102 2.8700 2.6503
2.9100 2.5284 2.9100 2.6795
2.8800 2.6751 2.8800 2.7972
2.8400 2.6154 2.8400 2.7247
2.8300 2.5592 2.8300 2.6857
2.8600 2.6366 2.8600 2.7490
2.9200 2.7355 2.9200 2.8228
2.9000 2.7812 2.9000 2.8573
2.8600 2.6622 2.8600 2.7534
2.8600 2.5582 2.8600 2.6695
2.8900 2.5987 2.8900 2.7187
2.9500 2.6997 2.9500 2.8004
3.0600 2.8060 3.0600 2.8971
3.1200 2.7019 3.1200 2.7989
3.1400 2.5745 3.1400 2.6986
3.1300 2.6327 3.1300 2.7597
3.0900 2.7373 3.0900 2.8307
3.0500 2.8373 3.0500 2.9201
3.0500 2.9830 3.0500 3.0464
3.0600 3.0169 3.0600 3.0701
3.0900 2.9970 3.0900 3.0519
3.1000 2.9458 3.1000 3.0309
3.1000 2.8434 3.1000 2.9551
3.0900 2.7719 3.0900 2.8996
3.0800 2.8109 3.0800 2.9555
3.0500 2.8487 3.0500 2.9814
3.0400 2.9017 3.0400 3.0241
2.9900 2.8880 2.9900 3.0058
2.8800 2.8746 2.8800 2.9854
2.9400 2.8527 2.9400 2.9648
2.9600 2.8387 2.9600 2.9517
3.8200 3.5891 3.8200 3.6957
3.8000 3.6318 3.8000 3.7287
3.7700 3.5977 3.7700 3.6945
3.7400 3.6187 3.7400 3.7175
3.6900 3.6605 3.6900 3.7528
3.6600 3.5859 3.6600 3.6962
3.6500 3.4930 3.6500 3.6432
3.6500 3.4877 3.6500 3.6480
3.6300 3.4450 3.6300 3.5969
3.5800 3.3905 3.5800 3.5459
3.5500 3.2972 3.5500 3.4612
3.5300 3.2827 3.5300 3.4420
3.3600 3.3099 3.3600 3.4584
3.3300 3.3222 3.3300 3.4624
3.4100 3.2912 3.4100 3.4242
3.4500 3.2031 3.4500 3.3384
3.4600 3.1856 3.4600 3.3258
3.4500 3.2030 3.4500 3.3327
3.4300 2.8108 3.4300 2.9685
3.4000 2.8563 3.4000 3.0493
3.3800 3.1879 3.3800 3.3333
3.3500 3.2234 3.3500 3.3362
3.3200 3.1628 3.3200 3.2786
3.2900 3.1572 3.2900 3.2727
3.2300 3.1550 3.2300 3.2607
3.2000 3.1175 3.2000 3.2259
3.1500 3.0678 3.1500 3.1896
3.1000 3.0355 3.1000 3.1788
3.0500 3.0033 3.0500 3.1444
3.0200 2.9592 3.0200 3.1036
2.9700 2.8511 2.9700 3.0075
2.9200 2.8401 2.9200 2.9907
2.8800 2.7877 2.8800 2.9325
2.8100 2.7191 2.8100 2.8640
2.7500 2.6697 2.7500 2.8186
2.7400 2.6723 2.7400 2.8088
2.7000 2.6114 2.7000 2.7449
2.6600 2.5489 2.6600 2.6857
2.6100 2.5235 2.6100 2.6586
2.5800 2.4310 2.5800 2.5599
2.5700 2.3604 2.5700 2.4922
2.5500 2.4339 2.5500 2.5614
2.5400 2.3954 2.5400 2.5077
2.5300 2.3344 2.5300 2.4493
2.5100 2.2747 2.5100 2.3911
2.4900 2.2786 2.4900 2.3897
2.4900 2.3206 2.4900 2.4215
2.4900 2.3001 2.4900 2.3946
2.5000 2.2978 2.5000 2.3941
2.5300 2.3115 2.5300 2.4044
2.5200 2.2809 2.5200 2.3712
2.5600 2.2572 2.5600 2.3493
2.6100 2.2879 2.6100 2.3785
2.6700 2.3076 2.6700 2.3947
2.6900 2.3339 2.6900 2.4207
2.7500 2.3990 2.7500 2.4805
2.8200 2.3543 2.8200 2.4359
2.8300 2.4370 2.8300 2.5205
2.8500 2.5447 2.8500 2.6109
2.8800 2.6179 2.8800 2.6631
2.8900 2.5986 2.8900 2.6578
2.9400 2.6788 2.9400 2.7335
3.0500 2.7750 3.0500 2.8176
3.0800 2.7371 3.0800 2.7897
3.0800 2.7141 3.0800 2.7972
3.0800 2.7745 3.0800 2.8566
3.0800 2.7609 3.0800 2.8544
3.0800 2.8401 3.0800 2.9186
3.0700 2.9914 3.0700 3.0579
3.0600 2.9780 3.0600 3.0341
3.0700 2.9138 3.0700 2.9923
3.0500 2.8902 3.0500 3.0049
3.0000 2.9006 3.0000 3.0179
2.9500 2.8877 2.9500 3.0076
2.9300 2.8399 2.9300 2.9732
2.9100 2.8146 2.9100 2.9567
2.8800 2.8614 2.8800 2.9897
2.8600 2.8017 2.8600 2.9238
2.8400 2.6778 2.8400 2.8179
2.8200 2.6067 2.8200 2.7504
2.8000 2.6332 2.8000 2.7740
2.7200 2.6326 2.7200 2.7590
2.6200 2.5785 2.6200 2.7065
2.5700 2.5641 2.5700 2.6943
2.5600 2.5649 2.5600 2.6861
2.5700 2.5478 2.5700 2.6604
2.5200 2.5270 2.5200 2.6413
2.4800 2.3645 2.4800 2.4794
2.4700 2.1949 2.4700 2.3248
2.4700 2.2023 2.4700 2.3400
2.4100 2.2864 2.4100 2.4109
2.3500 2.3470 2.3500 2.4448
2.3100 2.2267 2.3100 2.3327
2.3100 2.1669 2.3100 2.2786
2.3200 2.2302 2.3200 2.3298
2.3000 2.2737 2.3000 2.3541
2.2600 2.1296 2.2600 2.2097
2.2200 2.0287 2.2200 2.1271
2.1900 2.0280 2.1900 2.1327
2.1700 2.1079 2.1700 2.2043
2.1300 2.1479 2.1300 2.2329
2.1100 2.0937 2.1100 2.1771
2.0800 2.0145 2.0800 2.1012
2.0600 1.9761 2.0600 2.0635
2.0300 1.9606 2.0300 2.0436
1.9900 1.9610 1.9900 2.0407
1.9200 1.8989 1.9200 1.9799
1.9600 1.8947 1.9600 1.9825
1.9900 1.8727 1.9900 1.9572
1.9900 1.8611 1.9900 1.9414
1.9100 1.8261 1.9100 1.9014
1.8400 1.7714 1.8400 1.8446
1.8900 1.6589 1.8900 1.7349
1.8800 1.8299 1.8800 1.9062
1.8500 1.9289 1.8500 1.9821
1.8200 1.8844 1.8200 1.9320
1.8000 1.6730 1.8000 1.7344
1.6900 1.5777 1.6900 1.6532
1.6700 1.8026 1.6700 1.8687
1.6400 1.7997 1.6400 1.8416
1.6100 1.6751 1.6100 1.7328
1.5600 1.6427 1.5600 1.7164
1.5400 1.6548 1.5400 1.7207
1.5200 1.4383 1.5200 1.5002
1.4800 1.4586 1.4800 1.5323
1.4300 1.4794 1.4300 1.5414
1.4000 1.4644 1.4000 1.5184
1.3700 1.3726 1.3700 1.4336
1.2700 1.3866 1.2700 1.4466
1.2200 1.4005 1.2200 1.4428
1.2000 1.3491 1.2000 1.3828
1.1700 1.2611 1.1700 1.2995
1.1500 1.2700 1.1500 1.3088
1.1600 1.2590 1.1600 1.2909
1.1800 1.0774 1.1800 1.1141
1.2000 1.0405 1.2000 1.0883
1.2400 1.1005 1.2400 1.1380
1.3000 1.0884 1.3000 1.1113
1.3300 1.0699 1.3300 1.0928
1.3600 1.1292 1.3600 1.1454
1.4500 1.1980 1.4500 1.1987
1.5300 1.2368 1.5300 1.2276
1.6000 1.2967 1.6000 1.2854
1.7500 1.4079 1.7500 1.3910
1.8900 1.4239 1.8900 1.4041
2.0200 1.4306 2.0200 1.4232
2.1200 1.5937 2.1200 1.5914
2.1800 1.6999 2.1800 1.6751
2.1900 1.7410 2.1900 1.7203
2.1500 1.9284 2.1500 1.9104
2.1000 2.0804 2.1000 2.0453
2.0000 2.1784 2.0000 2.1396
1.8800 2.2321 1.8800 2.2060
1.8400 2.2422 1.8400 2.2277
1.8000 2.1991 1.8000 2.2035
1.7400 2.0573 1.7400 2.1300
1.6800 1.9277 1.6800 2.0331
1.6300 1.7387 1.6300 1.8645
1.5800 1.5297 1.5800 1.6770
1.5400 1.5622 1.5400 1.7163
1.5300 1.5741 1.5300 1.7010
1.5300 1.4827 1.5300 1.5902
1.5100 1.4101 1.5100 1.5065
1.4900 1.3919 1.4900 1.4674
1.4600 1.3711 1.4600 1.4241
1.4300 1.3495 1.4300 1.3915
1.4000 1.3872 1.4000 1.4241
1.4000 1.4407 1.4000 1.4681
1.4100 1.4100 1.4100 1.4342
1.4000 1.3808 1.4000 1.4094
1.4000 1.3494 1.4000 1.3760
1.4100 1.3225 1.4100 1.3484
1.4100 1.2935 1.4100 1.3224
1.4000 1.3311 1.4000 1.3624
1.3700 1.3777 1.3700 1.4047
1.3500 1.3537 1.3500 1.3783
1.3200 1.3525 1.3200 1.3796
1.2800 1.3898 1.2800 1.4116
1.2600 1.3898 1.2600 1.4052
1.2400 1.3607 1.2400 1.3790
1.2300 1.2984 1.2300 1.3233
1.2300 1.2814 1.2300 1.3127
1.2200 1.2470 1.2200 1.2796
1.2100 1.1837 1.2100 1.2201
1.2300 1.1796 1.2300 1.2186
1.2500 1.1768 1.2500 1.2101
1.2800 1.1805 1.2800 1.2091
1.3000 1.2012 1.3000 1.2239
1.3000 1.1901 1.3000 1.2058
1.3000 1.1812 1.3000 1.1941
1.3100 1.2411 1.3100 1.2502
1.3100 1.2840 1.3100 1.2862
1.3100 1.3303 1.3100 1.3305
1.3100 1.3445 1.3100 1.3460
1.3200 1.3178 1.3200 1.3234
1.3200 1.3066 1.3200 1.3179
1.3200 1.3269 1.3200 1.3411
1.3200 1.3172 1.3200 1.3333
1.3200 1.3078 1.3200 1.3298
1.3200 1.3026 1.3200 1.3293
1.3300 1.3253 1.3300 1.3522
1.3400 1.3183 1.3400 1.3421
1.3500 1.3086 1.3500 1.3327
1.3600 1.3082 1.3600 1.3317
1.3800 1.3111 1.3800 1.3330
1.4000 1.3088 1.4000 1.3308
1.4200 1.3301 1.4200 1.3522
1.4400 1.3461 1.4400 1.3662
1.4600 1.3576 1.4600 1.3770
1.4800 1.3660 1.4800 1.3856
1.5000 1.3993 1.5000 1.4181
1.5100 1.4265 1.5100 1.4427
1.5100 1.4456 1.5100 1.4622
1.5200 1.4636 1.5200 1.4821
1.5400 1.4842 1.5400 1.5040
1.5600 1.5025 1.5600 1.5238
1.5800 1.5199 1.5800 1.5434
1.5900 1.5140 1.5900 1.5402
1.6100 1.4925 1.6100 1.5235
1.6300 1.5046 1.6300 1.5400
1.6500 1.5413 1.6500 1.5761
1.6600 1.5644 1.6600 1.5977
1.6700 1.5802 1.6700 1.6143
1.6800 1.5762 1.6800 1.6112
1.6900 1.6027 1.6900 1.6381
1.7000 1.6284 1.7000 1.6616
1.7100 1.6451 1.7100 1.6781
1.7200 1.6394 1.7200 1.6751
1.7300 1.6412 1.7300 1.6811
1.7400 1.6488 1.7400 1.6912
1.7400 1.6567 1.7400 1.7001
1.7500 1.6612 1.7500 1.7061
1.7600 1.6696 1.7600 1.7157
1.7700 1.6775 1.7700 1.7240
1.7900 1.6862 1.7900 1.7330
1.8100 1.6936 1.8100 1.7402
1.8100 1.6795 1.8100 1.7265
1.8300 1.6940 1.8300 1.7427
1.8400 1.7100 1.8400 1.7577
1.8500 1.7186 1.8500 1.7659
1.8600 1.7490 1.8600 1.7970
1.8700 1.7760 1.8700 1.8221
1.8800 1.7492 1.8800 1.7955
1.8800 1.7803 1.8800 1.8302
1.8900 1.7905 1.8900 1.8383
1.9100 1.7932 1.9100 1.8421
1.9200 1.7985 1.9200 1.8508
1.9300 1.8073 1.9300 1.8614
1.9400 1.8164 1.9400 1.8712
1.9400 1.8017 1.9400 1.8577
1.9500 1.8124 1.9500 1.8711
1.9500 1.8552 1.9500 1.9117
1.9600 1.8566 1.9600 1.9104
1.9600 1.8562 1.9600 1.9132
1.9700 1.8663 1.9700 1.9239
1.9700 1.8539 1.9700 1.9113
1.9800 1.8683 1.9800 1.9278
1.9900 1.8587 1.9900 1.9186
2.5900 2.1857 2.5900 2.2624
2.6700 2.1281 2.6700 2.1996
2.7200 2.1328 2.7200 2.2095
2.7500 2.2099 2.7500 2.2898
2.8000 2.2630 2.8000 2.3404
2.8200 2.4255 2.8200 2.4752
2.8300 2.6263 2.8300 2.6611
2.8500 2.6635 2.8500 2.6782
2.8500 2.6615 2.8500 2.6825
2.8900 2.6732 2.8900 2.7079
2.9200 2.7458 2.9200 2.7842
2.8800 2.7468 2.8800 2.7958
2.8300 2.7048 2.8300 2.7943
2.8700 2.7181 2.8700 2.8300
2.8400 2.7010 2.8400 2.8306
2.7500 2.7613 2.7500 2.8724
2.7200 2.8014 2.7200 2.8981
2.7200 2.6473 2.7200 2.7647
2.7200 2.5280 2.7200 2.6619
2.6800 2.6914 2.6800 2.8195
2.6700 2.6285 2.6700 2.7401
2.6300 2.3803 2.6300 2.5093
2.5600 2.3791 2.5600 2.5316
2.5300 2.4891 2.5300 2.6211
2.5100 2.5066 2.5100 2.6051
2.4400 2.3900 2.4400 2.5062
2.3800 2.3962 2.3800 2.5169
2.3300 2.3684 2.3300 2.4751
2.3200 2.2290 2.3200 2.3359
2.3200 2.2185 2.3200 2.3365
2.3300 2.2565 2.3300 2.3643
2.3500 2.1240 2.3500 2.2294
2.3600 2.0353 2.3600 2.1559
2.3500 2.0095 2.3500 2.1276
2.3200 2.0773 2.3200 2.1805
2.1900 2.1190 2.1900 2.2070
2.2400 2.1483 2.2400 2.2288
2.2500 2.2046 2.2500 2.2777
2.2300 2.2258 2.2300 2.2896
2.1900 2.1825 2.1900 2.2461
2.1400 2.1172 2.1400 2.1867
2.0900 1.8370 2.0900 1.9204
2.0700 2.0584 2.0700 2.1642
2.0500 2.1486 2.0500 2.2287
2.0400 2.0454 2.0400 2.1261
2.0200 1.9440 2.0200 2.0433
2.0000 1.8893 2.0000 1.9854
2.0000 1.8410 2.0000 1.9277
1.9200 1.8626 1.9200 1.9439
1.8800 1.8412 1.8800 1.9198
1.9400 1.8691 1.9400 1.9467
1.9800 1.8404 1.9800 1.9153
2.0100 1.8171 2.0100 1.8925
2.0100 1.8518 2.0100 1.9169
1.9600 1.6858 1.9600 1.7455
1.9100 1.6409 1.9100 1.7153
1.8600 1.8700 1.8600 1.9379
1.8900 1.9618 1.8900 2.0020
1.9000 1.9559 1.9000 2.0001
1.8700 1.9117 1.8700 1.9627
1.8300 1.7915 1.8300 1.8446
1.8200 1.7177 1.8200 1.7780
1.8100 1.6533 1.8100 1.7212
1.8600 1.7817 1.8600 1.8543
1.9400 1.8256 1.9400 1.8890
2.0200 1.7178 2.0200 1.7881
2.0500 1.6376 2.0500 1.7171
2.1000 1.6764 2.1000 1.7445
2.1600 1.6905 2.1600 1.7423
2.2200 1.8171 2.2200 1.8627
2.2800 1.9759 2.2800 2.0106
2.2500 2.0852 2.2500 2.1004
2.2000 2.0587 2.2000 2.0835
2.2500 2.1042 2.2500 2.1294
2.3300 2.1921 2.3300 2.2044
2.4800 2.2559 2.4800 2.2662
2.6900 2.2989 2.6900 2.3202
2.9200 2.1562 2.9200 2.2185
3.0900 2.0061 3.0900 2.0981
3.2100 2.1742 3.2100 2.2771
3.3100 2.3594 3.3100 2.4167
3.3700 2.5266 3.3700 2.5647
3.4100 2.7619 3.4100 2.7819
3.4200 2.9968 3.4200 2.9887
3.4400 3.1269 3.4400 3.0959
3.4600 3.2043 3.4600 3.1690
3.4700 3.2874 3.4700 3.2711
3.4400 3.3223 3.4400 3.3272
3.3600 3.3183 3.3600 3.3633
3.4000 3.2822 3.4000 3.3709
3.4400 3.2888 3.4400 3.4057
3.4400 3.3043 3.4400 3.4254
3.4500 3.2870 3.4500 3.4111
3.4300 3.1701 3.4300 3.3370
3.4200 2.9791 3.4200 3.1649
3.3800 3.1495 3.3800 3.3079
3.3500 3.2593 3.3500 3.3879
3.3400 3.1858 3.3400 3.3033
3.3200 3.1902 3.3200 3.3158
3.3200 3.1631 3.3200 3.2854
3.2900 3.1526 3.2900 3.2701
3.2800 3.0698 3.2800 3.2008
3.3100 3.0127 3.3100 3.1571
3.2700 3.0507 3.2700 3.1929
3.2000 3.0280 3.2000 3.1545
3.1000 3.0292 3.1000 3.1606
3.0300 2.9838 3.0300 3.1130
3.0100 2.9802 3.0100 3.1036
2.9400 3.0807 2.9400 3.1970
2.9200 2.9833 2.9200 3.0888
2.9600 2.8087 2.9600 2.9491
2.9800 2.6494 2.9800 2.8061
2.9200 2.6001 2.9200 2.7635
2.8800 2.6695 2.8800 2.8209
2.8300 2.5488 2.8300 2.6944
2.8000 2.5541 2.8000 2.7006
2.7500 2.7206 2.7500 2.8440
2.7000 2.7530 2.7000 2.8510
2.7000 2.6005 2.7000 2.6986
2.6800 2.5373 2.6800 2.6509
2.6700 2.5112 2.6700 2.6224
2.6200 2.5094 2.6200 2.6204
2.6000 2.4209 2.6000 2.5424
2.6100 2.3532 2.6100 2.4871
2.6100 2.4342 2.6100 2.5627
2.5600 2.4307 2.5600 2.5373
2.5500 2.4091 2.5500 2.5128
2.5200 2.3218 2.5200 2.4277
2.5200 2.3237 2.5200 2.4290
2.5700 2.4092 2.5700 2.5072
2.5200 2.4179 2.5200 2.5025
2.4900 2.2825 2.4900 2.3781
2.4500 2.3023 2.4500 2.4097
2.3800 2.2817 2.3800 2.3821
2.3500 2.3115 2.3500 2.4097
2.3500 2.4444 2.3500 2.5245
2.3700 2.2985 2.3700 2.3827
2.3300 2.2227 2.3300 2.3250
2.2800 2.1940 2.2800 2.2993
2.2000 2.0745 2.2000 2.1762
2.1100 2.0726 2.1100 2.1824
2.0700 2.1382 2.0700 2.2434
2.0300 2.2091 2.0300 2.3002
2.0000 2.1103 2.0000 2.1992
1.9900 1.9945 1.9900 2.0918
1.9700 1.8847 1.9700 1.9814
1.9700 1.7694 1.9700 1.8637
1.9500 1.7789 1.9500 1.8790
1.9400 1.7771 1.9400 1.8707
1.9200 1.7596 1.9200 1.8510
1.9100 1.7910 1.9100 1.8779
1.9100 1.7801 1.9100 1.8519
1.8900 1.8136 1.8900 1.8730
1.8700 1.7905 1.8700 1.8386
1.8400 1.7853 1.8400 1.8338
1.7800 1.7703 1.7800 1.8199
1.7400 1.7692 1.7400 1.8229
1.6600 1.7893 1.6600 1.8462
1.6500 1.7544 1.6500 1.8109
1.6900 1.7173 1.6900 1.7794
1.7600 1.6802 1.7600 1.7443
1.7900 1.5744 1.7900 1.6401
1.8000 1.5405 1.8000 1.6123
1.8200 1.4233 1.8200 1.4941
1.8400 1.4766 1.8400 1.5501
1.8100 1.6328 1.8100 1.6899
1.7600 1.7755 1.7600 1.8107
1.7700 1.7837 1.7700 1.8078
1.8100 1.7525 1.8100 1.7774
1.8400 1.7835 1.8400 1.8080
1.8700 1.8263 1.8700 1.8455
1.9000 1.7166 1.9000 1.7450
1.9400 1.5995 1.9400 1.6546
1.9800 1.6709 1.9800 1.7410
2.0100 1.7941 2.0100 1.8563
2.0100 1.8188 2.0100 1.8725
2.0600 1.8329 2.0600 1.8874
2.1000 1.8739 2.1000 1.9221
2.0900 1.9401 2.0900 1.9788
2.1000 1.9845 2.1000 2.0181
2.1000 1.9946 2.1000 2.0312
2.1800 1.9495 2.1800 1.9954
2.2900 2.0441 2.2900 2.1017
2.3600 2.1023 2.3600 2.1575
2.4100 2.0094 2.4100 2.0691
2.4300 1.9993 2.4300 2.0750
2.4200 2.0043 2.4200 2.0801
2.4200 2.1838 2.4200 2.2544
2.4300 2.3486 2.4300 2.3792
2.4500 2.3773 2.4500 2.3994
2.4700 2.3874 2.4700 2.4205
2.5200 2.3862 2.5200 2.4218
2.5400 2.3141 2.5400 2.3813
2.5500 2.2992 2.5500 2.3799
2.5900 2.3112 2.5900 2.4033
2.6200 2.3438 2.6200 2.4456
2.6300 2.3614 2.6300 2.4678
2.6400 2.4436 2.6400 2.5372
2.6600 2.4467 2.6600 2.5343
2.6600 2.4204 2.6600 2.5085
2.6500 2.4945 2.6500 2.5820
2.6600 2.5399 2.6600 2.6153
2.6800 2.5082 2.6800 2.5909
2.6900 2.4972 2.6900 2.5927
2.7100 2.5306 2.7100 2.6302
2.7300 2.5120 2.7300 2.6108
2.7500 2.4606 2.7500 2.5667
2.7600 2.4848 2.7600 2.5969
2.7600 2.5392 2.7600 2.6433
2.7700 2.5371 2.7700 2.6346
2.7900 2.5570 2.7900 2.6568
2.8000 2.5884 2.8000 2.6843
2.8500 2.6139 2.8500 2.7044
2.9100 2.6068 2.9100 2.7012
2.9300 2.5826 2.9300 2.6829
2.9400 2.6009 2.9400 2.7050
2.9400 2.6430 2.9400 2.7430
2.9300 2.6399 2.9300 2.7396
2.9500 2.7370 2.9500 2.8260
2.9600 2.8264 2.9600 2.8915
2.9600 2.8162 2.9600 2.8771
2.9700 2.7798 2.9700 2.8733
2.9900 2.7629 2.9900 2.8698
3.0200 2.7324 3.0200 2.8426
3.0500 2.7792 3.0500 2.8935
3.0800 2.7859 3.0800 2.8969
3.1000 2.7596 3.1000 2.8772
3.1000 2.7754 3.1000 2.8924
3.1000 2.8167 3.1000 2.9220
3.1000 2.8681 3.1000 2.9630
3.1000 2.9042 3.1000 2.9922
3.1000 2.9353 3.1000 3.0160
3.1100 2.9491 3.1100 3.0320
3.1100 2.9127 3.1100 3.0152
3.1100 2.8938 3.1100 3.0094
3.1100 2.8927 3.1100 3.0120
3.1100 2.8872 3.1100 3.0066
3.1100 2.8802 3.1100 3.0018
3.1100 2.9003 3.1100 3.0180
3.1200 2.8929 3.1200 3.0080
3.1400 2.8839 3.1400 2.9990
3.1500 2.8827 3.1500 2.9977
3.1400 2.8849 3.1400 2.9981
3.1400 2.8842 3.1400 2.9962
3.1300 2.8831 3.1300 2.9960
3.1200 2.9069 3.1200 3.0161
3.1200 2.9509 3.1200 3.0525
3.1300 2.9534 3.1300 3.0523
3.1200 2.9069 3.1200 3.0180
3.1200 2.9081 3.1200 3.0251
3.1100 2.8940 3.1100 3.0117
3.1300 2.8724 3.1300 2.9927
3.1400 2.8813 3.1400 3.0022
3.1400 2.9135 3.1400 3.0262
3.1400 2.8819 3.1400 2.9954
3.1300 2.8792 3.1300 2.9955
3.1200 2.8635 3.1200 2.9811
3.1200 2.9238 3.1200 3.0300
3.1000 2.9405 3.1000 3.0395
3.0800 2.9173 3.0800 3.0220
3.0700 2.9109 3.0700 3.0236
3.0600 2.8932 3.0600 3.0089
3.0500 2.8712 3.0500 2.9897
3.0300 2.8851 3.0300 3.0040
3.0000 2.8388 3.0000 2.9605
2.9900 2.8032 2.9900 2.9342
2.9900 2.8062 2.9900 2.9335
2.9100 2.8599 2.9100 2.9519
2.8900 2.7883 2.8900 2.9193
2.8600 2.7970 2.8600 2.9285
2.8600 2.6795 2.8600 2.8059
2.8200 2.6288 2.8200 2.7706
2.7700 2.6043 2.7700 2.7498
2.7300 2.5738 2.7300 2.7157
2.8400 2.5825 2.8400 2.7118
2.8500 2.5458 2.8500 2.6691
2.7800 2.5923 2.7800 2.7045
2.8600 2.5293 2.8600 2.6382
2.8600 2.4325 2.8600 2.5476
2.8500 2.4090 2.8500 2.5280
2.8300 2.7235 2.8300 2.8188
2.7800 2.7104 2.7800 2.7797
2.7200 2.4646 2.7200 2.5603
2.7300 2.7053 2.7300 2.8125
2.7800 2.7472 2.7800 2.8169
2.7600 2.6408 2.7600 2.7232
2.6500 2.5831 2.6500 2.6946
2.6400 2.4903 2.6400 2.6088
2.7100 2.4091 2.7100 2.5373
2.7900 2.4905 2.7900 2.6213
2.8100 2.6225 2.8100 2.7276
2.8200 2.5616 2.8200 2.6575
2.8100 2.2547 2.8100 2.3757
2.8100 2.3306 2.8100 2.4698
2.8200 2.6040 2.8200 2.6932
2.8200 2.7177 2.8200 2.7848
2.8000 2.6685 2.8000 2.7353
2.7600 2.6484 2.7600 2.7420
2.6700 2.6354 2.6700 2.7281
2.7000 2.6361 2.7000 2.7275
2.6500 2.6426 2.6500 2.7394
2.5900 2.6356 2.5900 2.7399
2.5100 2.5770 2.5100 2.6948
2.4800 2.4896 2.4800 2.6219
2.4300 2.3043 2.4300 2.4434
2.5600 2.4646 2.5600 2.6049
2.6800 2.3915 2.6800 2.5066
2.6700 2.2452 2.6700 2.3697
2.6100 2.1279 2.6100 2.2646
2.5500 2.1693 2.5500 2.2987
2.5000 2.1290 2.5000 2.2411
2.4500 2.4607 2.4500 2.5544
2.4800 2.6549 2.4800 2.7096
2.5300 2.5492 2.5300 2.5909
2.5100 2.3304 2.5100 2.4086
2.4700 2.2676 2.4700 2.3602
2.4700 2.2370 2.4700 2.3249
2.5300 2.1738 2.5300 2.2765
2.5700 2.2770 2.5700 2.4004
2.6200 2.4309 2.6200 2.5277
2.6800 2.3285 2.6800 2.4164
2.7100 2.1992 2.7100 2.3092
2.7100 2.2596 2.7100 2.3580
2.7900 2.4519 2.7900 2.5167
2.8400 2.5012 2.8400 2.5511
2.8600 2.5387 2.8600 2.5989
2.8100 2.6240 2.8100 2.6735
2.7600 2.6413 2.7600 2.6868
2.7800 2.5752 2.7800 2.6539
2.7800 2.7289 2.7800 2.7882
2.7400 2.7912 2.7400 2.8357
2.7000 2.7595 2.7000 2.8192
2.6600 2.5753 2.6600 2.6880
2.6100 2.4751 2.6100 2.6089
2.5700 2.5947 2.5700 2.7279
2.5700 2.6055 2.5700 2.7191
2.6000 2.4629 2.6000 2.5912
2.6400 2.3983 2.6400 2.5402
2.5700 2.3670 2.5700 2.5031
2.5500 2.3042 2.5500 2.4312
2.6300 2.2574 2.6300 2.3806
2.6200 2.3194 2.6200 2.4375
2.5700 2.4362 2.5700 2.5252
2.5400 2.4968 2.5400 2.5773
2.5300 2.2969 2.5300 2.3844
2.5100 2.2751 2.5100 2.3780
2.4600 2.5531 2.4600 2.6298
2.4600 2.4947 2.4600 2.5524
2.3600 2.2961 2.3600 2.3866
2.2400 2.2702 2.2400 2.3863
2.2100 2.3238 2.2100 2.4318
2.1300 2.3021 2.1300 2.4023
2.0400 2.1718 2.0400 2.2811
1.9500 2.2218 1.9500 2.3388
1.7800 2.0450 1.7800 2.1507
1.6200 1.8087 1.6200 1.9327
1.5100 1.8819 1.5100 2.0129
1.4100 1.8151 1.4100 1.9186
1.3600 1.6676 1.3600 1.7751
1.4400 1.5687 1.4400 1.6847
1.3700 1.3614 1.3700 1.4649
1.3200 1.2311 1.3200 1.3349
1.2600 1.1973 1.2600 1.2926
1.2500 1.1547 1.2500 1.2329
1.2600 1.1716 1.2600 1.2362
1.2300 1.3560 1.2300 1.4066
1.1800 1.2318 1.1800 1.2394
1.1700 1.1345 1.1700 1.1457
1.2100 1.0896 1.2100 1.0972
1.2600 1.1673 1.2600 1.1608
1.4200 1.2375 1.4200 1.2252
1.5500 1.1689 1.5500 1.1673
1.5900 1.0684 1.5900 1.0878
1.6000 1.1225 1.6000 1.1457
1.6400 1.2373 1.6400 1.2476
1.7000 1.3398 1.7000 1.3351
1.6800 1.6252 1.6800 1.6087
1.6900 1.7566 1.6900 1.7200
1.7200 1.7174 1.7200 1.6735
1.7700 1.6501 1.7700 1.6395
1.9200 1.7142 1.9200 1.7135
2.0300 1.8186 2.0300 1.8058
2.1200 1.6870 2.1200 1.7114
2.1800 1.6474 2.1800 1.7109
2.2500 1.7285 2.2500 1.7999
2.2500 1.8157 2.2500 1.8752
2.2600 2.0484 2.2600 2.0723
2.2900 2.1472 2.2900 2.1483
2.2900 2.1943 2.2900 2.1878
2.2600 2.2232 2.2600 2.2232
2.3100 2.2902 2.3100 2.2927
2.3000 2.2385 2.3000 2.2486
2.2100 2.1984 2.2100 2.2603
2.1300 2.2416 2.1300 2.3249
2.0900 2.2139 2.0900 2.3084
2.1000 2.0922 2.1000 2.2022
2.0600 2.2190 2.0600 2.3366
2.0600 2.1853 2.0600 2.2802
2.0800 1.9370 2.0800 2.0363
2.0700 1.7959 2.0700 1.9166
2.0400 1.8295 2.0400 1.9447
2.0300 1.9379 2.0300 2.0334
2.0400 1.8496 2.0400 1.9373
2.0500 1.8565 2.0500 1.9513
2.0800 1.9613 2.0800 2.0393
2.1800 1.9382 2.1800 1.9949
2.2600 1.8511 2.2600 1.9099
2.2600 1.8631 2.2600 1.9238
2.3000 1.9258 2.3000 1.9816
2.3000 1.9554 2.3000 2.0104
2.2300 1.9978 2.2300 2.0583
2.2400 2.2139 2.2400 2.2555
2.2500 2.2986 2.2500 2.3184
2.2500 2.2047 2.2500 2.2429
2.2600 2.2404 2.2600 2.2941
2.2700 2.2302 2.2700 2.2851
2.2600 2.0291 2.2600 2.0977
2.2300 2.0735 2.2300 2.1733
2.2100 2.1371 2.2100 2.2342
2.1800 2.1196 2.1800 2.2143
2.1700 2.1206 2.1700 2.2218
2.1600 2.1338 2.1600 2.2285
2.1600 2.1126 2.1600 2.1940
2.1600 2.0402 2.1600 2.1192
2.1800 2.0079 2.1800 2.0934
2.1500 1.9841 2.1500 2.0679
2.1500 1.9891 2.1500 2.0755
2.1800 1.9864 2.1800 2.0749
2.2200 2.0020 2.2200 2.0868
2.2900 2.0122 2.2900 2.0913
2.3400 2.0634 2.3400 2.1362
2.3000 1.9824 2.3000 2.0489
2.2500 1.9913 2.2500 2.0635
2.2400 2.0863 2.2400 2.1542
2.2300 2.1683 2.2300 2.2265
2.2300 2.2808 2.2300 2.3290
2.2300 2.3296 2.2300 2.3681
2.2300 2.1539 2.2300 2.2127
2.2200 2.0295 2.2200 2.1111
2.2200 2.0631 2.2200 2.1529
2.2100 2.0798 2.2100 2.1649
2.2200 2.0749 2.2200 2.1668
2.2200 2.0695 2.2200 2.1699
2.2100 2.0777 2.2100 2.1743
2.2200 2.0611 2.2200 2.1481
2.2100 2.0620 2.2100 2.1424
2.1700 2.0487 2.1700 2.1222
2.1500 2.0859 2.1500 2.1575
2.1400 2.0850 2.1400 2.1571
2.1400 2.0543 2.1400 2.1305
2.2200 2.0838 2.2200 2.1628
2.2700 2.0650 2.2700 2.1402
2.2400 1.9663 2.2400 2.0455
2.2500 1.9511 2.2500 2.0390
2.2800 1.9702 2.2800 2.0548
2.2900 1.9921 2.2900 2.0720
2.3200 2.1838 2.3200 2.2485
2.3700 2.2498 2.3700 2.2990
2.4000 2.0991 2.4000 2.1555
2.4300 2.1083 2.4300 2.1814
2.4600 2.2079 2.4600 2.2720
2.4900 2.2063 2.4900 2.2626
2.5300 2.2316 2.5300 2.3020
2.5800 2.3188 2.5800 2.3961
2.5800 2.3496 2.5800 2.4200
2.5800 2.3599 2.5800 2.4352
2.6100 2.3795 2.6100 2.4573
2.6200 2.4184 2.6200 2.4889
2.6300 2.4721 2.6300 2.5373
2.6100 2.5347 2.6100 2.5914
2.6200 2.4691 2.6200 2.5519
2.5700 2.4290 2.5700 2.5254
2.4700 2.4979 2.4700 2.5992
2.4400 2.5008 2.4400 2.5957
2.4400 2.4830 2.4400 2.5834
2.4600 2.4139 2.4600 2.5222
2.4700 2.4446 2.4700 2.5575
2.4900 2.3345 2.4900 2.4435
2.5300 2.1052 2.5300 2.2279
2.5800 2.1284 2.5800 2.2656
2.5500 2.2324 2.5500 2.3510
2.5400 2.2907 2.5400 2.3813
2.5600 2.2949 2.5600 2.3856
2.5500 2.3291 2.5500 2.4133
2.5400 2.4296 2.5400 2.4970
2.5600 2.5093 2.5600 2.5627
2.6100 2.3760 2.6100 2.4370
2.6200 2.3415 2.6200 2.4237
2.6000 2.4254 2.6000 2.5144
2.5900 2.3946 2.5900 2.4831
2.5900 2.3416 2.5900 2.4445
2.6100 2.4002 2.6100 2.5101
2.7500 2.5228 2.7500 2.6068
2.8400 2.5017 2.8400 2.5805
2.8400 2.3947 2.8400 2.4897
2.8000 2.3848 2.8000 2.4871
2.8000 2.4196 2.8000 2.5156
2.7800 2.4641 2.7800 2.5594
2.7900 2.7292 2.7900 2.7914
2.8600 2.8091 2.8600 2.8502
2.9500 2.7195 2.9500 2.7643
2.9800 2.5717 2.9800 2.6698
3.0500 2.6160 3.0500 2.7212
3.1100 2.5956 3.1100 2.6943
2.5900 2.6035 2.5900 2.7183
2.5900 2.7597 2.5900 2.8638
2.6200 2.8877 2.6200 2.9619
2.5800 2.8595 2.5800 2.9282
2.5900 2.9305 2.5900 2.9989
2.5800 3.0158 2.5800 3.0654
2.5600 1.7196 2.5600 1.8267
2.5400 1.9758 2.5400 2.2100
2.5200 2.4689 2.5200 2.6366
2.5500 2.2994 2.5500 2.4026
2.6400 2.2578 2.6400 2.4071
2.7200 2.3033 2.7200 2.4389
2.7700 2.3055 2.7700 2.4030
2.8300 2.3316 2.8300 2.4021
2.8800 2.2257 2.8800 2.2950
2.9400 2.4058 2.9400 2.4734
2.9800 2.5995 2.9800 2.6455
2.8800 2.6662 2.8800 2.7173
2.8500 2.6907 2.8500 2.7345
2.8200 2.7549 2.8200 2.7943
2.7500 2.8110 2.7500 2.8487
2.7100 2.8745 2.7100 2.9109
2.7000 2.8940 2.7000 2.9437
2.7100 2.5989 2.7100 2.7033
2.6200 2.5540 2.6200 2.7023
2.5400 2.5739 2.5400 2.7236
2.4900 2.4231 2.4900 2.5707
2.5100 2.3669 2.5100 2.5305
2.4800 2.4221 2.4800 2.5750
2.3500 2.4875 2.3500 2.6035
2.2600 2.2778 2.2600 2.3964
2.1700 2.1204 2.1700 2.2522
2.1400 2.1483 2.1400 2.2727
2.0600 2.3010 2.0600 2.3975
1.9900 2.2357 1.9900 2.3278
1.9400 1.9268 1.9400 2.0348
1.8700 1.8306 1.8700 1.9609
1.8000 1.7989 1.8000 1.9162
1.7700 1.8386 1.7700 1.9421
1.7900 1.7259 1.7900 1.8221
1.8300 1.6382 1.8300 1.7398
1.8300 1.6455 1.8300 1.7426
1.8300 1.5818 1.8300 1.6606
1.8200 1.4921 1.8200 1.5652
1.8000 1.5327 1.8000 1.5977
1.8000 1.6577 1.8000 1.7064
1.8100 1.7769 1.8100 1.8105
1.8100 1.7382 1.8100 1.7656
1.8000 1.7225 1.8000 1.7557
1.7800 1.7202 1.7800 1.7500
1.7600 1.6866 1.7600 1.7181
1.7500 1.7001 1.7500 1.7406
1.7400 1.7360 1.7400 1.7817
1.7200 1.7300 1.7200 1.7807
1.7200 1.6991 1.7200 1.7568
1.7000 1.6556 1.7000 1.7164
1.6800 1.6335 1.6800 1.6926
1.7000 1.6370 1.7000 1.6927
1.7000 1.6308 1.7000 1.6851
1.6700 1.5982 1.6700 1.6536
1.6800 1.6186 1.6800 1.6753
1.7300 1.5893 1.7300 1.6416
1.7400 1.5572 1.7400 1.6092
1.6600 1.6292 1.6600 1.6786
1.6400 1.6364 1.6400 1.6758
1.6400 1.5545 1.6400 1.5967
1.6400 1.5951 1.6400 1.6445
1.6300 1.7306 1.6300 1.7694
1.6300 1.7222 1.6300 1.7496
1.6400 1.4892 1.6400 1.5308
1.7200 1.4837 1.7200 1.5471
1.8900 1.5667 1.8900 1.6181
2.0200 1.5763 2.0200 1.6184
2.1000 1.5323 2.1000 1.5828
2.1900 1.5439 2.1900 1.5975
2.2900 1.5884 2.2900 1.6337
2.2500 1.7695 2.2500 1.8025
2.3100 2.0328 2.3100 2.0366
2.3800 2.1523 2.3800 2.1300
2.4100 2.1758 2.4100 2.1505
2.4600 2.2513 2.4600 2.2369
2.4800 2.3734 2.4800 2.3552
2.4800 2.2217 2.4800 2.2168
2.4900 2.2877 2.4900 2.3258
2.4800 2.4170 2.4800 2.4605
2.4800 2.4075 2.4800 2.4577
2.4800 2.4250 2.4800 2.4977
2.5000 2.4126 2.5000 2.5013
2.4800 2.3652 2.4800 2.4645
2.4800 2.3749 2.4800 2.4747
2.4400 2.3175 2.4400 2.4184
2.4100 2.3206 2.4100 2.4260
2.4000 2.3227 2.4000 2.4280
2.4100 2.3585 2.4100 2.4662
2.4500 2.2988 2.4500 2.4006
2.4800 2.2926 2.4800 2.3965
2.4300 2.2116 2.4300 2.3132
2.4100 2.1694 2.4100 2.2731
2.4200 2.1883 2.4200 2.2921
2.4000 2.2425 2.4000 2.3398
2.3900 2.3346 2.3900 2.4156
2.4200 2.3795 2.4200 2.4511
2.4700 2.2090 2.4700 2.2902
2.5300 2.1819 2.5300 2.2765
2.5700 2.2618 2.5700 2.3492
2.5800 2.2216 2.5800 2.3018
2.5900 2.1883 2.5900 2.2814
2.6000 2.2810 2.6000 2.3795
2.6000 2.3996 2.6000 2.4714
2.6000 2.4789 2.6000 2.5406
2.6300 2.5014 2.6300 2.5547
2.6500 2.4683 2.6500 2.5372
2.6400 2.4680 2.6400 2.5426
2.6500 2.4740 2.6500 2.5556
2.6500 2.4514 2.6500 2.5412
2.6400 2.4354 2.6400 2.5369
2.6500 2.5016 2.6500 2.6102
2.6100 2.5288 2.6100 2.6268
2.5500 2.4626 2.5500 2.5664
2.5300 2.4737 2.5300 2.5822
2.4600 2.4818 2.4600 2.5832
2.4900 2.4488 2.4900 2.5487
2.4800 2.4718 2.4800 2.5771
2.4800 2.3746 2.4800 2.4804
2.4900 2.2480 2.4900 2.3654
2.5300 2.2665 2.5300 2.3914
2.5400 2.1536 2.5400 2.2711
2.5400 2.2804 2.5400 2.3998
2.5800 2.2893 2.5800 2.3893
2.6000 2.2736 2.6000 2.3688
2.6100 2.3138 2.6100 2.4078
2.6400 2.4152 2.6400 2.4848
2.6400 2.4088 2.6400 2.4769
2.6100 2.3814 2.6100 2.4542
2.6200 2.4626 2.6200 2.5432
2.5900 2.5056 2.5900 2.5809
2.5900 2.4733 2.5900 2.5545
2.6200 2.5197 2.6200 2.6130
2.6600 2.4968 2.6600 2.5874
2.6500 2.4013 2.6500 2.5007
2.5800 2.4360 2.5800 2.5467
2.5100 2.3775 2.5100 2.4845
2.5100 2.3868 2.5100 2.4986
2.5400 2.4739 2.5400 2.5777
2.5400 2.5500 2.5400 2.6331
2.5400 2.4804 2.5400 2.5717
2.5400 2.2874 2.5400 2.3913
2.5100 2.1737 2.5100 2.2926
2.4900 2.2839 2.4900 2.3992
2.4600 2.3943 2.4600 2.4859
2.4300 2.3609 2.4300 2.4545
2.3900 2.3374 2.3900 2.4434
2.3700 2.3564 2.3700 2.4576
2.3400 2.2946 2.3400 2.3842
2.3100 2.2597 2.3100 2.3506
2.2800 2.2214 2.2800 2.3145
2.3000 2.1890 2.3000 2.2877
2.2600 2.1327 2.2600 2.2393
2.2200 2.1264 2.2200 2.2374
2.1900 2.0991 2.1900 2.2038
2.1700 2.0651 2.1700 2.1649
2.1700 2.0333 2.1700 2.1308
2.1700 2.1312 2.1700 2.2210
2.1900 2.0499 2.1900 2.1268
2.2000 1.9664 2.2000 2.0521
2.2100 1.9535 2.2100 2.0427
2.2300 1.9680 2.2300 2.0497
2.2500 1.9982 2.2500 2.0760
2.2600 2.0119 2.2600 2.0873
2.2700 2.0607 2.2700 2.1333
2.2700 2.0877 2.2700 2.1530
2.2900 2.0888 2.2900 2.1514
2.3100 2.1274 2.3100 2.1894
2.3500 2.1615 2.3500 2.2192
2.4000 2.1570 2.4000 2.2184
2.4100 2.1595 2.4100 2.2285
2.4400 2.1439 2.4400 2.2181
2.4600 2.1850 2.4600 2.2630
2.4700 2.2158 2.4700 2.2921
2.4700 2.2800 2.4700 2.3559
2.4900 2.3588 2.4900 2.4275
2.4900 2.3221 2.4900 2.3919
2.4900 2.3482 2.4900 2.4256
2.4900 2.3740 2.4900 2.4498
2.5000 2.3592 2.5000 2.4367
2.5100 2.3312 2.5100 2.4182
2.5100 2.3664 2.5100 2.4605
2.5200 2.3513 2.5200 2.4458
2.5200 2.3323 2.5200 2.4312
2.5200 2.3221 2.5200 2.4243
2.5300 2.3504 2.5300 2.4496
2.5700 2.3650 2.5700 2.4595
2.5800 2.3477 2.5800 2.4422
2.5900 2.3618 2.5900 2.4573
2.5800 2.3612 2.5800 2.4538
2.5700 2.3504 2.5700 2.4436
2.5600 2.3731 2.5600 2.4676
2.5400 2.4637 2.5400 2.5495
2.5300 2.4546 2.5300 2.5388
2.4900 2.4396 2.4900 2.5300
2.4200 2.4022 2.4200 2.4967
2.3600 2.3825 2.3600 2.4794
2.3300 2.3674 2.3300 2.4672
2.3200 2.3278 2.3200 2.4316
2.3300 2.3178 2.3300 2.4270
2.3200 2.2455 2.3200 2.3560
2.3200 2.1041 2.3200 2.2214
2.3200 2.0356 2.3200 2.1596
2.3000 2.0554 2.3000 2.1725
2.3500 2.0939 2.3500 2.1992
2.4400 2.1441 2.4400 2.2385
2.4700 2.1242 2.4700 2.2117
2.4900 2.1371 2.4900 2.2191
2.5100 2.1555 2.5100 2.2281
2.5100 2.1133 2.5100 2.1809
2.5200 2.2473 2.5200 2.3166
2.5200 2.4434 2.5200 2.4841
2.5200 2.4295 2.5200 2.4665
2.5300 2.3898 2.5300 2.4568
2.5400 2.4112 2.5400 2.4857
2.5500 2.3936 2.5500 2.4663
2.5800 2.3929 2.5800 2.4745
2.5900 2.3695 2.5900 2.4627
2.5900 2.3605 2.5900 2.4632
2.6000 2.3841 2.6000 2.4909
2.6100 2.3905 2.6100 2.4962
2.6100 2.3979 2.6100 2.4994
2.6100 2.4584 2.6100 2.5512
2.5600 2.4548 2.5600 2.5441
2.6100 2.4271 2.6100 2.5186
2.6500 2.4430 2.6500 2.5379
2.6400 2.4625 2.6400 2.5560
2.6400 2.4457 2.6400 2.5403
2.6700 2.4328 2.6700 2.5335
2.7000 2.3097 2.7000 2.4160
2.7300 2.4641 2.7300 2.5754
2.7400 2.5652 2.7400 2.6432
2.7500 2.4708 2.7500 2.5571
2.7400 2.4420 2.7400 2.5458
2.7400 2.5385 2.7400 2.6369
2.7400 2.5956 2.7400 2.6719
2.7400 2.6193 2.7400 2.6973
2.7700 2.5871 2.7700 2.6799
2.7900 2.5989 2.7900 2.6978
2.7800 2.5616 2.7800 2.6626
2.7700 2.5488 2.7700 2.6581
2.7900 2.5524 2.7900 2.6626
2.7900 2.5514 2.7900 2.6625
2.8100 2.6180 2.8100 2.7211
2.8500 2.6479 2.8500 2.7418
2.8700 2.5842 2.8700 2.6872
2.8900 2.5535 2.8900 2.6642
2.8800 2.6199 2.8800 2.7260
2.8600 2.6160 2.8600 2.7156
2.8700 2.6409 2.8700 2.7400
2.8800 2.7225 2.8800 2.8135
2.8800 2.7377 2.8800 2.8228
2.8800 2.7406 2.8800 2.8303
2.9000 2.6870 2.9000 2.7916
2.9000 2.6308 2.9000 2.7416
2.9000 2.6781 2.9000 2.7939
2.9000 2.7030 2.9000 2.8099
2.9000 2.6802 2.9000 2.7920
2.9100 2.6708 2.9100 2.7881
2.9000 2.7207 2.9000 2.8277
2.9000 2.7123 2.9000 2.8147
2.9200 2.6918 2.9200 2.7980
2.9400 2.6904 2.9400 2.8029
2.9300 2.6971 2.9300 2.8074
2.9200 2.7188 2.9200 2.8240
2.9500 2.6839 2.9500 2.7954
2.9800 2.6802 2.9800 2.7958
3.0100 2.7418 3.0100 2.8474
3.0200 2.7760 3.0200 2.8682
2.9700 2.7198 2.9700 2.8242
2.9600 2.6870 2.9600 2.8041
2.9400 2.7796 2.9400 2.8847
2.9200 2.8427 2.9200 2.9300
2.9000 2.8611 2.9000 2.9476
2.8700 2.8458 2.8700 2.9436
2.8500 2.7015 2.8500 2.8170
2.8400 2.7041 2.8400 2.8332
2.8600 2.6972 2.8600 2.8230
2.8300 2.6571 2.8300 2.7848
2.7700 2.6290 2.7700 2.7644
2.7300 2.5837 2.7300 2.7210
2.7000 2.5714 2.7000 2.7044
2.6800 2.5865 2.6800 2.7067
2.6900 2.6498 2.6900 2.7507
2.7600 2.5812 2.7600 2.6886
2.8300 2.4395 2.8300 2.5559
2.8900 2.4100 2.8900 2.5371
2.9700 2.4175 2.9700 2.5371
2.9500 2.4107 2.9500 2.5268
2.9500 2.4650 2.9500 2.5744
2.9400 2.6277 2.9400 2.7204
2.9100 2.7449 2.9100 2.8113
2.8600 2.7862 2.8600 2.8408
2.8400 2.8804 2.8400 2.9254
2.8300 2.8113 2.8300 2.8579
2.8000 2.7659 2.8000 2.8541
2.7700 2.7547 2.7700 2.8593
2.7700 2.6779 2.7700 2.7954
2.8000 2.5649 2.8000 2.7053
2.7600 2.5591 2.7600 2.7144
2.7400 2.5788 2.7400 2.7219
2.7600 2.5294 2.7600 2.6633
2.7700 2.4666 2.7700 2.6015
2.7800 2.5221 2.7800 2.6476
2.8000 2.6217 2.8000 2.7150
2.8200 2.5101 2.8200 2.6081
2.7300 2.4609 2.7300 2.5721
2.6700 2.5689 2.6700 2.6760
2.6200 2.6053 2.6200 2.6878
2.6000 2.5951 2.6000 2.6835
2.5800 2.6293 2.5800 2.7247
2.5700 2.6688 2.5700 2.7573
2.5800 2.4291 2.5800 2.5298
2.5600 2.3122 2.5600 2.4410
2.5300 2.3042 2.5300 2.4362
2.4900 2.3350 2.4900 2.4587
2.5000 2.3161 2.5000 2.4412
2.5000 2.3162 2.5000 2.4386
2.4700 2.3720 2.4700 2.4755
2.4500 2.3432 2.4500 2.4379
2.4200 2.2684 2.4200 2.3619
2.4000 2.2200 2.4000 2.3140
2.3800 2.2995 2.3800 2.3910
2.3000 2.3253 2.3000 2.4119
2.2500 2.2391 2.2500 2.3309
2.2000 2.2092 2.2000 2.3125
2.1500 2.1868 2.1500 2.2865
2.1100 2.1725 2.1100 2.2688
2.0700 2.1569 2.0700 2.2521
2.0500 1.9906 2.0500 2.0885
2.0700 1.9433 2.0700 2.0539
2.1000 1.9201 2.1000 2.0265
2.1200 1.8675 2.1200 1.9685
2.1400 1.8390 2.1400 1.9380
2.1700 1.8107 2.1700 1.9039
2.1900 1.8269 2.1900 1.9124
2.1800 1.9270 2.1800 1.9985
2.1300 2.0008 2.1300 2.0551
2.1000 2.0270 2.1000 2.0729
2.0900 2.0488 2.0900 2.0936
2.1100 2.1033 2.1100 2.1480
2.1100 2.1250 2.1100 2.1680
2.1400 2.0636 2.1400 2.1153
2.1400 1.9332 2.1400 2.0031
2.1500 1.9019 2.1500 1.9887
2.1900 1.9305 2.1900 2.0196
2.2200 1.9957 2.2200 2.0811
2.2400 1.9814 2.2400 2.0624
2.2600 2.0397 2.2600 2.1191
2.2900 2.0297 2.2900 2.0983
2.2700 2.0377 2.2700 2.1016
2.2900 2.1241 2.2900 2.1832
2.3200 2.1697 2.3200 2.2208
2.3300 2.1650 2.3300 2.2212
2.3500 2.1796 2.3500 2.2454
2.3700 2.2219 2.3700 2.2903
2.4000 2.1437 2.4000 2.2137
2.4200 2.1707 2.4200 2.2525
2.4300 2.2426 2.4300 2.3230
2.4400 2.2338 2.4400 2.3098
2.4400 2.2412 2.4400 2.3254
2.4400 2.2694 2.4400 2.3537
2.4500 2.3159 2.4500 2.3950
2.4600 2.3308 2.4600 2.4070
2.4500 2.3091 2.4500 2.3890
2.4700 2.3155 2.4700 2.4001
2.4700 2.3030 2.4700 2.3890
2.4900 2.2873 2.4900 2.3792
2.4900 2.3081 2.4900 2.4026
2.4600 2.3222 2.4600 2.4153
2.4700 2.2819 2.4700 2.3764
2.5000 2.3258 2.5000 2.4232
2.5400 2.3218 2.5400 2.4129
2.5400 2.3545 2.5400 2.4442
2.5700 2.3388 2.5700 2.4270
2.6100 2.2524 2.6100 2.3448
2.6500 2.2953 2.6500 2.3947
2.6300 2.3875 2.6300 2.4783
2.6400 2.4492 2.6400 2.5224
2.6500 2.3995 2.6500 2.4837
2.6000 2.4414 2.6000 2.5323
2.6200 2.5311 2.6200 2.6095
2.6400 2.5803 2.6400 2.6401
2.6500 2.4626 2.6500 2.5448
2.6900 2.4724 2.6900 2.5714
2.7000 2.5100 2.7000 2.6090
2.6800 2.3713 2.6800 2.4735
2.6500 2.4229 2.6500 2.5427
2.6700 2.5022 2.6700 2.6109
2.7000 2.4958 2.7000 2.5890
2.7200 2.5653 2.7200 2.6564
2.7300 2.5565 2.7300 2.6447
2.7200 2.4798 2.7200 2.5743
2.7100 2.4160 2.7100 2.5184
2.7100 2.4904 2.7100 2.5974
2.7000 2.5792 2.7000 2.6721
2.6900 2.5820 2.6900 2.6665
2.6900 2.5615 2.6900 2.6625
2.6800 2.5291 2.6800 2.6343
2.6700 2.5067 2.6700 2.6113
2.6600 2.5174 2.6600 2.6219
2.6500 2.4940 2.6500 2.5981
2.6400 2.4754 2.6400 2.5856
2.6400 2.4875 2.6400 2.6018
2.6500 2.4700 2.6500 2.5825
2.6500 2.4512 2.6500 2.5621
2.6400 2.4399 2.6400 2.5491
2.6200 2.4322 2.6200 2.5387
2.6100 2.4240 2.6100 2.5291
2.6100 2.4367 2.6100 2.5415
2.2300 2.0837 2.2300 2.1690
2.2200 2.0597 2.2200 2.1415
2.2200 1.9968 2.2200 2.0832
2.2100 2.0484 2.2100 2.1396
2.1900 2.1170 2.1900 2.1980
2.1800 2.0966 2.1800 2.1709
2.1700 2.0810 2.1700 2.1583
2.1500 2.0603 2.1500 2.1362
2.1500 2.0775 2.1500 2.1505
2.1600 2.0579 2.1600 2.1302
2.2000 2.0108 2.2000 2.0894
2.2200 2.0094 2.2200 2.0931
2.2800 2.0090 2.2800 2.0920
2.3700 1.9709 2.3700 2.0542
2.5200 1.9903 2.5200 2.0738
2.6800 2.0303 2.6800 2.1069
2.8000 2.1231 2.8000 2.1918
2.9200 2.1387 2.9200 2.1995
3.0200 2.2410 3.0200 2.2996
3.1300 2.3878 3.1300 2.4173
3.2200 2.5693 3.2200 2.5828
3.2900 2.7338 3.2900 2.7310
3.2900 2.8220 3.2900 2.8102
3.3000 2.9272 3.3000 2.9170
3.2900 3.0262 3.2900 3.0196
3.2600 3.1292 3.2600 3.1285
3.2200 3.1971 3.2200 3.2143
3.2000 3.2284 3.2000 3.2670
3.1600 3.1528 3.1600 3.2291
3.1000 3.1411 3.1000 3.2453
3.0700 3.1078 3.0700 3.2373
3.0500 3.0125 3.0500 3.1804
2.9900 2.9143 2.9900 3.0942
2.9200 2.9052 2.9200 3.0823
2.8500 2.8413 2.8500 3.0055
2.8000 2.7279 2.8000 2.8973
2.7300 2.7145 2.7300 2.8757
2.6500 2.7421 2.6500 2.8811
2.5800 2.6301 2.5800 2.7653
2.5300 2.5100 2.5300 2.6564
2.4800 2.4388 2.4800 2.5858
2.4400 2.4276 2.4400 2.5672
2.3900 2.3401 2.3900 2.4738
2.3300 2.2242 2.3300 2.3620
2.2700 2.1693 2.2700 2.3074
2.2200 2.1677 2.2200 2.2958
2.1700 2.1331 2.1700 2.2499
2.1300 2.1114 2.1300 2.2209
2.0700 2.0649 2.0700 2.1665
2.0200 1.9991 2.0200 2.0966
1.9900 1.9392 1.9900 2.0351
1.9600 1.9106 1.9600 2.0035
1.9500 1.8748 1.9500 1.9633
1.9200 1.8548 1.9200 1.9420
1.8800 1.7799 1.8800 1.8658
1.8400 1.7383 1.8400 1.8244
1.8100 1.7505 1.8100 1.8303
1.7800 1.7432 1.7800 1.8130
1.7600 1.7645 1.7600 1.8292
1.7400 1.7313 1.7400 1.7907
1.7200 1.6722 1.7200 1.7323
1.7000 1.6349 1.7000 1.6963
1.7000 1.6234 1.7000 1.6825
1.6900 1.6040 1.6900 1.6612
1.6700 1.6006 1.6700 1.6580
1.6500 1.5893 1.6500 1.6461
1.6200 1.5782 1.6200 1.6324
1.5900 1.5616 1.5900 1.6125
1.5700 1.5927 1.5700 1.6396
1.5300 1.5892 1.5300 1.6295
1.4800 1.5538 1.4800 1.5949
1.4600 1.5288 1.4600 1.5737
1.4600 1.4924 1.4600 1.5381
1.4600 1.4573 1.4600 1.5048
1.4600 1.4501 1.4600 1.4989
1.4800 1.3924 1.4800 1.4405
1.4900 1.3202 1.4900 1.3719
1.5000 1.3325 1.5000 1.3845
1.5200 1.3826 1.5200 1.4243
1.5300 1.4002 1.5300 1.4318
1.5400 1.4013 1.5400 1.4300
1.5600 1.4537 1.5600 1.4783
1.5800 1.4765 1.5800 1.4925
1.5900 1.4822 1.5900 1.4972
1.5900 1.5140 1.5900 1.5312
1.6000 1.5241 1.6000 1.5415
1.6300 1.5275 1.6300 1.5504
1.6500 1.5569 1.6500 1.5853
1.6700 1.5821 1.6700 1.6111
1.7000 1.5794 1.7000 1.6101
1.7200 1.5552 1.7200 1.5910
1.7400 1.5694 1.7400 1.6089
1.7700 1.6325 1.7700 1.6694
1.7900 1.6494 1.7900 1.6831
1.8200 1.6576 1.8200 1.6945
1.8400 1.7007 1.8400 1.7386
1.8600 1.7170 1.8600 1.7523
1.8800 1.7270 1.8800 1.7640
1.9000 1.7658 1.9000 1.8048
1.9300 1.7788 1.9300 1.8180
1.9500 1.8132 1.9500 1.8560
1.9700 1.8218 1.9700 1.8671
1.9900 1.8318 1.9900 1.8803
2.0000 1.8498 2.0000 1.9003
2.0000 1.8659 2.0000 1.9178
2.0000 1.9047 2.0000 1.9580
2.0000 1.9170 2.0000 1.9699
2.0000 1.9243 2.0000 1.9805
2.0100 1.9435 2.0100 2.0016
2.0300 1.9374 2.0300 1.9961
2.0500 1.9128 2.0500 1.9756
2.0600 1.9020 2.0600 1.9692
2.0800 1.8984 2.0800 1.9679
2.0800 1.8958 2.0800 1.9665
2.0700 1.9136 2.0700 1.9849
2.0700 1.9526 2.0700 2.0211
2.0800 1.9802 2.0800 2.0438
2.0800 1.9759 2.0800 2.0378
2.0900 2.0026 2.0900 2.0646
2.1100 1.9854 2.1100 2.0454
2.1100 1.9462 2.1100 2.0107
2.1200 1.9487 2.1200 2.0194
2.1200 1.9791 2.1200 2.0498
2.1100 1.9694 2.1100 2.0399
2.1100 1.9811 2.1100 2.0550
2.1100 2.0208 2.1100 2.0925
2.1000 2.0057 2.1000 2.0722
2.1100 2.0115 2.1100 2.0798
2.1200 2.0052 2.1200 2.0731
2.0900 1.9763 2.0900 2.0451
2.0800 1.9807 2.0800 2.0540
2.1000 1.9851 2.1000 2.0590
2.1100 1.9598 2.1100 2.0346
2.1200 1.9888 2.1200 2.0655
2.1200 2.0116 2.1200 2.0842
2.1000 1.9297 2.1000 2.0008
2.0800 1.9151 2.0800 1.9933
2.0800 1.9927 2.0800 2.0669
2.1200 2.0145 2.1200 2.0785
2.1700 2.0112 2.1700 2.0774
2.1800 1.9963 2.1800 2.0658
2.1700 1.9502 2.1700 2.0202
2.1600 1.9181 2.1600 1.9913
2.1600 1.9385 2.1600 2.0133
2.1500 2.0473 2.1500 2.1169
2.1500 2.1415 2.1500 2.2015
2.1600 2.1004 2.1600 2.1600
2.1700 2.0368 2.1700 2.1049
2.1700 2.0210 2.1700 2.0915
2.1600 2.0363 2.1600 2.1048
2.1500 2.0120 2.1500 2.0828
2.1500 2.0092 2.1500 2.0889
3.2900 2.8302 3.2900 2.8153
3.3500 2.9645 3.3500 2.9398
3.3600 2.9852 3.3600 2.9639
3.3200 3.0800 3.3200 3.0823
3.2700 3.1275 3.2700 3.1455
3.2000 3.1332 3.2000 3.1821
3.1100 3.2260 3.1100 3.2943
3.0200 3.2713 3.0200 3.3403
2.9500 3.2073 2.9500 3.3010
2.8600 3.0787 2.8600 3.2263
2.7600 2.9591 2.7600 3.1353
2.6900 2.8487 2.6900 3.0267
2.6400 2.6869 2.6400 2.8722
2.6200 2.5560 2.6200 2.7541
2.5800 2.5088 2.5800 2.7048
2.5200 2.3989 2.5200 2.5830
2.5000 2.2620 2.5000 2.4389
2.4800 2.2290 2.4800 2.3937
2.4400 2.2452 2.4400 2.3856
2.4100 2.2893 2.4100 2.3991
2.3500 2.2520 2.3500 2.3540
2.2800 2.1622 2.2800 2.2629
2.1800 2.2035 2.1800 2.3013
2.0900 2.2282 2.0900 2.3121
2.0000 2.1619 2.0000 2.2433
1.9300 2.1350 1.9300 2.2247
1.8200 2.0509 1.8200 2.1434
1.7100 1.9536 1.7100 2.0528
1.6100 1.8042 1.6100 1.9104
1.5400 1.7046 1.5400 1.8178
1.4700 1.6293 1.4700 1.7406
1.4000 1.5890 1.4000 1.6961
1.3500 1.4542 1.3500 1.5528
1.3000 1.3571 1.3000 1.4526
1.2700 1.2950 1.2700 1.3820
1.2300 1.2688 1.2300 1.3422
1.2100 1.2259 1.2100 1.2862
1.1800 1.1705 1.1800 1.2237
1.1500 1.1498 1.1500 1.1965
1.1300 1.1206 1.1300 1.1532
1.1100 1.1265 1.1100 1.1457
1.1000 1.1014 1.1000 1.1131
1.0800 1.1128 1.0800 1.1208
1.0600 1.0979 1.0600 1.1029
1.0400 1.0718 1.0400 1.0773
1.0100 1.0687 1.0100 1.0758
0.9900 1.0657 0.9900 1.0704
0.9800 1.0709 0.9800 1.0755
0.9600 1.0524 0.9600 1.0569
0.9500 1.0289 0.9500 1.0349
0.9500 1.0157 0.9500 1.0222
0.9500 0.9781 0.9500 0.9836
0.8200 0.9651 0.8200 0.9723
0.8200 0.9760 0.8200 0.9811
0.8100 0.9537 0.8100 0.9566
0.8100 0.9521 0.8100 0.9555
0.8100 0.9718 0.8100 0.9718
0.8400 0.9837 0.8400 0.9786
0.8800 0.7159 0.8800 0.7214
0.9100 0.7782 0.9100 0.7950
0.9200 0.8377 0.9200 0.8372
0.9300 0.8520 0.9300 0.8422
0.9200 0.8435 0.9200 0.8389
0.9200 0.9186 0.9200 0.9090
0.9300 0.9999 0.9300 0.9762
0.9400 1.0398 0.9400 1.0062
0.9400 1.0060 0.9400 0.9751
0.9400 1.0238 0.9400 0.9977
0.9300 0.9893 0.9300 0.9679
0.9000 0.9839 0.9000 0.9761
0.8900 1.0024 0.8900 0.9988
0.8600 1.0165 0.8600 1.0153
0.8400 1.0012 0.8400 1.0030
0.8300 0.9927 0.8300 0.9969
0.8000 0.9704 0.8000 0.9727
0.7900 0.9142 0.7900 0.9159
0.7800 0.9094 0.7800 0.9135
0.7700 0.8696 0.7700 0.8724
0.7500 0.8485 0.7500 0.8533
0.7400 0.8526 0.7400 0.8572
0.7400 0.8095 0.7400 0.8105
0.7500 0.8108 0.7500 0.8108
0.8000 0.8156 0.8000 0.8094
0.8500 0.8086 0.8500 0.7975
0.9100 0.7833 0.9100 0.7706
0.9600 0.7791 0.9600 0.7662
0.9600 0.7995 0.9600 0.7841
0.9700 0.8311 0.9700 0.8110
0.9600 0.9278 0.9600 0.9040
0.9100 1.0088 0.9100 0.9768
0.8900 1.0858 0.8900 1.0498
0.9000 1.1352 0.9000 1.0986
0.9000 1.0771 0.9000 1.0444
0.9100 1.0662 0.9100 1.0460
0.9000 1.0355 0.9000 1.0230
0.9100 0.9206 0.9100 0.9215
0.9200 0.8982 0.9200 0.9161
0.9100 0.9495 0.9100 0.9684
0.9000 0.9542 0.9000 0.9668
0.8800 0.9647 0.8800 0.9745
0.8500 0.9357 0.8500 0.9401
0.8400 0.9663 0.8400 0.9633
0.8500 0.9919 0.8500 0.9793
0.8400 0.9578 0.8400 0.9438
0.8400 0.9364 0.8400 0.9278
0.8500 0.9089 0.8500 0.9040
0.8600 0.8599 0.8600 0.8602
0.8500 0.8644 0.8500 0.8677
0.8300 0.9038 0.8300 0.9029
0.8200 0.8873 0.8200 0.8821
0.8200 0.8870 0.8200 0.8824
0.8200 0.9148 0.8200 0.9069
0.8300 0.9384 0.8300 0.9230
0.8600 0.9078 0.8600 0.8907
0.9000 0.8641 0.9000 0.8523
0.9400 0.8610 0.9400 0.8527
0.9800 0.8806 0.9800 0.8713
1.0100 0.8815 1.0100 0.8725
1.0300 0.9010 1.0300 0.8929
1.0500 0.9608 1.0500 0.9489
1.0700 1.0285 1.0700 1.0098
1.0500 1.0763 1.0500 1.0526
1.0200 1.1180 1.0200 1.0926
1.0000 1.1403 1.0000 1.1153
0.9500 1.1437 0.9500 1.1233
0.8800 1.1531 0.8800 1.1401
0.8300 1.1678 0.8300 1.1611
0.8300 1.0966 0.8300 1.0978
0.8300 1.0224 0.8300 1.0378
0.8400 1.0004 0.8400 1.0231
0.8400 0.9203 0.8400 0.9429
0.8300 0.8031 0.8300 0.8319
0.8000 0.7649 0.8000 0.8060
0.7500 0.8256 0.7500 0.8479
0.7000 0.8600 0.7000 0.8655
0.6700 0.8803 0.6700 0.8773
0.6400 0.8826 0.6400 0.8718
0.6100 0.8729 0.6100 0.8539
0.6000 0.8215 0.6000 0.8005
0.6200 0.7409 0.6200 0.7244
0.6800 0.6798 0.6800 0.6709
0.8000 0.6732 0.8000 0.6693
0.9100 0.6509 0.9100 0.6601
1.0300 0.6313 1.0300 0.6427
1.1400 0.6380 1.1400 0.6452
1.2000 0.7023 1.2000 0.6848
1.1700 0.8287 1.1700 0.7947
1.1800 1.0446 1.1800 0.9929
1.1800 1.1927 1.1800 1.1246
1.1700 1.3042 1.1700 1.2263
1.1400 1.4027 1.1400 1.3198
1.1000 1.4218 1.1000 1.3418
1.0600 1.2799 1.0600 1.2441
1.0100 1.2638 1.0100 1.2632
0.9400 1.2604 0.9400 1.2757
0.9000 1.2157 0.9000 1.2468
0.8700 1.1244 0.8700 1.1750
0.8400 1.0509 0.8400 1.1099
0.8200 1.0025 0.8200 1.0559
0.8100 0.9393 0.8100 0.9825
0.8200 0.8348 0.8200 0.8793
0.8400 0.8251 0.8400 0.8645
0.8300 0.8225 0.8300 0.8514
0.8100 0.8041 0.8100 0.8249
0.8000 0.7980 0.8000 0.8091
0.7900 0.8143 0.7900 0.8093
0.8100 0.8635 0.8100 0.8477
0.8300 0.9149 0.8300 0.8896
0.8600 0.8835 0.8600 0.8552
0.8800 0.8437 0.8800 0.8211
0.8900 0.8432 0.8900 0.8246
0.8700 0.8416 0.8700 0.8241
0.8700 0.8918 0.8700 0.8759
0.8600 0.9273 0.8600 0.9103
0.8600 0.9713 0.8600 0.9542
0.8800 0.9903 0.8800 0.9716
0.8900 0.9852 0.8900 0.9662
0.9100 0.9269 0.9100 0.9104
0.9300 0.9312 0.9300 0.9199
0.9500 0.9171 0.9500 0.9083
0.9600 0.9208 0.9600 0.9167
0.9700 0.9605 0.9700 0.9589
0.9900 0.9729 0.9900 0.9687
1.0000 0.9973 1.0000 0.9911
1.0200 1.0252 1.0200 1.0148
1.0400 1.0453 1.0400 1.0308
1.0600 1.0473 1.0600 1.0322
1.0700 1.0487 1.0700 1.0368
1.0900 1.0779 1.0900 1.0696
1.1100 1.0830 1.1100 1.0756
1.1200 1.1021 1.1200 1.0991
1.1300 1.1260 1.1300 1.1243
1.1400 1.1450 1.1400 1.1429
1.1500 1.1410 1.1500 1.1404
1.1500 1.1633 1.1500 1.1646
1.1600 1.1874 1.1600 1.1880
1.1800 1.1852 1.1800 1.1864
1.1900 1.1827 1.1900 1.1885
1.2100 1.1914 1.2100 1.1994
1.2100 1.1992 1.2100 1.2077
1.2200 1.1842 1.2200 1.1947
1.2400 1.1947 1.2400 1.2078
1.2400 1.2320 1.2400 1.2436
1.2500 1.2358 1.2500 1.2450
1.2500 1.2572 1.2500 1.2681
1.2500 1.2395 1.2500 1.2499
1.2600 1.2487 1.2600 1.2609
1.2700 1.2853 1.2700 1.2968
1.2800 1.2658 1.2800 1.2764
1.2900 1.2711 1.2900 1.2868
1.3200 1.2651 1.3200 1.2821
1.3400 1.2567 1.3400 1.2753
1.3700 1.2773 1.3700 1.2966
1.3900 1.2901 1.3900 1.3075
1.4100 1.2992 1.4100 1.3165
1.4200 1.3098 1.4200 1.3269
1.4300 1.3613 1.4300 1.3774
1.4400 1.3847 1.4400 1.3965
1.4500 1.4183 1.4500 1.4301
1.4700 1.4309 1.4700 1.4436
1.4800 1.4459 1.4800 1.4605
1.4900 1.4406 1.4900 1.4585
1.5000 1.4413 1.5000 1.4637
1.5100 1.4460 1.5100 1.4721
1.5200 1.4546 1.5200 1.4834
1.5200 1.4803 1.5200 1.5113
1.5200 1.4831 1.5200 1.5139
1.5200 1.4827 1.5200 1.5147
1.5200 1.4914 1.5200 1.5240
1.5200 1.5002 1.5200 1.5314
1.5200 1.5080 1.5200 1.5395
1.5100 1.4932 1.5100 1.5260
1.5000 1.4837 1.5000 1.5198
1.5100 1.4836 1.5100 1.5210
1.5100 1.4808 1.5100 1.5185
1.5200 1.4784 1.5200 1.5166
1.5200 1.4770 1.5200 1.5152
1.5200 1.4539 1.5200 1.4922
1.5200 1.4372 1.5200 1.4768
1.5300 1.4712 1.5300 1.5095
1.5400 1.4732 1.5400 1.5067
1.5500 1.4879 1.5500 1.5212
1.5600 1.4820 1.5600 1.5148
1.5700 1.4780 1.5700 1.5108
1.5800 1.4788 1.5800 1.5115
1.5800 1.5012 1.5800 1.5330
1.5900 1.5163 1.5900 1.5471
1.5900 1.5280 1.5900 1.5592
2.1200 1.9367 2.1200 2.0132
2.1300 1.9400 2.1300 2.0154
2.1300 1.9673 2.1300 2.0409
2.1500 1.9869 2.1500 2.0561
2.1700 1.9968 2.1700 2.0642
2.1800 2.0313 2.1800 2.0971
2.1900 2.0130 2.1900 2.0757
2.2000 2.0242 2.2000 2.0893
2.2700 2.0163 2.2700 2.0825
2.3600 2.0566 2.3600 2.1248
2.4600 2.0896 2.4600 2.1564
2.5400 2.0838 2.5400 2.1518
2.6300 2.0836 2.6300 2.1557
2.7300 2.0976 2.7300 2.1697
2.7900 2.2477 2.7900 2.3155
2.8500 2.3883 2.8500 2.4205
2.9400 2.4787 2.9400 2.5016
3.0000 2.5414 3.0000 2.5596
3.0400 2.6312 3.0400 2.6458
2.9900 2.7406 2.9900 2.7503
2.9300 2.7688 2.9300 2.7866
2.8100 2.7989 2.8100 2.8359
2.6700 2.9152 2.6700 2.9553
2.5700 2.9566 2.5700 2.9972
2.5100 2.9497 2.5100 3.0111
2.4600 2.7851 2.4600 2.8998
2.4200 2.6336 2.4200 2.7835
2.4100 2.4114 2.4100 2.5757
2.3800 2.1700 2.3800 2.3543
2.2900 2.0845 2.2900 2.2829
2.1900 2.1036 2.1900 2.2899
2.1000 2.0838 2.1000 2.2446
2.0400 2.0677 2.0400 2.2072
2.0000 2.1102 2.0000 2.2231
1.9500 2.1103 1.9500 2.1987
1.8900 1.9353 1.8900 2.0111
1.8500 1.7869 1.8500 1.8739
1.8200 1.7213 1.8200 1.8128
1.7700 1.7170 1.7700 1.8088
1.7200 1.7196 1.7200 1.8115
1.6700 1.6700 1.6700 1.7600
1.6100 1.6031 1.6100 1.6896
1.5500 1.5989 1.5500 1.6761
1.4900 1.6071 1.4900 1.6680
1.4500 1.5489 1.4500 1.5988
1.4400 1.4920 1.4400 1.5438
1.4500 1.4541 1.4500 1.5083
1.4900 1.3932 1.4900 1.4470
1.5200 1.3299 1.5200 1.3858
1.5500 1.2740 1.5500 1.3298
1.5600 1.2687 1.5600 1.3207
1.5600 1.3182 1.5600 1.3612
1.5500 1.3786 1.5500 1.4097
1.5300 1.4787 1.5300 1.4976
1.5200 1.5288 1.5200 1.5354
1.5000 1.5626 1.5000 1.5653
1.4800 1.5568 1.4800 1.5595
1.4700 1.5363 1.4700 1.5449
1.4600 1.5067 1.4600 1.5256
1.4200 1.4651 1.4200 1.4960
1.3900 1.4534 1.3900 1.4962
1.3600 1.4248 1.3600 1.4731
1.3300 1.3918 1.3300 1.4439
1.3100 1.3929 1.3100 1.4443
1.3100 1.3904 1.3100 1.4347
1.3000 1.3147 1.3000 1.3554
1.2900 1.2786 1.2900 1.3211
1.2800 1.2583 1.2800 1.2975
1.2800 1.2344 1.2800 1.2694
1.2800 1.2246 1.2800 1.2588
1.2900 1.2580 1.2900 1.2884
1.2900 1.2552 1.2900 1.2785
1.2900 1.2444 1.2900 1.2652
1.2800 1.2358 1.2800 1.2546
1.2700 1.2567 1.2700 1.2712
1.2600 1.2665 1.2600 1.2775
1.2400 1.2894 1.2400 1.3011
1.2300 1.2853 1.2300 1.2975
1.2400 1.2832 1.2400 1.2978
1.2500 1.2606 1.2500 1.2774
1.2400 1.2456 1.2400 1.2647
1.2400 1.2346 1.2400 1.2548
1.2300 1.2031 1.2300 1.2252
1.2200 1.1962 1.2200 1.2213
1.1900 1.2378 1.1900 1.2608
1.1700 1.2611 1.1700 1.2781
1.1600 1.2283 1.1600 1.2439
1.1500 1.2280 1.1500 1.2453
1.1500 1.2173 1.1500 1.2318
1.1300 1.2039 1.1300 1.2178
1.1300 1.1465 1.1300 1.1639
1.1400 1.1256 1.1400 1.1482
1.1400 1.1352 1.1400 1.1574
1.1300 1.1329 1.1300 1.1524
1.1300 1.1408 1.1300 1.1591
1.1300 1.1084 1.1300 1.1234
1.1300 1.1221 1.1300 1.1356
1.1100 1.1609 1.1100 1.1686
1.1000 1.1575 1.1000 1.1600
1.1100 1.1301 1.1100 1.1352
1.1100 1.1384 1.1100 1.1460
1.1000 1.1471 1.1000 1.1535
1.1000 1.1493 1.1000 1.1554
1.1000 1.1011 1.1000 1.1102
1.0300 1.0922 1.0300 1.1058
1.0400 1.1335 1.0400 1.1449
1.0400 1.1349 1.0400 1.1421
1.0300 1.1039 1.0300 1.1129
1.0600 1.1108 1.0600 1.1214
1.1000 1.1209 1.1000 1.1280
1.1700 0.9731 1.1700 0.9821
1.2200 1.0253 1.2200 1.0444
1.2500 1.0656 1.2500 1.0740
1.2600 1.0442 1.2600 1.0482
1.2600 1.1043 1.2600 1.1125
1.2400 1.1879 1.2400 1.1861
1.2100 1.3080 1.2100 1.2946
1.1600 1.3596 1.1600 1.3386
1.1100 1.3464 1.1100 1.3293
1.0700 1.3310 1.0700 1.3215
1.0300 1.3045 1.0300 1.3033
0.9800 1.2435 0.9800 1.2562
0.9200 1.1821 0.9200 1.2077
0.8600 1.0904 0.8600 1.1286
0.8200 1.0241 0.8200 1.0715
0.7800 0.9890 0.7800 1.0363
0.7400 0.9535 0.7400 0.9943
0.7100 0.8923 0.7100 0.9301
0.6800 0.8332 0.6800 0.8696
0.6600 0.7851 0.6600 0.8158
0.6700 0.7692 0.6700 0.7928
0.7000 0.7442 0.7000 0.7597
0.7300 0.7141 0.7300 0.7252
0.7500 0.6995 0.7500 0.7072
0.7800 0.6787 0.7800 0.6813
0.7900 0.6708 0.7900 0.6659
0.8000 0.7239 0.8000 0.7000
0.8200 0.8000 0.8200 0.7665
0.8300 0.8526 0.8300 0.8126
0.8400 0.8695 0.8400 0.8291
0.8400 0.9113 0.8400 0.8723
0.8400 0.9131 0.8400 0.8739
0.8500 0.9119 0.8500 0.8788
0.8600 0.9379 0.8600 0.9120
0.8600 0.9423 0.8600 0.9211
0.8700 0.9421 0.8700 0.9283
0.8700 0.9260 0.8700 0.9181
0.8700 0.9161 0.8700 0.9111
0.8900 0.9356 0.8900 0.9301
0.9000 0.9473 0.9000 0.9394
0.9100 0.9337 0.9100 0.9263
0.9300 0.9481 0.9300 0.9416
0.9500 0.9420 0.9500 0.9343
0.9800 0.9366 0.9800 0.9291
1.0000 0.9751 1.0000 0.9670
1.0000 0.9863 1.0000 0.9751
1.0200 0.9904 1.0200 0.9802
1.0400 1.0199 1.0400 1.0109
1.0700 1.0461 1.0700 1.0350
1.1100 1.0884 1.1100 1.0759
1.1400 1.1008 1.1400 1.0880
1.1700 1.0704 1.1700 1.0619
1.1800 1.1005 1.1800 1.0968
1.2000 1.1300 1.2000 1.1254
1.2200 1.1680 1.2200 1.1640
1.2200 1.2212 1.2200 1.2178
1.2400 1.2441 1.2400 1.2407
1.2600 1.2674 1.2600 1.2662
1.2700 1.2520 1.2700 1.2526
1.2900 1.2658 1.2900 1.2708
1.3200 1.2901 1.3200 1.2964
1.3600 1.2607 1.3600 1.2708
1.4000 1.2839 1.4000 1.3022
1.4500 1.3144 1.4500 1.3321
1.4800 1.3086 1.4800 1.3258
1.5000 1.3297 1.5000 1.3490
1.5200 1.3750 1.5200 1.3916
1.5400 1.4349 1.5400 1.4470
1.5800 1.4798 1.5800 1.4893
1.6000 1.5372 1.6000 1.5475
1.6300 1.5511 1.6300 1.5612
1.6600 1.5434 1.6600 1.5587
1.6900 1.5506 1.6900 1.5731
1.7300 1.5676 1.7300 1.5939
1.7700 1.6258 1.7700 1.6556
1.8000 1.6272 1.8000 1.6594
1.8400 1.6490 1.8400 1.6871
1.8700 1.6841 1.8700 1.7226
1.8900 1.7115 1.8900 1.7477
1.9100 1.7590 1.9100 1.7950
1.9300 1.8036 1.9300 1.8381
1.9300 1.8162 1.9300 1.8525
1.9300 1.8614 1.9300 1.9018
1.9500 1.8798 1.9500 1.9214
1.9600 1.8764 1.9600 1.9223
1.9700 1.8831 1.9700 1.9348
1.9800 1.8983 1.9800 1.9540
1.9900 1.8670 1.9900 1.9262
1.9900 1.8457 1.9900 1.9121
1.9900 1.8861 1.9900 1.9548
1.9900 1.8962 1.9900 1.9605
2.0100 1.8923 2.0100 1.9575
2.0400 1.8984 2.0400 1.9647
2.0700 1.9103 2.0700 1.9739
2.0700 1.8971 2.0700 1.9592
2.1000 1.8855 2.1000 1.9499
2.1300 1.8836 2.1300 1.9493
2.1500 1.9323 2.1500 1.9969
2.1700 1.9866 2.1700 2.0476
2.1600 2.0224 2.1600 2.0805
2.1600 1.9814 2.1600 2.0401
2.1600 2.0326 2.1600 2.0954
2.1600 2.0871 2.1600 2.1440
2.1800 2.0921 2.1800 2.1477
2.1900 2.0969 2.1900 2.1598
2.2000 2.0473 2.2000 2.1160
2.2100 2.0375 2.2100 2.1141
2.2300 2.0424 2.2300 2.1211
2.2400 2.0330 2.2400 2.1125
2.2600 2.0775 2.2600 2.1583
2.2600 2.0873 2.2600 2.1642
2.2600 2.0873 2.2600 2.1645
2.2700 2.0999 2.2700 2.1750
2.2900 2.1330 2.2900 2.2043
2.3100 2.1384 2.3100 2.2070
2.3200 2.1631 2.3200 2.2335
2.3400 2.1409 2.3400 2.2136
2.3600 2.1279 2.3600 2.2056
2.3700 2.1481 2.3700 2.2285
2.3800 2.1885 2.3800 2.2671
2.3800 2.2118 2.3800 2.2884
2.3500 2.2069 2.3500 2.2849
2.3400 2.2319 2.3400 2.3118
2.3300 2.2640 2.3300 2.3409
2.3100 2.2572 2.3100 2.3329
2.3000 2.2564 2.3000 2.3365
2.2900 2.2426 2.2900 2.3255
2.2800 2.1620 2.2800 2.2506
2.2800 2.1528 2.2800 2.2505
2.2900 2.1540 2.2900 2.2508
2.2800 2.1171 2.2800 2.2129
2.2800 2.1076 2.2800 2.2064
2.2700 2.1054 2.2700 2.2011
2.2700 2.0984 2.2700 2.1888
2.2900 2.1135 2.2900 2.1997
2.3300 2.1437 2.3300 2.2244
2.3400 2.1195 2.3400 2.1955
2.7000 2.1200 2.7000 2.1984
2.7000 2.1052 2.7000 2.1838
2.6900 2.1153 2.6900 2.1938
2.6800 2.1691 2.6800 2.2463
2.6700 2.2519 2.6700 2.3243
2.6600 2.2356 2.6600 2.3045
2.6500 2.8296 2.6500 2.8602
2.6300 2.7090 2.6300 2.6925
2.6100 2.5201 2.6100 2.5474
2.5900 2.5302 2.5900 2.6016
2.5900 2.5612 2.5900 2.6369
2.5600 2.5054 2.5600 2.5990
2.5300 2.4578 2.5300 2.5839
2.5200 2.3840 2.5200 2.5321
2.5500 2.4111 2.5500 2.5576
2.6500 2.3392 2.6500 2.4624
2.7700 2.3699 2.7700 2.4987
2.8600 2.3223 2.8600 2.4251
2.9000 2.2687 2.9000 2.3761
2.8900 2.2897 2.8900 2.3974
2.9600 2.3972 2.9600 2.4886
3.0000 2.5982 3.0000 2.6697
3.0100 2.7428 3.0100 2.7868
2.9700 2.8048 2.9700 2.8346
2.9100 2.8137 2.9100 2.8401
2.8700 2.7533 2.8700 2.7979
2.8500 2.8816 2.8500 2.9355
2.8400 2.9351 2.8400 2.9847
2.8500 2.8816 2.8500 2.9571
2.9100 2.7317 2.9100 2.8666
2.9200 2.6052 2.9200 2.7603
2.9500 2.5693 2.9500 2.7295
2.9600 2.5777 2.9600 2.7300
2.9300 2.5731 2.9300 2.7119
2.9100 2.6246 2.9100 2.7491
2.9000 2.7486 2.9000 2.8573
2.8900 2.7442 2.8900 2.8349
2.8900 2.7767 2.8900 2.8610
2.8500 2.7932 2.8500 2.8782
2.7900 2.7015 2.7900 2.7940
2.6300 2.6603 2.6300 2.7707
2.6200 2.6690 2.6200 2.7893
2.6100 2.6578 2.6100 2.7822
2.5800 2.6687 2.5800 2.7914
2.5400 2.5675 2.5400 2.6985
2.5300 2.4520 2.5300 2.5892
2.5100 2.1367 2.5100 2.2801
2.4600 2.2554 2.4600 2.4127
2.3900 2.3638 2.3900 2.4878
2.3700 2.2957 2.3700 2.4010
2.3500 2.2142 2.3500 2.3389
2.3300 2.2672 2.3300 2.3826
2.2900 2.2719 2.2900 2.3640
2.2600 2.1800 2.2600 2.2646
2.2500 2.0424 2.2500 2.1376
2.2400 2.1047 2.2400 2.2056
2.1000 2.1257 2.1000 2.2169
1.9100 2.0965 1.9100 2.1909
1.7400 2.0258 1.7400 2.1218
1.8600 2.0100 1.8600 2.1046
1.8900 2.0443 1.8900 2.1304
1.9400 2.0516 1.9400 2.1286
1.9800 1.7302 1.9800 1.8122
1.9900 1.3926 1.9900 1.5063
2.0100 1.2887 2.0100 1.4140
1.9900 1.7404 1.9900 1.8516
1.9900 1.8197 1.9900 1.8754
1.9900 1.8231 1.9900 1.8781
1.9900 1.9074 1.9900 1.9567
1.9500 1.9375 1.9500 1.9572
1.9100 1.9547 1.9100 1.9622
1.8800 1.8884 1.8800 1.9000
1.8700 1.8713 1.8700 1.9060
1.7700 1.9128 1.7700 1.9668
1.5600 1.8866 1.5600 1.9569
1.4300 1.7838 1.4300 1.8685
1.6600 1.7150 1.6600 1.8020
1.7600 1.6958 1.7600 1.7813
1.8100 1.7248 1.8100 1.8008
1.8500 1.5115 1.8500 1.5852
1.8600 1.1423 1.8600 1.2392
1.8600 1.0934 1.8600 1.2038
1.8600 1.7333 1.8600 1.8110
1.8900 1.8726 1.8900 1.8872
1.9200 1.7915 1.9200 1.8065
1.9100 1.8308 1.9100 1.8556
1.9100 1.8672 1.9100 1.8673
1.9400 1.8389 1.9400 1.8312
1.9900 1.8005 1.9900 1.8133
2.1200 1.8487 2.1200 1.8877
2.2000 1.9303 2.2000 1.9844
2.2700 1.8338 2.2700 1.9059
2.3200 1.8047 2.3200 1.8916
2.3600 1.8904 2.3600 1.9600
2.3400 1.9891 2.3400 2.0419
2.3000 2.2017 2.3000 2.2246
2.2500 2.2614 2.2500 2.2699
2.2000 2.2925 2.2000 2.3057
2.1600 2.3242 2.1600 2.3417
2.0900 2.3526 2.0900 2.3724
1.9900 2.2510 1.9900 2.3086
1.9200 2.1248 1.9200 2.2110
1.8600 2.0280 1.8600 2.1395
1.8300 1.9673 1.8300 2.0911
1.8200 1.9157 1.8200 2.0450
1.8100 1.8011 1.8100 1.9297
1.7900 1.6350 1.7900 1.7619
1.7800 1.5899 1.7800 1.7124
1.8400 1.5687 1.8400 1.6720
1.9200 1.5897 1.9200 1.6758
2.0000 1.6312 2.0000 1.7017
2.0800 1.6475 2.0800 1.7044
2.1300 1.6308 2.1300 1.6782
2.1400 1.6394 2.1400 1.6805
2.1900 1.8072 2.1900 1.8380
2.2200 1.9767 2.2200 1.9896
2.2300 2.0659 2.2300 2.0686
2.2400 2.1362 2.2400 2.1392
2.2600 2.1633 2.2600 2.1651
2.2800 2.1203 2.2800 2.1400
2.2900 2.1903 2.2900 2.2188
2.3000 2.2144 2.3000 2.2539
2.3000 2.1728 2.3000 2.2391
2.3000 2.1513 2.3000 2.2382
2.3000 2.1794 2.3000 2.2730
2.2600 2.2025 2.2600 2.2917
2.2500 2.1891 2.2500 2.2763
2.2700 2.1810 2.2700 2.2695
2.3300 2.1738 2.3300 2.2601
2.3300 2.1630 2.3300 2.2491
2.3300 2.1572 2.3300 2.2448
2.3500 2.0594 2.3500 2.1483
2.3500 2.0580 2.3500 2.1550
2.3300 2.1418 2.3300 2.2335
2.3900 2.2779 2.3900 2.3465
2.4500 2.2206 2.4500 2.2907
2.5300 2.1760 2.5300 2.2554
2.5500 2.2344 2.5500 2.3133
2.5500 2.2330 2.5500 2.3016
2.5500 2.1551 2.5500 2.2314
2.5500 2.3082 2.5500 2.3940
2.5400 2.4336 2.5400 2.4889
2.5300 2.5138 2.5300 2.5557
2.5200 2.4837 2.5200 2.5340
2.5200 2.4189 2.5200 2.4971
2.5500 2.4144 2.5500 2.4976
2.5800 2.4116 2.5800 2.4981
2.5800 2.3657 2.5800 2.4632
2.5600 2.3438 2.5600 2.4540
2.5500 2.3242 2.5500 2.4412
2.5600 2.3392 2.5600 2.4558
2.5900 2.4111 2.5900 2.5100
2.6100 2.4639 2.6100 2.5484
2.5900 2.4241 2.5900 2.5110
2.5900 2.3566 2.5900 2.4495
2.5800 2.3507 2.5800 2.4480
2.6000 2.3986 2.6000 2.4929
2.6300 2.4655 2.6300 2.5542
2.7200 2.7261 2.7200 2.8046
2.8000 2.5188 2.8000 2.6097
2.9600 2.3420 2.9600 2.4633
3.0700 2.5648 3.0700 2.6878
3.1400 2.5592 3.1400 2.6459
3.1500 2.4600 3.1500 2.5657
3.1200 2.4655 3.1200 2.5870
3.0700 2.6891 3.0700 2.7826
3.0100 2.9351 3.0100 2.9926
3.0200 3.0074 3.0200 3.0416
3.0200 3.0258 3.0200 3.0552
2.9900 3.0142 2.9900 3.0551
2.9500 2.9374 2.9500 3.0011
2.9200 2.8150 2.9200 2.9296
2.8700 2.6972 2.8700 2.8390
2.8300 2.7771 2.8300 2.9424
2.7600 2.8060 2.7600 2.9500
2.7500 2.7009 2.7500 2.8446
2.7300 2.6197 2.7300 2.7785
2.7000 2.6089 2.7000 2.7527
2.6800 2.5431 2.6800 2.6726
2.6700 2.4977 2.6700 2.6252
2.6800 2.3866 2.6800 2.5172
2.6200 2.4489 2.6200 2.5830
2.5600 2.4625 2.5600 2.5765
2.6100 2.4072 2.6100 2.5210
2.6500 2.3953 2.6500 2.5112
2.6200 2.4242 2.6200 2.5300
2.5200 2.4749 2.5200 2.5631
2.4900 2.3363 2.4900 2.4294
2.4500 2.2175 2.4500 2.3271
2.4900 2.4383 2.4900 2.5482
2.5100 2.5405 2.5100 2.6128
2.4600 2.4034 2.4600 2.4869
2.4200 2.1507 2.4200 2.2607
2.3400 2.1857 2.3400 2.3080
2.2600 2.2005 2.2600 2.3042
2.1800 2.3214 2.1800 2.4120
2.1600 2.3573 2.1600 2.4427
2.1400 2.2133 2.1400 2.3072
2.1100 2.1419 2.1100 2.2492
2.0700 2.0264 2.0700 2.1291
2.0000 1.9095 2.0000 2.0119
1.9800 1.8315 1.9800 1.9399
2.0400 1.8836 2.0400 1.9955
2.1200 1.9153 2.1200 2.0178
2.0800 1.8732 2.0800 1.9666
2.0200 1.8110 2.0200 1.9005
2.0200 1.7178 2.0200 1.7960
2.0300 1.7518 2.0300 1.8232
2.0000 1.9639 2.0000 2.0199
1.9800 2.1145 1.9800 2.1492
2.0900 1.9229 2.0900 1.9592
2.1100 2.0108 2.1100 2.0487
2.1400 2.1979 2.1400 2.2096
2.1900 2.1532 2.1900 2.1633
2.2800 1.9556 2.2800 2.0121
2.3900 1.9632 2.3900 2.0444
2.5000 2.0247 2.5000 2.0981
2.5800 2.0454 2.5800 2.1188
2.6900 2.0713 2.6900 2.1543
2.7300 2.1537 2.7300 2.2362
2.7400 2.3113 2.7400 2.3530
2.8500 2.4240 2.8500 2.4518
2.9300 2.5249 2.9300 2.5385
2.9000 2.5900 2.9000 2.5937
2.8700 2.7104 2.8700 2.7122
2.8500 2.7048 2.8500 2.7213
2.8400 2.6530 2.8400 2.6919
2.8500 2.8322 2.8500 2.8853
2.8600 2.9301 2.8600 2.9640
2.9000 2.7647 2.9000 2.8344
2.9000 2.6329 2.9000 2.7751
2.8900 2.6308 2.8900 2.7786
2.9500 2.6420 2.9500 2.7792
3.1300 2.6536 3.1300 2.7837
3.2100 2.6578 3.2100 2.7867
3.2400 2.7556 3.2400 2.8635
3.2500 2.7248 3.2500 2.8222
3.2400 2.6619 3.2400 2.7711
3.2500 2.8250 3.2500 2.9154
3.2700 3.1101 3.2700 3.1615
3.2500 3.1384 3.2500 3.1686
3.2200 3.0883 3.2200 3.1303
3.2400 3.0802 3.2400 3.1529
3.2700 3.0765 3.2700 3.1517
3.2700 3.0813 3.2700 3.1798
3.2800 3.1015 3.2800 3.2159
3.2900 3.0132 3.2900 3.1569
3.2700 2.9406 3.2700 3.1024
3.2300 3.0113 3.2300 3.1508
3.1800 3.0785 3.1800 3.2036
3.1300 3.0443 3.1300 3.1539
3.0900 3.0473 3.0900 3.1602
3.0000 3.0796 3.0000 3.1892
2.9700 3.0234 2.9700 3.1350
2.9600 2.9196 2.9600 3.0545
2.9100 2.8337 2.9100 2.9813
2.8600 2.7786 2.8600 2.9316
2.7900 2.7456 2.7900 2.9003
2.6800 2.5764 2.6800 2.7370
2.6500 2.5900 2.6500 2.7564
2.5900 2.6629 2.5900 2.7941
2.5200 2.5700 2.5200 2.6909
2.4800 2.4851 2.4800 2.6210
2.4200 2.4007 2.4200 2.5330
2.3700 2.2289 2.3700 2.3592
2.3300 2.2845 2.3300 2.4195
2.2800 2.2372 2.2800 2.3590
2.2500 2.1337 2.2500 2.2566
2.2200 2.1325 2.2200 2.2585
2.1500 2.0785 2.1500 2.1925
1.8300 2.0370 1.8300 2.1424
1.8100 2.0256 1.8100 2.1233
1.7800 1.9719 1.7800 2.0632
1.7500 1.9805 1.7500 2.0691
1.7200 1.9692 1.7200 2.0523
1.6900 1.8490 1.6900 1.9324
1.7300 1.2504 1.7300 1.3518
1.8000 1.4136 1.8000 1.5459
1.8600 1.5669 1.8600 1.6584
1.8900 1.5310 1.8900 1.5959
1.8800 1.4742 1.8800 1.5530
1.8600 1.4828 1.8600 1.5487
1.8700 1.6491 1.8700 1.6846
1.8800 1.8212 1.8800 1.8323
1.9000 1.8636 1.9000 1.8600
1.9300 1.8999 1.9300 1.8965
1.9300 1.8219 1.9300 1.8331
1.9500 1.7624 1.9500 1.8001
1.9400 1.8033 1.9400 1.8482
1.9000 1.8215 1.9000 1.8714
1.8400 1.8467 1.8400 1.9066
1.8000 1.8909 1.8000 1.9568
1.7800 1.8584 1.7800 1.9229
1.7700 1.8831 1.7700 1.9463
1.7700 1.8472 1.7700 1.9037
1.7700 1.7444 1.7700 1.8047
1.7600 1.6352 1.7600 1.7078
1.7400 1.6047 1.7400 1.6859
1.7300 1.6211 1.7300 1.7007
1.7300 1.6350 1.7300 1.7087
1.7100 1.6472 1.7100 1.7164
1.7100 1.6645 1.7100 1.7245
1.6800 1.6491 1.6800 1.6990
1.6700 1.6150 1.6700 1.6605
1.6100 1.6150 1.6100 1.6581
1.5400 1.6405 1.5400 1.6814
1.4900 1.6029 1.4900 1.6454
1.4400 1.6125 1.4400 1.6626
1.4000 1.5606 1.4000 1.6110
1.3700 1.5582 1.3700 1.6110
1.3400 1.4477 1.3400 1.5002
1.3100 1.3320 1.3100 1.3926
1.2900 1.3010 1.2900 1.3658
1.2700 1.2716 1.2700 1.3300
1.2500 1.2390 1.2500 1.2950
1.2500 1.2336 1.2500 1.2849
1.2500 1.2148 1.2500 1.2570
1.2500 1.1998 1.2500 1.2332
1.2400 1.1967 1.2400 1.2215
1.2300 1.1919 1.2300 1.2097
1.2200 1.1825 1.2200 1.1957
1.2300 1.2108 1.2300 1.2234
1.2300 1.2302 1.2300 1.2397
1.2000 1.2358 1.2000 1.2440
1.2100 1.2168 1.2100 1.2265
1.1900 1.2046 1.1900 1.2162
1.1700 1.1988 1.1700 1.2109
1.1500 1.2337 1.1500 1.2458
1.1300 1.2335 1.1300 1.2446
1.1200 1.1637 1.1200 1.1788
1.1100 1.2007 1.1100 1.2216
1.1200 1.1753 1.1200 1.1905
1.1300 1.1362 1.1300 1.1532
1.1300 1.1124 1.1300 1.1330
1.1100 1.0958 1.1100 1.1153
1.0900 1.1000 1.0900 1.1181
1.1000 1.0969 1.1000 1.1123
1.1600 1.1270 1.1600 1.1399
1.2600 1.1593 1.2600 1.1652
1.3600 1.1483 1.3600 1.1508
1.4300 1.1015 1.4300 1.1066
1.5100 1.0730 1.5100 1.0802
1.5500 1.1187 1.5500 1.1258
1.6400 1.2569 1.6400 1.2569
1.7000 1.4350 1.7000 1.4243
1.7500 1.5601 1.7500 1.5334
1.8100 1.5949 1.8100 1.5633
1.9000 1.6648 1.9000 1.6318
1.9300 1.6804 1.9300 1.6460
1.9300 1.7853 1.9300 1.7573
1.9000 1.8341 1.9000 1.8119
1.9000 1.8517 1.9000 1.8454
1.8800 1.9025 1.8800 1.9127
1.8500 2.0136 1.8500 2.0270
1.8300 1.9925 1.8300 2.0075
1.8300 1.9039 1.8300 1.9597
1.8200 1.7975 1.8200 1.8691
1.8200 1.8194 1.8200 1.8980
1.8200 1.7772 1.8200 1.8549
1.7900 1.7016 1.7900 1.7885
1.7600 1.6766 1.7600 1.7688
1.7200 1.7173 1.7200 1.8017
1.6600 1.7025 1.6600 1.7747
1.6800 1.7073 1.6800 1.7727
1.6800 1.7153 1.6800 1.7717
1.6600 1.6579 1.6600 1.7092
1.6300 1.6064 1.6300 1.6620
1.6200 1.5546 1.6200 1.6133
1.6200 1.4644 1.6200 1.5254
1.6300 1.5728 1.6300 1.6366
1.6400 1.6026 1.6400 1.6526
1.6400 1.5444 1.6400 1.5927
1.6600 1.4896 1.6600 1.5423
1.6700 1.5089 1.6700 1.5567
1.6500 1.5440 1.6500 1.5808
1.6200 1.5737 1.6200 1.6055
1.5900 1.5834 1.5900 1.6171
1.5500 1.5846 1.5500 1.6193
1.5000 1.6244 1.5000 1.6598
1.4700 1.6370 1.4700 1.6696
1.4500 1.5712 1.4500 1.6047
1.4300 1.5074 1.4300 1.5511
1.4100 1.4717 1.4100 1.5221
1.4000 1.4187 1.4000 1.4722
1.3700 1.3444 1.3700 1.4030
1.3600 1.3276 1.3600 1.3893
1.3500 1.3386 1.3500 1.3935
1.3300 1.3284 1.3300 1.3748
1.3100 1.3086 1.3100 1.3499
1.3100 1.3185 1.3100 1.3524
1.3000 1.2804 1.3000 1.3066
1.3000 1.2866 1.3000 1.3118
1.2800 1.2925 1.2800 1.3141
1.2800 1.2673 1.2800 1.2875
1.2800 1.2420 1.2800 1.2660
1.2900 1.2696 1.2900 1.2940
1.3100 1.2643 1.3100 1.2841
1.3300 1.2733 1.3300 1.2926
1.3200 1.2340 1.3200 1.2535
1.3400 1.2518 1.3400 1.2724
1.3700 1.2673 1.3700 1.2839
1.3800 1.2906 1.3800 1.3055
1.3800 1.3277 1.3800 1.3412
1.4000 1.3599 1.4000 1.3706
1.4200 1.3132 1.4200 1.3252
1.4600 1.3528 1.4600 1.3697
1.4700 1.4135 1.4700 1.4257
1.4700 1.4084 1.4700 1.4187
1.4800 1.3759 1.4800 1.3945
1.5100 1.4134 1.5100 1.4378
1.5400 1.4491 1.5400 1.4699
1.5500 1.5115 1.5500 1.5310
1.5600 1.4885 1.5600 1.5086
1.5700 1.4580 1.5700 1.4846
1.5800 1.4740 1.5800 1.5043
1.6000 1.5341 1.6000 1.5624
1.6300 1.5712 1.6300 1.5963
1.6600 1.5526 1.6600 1.5805
1.6900 1.5446 1.6900 1.5796
1.7300 1.5591 1.7300 1.5950
1.7600 1.5651 1.7600 1.5996
1.8000 1.5915 1.8000 1.6273
1.8300 1.6382 1.8300 1.6731
1.8600 1.6748 1.8600 1.7089
1.8900 1.7032 1.8900 1.7378
1.9200 1.7533 1.9200 1.7875
1.9500 1.7782 1.9500 1.8098
1.9800 1.8224 1.9800 1.8555
1.9900 1.8429 1.9900 1.8783
1.9800 1.8634 1.9800 1.9034
2.0000 1.8892 2.0000 1.9340
2.0200 1.9150 2.0200 1.9632
2.0300 1.9388 2.0300 1.9904
2.0500 1.9654 2.0500 2.0196
2.0800 1.9422 2.0800 1.9997
2.1300 1.8879 2.1300 1.9526
2.1700 1.9281 2.1700 1.9983
2.1900 1.9672 2.1900 2.0329
2.1900 1.9568 2.1900 2.0221
2.1500 1.9758 2.1500 2.0458
2.1600 2.0282 2.1600 2.0951
2.2000 2.1150 2.2000 2.1746
2.2300 2.1533 2.2300 2.2070
2.2500 2.1341 2.2500 2.1903
2.2700 2.0962 2.2700 2.1594
2.3300 1.9872 2.3300 2.0597
2.3600 2.0286 2.3600 2.1130
2.3600 2.1415 2.3600 2.2202
2.3500 2.1709 2.3500 2.2437
2.3300 2.1618 2.3300 2.2402
2.3500 2.1783 2.3500 2.2577
2.4000 2.3015 2.4000 2.3684
2.4100 2.3228 2.4100 2.3792
2.4200 2.2467 2.4200 2.3111
2.4300 2.2026 2.4300 2.2824
2.4400 2.1668 2.4400 2.2540
2.4400 2.2256 2.4400 2.3188
2.4600 2.3369 2.4600 2.4233
2.4700 2.3048 2.4700 2.3878
2.4800 2.2862 2.4800 2.3769
2.5000 2.3007 2.5000 2.3905
2.5000 2.3148 2.5000 2.3979
2.5300 2.2967 2.5300 2.3782
2.5400 2.3296 2.5400 2.4163
2.5300 2.3422 2.5300 2.4298
2.5300 2.3465 2.5300 2.4367
2.5400 2.3721 2.5400 2.4650
2.5400 2.3539 2.5400 2.4437
2.5500 2.4101 2.5500 2.5000
2.5900 2.4154 2.5900 2.5016
2.6000 2.3580 2.6000 2.4482
2.6000 2.3566 2.6000 2.4548
2.6100 2.3891 2.6100 2.4860
2.6200 2.3785 2.6200 2.4737
2.6300 2.3911 2.6300 2.4893
2.6300 2.4771 2.6300 2.5673
2.6500 2.4750 2.6500 2.5618
2.6500 2.4341 2.6500 2.5258
2.6300 2.4499 2.6300 2.5465
2.6200 2.4741 2.6200 2.5661
2.6200 2.4813 2.6200 2.5738
2.6300 2.4594 2.6300 2.5576
2.6300 2.4985 2.6300 2.6008
2.6400 2.4908 2.6400 2.5898
2.6700 2.4205 2.6700 2.5238
2.6900 2.4055 2.6900 2.5157
2.7500 2.4313 2.7500 2.5379
2.7600 2.4595 2.7600 2.5625
2.7500 2.4481 2.7500 2.5507
2.7500 2.4622 2.7500 2.5657
2.7500 2.5364 2.7500 2.6278
2.7400 2.5599 2.7400 2.6408
2.7200 2.6632 2.7200 2.7320
2.7100 2.6417 2.7100 2.7188
2.7000 2.5660 2.7000 2.6574
2.6800 2.5668 2.6800 2.6703
2.6600 2.5753 2.6600 2.6792
2.6400 2.5409 2.6400 2.6493
2.6300 2.4908 2.6300 2.6090
2.6400 2.4801 2.6400 2.6046
2.6900 2.4845 2.6900 2.6054
2.7900 2.4419 2.7900 2.5591
2.8800 2.4096 2.8800 2.5276
2.9500 2.3944 2.9500 2.5083
3.0000 2.4008 3.0000 2.5111
2.9800 2.4462 2.9800 2.5488
2.9400 2.5634 2.9400 2.6468
2.9000 2.7334 2.9000 2.7939
2.8900 2.8208 2.8900 2.8646
2.8600 2.8678 2.8600 2.9040
2.7900 2.9106 2.7900 2.9439
2.7800 2.8333 2.7800 2.8845
2.8000 2.7072 2.8000 2.8094
2.8700 2.6394 2.8700 2.7667
2.8900 2.6558 2.8900 2.7979
2.8900 2.6015 2.8900 2.7508
2.8700 2.4387 2.8700 2.5993
2.8400 2.4777 2.8400 2.6417
2.8400 2.5958 2.8400 2.7146
2.8200 2.7230 2.8200 2.8224
2.7800 2.7276 2.7800 2.8086
2.7300 2.6887 2.7300 2.7739
2.7000 2.6463 2.7000 2.7433
2.7000 2.5968 2.7000 2.6963
2.6900 2.6174 2.6900 2.7254
2.6500 2.5887 2.6500 2.7012
2.6200 2.4931 2.6200 2.6189
2.5400 2.4149 2.5400 2.5543
2.4500 2.4024 2.4500 2.5408
2.4200 2.4599 2.4200 2.5822
2.4100 2.4560 2.4100 2.5623
2.4000 2.3622 2.4000 2.4742
2.3900 2.3349 2.3900 2.4505
2.3900 2.2007 2.3900 2.3125
2.4000 2.0577 2.4000 2.1777
2.4100 2.1003 2.4100 2.2239
2.3900 2.1672 2.3900 2.2763
2.3800 2.1706 2.3800 2.2689
2.3900 2.1608 2.3900 2.2595
2.3900 2.1868 2.3900 2.2764
2.4000 2.2390 2.4000 2.3131
2.4100 2.2599 2.4100 2.3244
2.4100 2.1985 2.4100 2.2656
2.3900 2.1897 2.3900 2.2665
2.3700 2.2398 2.3700 2.3205
2.3400 2.2395 2.3400 2.3199
2.3000 2.2494 2.3000 2.3344
2.2900 2.2679 2.2900 2.3537
2.2700 2.2586 2.2700 2.3429
2.2300 2.2045 2.2300 2.2912
2.1900 2.1659 2.1900 2.2579
2.1700 2.1231 2.1700 2.2172
2.1700 2.0617 2.1700 2.1593
2.1800 2.0784 2.1800 2.1808
2.1400 2.0674 2.1400 2.1647
2.1300 1.9914 2.1300 2.0873
2.1500 1.9366 2.1500 2.0356
2.1700 1.9494 2.1700 2.0429
2.1700 1.9973 2.1700 2.0792
2.1200 2.0357 2.1200 2.1087
2.0800 1.9343 2.0800 2.0061
2.0600 1.9383 2.0600 2.0169
2.0500 2.0306 2.0500 2.1007
2.0600 2.0759 2.0600 2.1340
2.0900 2.0430 2.0900 2.1026
2.1400 1.9137 2.1400 1.9837
2.1600 1.8582 2.1600 1.9404
2.1200 1.8792 2.1200 1.9607
2.0600 1.8861 2.0600 1.9633
2.0100 1.9243 2.0100 2.0016
1.9400 1.9992 1.9400 2.0713
1.8400 2.0976 1.8400 2.1559
1.7500 2.0987 1.7500 2.1502
1.6800 1.9552 1.6800 2.0098
1.5600 1.8310 1.5600 1.9004
1.4300 1.7859 1.4300 1.8644
1.3500 1.6900 1.3500 1.7753
1.2800 1.5225 1.2800 1.6231
1.2200 1.4176 1.2200 1.5318
1.1800 1.3880 1.1800 1.4969
1.1300 1.2599 1.1300 1.3523
1.1200 1.1348 1.1200 1.2236
1.1300 1.1174 1.1300 1.1967
1.1300 1.0923 1.1300 1.1510
1.1300 1.0561 1.1300 1.1019
1.1100 1.0410 1.1100 1.0786
1.0800 0.9979 1.0800 1.0239
1.0900 1.0337 1.0900 1.0393
1.0800 1.1031 1.0800 1.0941
1.0700 1.1174 1.0700 1.0990
1.0600 1.1258 1.0600 1.1080
1.0400 1.0925 1.0400 1.0794
1.0200 1.0465 1.0200 1.0409
0.9900 1.1008 0.9900 1.0994
0.9500 1.0909 0.9500 1.0884
0.9300 1.0700 0.9300 1.0745
0.9300 1.0594 0.9300 1.0693
0.9400 1.0316 0.9400 1.0419
0.9500 1.0080 0.9500 1.0178
0.9400 0.9662 0.9400 0.9752
0.9200 0.9079 0.9200 0.9190
0.9100 0.9099 0.9100 0.9217
0.9000 0.9431 0.9000 0.9501
0.9100 0.9790 0.9100 0.9796
0.9200 0.9986 0.9200 0.9932
0.9600 0.9712 0.9600 0.9634
0.9800 0.9354 0.9800 0.9279
1.0100 0.9344 1.0100 0.9266
1.0400 0.9309 1.0400 0.9219
1.0600 0.9626 1.0600 0.9549
1.0900 0.9841 1.0900 0.9767
1.1100 1.0593 1.1100 1.0512
1.1300 1.0786 1.1300 1.0652
1.1600 1.1101 1.1600 1.0957
1.2000 1.1467 1.2000 1.1304
1.2400 1.1603 1.2400 1.1430
1.2800 1.1912 1.2800 1.1790
1.3100 1.2047 1.3100 1.1968
1.3400 1.2127 1.3400 1.2110
1.3700 1.2524 1.3700 1.2554
1.4000 1.3041 1.4000 1.3074
1.4400 1.3476 1.4400 1.3508
1.4700 1.3841 1.4700 1.3877
1.5200 1.3977 1.5200 1.4036
1.5700 1.4204 1.5700 1.4290
1.6300 1.4452 1.6300 1.4561
1.6500 1.4698 1.6500 1.4839
1.6400 1.5160 1.6400 1.5336
1.7200 1.6244 1.7200 1.6685
1.7700 1.6167 1.7700 1.6643
1.8000 1.6159 1.8000 1.6635
1.8200 1.5708 1.8200 1.6183
1.8400 1.5565 1.8400 1.6074
1.8500 1.6437 1.8500 1.6922
1.8600 1.7267 1.8600 1.7647
1.8900 1.7946 1.8900 1.8278
1.9100 1.8052 1.9100 1.8369
1.8900 1.8042 1.8900 1.8372
1.8700 1.8218 1.8700 1.8563
1.8600 1.8159 1.8600 1.8531
1.8400 1.8117 1.8400 1.8571
1.8000 1.8645 1.8000 1.9171
1.7800 1.8800 1.7800 1.9348
1.7500 1.7951 1.7500 1.8562
1.7300 1.7401 1.7300 1.8113
1.7200 1.7437 1.7200 1.8148
1.7100 1.7169 1.7100 1.7833
1.6700 1.6342 1.6700 1.7049
1.6100 1.6214 1.6100 1.6980
1.5600 1.5979 1.5600 1.6692
1.5700 1.5852 1.5700 1.6522
1.5800 1.5904 1.5800 1.6527
1.5900 1.5933 1.5900 1.6474
1.5900 1.5206 1.5900 1.5709
1.6000 1.4182 1.6000 1.4734
1.6300 1.3698 1.6300 1.4283
1.6500 1.4708 1.6500 1.5222
1.6700 1.5210 1.6700 1.5588
1.6700 1.5303 1.6700 1.5661
1.6600 1.5228 1.6600 1.5581
1.6700 1.5531 1.6700 1.5834
1.6800 1.6216 1.6800 1.6435
1.6900 1.6440 1.6900 1.6603
1.7100 1.6543 1.7100 1.6757
1.7500 1.6345 1.7500 1.6636
1.7800 1.5970 1.7800 1.6353
1.8200 1.6230 1.8200 1.6677
1.8500 1.6430 1.8500 1.6858
1.8700 1.6479 1.8700 1.6923
1.9000 1.6788 1.9000 1.7255
1.9200 1.7512 1.9200 1.7947
1.9400 1.7846 1.9400 1.8215
1.9700 1.8285 1.9700 1.8639
2.0000 1.8515 2.0000 1.8863
2.0300 1.8551 2.0300 1.8919
2.0500 1.8877 2.0500 1.9301
2.0800 1.8981 2.0800 1.9439
2.0400 1.9052 2.0400 1.9569
2.0200 1.9447 2.0200 2.0014
2.0100 1.9765 2.0100 2.0339
2.0100 2.0036 2.0100 2.0618
2.0100 2.0058 2.0100 2.0652
2.0200 2.0387 2.0200 2.1003
2.0400 1.9112 2.0400 1.9748
2.0800 1.8605 2.0800 1.9396
2.1200 1.8744 2.1200 1.9564
2.1800 1.8932 2.1800 1.9708
2.2400 1.8880 2.2400 1.9667
