1.7300 1.6651 1.7300 1.5489
1.7100 1.6777 1.7100 1.5570
1.6900 1.7699 1.6900 1.6569
1.6700 1.7374 1.6700 1.6169
1.6200 1.6877 1.6200 1.5913
1.6000 1.6715 1.6000 1.6010
1.5800 1.7187 1.5800 1.6565
1.5600 1.6958 1.5600 1.6193
1.5500 1.6643 1.5500 1.5837
1.5400 1.6395 1.5400 1.5594
1.5300 1.5639 1.5300 1.4744
1.5300 1.5667 1.5300 1.4869
1.5300 1.5582 1.5300 1.4740
1.5300 1.5474 1.5300 1.4611
1.5200 1.5415 1.5200 1.4618
1.5100 1.5466 1.5100 1.4738
1.5000 1.5329 1.5000 1.4642
1.4800 1.5460 1.4800 1.4829
1.4800 1.5596 1.4800 1.4974
1.4800 1.5563 1.4800 1.4938
1.4700 1.5421 1.4700 1.4772
1.4600 1.5280 1.4600 1.4646
1.4500 1.5151 1.4500 1.4505
1.4500 1.4913 1.4500 1.4211
1.4600 1.5035 1.4600 1.4382
1.4800 1.5136 1.4800 1.4470
1.4700 1.5012 1.4700 1.4328
1.4600 1.4809 1.4600 1.4158
1.4600 1.4722 1.4600 1.4100
1.4600 1.4805 1.4600 1.4208
1.4600 1.5086 1.4600 1.4501
1.4500 1.5492 1.4500 1.4940
1.4500 1.5143 1.4500 1.4515
1.4300 1.4892 1.4300 1.4316
1.4200 1.4913 1.4200 1.4382
1.4200 1.5039 1.4200 1.4461
1.4200 1.5058 1.4200 1.4425
1.4200 1.4865 1.4200 1.4198
1.4100 1.4860 1.4100 1.4252
1.4100 1.4505 1.4100 1.3845
1.4100 1.4475 1.4100 1.3852
1.4000 1.4526 1.4000 1.3912
1.4100 1.4650 1.4100 1.4019
1.4100 1.4640 1.4100 1.4018
1.4100 1.4462 1.4100 1.3844
1.4400 1.4484 1.4400 1.3928
1.4600 1.4511 1.4600 1.3949
1.4600 1.4420 1.4600 1.3812
1.4600 1.4586 1.4600 1.4035
1.4700 1.4612 1.4700 1.4026
1.4700 1.4611 1.4700 1.4039
1.4700 1.5129 1.4700 1.4669
1.4800 1.5479 1.4800 1.4992
1.4900 1.5252 1.4900 1.4712
1.5000 1.5088 1.5000 1.4580
1.5000 1.5271 1.5000 1.4798
1.5000 1.5219 1.5000 1.4656
1.5000 1.5242 1.5000 1.4637
1.5000 1.5374 1.5000 1.4793
1.5000 1.5487 1.5000 1.4908
1.5000 1.5633 1.5000 1.5072
1.5000 1.5545 1.5000 1.4972
1.4800 1.5447 1.4800 1.4883
1.4800 1.5401 1.4800 1.4825
1.4800 1.5454 1.4800 1.4856
1.4800 1.5433 1.4800 1.4811
1.4900 1.5421 1.4900 1.4791
1.5000 1.5414 1.5000 1.4793
1.5200 1.5024 1.5200 1.4347
1.5400 1.5091 1.5400 1.4487
1.5500 1.5158 1.5500 1.4533
1.5600 1.5241 1.5600 1.4602
1.5600 1.5384 1.5600 1.4784
1.5600 1.5570 1.5600 1.5001
1.5700 1.5852 1.5700 1.5340
1.5700 1.6123 1.5700 1.5627
1.5600 1.6192 1.5600 1.5677
1.5500 1.6158 1.5500 1.5645
1.5500 1.6085 1.5500 1.5528
1.5600 1.6033 1.5600 1.5449
1.5700 1.6189 1.5700 1.5598
1.5800 1.6187 1.5800 1.5533
1.5900 1.5911 1.5900 1.5221
1.6000 1.5708 1.6000 1.5035
1.6300 1.5791 1.6300 1.5154
1.6300 1.6035 1.6300 1.5405
1.6200 1.6243 1.6200 1.5603
1.6400 1.6327 1.6400 1.5713
1.6600 1.6386 1.6600 1.5814
1.7100 1.6511 1.7100 1.5965
1.7300 1.7010 1.7300 1.6526
1.7500 1.6862 1.7500 1.6250
1.7900 1.6512 1.7900 1.5869
1.8300 1.6815 1.8300 1.6272
1.8500 1.7259 1.8500 1.6679
1.9100 1.8100 1.9100 1.7584
1.9900 1.8183 1.9900 1.7575
2.0200 1.8240 2.0200 1.7709
2.0800 1.8638 2.0800 1.8210
1.7100 1.9342 1.7100 1.8893
1.7900 1.9341 1.7900 1.8760
1.8800 2.0162 1.8800 1.9697
1.9700 2.1293 1.9700 2.0974
2.0400 2.1404 2.0400 2.0808
2.1200 2.1918 2.1200 2.1573
2.1900 1.4120 2.1900 1.2225
2.2400 1.6527 2.2400 1.6217
2.3000 1.9356 2.3000 1.8550
2.3500 2.2363 2.3500 2.1265
2.4100 2.1441 2.4100 2.0539
2.4800 2.2501 2.4800 2.2218
2.5200 2.2380 2.5200 2.2276
2.5500 2.3451 2.5500 2.3308
2.5700 2.4455 2.5700 2.4151
2.5800 2.4167 2.5800 2.3479
2.5700 2.5162 2.5700 2.4588
2.6100 2.5745 2.6100 2.5158
2.6100 2.6026 2.6100 2.5329
2.6000 2.6046 2.6000 2.5305
2.5700 2.6135 2.5700 2.5272
2.5200 2.6150 2.5200 2.5094
2.4600 2.5665 2.4600 2.4439
2.4000 2.6455 2.4000 2.5347
2.3600 2.6236 2.3600 2.4913
2.3300 2.5864 2.3300 2.4542
2.3000 2.5063 2.3000 2.3727
2.2600 2.4236 2.2600 2.2866
2.2400 2.3242 2.2400 2.1784
2.2100 2.2614 2.2100 2.1097
2.1700 2.2362 2.1700 2.0865
2.1200 2.2185 2.1200 2.0716
2.0400 2.2086 2.0400 2.0697
1.9800 2.1506 1.9800 2.0197
1.9600 2.1450 1.9600 2.0315
1.9700 2.1181 1.9700 2.0046
2.0300 2.0728 2.0300 1.9564
2.0500 2.0027 2.0500 1.8830
2.0400 1.8879 2.0400 1.7588
2.1100 1.8278 2.1100 1.7051
2.1500 1.8606 2.1500 1.7473
2.1800 1.9398 2.1800 1.8332
2.2000 2.0719 2.2000 1.9872
2.2200 2.0949 2.2200 2.0113
2.3500 2.0366 2.3500 1.9637
2.4200 2.1538 2.4200 2.1195
2.5100 2.2335 2.5100 2.1791
2.5700 2.2574 2.5700 2.1870
2.6500 2.2448 2.6500 2.1668
2.6700 2.2652 2.6700 2.1902
2.6800 2.4587 2.6800 2.4213
2.6700 2.5558 2.6700 2.4961
2.6600 2.6282 2.6600 2.5729
2.6500 2.6331 2.6500 2.5746
2.6200 2.7374 2.6200 2.6890
2.5900 2.7155 2.5900 2.6425
2.5700 2.7284 2.5700 2.6389
2.5500 2.6676 2.5500 2.5430
2.5600 2.6378 2.5600 2.5026
2.5300 2.6297 2.5300 2.4856
2.4600 2.5699 2.4600 2.4155
2.2900 2.5167 2.2900 2.3651
2.1800 2.4886 2.1800 2.3457
2.1300 2.4832 2.1300 2.3436
2.1000 2.5173 2.1000 2.3895
2.0700 2.4661 2.0700 2.3260
2.0900 2.3298 2.0900 2.1844
2.1600 2.0121 2.1600 1.8394
2.1600 1.8999 2.1600 1.7500
2.1600 1.9253 2.1600 1.7746
2.1700 1.9924 2.1700 1.8306
2.2100 1.9714 2.2100 1.8153
2.2500 2.0364 2.2500 1.9291
2.2800 2.1869 2.2800 2.1245
2.2900 2.1755 2.2900 2.1012
2.2700 2.1557 2.2700 2.0901
2.2900 2.1424 2.2900 2.0777
2.3100 2.2410 2.3100 2.1752
2.3000 2.3129 2.3000 2.2311
2.2900 2.3547 2.2900 2.2654
2.2900 2.3171 2.2900 2.2254
2.2700 2.2491 2.2700 2.1541
2.2200 2.2999 2.2200 2.2190
2.2100 2.3368 2.2100 2.2424
2.2100 2.3094 2.2100 2.1950
2.2400 2.2640 2.2400 2.1520
2.3200 2.2692 2.3200 2.1672
2.3500 2.2338 2.3500 2.1244
2.3000 2.1448 2.3000 2.0227
2.2400 2.1501 2.2400 2.0415
2.2100 2.1700 2.2100 2.0597
2.1800 2.2560 2.1800 2.1548
2.1900 2.4081 2.1900 2.3284
2.1900 2.4272 2.1900 2.3386
2.2200 2.2623 2.2200 2.1603
2.2600 2.1265 2.2600 2.0324
2.3400 2.1150 2.3400 2.0202
2.3900 2.1072 2.3900 1.9832
2.4000 2.1743 2.4000 2.0472
2.4500 2.1782 2.4500 2.0507
2.5000 2.2283 2.5000 2.1303
2.5400 2.2973 2.5400 2.2194
2.5300 2.4408 2.5300 2.3872
2.4800 2.4759 2.4800 2.4140
2.4100 2.4497 2.4100 2.3693
2.3300 2.5033 2.3300 2.4385
2.2500 2.5720 2.2500 2.5044
2.1800 2.6196 2.1800 2.5401
2.0800 2.5535 2.0800 2.4363
1.9900 2.4247 1.9900 2.2980
1.9200 2.2780 1.9200 2.1437
1.8300 2.1812 1.8300 2.0341
1.7500 2.0906 1.7500 1.9286
1.6600 2.0152 1.6600 1.8479
1.5800 1.8883 1.5800 1.7151
1.5200 1.7837 1.5200 1.6279
1.4600 1.7330 1.4600 1.5949
1.3700 1.6456 1.3700 1.5056
1.3200 1.5652 1.3200 1.4328
1.2600 1.4730 1.2600 1.3432
1.2200 1.4057 1.2200 1.2848
1.2000 1.3722 1.2000 1.2600
1.2000 1.3475 1.2000 1.2384
1.1400 1.2339 1.1400 1.1195
1.0700 1.2078 1.0700 1.1142
1.0200 1.1711 1.0200 1.0781
1.0000 1.1625 1.0000 1.0769
0.9700 1.1745 0.9700 1.0971
0.9900 1.2193 0.9900 1.1547
0.9800 1.1204 0.9800 1.0435
0.9600 1.0237 0.9600 0.9530
0.9500 0.9799 0.9500 0.9164
0.9600 1.0066 0.9600 0.9428
0.9800 1.0026 0.9800 0.9262
1.0100 1.0660 1.0100 1.0082
1.0400 1.0510 1.0400 0.9945
1.0800 1.0195 1.0800 0.9733
1.1000 1.0106 1.1000 0.9748
1.0900 1.0510 1.0900 1.0198
0.7800 1.0896 0.7800 1.0537
0.8100 1.1436 0.8100 1.1092
0.8000 1.1818 0.8000 1.1526
0.8100 1.2225 0.8100 1.2031
0.8100 1.2394 0.8100 1.2180
0.8000 1.1949 0.8000 1.1643
0.7800 0.6235 0.7800 0.4955
0.7800 0.7580 0.7800 0.7234
0.7800 0.8558 0.7800 0.7753
0.7700 0.9791 0.7700 0.8841
0.7600 0.8981 0.7600 0.8134
0.7800 0.9117 0.7800 0.8715
0.8000 0.8246 0.8000 0.8046
0.8100 0.8784 0.8100 0.8654
0.8000 0.9262 0.8000 0.9001
0.8200 0.8481 0.8200 0.8018
0.8400 0.8735 0.8400 0.8274
0.9000 0.9096 0.9000 0.8806
0.9300 0.9485 0.9300 0.9200
0.9500 0.9584 0.9500 0.9286
0.9600 0.9235 0.9600 0.8910
0.9900 0.9505 0.9900 0.9294
1.0300 0.9853 1.0300 0.9618
1.0500 1.0892 1.0500 1.0748
1.0800 1.1107 1.0800 1.0870
1.0800 1.1099 1.0800 1.0894
1.1100 1.0905 1.1100 1.0720
1.1300 1.1386 1.1300 1.1256
1.1400 1.1945 1.1400 1.1757
1.1200 1.2075 1.1200 1.1758
1.0900 1.2300 1.0900 1.2022
1.0700 1.1969 1.0700 1.1628
1.0500 1.2427 1.0500 1.2194
1.0400 1.2598 1.0400 1.2287
1.0200 1.2676 1.0200 1.2293
1.0100 1.1984 1.0100 1.1489
1.0100 1.1448 1.0100 1.0933
1.0000 1.1194 1.0000 1.0673
1.0000 1.1073 1.0000 1.0473
0.9900 1.1115 0.9900 1.0492
1.0000 1.0793 1.0000 1.0147
1.0000 1.0753 1.0000 1.0200
1.0100 1.0837 1.0100 1.0370
1.0100 1.0804 1.0100 1.0331
1.0200 1.0816 1.0200 1.0383
1.0200 1.0671 1.0200 1.0215
1.0300 1.0933 1.0300 1.0548
1.0200 1.0931 1.0200 1.0510
1.0000 1.1170 1.0000 1.0789
0.9800 1.1054 0.9800 1.0647
0.9600 1.1245 0.9600 1.0886
0.9400 1.1183 0.9400 1.0792
0.9300 1.1356 0.9300 1.0992
0.9100 1.1116 0.9100 1.0675
0.9100 1.0743 0.9100 1.0267
0.9000 1.0443 0.9000 0.9951
0.9000 1.0261 0.9000 0.9739
0.9100 1.0082 0.9100 0.9520
0.9000 1.0060 0.9000 0.9515
0.9000 0.9850 0.9000 0.9290
0.8800 0.9942 0.8800 0.9478
0.8600 0.9883 0.8600 0.9420
0.8500 0.9973 0.8500 0.9566
0.8500 1.0147 0.8500 0.9782
0.8400 1.0025 0.8400 0.9616
0.8300 0.9984 0.8300 0.9617
0.8200 0.9661 0.8200 0.9234
0.8000 0.9435 0.8000 0.8995
0.8000 0.9332 0.8000 0.8886
0.7900 0.9572 0.7900 0.9131
0.7800 0.9419 0.7800 0.8937
0.7800 0.9289 0.7800 0.8838
0.7700 0.9178 0.7700 0.8770
0.7500 0.8897 0.7500 0.8470
0.7400 0.9046 0.7400 0.8667
0.7400 0.8972 0.7400 0.8546
0.7300 0.8867 0.7300 0.8436
0.7300 0.8893 0.7300 0.8509
0.7200 0.8838 0.7200 0.8447
0.7200 0.8506 0.7200 0.8090
0.7200 0.8433 0.7200 0.8046
0.7100 0.8583 0.7100 0.8215
0.7100 0.8467 0.7100 0.8052
0.7000 0.8543 0.7000 0.8169
0.7000 0.8387 0.7000 0.8009
0.6900 0.8428 0.6900 0.8097
0.6800 0.8478 0.6800 0.8150
0.6700 0.8375 0.6700 0.8017
0.6600 0.8346 0.6600 0.8014
0.6500 0.8236 0.6500 0.7875
0.6500 0.8307 0.6500 0.7976
0.6500 0.8143 0.6500 0.7775
0.6400 0.8066 0.6400 0.7701
0.6200 0.7898 0.6200 0.7531
0.6000 0.7854 0.6000 0.7486
0.5900 0.7757 0.5900 0.7384
0.5900 0.7831 0.5900 0.7484
0.5900 0.7902 0.5900 0.7563
0.5800 0.7735 0.5800 0.7383
0.5800 0.7429 0.5800 0.7068
0.5700 0.7172 0.5700 0.6816
0.5500 0.7155 0.5500 0.6804
0.5400 0.7315 0.5400 0.6962
0.5400 0.7396 0.5400 0.7037
0.5300 0.7219 0.5300 0.6862
0.5300 0.7232 0.5300 0.6948
0.5400 0.7117 0.5400 0.6828
0.5300 0.6857 0.5300 0.6531
0.5400 0.6758 0.5400 0.6437
0.5600 0.6890 0.5600 0.6576
0.5500 0.6798 0.5500 0.6445
0.5500 0.6845 0.5500 0.6535
0.5600 0.7045 0.5600 0.6792
0.5600 0.6866 0.5600 0.6578
0.5600 0.7030 0.5600 0.6812
0.5800 0.7373 0.5800 0.7190
0.5900 0.7160 0.5900 0.6889
0.5900 0.7061 0.5900 0.6822
0.5900 0.7263 0.5900 0.7059
0.6000 0.7266 0.6000 0.7014
0.7100 0.7214 0.7100 0.6941
0.7300 0.7574 0.7300 0.7365
0.7600 0.7641 0.7600 0.7409
0.8100 0.7553 0.8100 0.7304
0.8700 0.7506 0.8700 0.7276
0.9300 0.7626 0.9300 0.7420
1.0000 0.9455 1.0000 0.9528
1.0400 0.9578 1.0400 0.9394
1.0600 0.9611 1.0600 0.9535
1.1000 0.9916 1.1000 0.9988
1.1300 1.0919 1.1300 1.1036
1.1700 1.1488 1.1700 1.1528
1.2100 1.2374 1.2100 1.2407
1.2400 1.2442 1.2400 1.2392
1.2800 1.2184 1.2800 1.2073
1.3200 1.2727 1.3200 1.2673
1.3000 1.2958 1.3000 1.2770
1.3000 1.3376 1.3000 1.3117
1.3300 1.3756 1.3300 1.3464
1.3200 1.3955 1.3200 1.3655
1.3300 1.4258 1.3300 1.4014
1.3500 1.4731 1.3500 1.4495
1.3300 1.3981 1.3300 1.3527
1.3000 1.3696 1.3000 1.3282
1.2600 1.4263 1.2600 1.3888
1.2600 1.4078 1.2600 1.3484
1.2200 1.4095 1.2200 1.3535
1.1800 1.4387 1.1800 1.3896
1.1600 1.3894 1.1600 1.3303
1.1500 1.3218 1.1500 1.2610
1.1200 1.2702 1.1200 1.2060
1.0900 1.2897 1.0900 1.2313
1.0800 1.2367 1.0800 1.1566
1.0500 1.1951 1.0500 1.1165
1.0300 1.1650 1.0300 1.0965
1.0100 1.1859 1.0100 1.1237
1.0000 1.1515 1.0000 1.0840
0.9900 1.1142 0.9900 1.0500
0.9800 1.1147 0.9800 1.0599
0.9800 1.0797 0.9800 1.0187
0.9800 1.0743 0.9800 1.0167
0.9800 1.0536 0.9800 0.9963
0.9900 1.0569 0.9900 1.0031
1.0000 1.0524 1.0000 0.9996
0.9700 1.0544 0.9700 1.0047
0.9500 1.0582 0.9500 1.0138
0.9500 1.0651 0.9500 1.0223
0.9300 1.0735 0.9300 1.0324
0.9200 1.0892 0.9200 1.0522
0.9100 1.1080 0.9100 1.0716
0.9100 1.0472 0.9100 0.9990
0.9100 1.0141 0.9100 0.9697
0.9000 1.0296 0.9000 0.9885
0.9000 1.0135 0.9000 0.9603
0.9100 1.0033 0.9100 0.9506
0.9200 0.9946 0.9200 0.9444
0.9300 1.0031 0.9300 0.9594
0.9300 1.0073 0.9300 0.9654
0.9400 1.0012 0.9400 0.9587
0.9500 0.9947 0.9500 0.9563
0.9600 1.0174 0.9600 0.9823
0.9800 1.0420 0.9800 1.0069
0.9800 1.0501 0.9800 1.0154
0.9900 1.0429 0.9900 1.0070
1.0100 1.0530 1.0100 1.0219
1.0100 1.0683 1.0100 1.0363
1.0100 1.0844 1.0100 1.0506
1.0200 1.1075 1.0200 1.0756
1.0300 1.0971 1.0300 1.0596
1.0300 1.1043 1.0300 1.0713
1.0400 1.1322 1.0400 1.1022
1.0500 1.1281 1.0500 1.0902
1.0600 1.1121 1.0600 1.0729
1.0600 1.1270 1.0600 1.0909
1.0700 1.1431 1.0700 1.1057
1.0700 1.1340 1.0700 1.0917
1.0800 1.1492 1.0800 1.1110
1.0800 1.1568 1.0800 1.1191
1.0900 1.1688 1.0900 1.1310
1.0900 1.1620 1.0900 1.1214
1.0700 1.1726 1.0700 1.1355
1.0800 1.1644 1.0800 1.1230
1.1000 1.1822 1.1000 1.1431
1.1100 1.1759 1.1100 1.1325
1.1600 1.1902 1.1600 1.1499
1.2300 1.1819 1.2300 1.1382
1.3200 1.1447 1.3200 1.0953
1.4200 1.1627 1.4200 1.1223
1.5200 1.2055 1.5200 1.1658
1.6100 1.2226 1.6100 1.1782
1.6700 1.2946 1.6700 1.2657
1.7200 1.4049 1.7200 1.3880
1.7600 1.5295 1.7600 1.5244
1.8100 1.6422 1.8100 1.6570
1.8500 1.7363 1.8500 1.7559
1.8900 1.8035 1.8900 1.8229
1.9300 1.8454 1.9300 1.8578
1.9500 1.8784 1.9500 1.8820
1.9500 1.9043 1.9500 1.8769
1.9400 1.9586 1.9400 1.9207
1.9500 1.9881 1.9500 1.9346
1.9600 2.0200 1.9600 1.9623
1.9400 2.0461 1.9400 1.9885
1.8700 2.0429 1.8700 1.9799
1.8500 2.0044 1.8500 1.9343
1.8400 1.9609 1.8400 1.8845
1.8100 1.9774 1.8100 1.9014
1.7700 1.9944 1.7700 1.9097
1.7000 1.9504 1.7000 1.8526
1.6600 1.8009 1.6600 1.6905
1.6200 1.7852 1.6200 1.6970
1.5800 1.8090 1.5800 1.7173
1.5400 1.7876 1.5400 1.6815
1.5200 1.7148 1.5200 1.6075
1.4800 1.6012 1.4800 1.4942
1.4400 1.5660 1.4400 1.4747
1.4000 1.5499 1.4000 1.4542
1.3800 1.5305 1.3800 1.4299
1.3600 1.4715 1.3600 1.3708
1.3100 1.4798 1.3100 1.3941
1.2600 1.4356 1.2600 1.3497
1.2400 1.3939 1.2400 1.3125
1.2200 1.3534 1.2200 1.2734
1.1700 1.3535 1.1700 1.2792
1.1500 1.3518 1.1500 1.2755
1.1400 1.2874 1.1400 1.2035
1.1300 1.2174 1.1300 1.1383
1.0900 1.2196 1.0900 1.1521
1.0600 1.2313 1.0600 1.1610
1.0600 1.1646 1.0600 1.0831
1.0200 1.1527 1.0200 1.0852
1.0000 1.1619 1.0000 1.1018
0.9900 1.1738 0.9900 1.1153
1.0200 1.1148 1.0200 1.0489
1.0100 1.0779 1.0100 1.0193
0.9800 1.0979 0.9800 1.0486
0.9500 1.0599 0.9500 0.9952
0.9500 1.0447 0.9500 0.9859
0.9600 1.0390 0.9600 0.9843
0.9600 1.1206 0.9600 1.0806
0.9600 1.0999 0.9600 1.0492
0.9500 1.0495 0.9500 0.9996
0.9600 0.9860 0.9600 0.9403
1.1900 1.0169 1.1900 0.9778
1.2700 1.0634 1.2700 1.0191
1.3400 1.0676 1.3400 1.0163
1.4100 1.0571 1.4100 1.0108
1.4400 1.0308 1.4400 0.9897
1.4500 1.0616 1.4500 1.0305
1.5200 1.4755 1.5200 1.5139
1.6100 1.5598 1.6100 1.5646
1.6800 1.5703 1.6800 1.5850
1.7200 1.5728 1.7200 1.6047
1.7300 1.6125 1.7300 1.6306
1.7800 1.5624 1.7800 1.5467
1.8200 1.6972 1.8200 1.6757
1.8200 1.8151 1.8200 1.7907
1.8300 1.8582 1.8300 1.8263
1.8500 1.8846 1.8500 1.8609
1.8800 1.8310 1.8800 1.7962
1.9200 1.8846 1.9200 1.8603
1.9400 1.9461 1.9400 1.9027
1.9900 1.9131 1.9900 1.8420
2.0200 1.8795 2.0200 1.8083
2.0400 1.9073 2.0400 1.8418
2.0500 1.9569 2.0500 1.8929
2.0500 2.0146 2.0500 1.9502
2.0700 2.0218 2.0700 1.9516
2.0200 2.0727 2.0200 2.0175
1.9200 2.1017 1.9200 2.0416
1.9200 2.1143 1.9200 2.0512
1.8800 2.0892 1.8800 2.0185
1.8400 2.0768 1.8400 1.9990
1.8000 2.1020 1.8000 2.0248
1.7700 1.9963 1.7700 1.8885
1.7300 1.8057 1.7300 1.6818
1.7000 1.8378 1.7000 1.7465
1.6500 1.8295 1.6500 1.7122
1.5800 1.7868 1.5800 1.6646
1.5200 1.7197 1.5200 1.6051
1.4800 1.7068 1.4800 1.6103
1.4700 1.6456 1.4700 1.5496
1.4600 1.6500 1.4600 1.5603
1.4400 1.5805 1.4400 1.4830
1.4300 1.4685 1.4300 1.3640
1.4200 1.4192 1.4200 1.3205
1.3900 1.4044 1.3900 1.3106
1.3500 1.4413 1.3500 1.3531
1.3500 1.4563 1.3500 1.3702
1.3100 1.4358 1.3100 1.3574
1.2800 1.4223 1.2800 1.3597
1.2600 1.4262 1.2600 1.3698
1.2500 1.3883 1.2500 1.3238
1.2200 1.3295 1.2200 1.2578
1.1700 1.3585 1.1700 1.2965
1.1600 1.3089 1.1600 1.2296
1.1500 1.2798 1.1500 1.2046
1.1600 1.2623 1.1600 1.1929
1.1400 1.2766 1.1400 1.2124
1.1200 1.2332 1.1200 1.1626
1.1200 1.1672 1.1200 1.0941
1.1200 1.1709 1.1200 1.1128
1.1200 1.1818 1.1200 1.1210
1.1200 1.2331 1.1200 1.1778
1.1100 1.1901 1.1100 1.1283
1.1100 1.1598 1.1100 1.1059
1.1000 1.1644 1.1000 1.1208
1.0900 1.1934 1.0900 1.1480
1.0800 1.1980 1.0800 1.1483
1.0500 1.1929 1.0500 1.1430
1.0300 1.1780 1.0300 1.1286
1.0200 1.1776 1.0200 1.1337
1.0100 1.1722 1.0100 1.1244
1.0100 1.1581 1.0100 1.1081
1.0000 1.1421 1.0000 1.0900
1.0000 1.1015 1.0000 1.0432
1.0000 1.0769 1.0000 1.0215
1.0000 1.0794 1.0000 1.0257
1.0000 1.0821 1.0000 1.0270
0.9900 1.0880 0.9900 1.0367
0.9800 1.0787 0.9800 1.0284
0.9700 1.0809 0.9700 1.0381
0.9700 1.0846 0.9700 1.0436
0.9500 1.0942 0.9500 1.0537
0.9400 1.0896 0.9400 1.0481
0.9300 1.0748 0.9300 1.0302
0.9300 1.0597 0.9300 1.0153
0.9200 1.0485 0.9200 1.0029
0.9200 1.0615 0.9200 1.0173
0.9100 1.0290 0.9100 0.9770
0.9000 1.0199 0.9000 0.9719
0.9000 1.0093 0.9000 0.9624
0.8800 1.0240 0.8800 0.9803
0.8700 1.0105 0.8700 0.9635
0.8600 1.0172 0.8600 0.9751
0.8500 0.9995 0.8500 0.9559
0.8500 0.9890 0.8500 0.9466
0.8500 0.9969 0.8500 0.9573
0.8500 0.9687 0.8500 0.9218
0.8500 0.9576 0.8500 0.9131
0.8500 0.9491 0.8500 0.9044
0.8500 0.9475 0.8500 0.9026
0.8500 0.9506 0.8500 0.9084
0.8400 0.9618 0.8400 0.9212
0.8400 0.9609 0.8400 0.9222
0.8400 0.9596 0.8400 0.9231
0.8500 0.9645 0.8500 0.9298
0.8500 0.9616 0.8500 0.9266
0.8600 0.9646 0.8600 0.9287
0.8700 0.9477 0.8700 0.9082
0.8900 0.9493 0.8900 0.9122
0.9100 0.9542 0.9100 0.9164
0.9100 0.9757 0.9100 0.9405
0.9200 0.9712 0.9200 0.9334
0.9200 0.9861 0.9200 0.9536
0.9300 0.9961 0.9300 0.9651
0.9400 1.0288 0.9400 1.0017
0.9400 1.0526 0.9400 1.0254
0.9400 1.0382 0.9400 1.0056
0.9400 1.0419 0.9400 1.0135
0.9500 1.0353 0.9500 1.0027
0.9400 1.0542 0.9400 1.0217
0.9400 1.0630 0.9400 1.0270
0.9400 1.0603 0.9400 1.0207
0.9400 1.0471 0.9400 1.0085
0.9500 1.0468 0.9500 1.0093
0.9500 1.0665 0.9500 1.0313
0.9500 1.0427 0.9500 0.9992
0.9600 1.0436 0.9600 1.0033
0.9700 1.0396 0.9700 0.9994
0.9800 1.0462 0.9800 1.0058
0.9800 1.0618 0.9800 1.0239
0.9900 1.0607 0.9900 1.0204
0.9900 1.0541 0.9900 1.0151
1.0000 1.0678 1.0000 1.0330
1.0000 1.0891 1.0000 1.0544
1.0000 1.0966 1.0000 1.0609
1.0100 1.0891 1.0100 1.0507
1.0100 1.1005 1.0100 1.0665
1.0100 1.0938 1.0100 1.0559
1.0200 1.1129 1.0200 1.0770
1.0200 1.1046 1.0200 1.0640
1.0300 1.1019 1.0300 1.0610
1.0600 1.1143 1.0600 1.0765
1.0700 1.1150 1.0700 1.0740
2.0100 1.9407 2.0100 1.8742
2.0200 1.9554 2.0200 1.8957
2.0200 1.9778 2.0200 1.9211
2.0200 2.0594 2.0200 2.0082
2.0300 2.0610 2.0300 1.9946
2.0300 2.0769 2.0300 2.0134
2.0600 2.0565 2.0600 1.9857
2.0800 2.0649 2.0800 1.9938
2.0600 2.0438 2.0600 1.9634
2.0500 2.0395 2.0500 1.9542
2.0500 2.0499 2.0500 1.9637
2.0300 2.0453 2.0300 1.9543
2.0100 2.1020 2.0100 2.0231
1.9800 2.1215 1.9800 2.0399
1.9400 2.0663 1.9400 1.9747
1.9300 2.0264 1.9300 1.9425
1.9000 2.0394 1.9000 1.9569
1.8900 2.0111 1.8900 1.9134
1.8700 1.9779 1.8700 1.8755
1.8500 1.9343 1.8500 1.8294
1.8400 1.8697 1.8400 1.7632
1.8200 1.8830 1.8200 1.7875
1.8100 1.8588 1.8100 1.7550
1.8000 1.8553 1.8000 1.7593
1.7900 1.8284 1.7900 1.7324
1.7600 1.8168 1.7600 1.7272
1.7600 1.8050 1.7600 1.7208
1.7700 1.7933 1.7700 1.7065
1.7700 1.7871 1.7700 1.7034
1.7700 1.7791 1.7700 1.6952
1.7700 1.7811 1.7700 1.6989
1.7800 1.7251 1.7800 1.6371
1.8000 1.7485 1.8000 1.6729
1.8100 1.7813 1.8100 1.7073
1.8300 1.7906 1.8300 1.7124
1.8500 1.7835 1.8500 1.7087
1.8800 1.7808 1.8800 1.7111
1.8900 1.8011 1.8900 1.7361
1.9100 1.8410 1.9100 1.7770
1.9400 1.8562 1.9400 1.7871
1.9800 1.8732 1.9800 1.8082
2.0000 1.8988 2.0000 1.8357
2.0300 1.9458 2.0300 1.8872
2.0500 1.9400 2.0500 1.8728
2.0800 1.9615 2.0800 1.8980
2.1000 1.9978 2.1000 1.9357
2.1100 2.0621 2.1100 2.0007
2.1100 2.0698 2.1100 1.9993
2.1200 2.0967 2.1200 2.0318
2.1100 2.1042 2.1100 2.0361
2.1200 2.1427 2.1200 2.0763
2.1400 2.1572 2.1400 2.0826
2.1400 2.1529 2.1400 2.0722
2.1500 2.1259 2.1500 2.0400
2.1700 2.1386 2.1700 2.0551
2.2300 2.1136 2.2300 2.0191
2.2300 2.1298 2.2300 2.0395
2.2300 2.1656 2.2300 2.0764
2.2700 2.1567 2.2700 2.0612
2.3200 2.1599 2.3200 2.0715
2.3700 2.1926 2.3700 2.1106
2.4200 2.3039 2.4200 2.2347
2.4600 2.2693 2.4600 2.1754
2.5200 2.2443 2.5200 2.1567
2.6300 2.2942 2.6300 2.2218
2.6700 2.3985 2.6700 2.3230
2.6800 2.4627 2.6800 2.3819
2.6700 2.5048 2.6700 2.4336
2.7200 2.5261 2.7200 2.4579
2.7600 2.5845 2.7600 2.5222
2.8200 2.7358 2.8200 2.6808
2.8700 2.7548 2.8700 2.6744
2.9000 2.7169 2.9000 2.6293
2.9600 2.6598 2.9600 2.5510
3.0100 2.7578 3.0100 2.6702
3.0800 2.8159 3.0800 2.7065
3.1500 2.8968 3.1500 2.7893
3.1700 2.9128 3.1700 2.8018
3.2400 2.9244 3.2400 2.8168
3.3100 2.9884 3.3100 2.8910
3.3400 3.0512 3.3400 2.9456
3.3700 3.1309 3.3700 3.0208
3.3900 3.1916 3.3900 3.0738
3.3800 3.1926 3.3800 3.0613
3.3800 3.2522 3.3800 3.1320
3.3900 3.3432 3.3900 3.2157
3.4200 3.3640 3.4200 3.2174
3.4000 3.3595 3.4000 3.2077
3.4000 3.3771 3.4000 3.2215
3.3800 3.3425 3.3800 3.1713
3.3300 3.3437 3.3300 3.1573
3.3200 3.3677 3.3200 3.1810
3.3100 3.4017 3.3100 3.2236
3.2900 3.3591 3.2900 3.1480
3.2500 3.3519 3.2500 3.1601
3.1900 3.2925 3.1900 3.0958
3.1800 3.2117 3.1800 3.0049
3.1500 3.2120 3.1500 3.0165
3.0800 3.2269 3.0800 3.0250
3.0500 3.2021 3.0500 2.9953
3.0200 3.1224 3.0200 2.9156
3.0000 3.0327 3.0000 2.8312
2.9600 3.0422 2.9600 2.8623
2.9300 3.0347 2.9300 2.8407
2.9000 2.9253 2.9000 2.7170
2.8600 2.8834 2.8600 2.6971
2.8200 2.8818 2.8200 2.7007
2.7900 2.8862 2.7900 2.7097
2.7700 2.8311 2.7700 2.6489
2.7100 2.8051 2.7100 2.6354
2.6700 2.7584 2.6700 2.5925
2.6300 2.7316 2.6300 2.5655
2.6100 2.6851 2.6100 2.5194
2.5900 2.6573 2.5900 2.4951
2.5900 2.6607 2.5900 2.5031
2.5900 2.5677 2.5900 2.3985
2.6000 2.5274 2.6000 2.3729
2.6000 2.4848 2.6000 2.3322
2.5900 2.5022 2.5900 2.3567
2.6000 2.4931 2.6000 2.3462
2.6000 2.5258 2.6000 2.3914
2.5800 2.5305 2.5800 2.4017
2.5800 2.5634 2.5800 2.4455
2.5900 2.5650 2.5900 2.4472
2.6200 2.5398 2.6200 2.4199
1.5400 1.9980 1.5400 1.8076
1.4600 1.8020 1.4600 1.6275
1.4000 1.6508 1.4000 1.4784
1.3700 1.5161 1.3700 1.3344
1.3100 1.4377 1.3100 1.2653
1.2500 1.3661 1.2500 1.2015
1.2200 1.3482 1.2200 1.2088
1.1500 1.2870 1.1500 1.1624
1.0600 1.2605 1.0600 1.1596
0.9800 1.2660 0.9800 1.1837
0.9200 1.2243 0.9200 1.1368
0.8800 1.1632 0.8800 1.0794
0.8600 1.1585 0.8600 1.0867
0.8400 1.0923 0.8400 1.0069
0.8100 0.9755 0.8100 0.8826
0.7700 0.8997 0.7700 0.8100
0.7500 0.8700 0.7500 0.7835
0.7400 0.8667 0.7400 0.7817
0.7200 0.8953 0.7200 0.8197
0.6900 0.8871 0.6900 0.8217
0.6300 0.8505 0.6300 0.7949
0.5700 0.8108 0.5700 0.7627
0.5200 0.8069 0.5200 0.7666
0.5000 0.8206 0.5000 0.7779
0.5100 0.8113 0.5100 0.7617
0.5500 0.7727 0.5500 0.7215
0.5900 0.6879 0.5900 0.6324
0.6200 0.6196 0.6200 0.5653
0.6800 0.5829 0.6800 0.5269
0.7300 0.6013 0.7300 0.5472
0.7700 0.6469 0.7700 0.5988
0.7600 0.7287 0.7600 0.6963
0.7600 0.7849 0.7600 0.7670
0.7700 0.8106 0.7700 0.8049
0.7600 0.8870 0.7600 0.8995
0.7700 0.9455 0.7700 0.9562
0.7800 0.9814 0.7800 0.9861
0.7700 0.9234 0.7700 0.9082
0.7500 0.9049 0.7500 0.8886
0.7500 0.9147 0.7500 0.8927
0.7600 0.9090 0.7600 0.8707
0.7700 0.9186 0.7700 0.8801
0.8000 0.9273 0.8000 0.8895
0.8200 0.9045 0.8200 0.8650
0.8500 0.8597 0.8500 0.8212
0.8800 0.8722 0.8800 0.8408
0.9100 0.8921 0.9100 0.8596
0.9300 0.9135 0.9300 0.8777
0.9400 0.9605 0.9400 0.9333
0.9500 0.9760 0.9500 0.9510
0.9700 1.0113 0.9700 0.9945
0.9900 1.0446 0.9900 1.0306
1.0000 1.0789 1.0000 1.0647
0.9900 1.0836 0.9900 1.0639
0.9800 1.0827 0.9800 1.0584
0.9600 1.0829 0.9600 1.0563
0.9500 1.1071 0.9500 1.0795
0.9400 1.1349 0.9400 1.1034
0.9300 1.1338 0.9300 1.0978
0.9200 1.0977 0.9200 1.0569
0.9100 1.0712 0.9100 1.0317
0.9100 1.0399 0.9100 0.9945
0.9000 1.0356 0.9000 0.9879
0.8900 1.0271 0.8900 0.9746
0.8800 1.0189 0.8800 0.9659
0.8800 1.0048 0.8800 0.9546
0.8800 0.9968 0.8800 0.9505
0.8700 1.0048 0.8700 0.9637
0.8700 0.9924 0.8700 0.9484
0.8700 0.9814 0.8700 0.9379
0.8700 0.9669 0.8700 0.9238
0.8700 0.9794 0.8700 0.9394
0.8700 0.9852 0.8700 0.9443
0.8700 0.9720 0.8700 0.9285
0.8600 0.9723 0.8600 0.9336
0.8600 0.9759 0.8600 0.9383
0.8500 0.9821 0.8500 0.9445
0.8400 0.9806 0.8400 0.9428
0.8200 0.9822 0.8200 0.9449
0.8100 0.9799 0.8100 0.9429
0.8100 0.9646 0.8100 0.9247
0.8000 0.9686 0.8000 0.9315
0.7900 0.9526 0.7900 0.9111
0.7800 0.9423 0.7800 0.9000
0.7700 0.9112 0.7700 0.8653
0.7600 0.9068 0.7600 0.8639
0.7500 0.9166 0.7500 0.8755
0.7500 0.9104 0.7500 0.8660
0.7400 0.8956 0.7400 0.8530
0.7400 0.8816 0.7400 0.8416
0.7400 0.8757 0.7400 0.8369
0.7300 0.8662 0.7300 0.8265
0.7300 0.8607 0.7300 0.8200
0.7300 0.8663 0.7300 0.8284
0.7300 0.8552 0.7300 0.8150
0.7300 0.8624 0.7300 0.8270
0.7300 0.8641 0.7300 0.8298
0.7300 0.8518 0.7300 0.8153
0.7200 0.8522 0.7200 0.8190
0.7200 0.8586 0.7200 0.8255
0.7100 0.8615 0.7100 0.8279
0.7100 0.8597 0.7100 0.8260
0.7100 0.8634 0.7100 0.8309
0.7100 0.8600 0.7100 0.8279
0.7100 0.8450 0.7100 0.8100
0.7200 0.8488 0.7200 0.8164
0.7300 0.8332 0.7300 0.7966
0.7400 0.8403 0.7400 0.8058
0.7400 0.8418 0.7400 0.8070
0.7500 0.8465 0.7500 0.8125
0.7700 0.8429 0.7700 0.8100
0.7800 0.8622 0.7800 0.8337
0.8000 0.8772 0.8000 0.8495
0.8300 0.8878 0.8300 0.8605
0.8600 0.8809 0.8600 0.8518
0.8900 0.8910 0.8900 0.8657
0.7900 0.9221 0.7900 0.8987
0.8100 0.9341 0.8100 0.9065
0.8400 0.9551 0.8400 0.9306
0.8900 0.9930 0.8900 0.9729
0.9800 1.0305 0.9800 1.0118
1.1400 1.0591 1.1400 1.0414
1.3000 0.8594 1.3000 0.8031
1.4200 0.8964 1.4200 0.8752
1.5200 0.9745 1.5200 0.9446
1.6300 1.0938 1.6300 1.0597
1.7400 1.1963 1.7400 1.1773
1.8400 1.4301 1.8400 1.4614
1.9400 1.5715 1.9400 1.6153
2.0100 1.6723 2.0100 1.7198
2.0500 1.7425 2.0500 1.7904
2.0800 1.8234 2.0800 1.8713
2.0800 1.9492 2.0800 1.9842
2.0900 2.0450 2.0900 2.0612
2.0800 2.1263 2.0800 2.1300
2.0500 2.1625 2.0500 2.1530
2.0100 2.1729 2.0100 2.1534
1.9600 2.1839 1.9600 2.1563
1.9300 2.1599 1.9300 2.0875
1.9100 2.1471 1.9100 2.0647
1.8700 2.1100 1.8700 2.0097
1.8300 2.0446 1.8300 1.9343
1.7900 1.9594 1.7900 1.8463
1.7500 1.8897 1.7500 1.7751
1.7100 1.8634 1.7100 1.7540
1.6400 1.8611 1.6400 1.7520
1.5900 1.8140 1.5900 1.6999
1.5300 1.7510 1.5300 1.6445
1.4700 1.7092 1.4700 1.6106
1.4200 1.6731 1.4200 1.5768
1.3700 1.6354 1.3700 1.5370
1.3300 1.5431 1.3300 1.4341
1.2800 1.4899 1.2800 1.3894
1.2400 1.4309 1.2400 1.3273
1.1900 1.3828 1.1900 1.2795
1.1600 1.3359 1.1600 1.2360
1.1200 1.3017 1.1200 1.2051
1.0900 1.2726 1.0900 1.1832
1.0600 1.2264 1.0600 1.1386
1.0200 1.2008 1.0200 1.1212
0.9800 1.1440 0.9800 1.0633
0.9500 1.1414 0.9500 1.0690
0.9300 1.1052 0.9300 1.0300
0.9000 1.0911 0.9000 1.0209
0.8800 1.0661 0.8800 0.9985
0.8500 1.0290 0.8500 0.9615
0.8300 0.9871 0.8300 0.9216
0.8000 0.9699 0.8000 0.9081
0.7800 0.9717 0.7800 0.9123
0.7600 0.9435 0.7600 0.8810
0.7400 0.9347 0.7400 0.8787
0.7200 0.9003 0.7200 0.8451
0.7000 0.8918 0.7000 0.8419
0.6800 0.8620 0.6800 0.8093
0.6600 0.8535 0.6600 0.8038
0.6300 0.8363 0.6300 0.7862
0.6200 0.8258 0.6200 0.7770
0.6100 0.8081 0.6100 0.7610
0.5900 0.7914 0.5900 0.7461
0.5800 0.7758 0.5800 0.7316
0.5800 0.7581 0.5800 0.7144
0.5900 0.7271 0.5900 0.6808
0.6200 0.7275 0.6200 0.6871
0.7100 0.7302 0.7100 0.6898
0.7900 0.7114 0.7900 0.6694
0.9200 0.7023 0.9200 0.6654
1.0400 0.7164 1.0400 0.6848
1.1800 0.7418 1.1800 0.7140
1.3400 0.7939 1.3400 0.7731
1.4600 0.9398 1.4600 0.9404
1.5600 1.0409 1.5600 1.0467
1.7200 1.2132 1.7200 1.2461
1.8800 1.3276 1.8800 1.3733
2.0400 1.4632 2.0400 1.5190
2.1700 1.6109 2.1700 1.6726
2.2800 1.7219 2.2800 1.7731
2.3800 1.7814 2.3800 1.8241
2.4500 1.9438 2.4500 1.9937
2.5100 2.1163 2.5100 2.1597
2.5400 2.2582 2.5400 2.2867
2.5400 2.3549 2.5400 2.3737
2.5100 2.4309 2.5100 2.4458
2.4700 2.5101 2.4700 2.5076
2.4300 2.5746 2.4300 2.5518
2.3400 2.6139 2.3400 2.5715
2.2500 2.6138 2.2500 2.5491
2.1700 2.5903 2.1700 2.4999
2.0800 2.5067 2.0800 2.3786
1.9900 2.4250 1.9900 2.2881
1.9000 2.3583 1.9000 2.2134
1.8000 2.2068 1.8000 2.0389
1.7000 2.0747 1.7000 1.9099
1.6200 1.9796 1.6200 1.8213
1.5200 1.8907 1.5200 1.7305
1.4300 1.7900 1.4300 1.6323
1.3500 1.6994 1.3500 1.5490
1.2700 1.5862 1.2700 1.4406
1.1900 1.4821 1.1900 1.3434
1.1000 1.4342 1.1000 1.3070
1.0100 1.3313 1.0100 1.1988
0.9300 1.2505 0.9300 1.1255
0.8600 1.1912 0.8600 1.0752
0.7900 1.1332 0.7900 1.0219
0.7200 1.0631 0.7200 0.9555
0.6600 0.9810 0.6600 0.8757
0.6100 0.8954 0.6100 0.7944
0.5600 0.8338 0.5600 0.7377
0.5200 0.7999 0.5200 0.7078
0.4900 0.7473 0.4900 0.6568
0.4600 0.6919 0.4600 0.6064
0.4600 0.6517 0.4600 0.5761
0.4800 0.6272 0.4800 0.5598
0.5300 0.5987 0.5300 0.5349
0.5700 0.5778 0.5700 0.5201
0.5900 0.5681 0.5900 0.5172
0.6400 0.5545 0.6400 0.5076
0.6800 0.5840 0.6800 0.5491
0.7200 0.6379 0.7200 0.6121
0.7500 0.7259 0.7500 0.7131
0.7800 0.7767 0.7800 0.7684
0.8100 0.7861 0.8100 0.7810
0.8600 0.8401 0.8600 0.8490
0.9100 0.8899 0.9100 0.8956
0.9600 0.9343 0.9600 0.9356
1.0100 0.9482 1.0100 0.9424
1.0500 0.9742 1.0500 0.9672
1.0700 0.9934 1.0700 0.9842
1.0900 1.0636 1.0900 1.0581
1.1200 1.1204 1.1200 1.1127
1.1400 1.1650 1.1400 1.1570
1.1400 1.2100 1.1400 1.2049
1.1500 1.2382 1.1500 1.2317
1.1600 1.2328 1.1600 1.2176
1.1700 1.2364 1.1700 1.2168
1.1700 1.2686 1.1700 1.2453
1.1700 1.2826 1.1700 1.2491
1.1700 1.2590 1.1700 1.2159
1.1800 1.2571 1.1800 1.2177
2.0100 2.1534 2.0100 2.1177
1.9900 2.1552 1.9900 2.0949
1.9500 2.1133 1.9500 2.0399
1.9300 2.1110 1.9300 2.0324
1.9600 2.0627 1.9600 1.9647
1.9900 2.0173 1.9900 1.9148
2.0100 1.9817 2.0100 1.8775
2.0200 1.9643 2.0200 1.8606
2.0000 1.8943 2.0000 1.7835
1.9600 1.8823 1.9600 1.7816
1.9300 1.9648 1.9300 1.8821
1.9100 2.0332 1.9100 1.9502
1.8800 2.0573 1.8800 1.9776
1.8800 2.0416 1.8800 1.9701
1.9100 1.9840 1.9100 1.9098
1.9200 1.9052 1.9200 1.8216
1.9300 1.8762 1.9300 1.7856
1.9200 1.8691 1.9200 1.7680
1.8800 1.8346 1.8800 1.7219
1.8400 1.8613 1.8400 1.7625
1.7700 1.9337 1.7700 1.8527
1.6800 1.9506 1.6800 1.8699
1.6100 1.9529 1.6100 1.8816
1.5800 1.9173 1.5800 1.8458
1.5800 1.8361 1.5800 1.7544
1.6300 1.7741 1.6300 1.6859
1.7200 1.6806 1.7200 1.5723
1.7800 1.5498 1.7800 1.4259
1.8500 1.4776 1.8500 1.3556
1.9000 1.5037 1.9000 1.3934
1.9400 1.5572 1.9400 1.4573
1.9800 1.6829 1.9800 1.6095
2.0400 1.8462 2.0400 1.8042
2.0900 1.9106 2.0900 1.8777
2.1300 1.9837 2.1300 1.9717
2.1600 2.0183 2.1600 2.0045
2.1900 2.0484 2.1900 2.0232
2.2000 2.0788 2.2000 2.0373
2.2000 2.1702 2.2000 2.1217
2.1900 2.2104 2.1900 2.1535
2.1800 2.2384 2.1800 2.1759
2.1600 2.2518 2.1600 2.1851
2.1400 2.2665 2.1400 2.1988
2.1100 2.2536 2.1100 2.1736
2.1000 2.2295 2.1000 2.1403
2.0900 2.1909 2.0900 2.0924
2.0800 2.1677 2.0800 2.0650
2.0800 2.1337 2.0800 2.0239
2.0600 2.1053 2.0600 1.9946
2.0500 2.0565 2.0500 1.9425
2.0400 2.0570 2.0400 1.9517
2.0200 2.0568 2.0200 1.9521
1.9900 2.0524 1.9900 1.9501
1.9800 2.0569 1.9800 1.9617
1.9700 2.0249 1.9700 1.9270
1.9600 2.0141 1.9600 1.9229
1.9500 2.0065 1.9500 1.9146
1.9400 1.9865 1.9400 1.8893
1.9200 1.9333 1.9200 1.8312
1.9100 1.9402 1.9100 1.8460
1.8900 1.9404 1.8900 1.8449
1.8600 1.9370 1.8600 1.8415
1.8400 1.9278 1.8400 1.8353
1.8200 1.9155 1.8200 1.8270
1.8100 1.8855 1.8100 1.7957
1.8000 1.8838 1.8000 1.7982
1.7900 1.8597 1.7900 1.7688
1.7900 1.8151 1.7900 1.7197
1.7800 1.7966 1.7800 1.7050
1.7800 1.7845 1.7800 1.6928
1.7800 1.7868 1.7800 1.6980
1.7900 1.7835 1.7900 1.6958
1.8000 1.7784 1.8000 1.6945
1.8100 1.7830 1.8100 1.7060
1.8300 1.7759 1.8300 1.6980
1.8400 1.7829 1.8400 1.7096
1.8400 1.7856 1.8400 1.7117
1.8400 1.8132 1.8400 1.7427
1.8400 1.8267 1.8400 1.7560
1.8300 1.8439 1.8300 1.7749
1.8200 1.8708 1.8200 1.8069
1.8200 1.8790 1.8200 1.8121
1.8200 1.8677 1.8200 1.7978
1.8200 1.8557 1.8200 1.7850
1.8100 1.8570 1.8100 1.7837
1.8100 1.8362 1.8100 1.7556
1.8100 1.8211 1.8100 1.7385
1.8100 1.8266 1.8100 1.7466
1.8100 1.8314 1.8100 1.7508
1.8100 1.8348 1.8100 1.7553
1.8200 1.8134 1.8200 1.7330
1.8200 1.8145 1.8200 1.7399
1.8300 1.8181 1.8300 1.7432
1.8400 1.8255 1.8400 1.7496
1.8500 1.8223 1.8500 1.7457
1.8600 1.8225 1.8600 1.7470
1.8700 1.8418 1.8700 1.7706
1.8700 1.8402 1.8700 1.7655
1.8700 1.8574 1.8700 1.7869
1.8800 1.8675 1.8800 1.7967
1.8800 1.8840 1.8800 1.8136
1.8800 1.8910 1.8800 1.8207
1.8700 1.9036 1.8700 1.8336
1.8700 1.8920 1.8700 1.8180
1.8600 1.8850 1.8600 1.8104
1.8600 1.9045 1.8600 1.8317
1.8400 1.9002 1.8400 1.8212
1.8400 1.8959 1.8400 1.8163
1.8500 1.8715 1.8500 1.7893
1.8800 1.8750 1.8800 1.7971
1.8900 1.8574 1.8900 1.7742
1.9000 1.8676 1.9000 1.7871
1.9000 1.8269 1.9000 1.7386
1.9100 1.8369 1.9100 1.7572
1.9300 1.8629 1.9300 1.7861
1.9400 1.9291 1.9400 1.8593
1.9500 1.9304 1.9500 1.8548
1.9700 1.9320 1.9700 1.8628
1.9900 1.9136 1.9900 1.8447
2.0000 1.9319 2.0000 1.8653
2.0200 1.9694 2.0200 1.8998
2.0200 1.9797 2.0200 1.9016
2.0300 1.9814 2.0300 1.9033
2.0400 2.0056 2.0400 1.9339
2.3900 2.6294 2.3900 2.4858
2.3500 2.4408 2.3500 2.2911
2.3000 2.4140 2.3000 2.2776
2.2300 2.3249 2.2300 2.1610
2.1600 2.3110 2.1600 2.1430
2.0900 2.3079 2.0900 2.1497
2.0300 2.2824 2.0300 2.1325
1.9300 2.2431 1.9300 2.1078
1.8200 2.1670 1.8200 2.0417
1.7100 2.0724 1.7100 1.9441
1.6200 1.9830 1.6200 1.8515
1.5500 1.9244 1.5500 1.7873
1.5000 1.8747 1.5000 1.7368
1.4600 1.7410 1.4600 1.5899
1.4300 1.6055 1.4300 1.4598
1.3900 1.4790 1.3900 1.3388
1.3500 1.4192 1.3500 1.2852
1.3000 1.3873 1.3000 1.2564
1.2500 1.3805 1.2500 1.2595
1.2100 1.3661 1.2100 1.2594
1.1600 1.3584 1.1600 1.2704
1.0900 1.3294 1.0900 1.2510
1.0500 1.2919 1.0500 1.2200
1.0000 1.2398 1.0000 1.1646
0.9500 1.1950 0.9500 1.1169
0.9000 1.1699 0.9000 1.0908
0.8600 1.1279 0.8600 1.0434
0.8100 1.0432 0.8100 0.9534
0.7700 1.0192 0.7700 0.9420
0.7200 0.9842 0.7200 0.9051
0.6700 0.9425 0.6700 0.8642
0.6100 0.8941 0.6100 0.8183
0.5800 0.8715 0.5800 0.8031
0.5400 0.8211 0.5400 0.7518
0.5100 0.7992 0.5100 0.7354
0.4900 0.7521 0.4900 0.6872
0.4800 0.7033 0.4800 0.6397
0.4800 0.6452 0.4800 0.5801
0.4800 0.6426 0.4800 0.5871
0.5000 0.6153 0.5000 0.5567
0.5700 0.6017 0.5700 0.5483
0.6500 0.5942 0.6500 0.5483
0.6900 0.6045 0.6900 0.5667
0.7500 0.6205 0.7500 0.5892
0.8000 0.6330 0.8000 0.6055
0.9100 0.6704 0.9100 0.6519
1.0600 0.7809 1.0600 0.7793
1.1700 0.9025 1.1700 0.9094
1.2700 0.9245 1.2700 0.9272
1.3400 0.9724 1.3400 0.9902
1.3900 1.0164 1.3900 1.0349
1.4600 1.1742 1.4600 1.2065
1.5300 1.3657 1.5300 1.4112
1.5300 1.4654 1.5300 1.5014
1.5000 1.5153 1.5000 1.5540
1.4500 1.5551 1.4500 1.5941
1.3900 1.5904 1.3900 1.6228
1.3200 1.6570 1.3200 1.6728
1.2600 1.7407 1.2600 1.7399
1.2100 1.6766 1.2100 1.6264
1.1800 1.5633 1.1800 1.5016
1.1600 1.4585 1.1600 1.3907
1.1700 1.3687 1.1700 1.2862
1.1600 1.2798 1.1600 1.1768
1.1500 1.2215 1.1500 1.1124
1.1600 1.1702 1.1600 1.0636
1.1800 1.1643 1.1800 1.0718
1.2100 1.1715 1.2100 1.0934
1.2500 1.2128 1.2500 1.1547
1.2900 1.2037 1.2900 1.1478
1.3400 1.1918 1.3400 1.1444
1.3800 1.2151 1.3800 1.1781
1.3800 1.2652 1.3800 1.2299
1.3800 1.3167 1.3800 1.2812
1.3600 1.3759 1.3600 1.3444
1.3600 1.4240 1.3600 1.3968
1.3600 1.4807 1.3600 1.4609
1.3500 1.5246 1.3500 1.5035
1.3500 1.4836 1.3500 1.4484
1.3400 1.4518 1.3400 1.4134
1.3300 1.4080 1.3300 1.3557
1.3300 1.4176 1.3300 1.3617
1.3200 1.4220 1.3200 1.3564
1.3200 1.4102 1.3200 1.3399
1.3200 1.3987 1.3200 1.3358
1.3300 1.3855 1.3300 1.3253
1.3300 1.3726 1.3300 1.3153
1.3100 1.3742 1.3100 1.3192
1.3200 1.3676 1.3200 1.3080
1.3300 1.3660 1.3300 1.3090
1.3400 1.3725 1.3400 1.3164
1.3400 1.3966 1.3400 1.3455
1.3400 1.3889 1.3400 1.3351
1.3500 1.3525 1.3500 1.2944
1.3400 1.3705 1.3400 1.3230
1.3500 1.3972 1.3500 1.3469
1.3700 1.4194 1.3700 1.3669
1.3700 1.4033 1.3700 1.3484
1.3800 1.3998 1.3800 1.3492
1.3900 1.4109 1.3900 1.3645
1.4000 1.3970 1.4000 1.3420
1.4000 1.4158 1.4000 1.3654
1.4000 1.4450 1.4000 1.3957
1.3900 1.4439 1.3900 1.3885
1.3900 1.4467 1.3900 1.3972
1.4000 1.4606 1.4000 1.4134
1.4000 1.4723 1.4000 1.4243
1.4000 1.4604 1.4000 1.4070
1.4000 1.4605 1.4000 1.4070
1.4000 1.4310 1.4000 1.3726
1.4000 1.4370 1.4000 1.3803
1.4000 1.4624 1.4000 1.4070
1.4100 1.4600 1.4100 1.3999
1.4200 1.4528 1.4200 1.3945
1.4300 1.4491 1.4300 1.3941
1.4400 1.4508 1.4400 1.3967
1.4500 1.4496 1.4500 1.3939
1.4400 1.4529 1.4400 1.3959
1.4400 1.4683 1.4400 1.4140
1.4600 1.4842 1.4600 1.4301
1.4600 1.4987 1.4600 1.4462
1.4600 1.5055 1.4600 1.4546
1.4600 1.5160 1.4600 1.4662
1.4500 1.4872 1.4500 1.4304
1.4300 1.4848 1.4300 1.4304
1.4200 1.5244 1.4200 1.4735
1.3300 1.5230 1.3300 1.4622
1.3400 1.5125 1.3400 1.4523
1.3200 1.5049 1.3200 1.4478
1.3100 1.4870 1.3100 1.4275
1.3200 1.4501 1.3200 1.3851
1.3100 1.4466 1.3100 1.3827
1.3000 1.2853 1.3000 1.1917
1.2800 1.3371 1.2800 1.2754
1.2700 1.3375 1.2700 1.2601
1.2400 1.3530 1.2400 1.2784
1.2400 1.3558 1.2400 1.2922
1.2300 1.3614 1.2300 1.3035
1.2500 1.3270 1.2500 1.2745
1.2700 1.3035 1.2700 1.2493
1.2900 1.3120 1.2900 1.2587
1.3000 1.2479 1.3000 1.1809
1.3300 1.2867 1.3300 1.2278
1.3900 1.2737 1.3900 1.2111
1.4100 1.3241 1.4100 1.2731
1.4200 1.3572 1.4200 1.3099
1.4200 1.3879 1.4200 1.3467
1.4300 1.3813 1.4300 1.3413
1.4200 1.4270 1.4200 1.3966
1.4200 1.5261 1.4200 1.5034
1.4400 1.5334 1.4400 1.4939
1.4500 1.5168 1.4500 1.4760
1.4700 1.4826 1.4700 1.4407
1.5100 1.5019 1.5100 1.4598
1.5300 1.4764 1.5300 1.4178
1.5400 1.4818 1.5400 1.4203
1.6000 1.5090 1.6000 1.4515
1.6500 1.5239 1.6500 1.4644
1.7100 1.5527 1.7100 1.5011
1.8000 1.6092 1.8000 1.5686
1.8700 1.6253 1.8700 1.5801
1.9200 1.6128 1.9200 1.5659
1.9600 1.7117 1.9600 1.6824
1.9900 1.7820 1.9900 1.7450
2.0100 1.8565 2.0100 1.8204
1.9700 1.9638 1.9700 1.9526
1.8800 2.0284 1.8800 2.0145
1.7800 2.0519 1.7800 2.0341
1.6700 2.0793 1.6700 2.0492
1.5400 2.0942 1.5400 2.0491
1.4300 2.0869 1.4300 2.0252
1.3400 1.9869 1.3400 1.8942
1.2300 1.7978 1.2300 1.6835
1.1200 1.6314 1.1200 1.5079
1.0600 1.5047 1.0600 1.3664
1.0100 1.3494 1.0100 1.1911
0.9900 1.2417 0.9900 1.0851
1.0100 1.1753 1.0100 1.0296
1.0300 1.0657 1.0300 0.9240
1.0200 0.9573 1.0200 0.8300
1.0500 0.9428 1.0500 0.8431
1.1200 0.9393 1.1200 0.8477
1.1900 0.9728 1.1900 0.8958
1.2500 1.0521 1.2500 0.9980
1.3000 1.1053 1.3000 1.0646
1.3600 1.0806 1.3600 1.0429
1.4200 1.1389 1.4200 1.1232
1.4800 1.2663 1.4800 1.2626
1.5400 1.3756 1.5400 1.3656
1.5900 1.4404 1.5900 1.4275
1.6400 1.4715 1.6400 1.4631
1.6700 1.5271 1.6700 1.5261
1.6900 1.5989 1.6900 1.5936
1.7000 1.6700 1.7000 1.6561
1.7000 1.7181 1.7000 1.6967
1.6800 1.7548 1.6800 1.7275
1.6600 1.7967 1.6600 1.7694
1.6200 1.8031 1.6200 1.7666
1.5600 1.7980 1.5600 1.7538
1.5100 1.7793 1.5100 1.7255
1.4800 1.7614 1.4800 1.6980
1.4500 1.7079 1.4500 1.6318
1.4300 1.6700 1.4300 1.5900
1.3900 1.6026 1.3900 1.5125
1.3500 1.5087 1.3500 1.4099
1.3200 1.4488 1.3200 1.3519
1.3000 1.4398 1.3000 1.3472
1.2800 1.4244 1.2800 1.3300
1.2500 1.4165 1.2500 1.3298
1.2300 1.3633 1.2300 1.2788
1.1900 1.3116 1.1900 1.2355
1.1600 1.2907 1.1600 1.2205
1.1500 1.2972 1.1500 1.2280
1.1500 1.2849 1.1500 1.2122
1.1500 1.2516 1.1500 1.1776
1.1700 1.2366 1.1700 1.1712
1.1800 1.1854 1.1800 1.1165
1.1800 1.1643 1.1800 1.0991
1.1800 1.1734 1.1800 1.1123
1.1800 1.2028 1.1800 1.1435
1.1900 1.2111 1.1900 1.1538
1.2000 1.2526 1.2000 1.2088
1.2100 1.2658 1.2100 1.2253
1.2100 1.2558 1.2100 1.2160
1.2200 1.2517 1.2200 1.2129
1.2200 1.2522 1.2200 1.2106
1.2300 1.2711 1.2300 1.2274
1.2400 1.2909 1.2400 1.2440
1.2300 1.3034 1.2300 1.2569
1.2300 1.2884 1.2300 1.2410
1.2300 1.3041 1.2300 1.2626
1.2400 1.2984 1.2400 1.2531
1.2300 1.3146 1.2300 1.2706
1.2200 1.3257 1.2200 1.2798
1.2000 1.3016 1.2000 1.2492
1.1900 1.2946 1.1900 1.2462
1.1800 1.2978 1.1800 1.2490
1.1700 1.3214 1.1700 1.2737
1.1700 1.2954 1.1700 1.2394
1.1600 1.2791 1.1600 1.2251
1.1500 1.2388 1.1500 1.1825
1.1400 1.2377 1.1400 1.1836
1.1300 1.2329 1.1300 1.1753
1.1200 1.2259 1.1200 1.1665
1.1200 1.2313 1.1200 1.1761
1.1100 1.2187 1.1100 1.1635
1.1200 1.2074 1.1200 1.1553
1.1200 1.1933 1.1200 1.1423
1.1300 1.1883 1.1300 1.1367
1.1400 1.1763 1.1400 1.1230
1.1500 1.1887 1.1500 1.1381
1.1600 1.1762 1.1600 1.1228
1.1900 1.1986 1.1900 1.1533
1.2100 1.2012 1.2100 1.1542
1.2300 1.2198 1.2300 1.1781
1.2600 1.2296 1.2600 1.1887
1.2900 1.2468 1.2900 1.2074
1.3100 1.2528 1.3100 1.2134
1.3300 1.3020 1.3300 1.2693
1.3600 1.3262 1.3600 1.2897
1.3600 1.3415 1.3600 1.3057
1.3400 1.3771 1.3400 1.3461
1.3900 1.4129 1.3900 1.3822
1.4700 1.4247 1.4700 1.3894
1.5400 1.4382 1.5400 1.4024
1.6000 1.4728 1.6000 1.4390
1.6800 1.4491 1.6800 1.4025
1.7300 1.3971 1.7300 1.3425
1.7800 1.4858 1.7800 1.4519
1.8200 1.6339 1.8200 1.6037
1.8100 1.7313 1.8100 1.6966
1.8000 1.7715 1.8000 1.7439
1.8200 1.8434 1.8200 1.8459
1.8600 1.8792 1.8600 1.8687
1.8800 1.9310 1.8800 1.9108
1.9000 1.9529 1.9000 1.9180
1.9200 1.8809 1.9200 1.8182
1.9200 1.8312 1.9200 1.7621
1.9100 1.8732 1.9100 1.8073
1.9000 1.9523 1.9000 1.8827
1.8800 1.9618 1.8800 1.8805
1.8300 1.9711 1.8300 1.8989
1.7800 1.9706 1.7800 1.9084
1.7300 1.9528 1.7300 1.8865
1.6700 1.9252 1.6700 1.8519
1.6000 1.9005 1.6000 1.8200
1.5400 1.8645 1.5400 1.7735
1.4800 1.7783 1.4800 1.6736
1.4400 1.7095 1.4400 1.6055
1.3900 1.6479 1.3900 1.5421
1.3600 1.5809 1.3600 1.4688
1.3100 1.4964 1.3100 1.3803
1.2700 1.4373 1.2700 1.3271
1.2200 1.3804 1.2200 1.2725
1.1600 1.3665 1.1600 1.2683
1.1100 1.3250 1.1100 1.2274
1.0700 1.3126 1.0700 1.2277
1.0300 1.2552 1.0300 1.1694
1.0000 1.2281 1.0000 1.1512
1.0000 1.1728 1.0000 1.0938
1.0000 1.1130 1.0000 1.0307
0.9800 1.0668 0.9800 0.9862
0.9500 1.0491 0.9500 0.9706
0.9000 1.0255 0.9000 0.9472
0.8800 1.0071 0.8800 0.9351
0.8600 1.0456 0.8600 0.9888
0.8300 1.0649 0.8300 1.0136
0.8000 1.0408 0.8000 0.9893
0.7700 0.9928 0.7700 0.9444
0.7500 0.9216 0.7500 0.8684
0.7100 0.9208 0.7100 0.8717
0.7000 0.9240 0.7000 0.8668
0.6600 0.8992 0.6600 0.8354
0.6400 0.8564 0.6400 0.7956
0.6300 0.8322 0.6300 0.7782
0.6100 0.8235 0.6100 0.7756
2.0800 1.7243 2.0800 1.6963
2.1500 1.8453 2.1500 1.8429
2.2100 1.9449 2.2100 1.9417
2.2900 2.0039 2.2900 1.9994
2.3800 2.0606 2.3800 2.0600
2.4500 2.1471 2.4500 2.1475
2.5200 2.2291 2.5200 2.2192
2.5600 2.2880 2.5600 2.2661
2.5600 2.3281 2.5600 2.2967
2.5500 2.4053 2.5500 2.3728
2.5100 2.5021 2.5100 2.4645
2.4700 2.5656 2.4700 2.5162
2.4700 2.6143 2.4700 2.5609
2.4500 2.6299 2.4500 2.5668
2.4300 2.6017 2.4300 2.5200
2.4300 2.5555 2.4300 2.4473
2.4300 2.4686 2.4300 2.3373
2.4200 2.3973 2.4200 2.2539
2.4000 2.4253 2.4000 2.2876
2.3800 2.4124 2.3800 2.2649
2.3700 2.3735 2.3700 2.2334
2.3700 2.3813 2.3700 2.2606
2.3600 2.3976 2.3600 2.2850
2.3300 2.3752 2.3300 2.2605
2.3100 2.3449 2.3100 2.2287
2.2900 2.3121 2.2900 2.1968
2.2800 2.3065 2.2800 2.1920
2.2600 2.3365 2.2600 2.2224
2.2500 2.3238 2.2500 2.2046
2.2400 2.2639 2.2400 2.1411
2.2200 2.2378 2.2200 2.1245
2.2100 2.2228 2.2100 2.1098
2.2100 2.2303 2.2100 2.1172
2.2000 2.2050 2.2000 2.0859
2.1900 2.2008 2.1900 2.0886
2.1800 2.1902 2.1800 2.0815
2.1800 2.1697 2.1800 2.0610
2.1600 2.1625 2.1600 2.0587
2.1400 2.1769 2.1400 2.0761
2.1400 2.1690 2.1400 2.0639
2.1300 2.1533 2.1300 2.0499
2.1200 2.1438 2.1200 2.0430
2.1200 2.1530 2.1200 2.0563
2.1100 2.1217 2.1100 2.0167
2.1200 2.0947 2.1200 1.9909
2.1100 2.1046 2.1100 2.0075
2.1100 2.1029 2.1100 2.0008
2.1100 2.0924 2.1100 1.9907
2.1000 2.0977 2.1000 2.0019
2.0900 2.0857 2.0900 1.9886
2.0800 2.1091 2.0800 2.0202
2.0600 2.0961 2.0600 2.0002
2.0500 2.0977 2.0500 2.0068
1.6200 1.4741 1.6200 1.3906
1.7100 1.4668 1.7100 1.3859
1.8200 1.4390 1.8200 1.3565
1.9700 1.4230 1.9700 1.3477
2.1000 1.4645 2.1000 1.4021
2.2300 1.6211 2.2300 1.5808
2.3300 1.7932 2.3300 1.7653
2.3700 1.8985 2.3700 1.8860
2.3300 1.9930 2.3300 1.9963
2.2900 2.1521 2.2900 2.1721
2.1900 2.2857 2.1900 2.3021
2.0600 2.4026 2.0600 2.4145
1.9300 2.4771 1.9300 2.4718
1.8000 2.4721 1.8000 2.4465
1.6600 2.3703 1.6600 2.2897
1.5100 2.2707 1.5100 2.1736
1.3800 2.0824 1.3800 1.9374
1.2700 1.8809 1.2700 1.7050
1.1500 1.7062 1.1500 1.5205
1.0500 1.5645 1.0500 1.3782
0.9300 1.4034 0.9300 1.2175
0.8800 1.2424 0.8800 1.0644
0.8000 1.1242 0.8000 0.9652
0.7400 1.0392 0.7400 0.8948
0.6700 0.9502 0.6700 0.8107
0.6200 0.8750 0.6200 0.7515
0.6000 0.7610 0.6000 0.6410
0.5900 0.7797 0.5900 0.6896
0.5800 0.7291 0.5800 0.6344
0.5900 0.7076 0.5900 0.6259
0.5800 0.6340 0.5800 0.5569
0.5800 0.6256 0.5800 0.5623
0.6100 0.6430 0.6100 0.5904
0.6500 0.6792 0.6500 0.6312
0.6100 0.6867 0.6100 0.6433
0.5500 0.7078 0.5500 0.6780
0.5300 0.7100 0.5300 0.6824
0.5200 0.7117 0.5200 0.6901
0.5200 0.7714 0.5200 0.7572
0.5600 0.8410 0.5600 0.8278
0.6100 0.7527 0.6100 0.7163
0.6600 0.6430 0.6600 0.6049
0.7000 0.6280 0.7000 0.5994
0.7300 0.6550 0.7300 0.6170
0.7700 0.6817 0.7700 0.6352
0.8100 0.7494 0.8100 0.7160
0.8500 0.8167 0.8500 0.7985
0.8900 0.8732 0.8900 0.8697
0.9400 0.9147 0.9400 0.9200
0.9900 0.9274 0.9900 0.9331
1.0400 0.9597 1.0400 0.9646
1.0800 1.0103 1.0800 1.0090
1.1300 1.0527 1.1300 1.0455
1.1800 1.0843 1.1800 1.0738
1.2300 1.1405 1.2300 1.1338
1.2900 1.1911 1.2900 1.1852
1.3300 1.2409 1.3300 1.2350
1.3100 1.2673 1.3100 1.2574
1.2400 1.3140 1.2400 1.3062
1.2100 1.3642 1.2100 1.3537
1.2100 1.4156 1.2100 1.4018
1.2600 1.4778 1.2600 1.4652
1.3100 1.5027 1.3100 1.4818
1.3300 1.4143 1.3300 1.3734
1.3500 1.2543 1.3500 1.1955
1.4000 1.2180 1.4000 1.1628
1.4600 1.2610 1.4600 1.1960
1.5000 1.3865 1.5000 1.3235
1.5500 1.4606 1.5500 1.4014
1.5800 1.4523 1.5800 1.4050
1.5900 1.4387 1.5900 1.4140
1.6200 1.5193 1.6200 1.5123
1.6400 1.6152 1.6400 1.6013
1.6600 1.6458 1.6600 1.6128
1.6800 1.6925 1.6800 1.6616
1.7000 1.6977 1.7000 1.6632
1.7200 1.6841 1.7200 1.6435
1.7400 1.7162 1.7400 1.6776
1.7600 1.7355 1.7600 1.6842
1.7700 1.7464 1.7700 1.6880
1.7800 1.7597 1.7800 1.7001
1.7900 1.7814 1.7900 1.7244
1.7900 1.7901 1.7900 1.7332
1.7800 1.8140 1.7800 1.7570
1.7700 1.8311 1.7700 1.7732
1.7500 1.8247 1.7500 1.7617
1.7300 1.8301 1.7300 1.7667
1.7100 1.8348 1.7100 1.7698
1.7200 1.8254 1.7200 1.7544
1.7100 1.7968 1.7100 1.7205
1.7200 1.7766 1.7200 1.6992
1.7500 1.7435 1.7500 1.6607
1.7700 1.7166 1.7700 1.6318
1.7700 1.6941 1.7700 1.6077
1.7600 1.7316 1.7600 1.6550
1.7800 1.7196 1.7800 1.6362
1.7900 1.7446 1.7900 1.6732
1.8200 1.7956 1.8200 1.7354
1.8500 1.8295 1.8500 1.7693
1.8800 1.8048 1.8800 1.7401
1.9000 1.7721 1.9000 1.7072
1.9400 1.8104 1.9400 1.7535
1.9700 1.8291 1.9700 1.7605
2.0000 1.8895 2.0000 1.8235
2.0400 1.9186 2.0400 1.8528
2.0700 1.9545 2.0700 1.8940
2.1300 1.9603 2.1300 1.9006
2.1900 2.0200 2.1900 1.9690
2.2600 2.0480 2.2600 1.9889
2.3000 2.0756 2.3000 2.0127
2.3100 2.1233 2.3100 2.0620
2.3300 2.1490 2.3300 2.0829
2.3300 2.2334 2.3300 2.1762
2.3300 2.3014 2.3300 2.2518
2.3300 2.3749 2.3300 2.3298
2.3200 2.3888 2.3200 2.3358
2.3200 2.3748 2.3200 2.2994
2.3100 2.3687 2.3100 2.2939
2.3100 2.3536 2.3100 2.2604
2.3000 2.3453 2.3000 2.2401
2.2900 2.3297 2.2900 2.2166
2.2800 2.3108 2.2800 2.1937
2.2700 2.3019 2.2700 2.1906
2.2700 2.2895 2.2700 2.1771
2.2600 2.2925 2.2600 2.1856
1.2900 1.3375 1.2900 1.2653
1.2800 1.2804 1.2800 1.2045
1.2400 1.2993 1.2400 1.2272
1.1700 1.3339 1.1700 1.2620
1.1200 1.3397 1.1200 1.2663
1.1100 1.3231 1.1100 1.2589
1.1500 1.3145 1.1500 1.2604
1.1100 1.3119 1.1100 1.2612
1.0800 1.2466 1.0800 1.1828
1.0600 1.1425 1.0600 1.0657
1.0500 1.0837 1.0500 1.0087
1.0200 1.1225 1.0200 1.0531
1.0100 1.2419 1.0100 1.1836
1.0000 1.1691 1.0000 1.0899
0.9900 1.1043 0.9900 1.0456
0.9600 1.0726 0.9600 1.0291
0.9300 1.1035 0.9300 1.0609
0.9200 1.0659 0.9200 1.0053
0.9300 1.0699 0.9300 1.0115
1.0200 1.0567 1.0200 1.0002
1.1400 1.0549 1.1400 1.0030
1.2100 1.0223 1.2100 0.9685
1.2700 0.9767 1.2700 0.9243
1.3000 0.9782 1.3000 0.9296
1.3200 1.0235 1.3200 0.9785
1.4500 1.1974 1.4500 1.1773
1.4900 1.3877 1.4900 1.3834
1.4400 1.4498 1.4400 1.4447
1.4400 1.4640 1.4400 1.4753
1.4400 1.4532 1.4400 1.4643
1.4000 1.4510 1.4000 1.4488
1.3700 1.6697 1.3700 1.6827
1.4400 1.7053 1.4400 1.6680
1.4400 1.5261 1.4400 1.4578
1.4200 1.4715 1.4200 1.4313
1.3900 1.5050 1.3900 1.4620
1.2700 1.4351 1.2700 1.3571
1.3400 1.3910 1.3400 1.3042
1.3600 1.5394 1.3600 1.4874
1.3900 1.5146 1.3900 1.4415
1.4100 1.4776 1.4100 1.4129
1.4100 1.3948 1.4100 1.3401
1.3200 1.1821 1.3200 1.0974
1.2900 1.3652 1.2900 1.3297
1.2500 1.4612 1.2500 1.3904
1.1300 1.5165 1.1300 1.4478
1.0700 1.4677 1.0700 1.4124
1.0300 1.4890 1.0300 1.4548
1.0500 1.2739 1.0500 1.2126
1.1300 1.2663 1.1300 1.2148
1.2200 1.2463 1.2200 1.1697
1.3500 1.0505 1.3500 0.9294
1.5000 1.0064 1.5000 0.9041
1.5500 1.0043 1.5500 0.9141
1.6800 1.1014 1.6800 1.0313
1.7200 1.2654 1.7200 1.2217
1.8000 1.4283 1.8000 1.4081
1.9500 1.5724 1.9500 1.5888
2.0400 1.7365 2.0400 1.7740
2.0500 1.7538 2.0500 1.7778
2.1700 1.8648 2.1700 1.9072
2.2500 1.8911 2.2500 1.9047
2.3500 1.9756 2.3500 1.9860
2.3500 2.1345 2.3500 2.1441
2.3200 2.2456 2.3200 2.2323
2.2500 2.1584 2.2500 2.1232
2.1600 2.2891 2.1600 2.2858
2.0800 2.3899 2.0800 2.3685
2.0100 2.4908 2.0100 2.4595
1.9900 2.4405 1.9900 2.3780
2.0100 2.3415 2.0100 2.2511
1.9600 2.1474 1.9600 2.0363
1.9300 2.0475 1.9300 1.9160
1.9200 1.9426 1.9200 1.7897
1.9300 1.8654 1.9300 1.6999
2.0400 1.9048 2.0400 1.7594
2.0900 1.9807 2.0900 1.8627
2.1000 1.9086 2.1000 1.7871
2.1000 1.8417 2.1000 1.7508
2.1000 1.8490 2.1000 1.7751
1.9900 1.9149 1.9900 1.8426
1.8500 2.1414 1.8500 2.0919
1.7800 2.2181 1.7800 2.1454
1.7500 2.1600 1.7500 2.0894
1.8600 2.0941 1.8600 2.0373
1.9200 2.1130 1.9200 2.0573
1.9300 1.8817 1.9300 1.7649
1.8800 1.6562 1.8800 1.5135
1.8300 1.6003 1.8300 1.4674
1.7900 1.6478 1.7900 1.5114
1.7400 1.9486 1.7400 1.8558
1.6900 2.0509 1.6900 1.9566
1.6500 1.9952 1.6500 1.9246
1.6300 1.8095 1.6300 1.7559
1.5600 1.7526 1.5600 1.7101
1.5100 1.7088 1.5100 1.6378
1.4400 1.6776 1.4400 1.5652
1.3900 1.6228 1.3900 1.4939
1.3700 1.5694 1.3700 1.4495
1.3800 1.5896 1.3800 1.4917
1.3800 1.4860 1.3800 1.3819
1.3500 1.4310 1.3500 1.3407
1.3300 1.3363 1.3300 1.2397
1.3400 1.3105 1.3400 1.2182
1.3600 1.3264 1.3600 1.2395
1.3900 1.3999 1.3900 1.3241
1.4100 1.4072 1.4100 1.3348
1.4000 1.3524 1.4000 1.2845
1.3500 1.3267 1.3500 1.2744
1.2800 1.3633 1.2800 1.3203
1.2800 1.4299 1.2800 1.3813
1.2600 1.4816 1.2600 1.4313
1.2300 1.4977 1.2300 1.4486
1.1900 1.4531 1.1900 1.4033
1.1400 1.3500 1.1400 1.2920
1.1000 1.2411 1.1000 1.1720
1.0700 1.2843 1.0700 1.2233
1.0400 1.2908 1.0400 1.2069
1.0100 1.2592 1.0100 1.1704
1.0300 1.1842 1.0300 1.1035
1.0400 1.1242 1.0400 1.0536
1.0700 1.0842 1.0700 1.0184
1.1000 1.0825 1.1000 1.0148
1.0900 1.0631 1.0900 0.9904
1.0800 1.0253 1.0800 0.9534
1.0600 1.0981 1.0600 1.0492
1.0500 1.1296 1.0500 1.0837
1.0500 1.1842 1.0500 1.1505
1.0400 1.2192 1.0400 1.1923
1.0500 1.1848 1.0500 1.1512
1.0900 1.1471 1.0900 1.1145
1.1100 1.1211 1.1100 1.0805
1.1300 1.1209 1.1300 1.0734
1.1400 1.1276 1.1400 1.0733
1.1600 1.1276 1.1600 1.0688
1.1600 1.1387 1.1600 1.0904
1.1500 1.2128 1.1500 1.1798
1.1200 1.2429 1.1200 1.2085
1.1000 1.2492 1.1000 1.2192
1.0900 1.2452 1.0900 1.2160
1.0800 1.2688 1.0800 1.2427
1.0500 1.2552 1.0500 1.2169
1.0300 1.2354 1.0300 1.1894
1.0100 1.1697 1.0100 1.1132
1.0000 1.1462 1.0000 1.0897
0.9900 1.1501 0.9900 1.0924
0.9600 1.1501 0.9600 1.0892
0.9600 1.1015 0.9600 1.0353
0.9900 1.0742 0.9900 1.0164
1.0000 1.0578 1.0000 1.0033
1.0000 1.0627 1.0000 1.0109
0.9900 1.0602 0.9900 1.0069
1.0300 1.0165 1.0300 0.9584
1.0600 1.0267 1.0600 0.9809
1.0600 1.0983 1.0600 1.0634
1.0600 1.1226 1.0600 1.0822
1.0200 1.1018 1.0200 1.0620
0.9500 1.0734 0.9500 1.0368
0.9200 1.1475 0.9200 1.1277
0.9500 1.2006 0.9500 1.1720
1.0300 1.1892 1.0300 1.1490
1.0500 1.1525 1.0500 1.1151
1.0600 1.0759 1.0600 1.0287
1.0700 0.9661 1.0700 0.9055
1.0700 0.9484 1.0700 0.8896
1.0500 1.0516 1.0500 0.9994
1.0400 1.2061 1.0400 1.1648
1.0400 1.2167 1.0400 1.1690
1.0500 1.1833 1.0500 1.1577
1.0500 1.1594 1.0500 1.1496
1.0500 1.1699 1.0500 1.1534
1.0500 1.1324 1.0500 1.0922
1.0400 1.1191 1.0400 1.0678
1.0300 1.1220 1.0300 1.0673
1.1100 1.1479 1.1100 1.0967
1.1300 1.1556 1.1300 1.1060
1.1100 1.1433 1.1100 1.0994
1.0000 1.1348 1.0000 1.0944
0.9700 1.1206 0.9700 1.0779
0.9700 1.1070 0.9700 1.0621
0.9600 1.2580 0.9600 1.2387
1.0300 1.2815 1.0300 1.2412
1.1000 1.2102 1.1000 1.1642
1.1200 0.9764 1.1200 0.9113
0.7400 0.8935 0.7400 0.8563
0.7500 0.8801 0.7500 0.8395
0.7100 0.8429 0.7100 0.8001
0.7200 0.8889 0.7200 0.8601
0.7600 0.8939 0.7600 0.8586
0.7900 0.8748 0.7900 0.8368
0.8300 0.8532 0.8300 0.8175
0.8600 0.8771 0.8600 0.8487
0.9000 0.8117 0.9000 0.7658
0.9100 0.8427 0.9100 0.8101
0.9300 0.9179 0.9300 0.8926
0.9800 0.9682 0.9800 0.9404
1.0200 1.0098 1.0200 0.9908
1.0900 1.0356 1.0900 1.0238
1.0900 1.0732 1.0900 1.0693
1.1800 1.0615 1.1800 1.0463
1.2200 1.0881 1.2200 1.0720
1.2200 1.1457 1.2200 1.1318
1.2300 1.2034 1.2300 1.1813
1.2300 1.2940 1.2300 1.2833
1.2300 1.2441 1.2300 1.2142
1.2200 1.3724 1.2200 1.3776
1.2000 1.3969 1.2000 1.3827
1.1900 1.3716 1.1900 1.3422
1.1600 1.3251 1.1600 1.2952
1.1400 1.3283 1.1400 1.2912
1.1500 1.3175 1.1500 1.2695
1.1800 1.2964 1.1800 1.2370
1.2000 1.2695 1.2000 1.2059
1.2100 1.2313 1.2100 1.1709
1.1900 1.2047 1.1900 1.1397
1.1800 1.1819 1.1800 1.1210
1.2000 1.2107 1.2000 1.1573
1.2400 1.2835 1.2400 1.2371
1.2400 1.3078 1.2400 1.2620
1.2900 1.3063 1.2900 1.2663
1.3600 1.2484 1.3600 1.2064
1.4000 1.2280 1.4000 1.1894
1.3900 1.2821 1.3900 1.2447
1.4300 1.3650 1.4300 1.3241
1.4700 1.3423 1.4700 1.2858
1.5100 1.4109 1.5100 1.3801
1.4300 1.5165 1.4300 1.5001
1.4800 1.5608 1.4800 1.5370
1.5300 1.4849 1.5300 1.4460
1.5100 1.5304 1.5100 1.5102
1.4500 1.5862 1.4500 1.5568
1.3100 1.6493 1.3100 1.6092
1.1200 1.4566 1.1200 1.3732
1.0000 1.5375 1.0000 1.5031
0.9600 1.6325 0.9600 1.5897
1.2200 1.6096 1.2200 1.5373
1.6200 1.4382 1.6200 1.3555
1.8500 1.1868 1.8500 1.0878
1.9300 0.8984 1.9300 0.7770
1.9100 0.8182 1.9100 0.6955
1.8400 0.9142 1.8400 0.7893
1.7400 1.4523 1.7400 1.4128
1.6500 1.9809 1.6500 1.9697
1.5800 2.1326 1.5800 2.0996
1.4900 2.0321 1.4900 2.0322
1.4100 1.9475 1.4100 2.0122
1.3100 1.8147 1.3100 1.8533
1.2400 1.6687 1.2400 1.5968
1.0900 1.5939 1.0900 1.4373
1.0900 1.4967 1.0900 1.3070
1.1200 1.3872 1.1200 1.2034
1.1000 1.3165 1.1000 1.1745
1.0800 1.1845 1.0800 1.0630
1.0500 1.1261 1.0500 1.0254
1.0100 0.9210 1.0100 0.7954
0.9700 1.0226 0.9700 0.9454
0.9400 1.1446 0.9400 1.0737
0.9100 1.1578 0.9100 1.0793
0.8800 1.0920 0.8800 1.0341
0.8500 1.0577 0.8500 1.0190
0.8400 1.0102 0.8400 0.9694
0.8400 0.9781 0.8400 0.9236
0.8300 0.9851 0.8300 0.9213
0.8500 0.9351 0.8500 0.8634
0.8900 0.9236 0.8900 0.8550
0.9400 0.9040 0.9400 0.8440
1.0000 0.9062 1.0000 0.8565
1.0700 0.9289 1.0700 0.8840
1.1500 0.9253 1.1500 0.8801
1.2000 0.9634 1.2000 0.9312
1.2600 1.0341 1.2600 1.0121
1.3200 1.1136 1.3200 1.0982
1.3700 1.1889 1.3700 1.1811
1.4000 1.2758 1.4000 1.2772
1.4000 1.3665 1.4000 1.3759
1.3900 1.4008 1.3900 1.4018
1.3700 1.4554 1.3700 1.4591
1.3500 1.5078 1.3500 1.5063
1.3500 1.5559 1.3500 1.5437
1.3600 1.5569 1.3600 1.5305
1.3900 1.5134 1.3900 1.4734
1.4300 1.4632 1.4300 1.4155
1.4700 1.4195 1.4700 1.3605
1.5100 1.3958 1.5100 1.3274
1.5600 1.4019 1.5600 1.3326
1.6000 1.4302 1.6000 1.3629
1.5900 1.4825 1.5900 1.4270
1.5700 1.5405 1.5700 1.4970
1.5800 1.5898 1.5800 1.5555
1.6000 1.6259 1.6000 1.5976
1.6200 1.6874 1.6200 1.6646
1.6200 1.7254 1.6200 1.6965
1.6000 1.6643 1.6000 1.6145
1.5700 1.6003 1.5700 1.5443
1.5400 1.6193 1.5400 1.5658
1.4900 1.6720 1.4900 1.6093
1.4500 1.7042 1.4500 1.6340
1.4900 1.6798 1.4900 1.6073
1.5100 1.6178 1.5100 1.5491
1.4200 1.5584 1.4200 1.4914
1.2900 1.5285 1.2900 1.4572
1.1900 1.4572 1.1900 1.3685
1.0600 1.4108 1.0600 1.3184
0.9600 1.5252 0.9600 1.4581
0.9100 1.5821 0.9100 1.5103
0.9700 1.3959 0.9700 1.2986
1.0200 1.1473 1.0200 1.0540
1.0500 1.0357 1.0500 0.9525
1.0700 0.9139 1.0700 0.7965
1.0900 0.8526 1.0900 0.7205
1.1000 0.8559 1.1000 0.7333
1.3400 1.0291 1.3400 0.9532
1.3400 1.1450 1.3400 1.0906
1.3300 1.1895 1.3300 1.1619
1.3700 1.1642 1.3700 1.1592
1.3600 1.1817 1.3600 1.1857
1.3400 1.2001 1.3400 1.1900
1.3100 1.6228 1.3100 1.6688
1.2500 1.5757 1.2500 1.5309
1.3200 1.4533 1.3200 1.4211
1.3500 1.4437 1.3500 1.4447
1.5000 1.4729 1.5000 1.4507
1.5200 1.3961 1.5200 1.3372
1.4400 1.3653 1.4400 1.2872
1.4800 1.2542 1.4800 1.1632
1.5100 1.3747 1.5100 1.3253
1.5300 1.5036 1.5300 1.4457
1.5400 1.7271 1.5400 1.7248
1.4800 1.6715 1.4800 1.6295
1.4200 1.4722 1.4200 1.4251
1.4800 1.4898 1.4800 1.4882
1.4500 1.6130 1.4500 1.5837
1.3400 1.6500 1.3400 1.5845
1.2900 1.6137 1.2900 1.5362
1.2300 1.4961 1.2300 1.4129
1.1800 1.3474 1.1800 1.2747
1.1100 1.5433 1.1100 1.5061
1.0400 1.5163 1.0400 1.4313
0.9700 1.2734 0.9700 1.1573
0.9000 1.2035 0.9000 1.1220
0.8200 1.1701 0.8200 1.0893
0.6900 1.1412 0.6900 1.0494
0.6300 1.0738 0.6300 0.9691
0.5600 0.9910 0.5600 0.8927
0.5600 0.8918 0.5600 0.8004
0.5100 0.8662 0.5100 0.7826
0.4000 0.7858 0.4000 0.6993
0.4000 0.6113 0.4000 0.5075
0.4000 0.5952 0.4000 0.5135
0.4000 0.5590 0.4000 0.4741
0.4000 0.6374 0.4000 0.5733
0.5400 0.5804 0.5400 0.5101
0.6100 0.4368 0.6100 0.3665
0.6200 0.4617 0.6200 0.4314
0.6100 0.5342 0.6100 0.5032
0.6000 0.5691 0.6000 0.5321
0.5400 0.5518 0.5400 0.5178
0.4000 0.7968 0.4000 0.8143
0.4000 0.8707 0.4000 0.8819
0.4000 0.8552 0.4000 0.8599
0.4000 0.7706 0.4000 0.7775
0.4100 0.7398 0.4100 0.7417
0.4600 0.6556 0.4600 0.6223
0.4800 0.4624 0.4800 0.3865
0.5300 0.5073 0.5300 0.4543
0.5700 0.5475 0.5700 0.4848
0.5600 0.5965 0.5600 0.5378
0.5600 0.5871 0.5600 0.5495
0.6200 0.6659 0.6200 0.6607
0.7400 0.6708 0.7400 0.6687
0.8800 0.7522 0.8800 0.7621
0.9600 0.7964 0.9600 0.8031
0.9900 0.7374 0.9900 0.7254
0.8500 0.7241 0.8500 0.7129
0.6900 0.8288 0.6900 0.8315
0.6300 1.0215 0.6300 1.0355
0.5900 1.2119 0.5900 1.2327
0.7200 1.2590 0.7200 1.2840
1.0900 1.2046 1.0900 1.2268
1.3500 0.8901 1.3500 0.8621
1.5200 0.6357 1.5200 0.5853
1.6200 0.6215 1.6200 0.5563
1.7000 0.6764 1.7000 0.5710
1.7500 0.9410 1.7500 0.8693
1.7900 1.4664 1.7900 1.4930
1.7700 1.6856 1.7700 1.6985
1.6100 1.7394 1.6100 1.7660
1.4700 1.7702 1.4700 1.8296
1.4100 1.8618 1.4100 1.9565
1.4100 1.9152 1.4100 1.9646
1.4500 1.9907 1.4500 1.9729
1.5000 1.8808 1.5000 1.7902
1.7000 1.5203 1.7000 1.3709
1.9000 1.3103 1.9000 1.1790
2.0300 1.3004 2.0300 1.1846
2.1000 1.4156 2.1000 1.2937
2.1500 1.5236 2.1500 1.4102
2.2100 1.6056 2.2100 1.5270
2.2700 1.8929 2.2700 1.8883
2.3200 2.1104 2.3200 2.1104
2.3500 2.2296 2.3500 2.2292
2.3400 2.2263 2.3400 2.2403
2.3000 2.2490 2.3000 2.2638
2.2700 2.3144 2.2700 2.3126
2.3300 2.4053 2.3300 2.3736
2.3200 2.4489 2.3200 2.3907
2.3200 2.4303 2.3200 2.3519
2.3000 2.3859 2.3000 2.2799
2.2700 2.2789 2.2700 2.1711
2.2700 2.2229 2.2700 2.1132
2.2100 2.3698 2.2100 2.2765
2.0500 2.3463 2.0500 2.2139
1.9100 2.3247 1.9100 2.2064
1.8300 2.2494 1.8300 2.1404
1.8000 2.2118 1.8000 2.1101
1.8000 2.2217 1.8000 2.1231
1.8100 2.1381 1.8100 2.0084
1.8000 1.8312 1.8000 1.6652
1.7700 1.6148 1.7700 1.4608
1.7300 1.6133 1.7300 1.4728
1.7300 1.6764 1.7300 1.5332
1.9700 1.7540 1.9700 1.6173
2.2500 1.7944 2.2500 1.6859
2.3200 1.7569 2.3200 1.6762
2.2200 1.7107 2.2200 1.6490
2.1400 1.6622 2.1400 1.6009
2.1800 1.6925 2.1800 1.6295
2.3700 2.1760 2.3700 2.1717
2.5000 2.5222 2.5000 2.5017
2.5500 2.5016 2.5500 2.4547
2.5700 2.2083 2.5700 2.1598
2.5700 1.9933 2.5700 1.9767
2.5700 2.1604 2.5700 2.1326
2.5700 2.5947 2.5700 2.5498
2.5700 2.7393 2.5700 2.6423
2.5700 2.6453 2.5700 2.5488
2.5700 2.5605 2.5700 2.5036
2.5700 2.5768 2.5700 2.5361
2.5700 2.5908 2.5700 2.5159
2.5700 2.5864 2.5700 2.4604
2.5900 2.5710 2.5900 2.4190
2.6100 2.5478 2.6100 2.3987
2.6200 2.5623 2.6200 2.4300
2.5400 2.5559 2.5400 2.4339
2.5500 2.5459 2.5500 2.4254
2.5100 2.5435 2.5100 2.4224
2.5100 2.5820 2.5100 2.4672
2.5900 2.6165 2.5900 2.5001
2.6300 2.6220 2.6300 2.5032
2.6400 2.4357 2.6400 2.2886
2.5600 2.4758 2.5600 2.3670
2.5800 2.4214 2.5800 2.2819
2.3800 2.4716 2.3800 2.3392
2.0200 1.8146 2.0200 1.6250
1.7700 1.9240 1.7700 1.6603
1.8900 2.1925 1.8900 1.9782
2.3900 2.3754 2.3900 2.2708
2.9000 2.7131 2.9000 2.6331
3.2900 2.4330 3.2900 2.3353
3.3300 1.5115 3.3300 1.3956
3.2900 1.1793 3.2900 1.0828
3.2800 1.7782 3.2800 1.7007
3.1800 2.8296 3.1800 2.7769
2.8100 3.3476 2.8100 3.2008
2.4700 3.4695 2.4700 3.3093
2.3700 3.2051 2.3700 3.1052
2.3500 3.1451 2.3500 3.1367
2.3700 3.2103 2.3700 3.2050
2.3100 3.1476 2.3100 2.9447
2.2400 2.3958 2.2400 1.9821
2.1200 1.8463 2.1200 1.4532
2.0700 1.9217 2.0700 1.6407
2.2900 2.1685 2.2900 1.9151
2.6200 2.3455 2.6200 2.1234
2.7800 2.1701 2.7800 1.9848
2.7500 1.9965 2.7500 1.8932
2.6300 1.8140 2.6300 1.7332
2.4500 1.8859 2.4500 1.8142
2.2900 2.3982 2.2900 2.3676
2.1900 2.9023 2.1900 2.8412
2.1500 2.9764 2.1500 2.8819
2.0800 2.7484 2.0800 2.6701
2.1100 2.4705 2.1100 2.4321
2.2200 2.1470 2.2200 2.0572
2.3400 2.0075 2.3400 1.8316
2.4400 1.9774 2.4400 1.7375
2.6900 1.9981 2.6900 1.7522
2.8600 1.9243 2.8600 1.7040
2.8200 2.0535 2.8200 1.9339
2.7000 2.2891 2.7000 2.2373
2.6100 2.4757 2.6100 2.4125
2.5600 2.5586 2.5600 2.5049
2.6000 2.8321 2.6000 2.7952
2.6800 3.0000 2.6800 2.9551
2.8500 2.8777 2.8500 2.8070
2.9800 2.5764 2.9800 2.4682
3.0400 2.4169 3.0400 2.2988
3.0600 2.4274 3.0600 2.2620
3.0400 2.6203 3.0400 2.4348
2.9900 2.7903 2.9900 2.6211
2.8600 2.9495 2.8600 2.8361
2.4000 3.0514 2.4000 2.9399
2.2600 3.0807 2.2600 2.9745
2.4100 3.0470 2.4100 2.9690
2.2600 3.0164 2.2600 2.9120
2.1200 2.9099 2.1200 2.7550
2.0500 2.6693 2.0500 2.4516
1.8800 1.8037 1.8800 1.4627
1.8300 1.7274 1.8300 1.5098
1.6400 2.3126 1.6400 2.1585
1.8400 2.1858 1.8400 1.8980
2.2400 1.8340 2.2400 1.6079
2.6000 1.7405 2.6000 1.6287
2.8000 1.5407 2.8000 1.4244
2.8800 1.5814 2.8800 1.4788
2.9100 1.4078 2.9100 1.2292
2.9200 1.8301 2.9200 1.7730
2.9200 2.5023 2.9200 2.4724
2.9200 2.9448 2.9200 2.8691
2.8900 2.9008 2.8900 2.8163
2.8500 2.8855 2.8500 2.8584
2.8300 2.8931 2.8300 2.9133
2.7100 2.9474 2.7100 2.9216
2.6900 3.0146 2.6900 2.8905
2.7800 2.9563 2.7800 2.7448
2.1200 2.8761 2.1200 2.6490
2.0600 2.7948 2.0600 2.5982
1.9300 2.7707 1.9300 2.6062
1.8800 2.5402 1.8800 2.3458
1.8500 2.5436 1.8500 2.3897
1.8700 2.7838 1.8700 2.6600
1.7700 1.4597 1.7700 1.0745
1.8100 1.5055 1.8100 1.3775
1.8900 1.5144 1.8900 1.3177
1.8600 1.7761 1.8600 1.5651
1.6500 1.6372 1.6500 1.4214
1.3800 1.8742 1.3800 1.7614
1.2700 1.5219 1.2700 1.4198
1.3200 1.7195 1.3200 1.7022
1.4000 2.0172 1.4000 2.0051
1.5700 1.8151 1.5700 1.7289
1.6400 1.4394 1.6400 1.2945
1.9700 0.9836 1.9700 0.8419
2.1400 0.9604 2.1400 0.8451
2.1200 1.2779 2.1200 1.1599
1.9300 1.5561 1.9300 1.4232
1.4700 1.7977 1.4700 1.7326
1.2500 1.8007 1.2500 1.7786
1.6800 2.1445 1.6800 2.1629
1.6900 2.3402 1.6900 2.3505
1.5700 2.2779 1.5700 2.2831
1.5200 1.7498 1.5200 1.6812
1.7300 0.9551 1.7300 0.7789
1.9800 0.7779 1.9800 0.6097
2.0500 1.9200 2.0500 1.8658
1.9700 2.0619 1.9700 1.8157
2.1000 1.5644 2.1000 1.3643
2.2100 1.3245 2.2100 1.2995
2.2500 1.8598 2.2500 1.9035
2.2100 2.2519 2.2100 2.2702
2.0900 2.3744 2.0900 2.3384
2.0500 1.9806 2.0500 1.8968
1.9500 2.1023 1.9500 2.1282
1.7900 2.3904 1.7900 2.4027
1.6800 2.4358 1.6800 2.3894
1.6100 2.2531 1.6100 2.1292
1.5900 1.9516 1.5900 1.8204
1.5800 1.9107 1.5800 1.8148
1.6300 1.8420 1.6300 1.7016
1.5900 1.6091 1.5900 1.4233
1.5000 1.4179 1.5000 1.2429
1.4800 1.4381 1.4800 1.2896
1.5200 1.4983 1.5200 1.3754
1.4700 1.5423 1.4700 1.4336
1.4400 1.6642 1.4400 1.5984
1.4200 1.5498 1.4200 1.4748
1.3800 1.4022 1.3800 1.3317
1.3600 1.3962 1.3600 1.3496
1.3100 1.5453 1.3100 1.4962
1.2800 1.4774 1.2800 1.3756
1.2600 1.4216 1.2600 1.3322
1.2600 1.3941 1.2600 1.3237
1.2600 1.3513 1.2600 1.2798
1.2300 1.3562 1.2300 1.2869
1.2600 1.2986 1.2600 1.2153
1.3900 1.2536 1.3900 1.1747
1.2900 1.2475 1.2900 1.1734
1.2700 1.3055 1.2700 1.2426
1.3500 1.3004 1.3500 1.2384
1.4700 1.2557 1.4700 1.1900
1.4800 1.3185 1.4800 1.2800
1.3500 1.5679 1.3500 1.5630
1.2400 1.3534 1.2400 1.2720
1.1800 1.2713 1.1800 1.2289
1.1700 1.4265 1.1700 1.4175
1.1800 1.7051 1.1800 1.6941
1.1700 1.6404 1.1700 1.5788
1.1500 1.3375 1.1500 1.2516
1.2600 1.0919 1.2600 1.0301
1.3700 1.0777 1.3700 1.0125
1.4100 1.2173 1.4100 1.1282
1.4100 1.2483 1.4100 1.1396
1.3300 1.2254 1.3300 1.1261
1.3400 1.1674 1.3400 1.1044
1.3900 1.3946 1.3900 1.4012
1.3900 1.6001 1.3900 1.6074
1.4400 1.6004 1.4400 1.5802
1.4500 1.5010 1.4500 1.4770
1.4000 1.3160 1.4000 1.2751
1.4800 1.3572 1.4800 1.3316
1.5800 1.5037 1.5800 1.4575
1.6300 1.5189 1.6300 1.4344
1.5800 1.5429 1.5800 1.4810
1.4800 1.5421 1.4800 1.4916
1.5500 1.4261 1.5500 1.3726
1.7000 1.5685 1.7000 1.5562
1.8100 1.7807 1.8100 1.7605
1.7600 1.8093 1.7600 1.7619
1.7400 1.6226 1.7400 1.5536
1.7500 1.4131 1.7500 1.3492
1.6500 1.5665 1.6500 1.5488
1.5300 1.9293 1.5300 1.9032
1.4800 2.0645 1.4800 2.0285
1.4000 1.8373 1.4000 1.7475
1.3300 1.7249 1.3300 1.6937
1.2700 1.7466 1.2700 1.7299
1.2300 1.6196 1.2300 1.5281
1.3100 1.4114 1.3100 1.2786
1.4000 1.3603 1.4000 1.2373
1.4800 1.2986 1.4800 1.1628
1.5400 1.2441 1.5400 1.1179
1.5900 1.2046 1.5900 1.0949
1.6900 1.1669 1.6900 1.0751
1.6700 1.3590 1.6700 1.3142
1.6000 1.5695 1.6000 1.5381
1.6200 1.6646 1.6200 1.6445
1.6900 1.6782 1.6900 1.6719
1.7100 1.7276 1.7100 1.7356
1.7100 1.8564 1.7100 1.8769
1.7600 1.7814 1.7600 1.7382
1.7700 1.6024 1.7700 1.5304
1.7200 1.6211 1.7200 1.5682
1.6500 1.8154 1.6500 1.7620
1.5900 1.8371 1.5900 1.7517
1.5300 1.7861 1.5300 1.7050
1.4800 1.8368 1.4800 1.7954
1.3800 1.8255 1.3800 1.7766
1.1600 1.7331 1.1600 1.6604
1.1200 1.5868 1.1200 1.5003
1.1700 1.4975 1.1700 1.4026
1.1600 1.4457 1.1600 1.3360
1.0900 1.4265 1.0900 1.3122
1.0300 1.2793 1.0300 1.1495
0.9500 0.9151 0.9500 0.7569
0.9900 0.9595 0.9900 0.8670
0.9900 1.1866 0.9900 1.1115
0.9300 1.2377 0.9300 1.1361
0.8700 1.0672 0.8700 0.9689
0.8000 0.9703 0.8000 0.9156
0.7300 0.8682 0.7300 0.8186
0.7200 1.0372 0.7200 1.0070
0.8000 1.0985 0.8000 1.0336
0.8600 0.9639 0.8600 0.8782
0.9300 0.8465 0.9300 0.7792
0.9600 0.7956 0.9600 0.7414
0.9700 0.7299 0.9700 0.6656
0.9700 0.7751 0.9700 0.7115
0.9700 0.9640 0.9700 0.9220
0.9700 1.0475 0.9700 1.0094
0.9800 1.1410 0.9800 1.1324
0.9800 1.1318 0.9800 1.1371
0.9800 1.1051 0.9800 1.1134
0.9700 1.0812 0.9700 1.0759
0.9600 1.0919 0.9600 1.0673
0.9500 1.0835 0.9500 1.0394
0.9400 1.0991 0.9400 1.0496
0.9400 1.1007 0.9400 1.0506
0.9600 1.0875 0.9600 1.0433
0.9600 1.0667 0.9600 1.0237
0.9600 1.0496 0.9600 1.0077
0.9600 1.0350 0.9600 0.9903
0.9600 1.0274 0.9600 0.9800
0.9500 1.0340 0.9500 0.9882
0.9400 1.0748 0.9400 1.0359
0.9000 1.0731 0.9000 1.0307
0.8700 1.0627 0.8700 1.0247
0.8700 1.0571 0.8700 1.0222
0.8800 1.0606 0.8800 1.0252
0.9000 1.0425 0.9000 1.0001
0.9100 1.0308 0.9100 0.9860
0.9100 0.9625 0.9100 0.9068
0.9000 0.9250 0.9000 0.8712
0.9100 0.9531 0.9100 0.9059
0.9100 0.9939 0.9100 0.9468
0.9100 1.0289 0.9100 0.9864
0.9100 1.0353 0.9100 0.9984
0.9200 1.0211 0.9200 0.9907
0.9200 0.9936 0.9200 0.9637
0.9200 1.0221 0.9200 0.9953
0.9200 1.0226 0.9200 0.9852
0.9100 1.0222 0.9100 0.9801
0.9100 1.0176 0.9100 0.9761
0.9000 1.0367 0.9000 1.0010
0.8800 1.0332 0.8800 0.9952
0.8700 1.0318 0.8700 0.9945
0.8700 1.0270 0.8700 0.9897
0.8700 1.0077 0.8700 0.9666
0.8700 1.0124 0.8700 0.9732
0.8700 0.9988 0.8700 0.9552
0.8800 0.9683 0.8800 0.9206
0.8800 0.9554 0.8800 0.9103
0.8900 0.9722 0.8900 0.9299
0.9000 0.9787 0.9000 0.9355
0.9200 0.9802 0.9200 0.9384
0.9400 0.9800 0.9400 0.9419
0.9600 0.9947 0.9600 0.9623
0.9600 0.9959 0.9600 0.9611
0.9700 1.0121 0.9700 0.9803
0.9800 1.0222 0.9800 0.9897
0.9800 1.0542 0.9800 1.0250
0.9900 1.0779 0.9900 1.0491
0.9900 1.1013 0.9900 1.0741
0.9900 1.0812 0.9900 1.0489
0.9800 1.0872 0.9800 1.0585
0.9800 1.0998 0.9800 1.0685
0.9500 1.0952 0.9500 1.0569
0.8900 1.1047 0.8900 1.0669
0.8900 1.0991 0.8900 1.0581
0.9100 1.0940 0.9100 1.0534
0.8500 1.0713 0.8500 1.0276
0.8800 1.0781 0.8800 1.0371
1.0000 1.0217 1.0000 0.9691
0.8900 0.9281 0.8900 0.8650
0.9600 0.9516 0.9600 0.9048
1.0200 1.0196 1.0200 0.9739
1.0700 0.9254 1.0700 0.8536
1.1100 0.9748 1.1100 0.9381
1.1000 1.2000 1.1000 1.1992
1.1400 0.9827 1.1400 0.9138
1.2100 1.0748 1.2100 1.0710
1.3000 1.1799 1.3000 1.1754
1.1500 1.2761 1.1500 1.2612
1.0700 1.2653 1.0700 1.2414
1.0100 1.2495 1.0100 1.2225
1.1000 1.2457 1.1000 1.2350
1.2300 1.3767 1.2300 1.3668
1.3200 1.5583 1.3200 1.5495
1.2800 1.1578 1.2800 1.0651
1.2400 1.0164 1.2400 0.9589
1.2600 0.9543 1.2600 0.8946
1.2800 1.2418 1.2800 1.1991
1.3000 1.4795 1.3000 1.4270
1.2400 1.5924 1.2400 1.5522
1.2000 1.3654 1.2000 1.3254
1.1700 1.2415 1.1700 1.2400
1.1800 1.3245 1.1800 1.3329
1.1900 1.3854 1.1900 1.3466
1.2300 1.4269 1.2300 1.3546
1.2900 1.2707 1.2900 1.1759
1.3900 1.1941 1.3900 1.1271
1.5700 1.1692 1.5700 1.1130
