0.7400 0.8491 0.7400 0.9670
0.8300 0.8483 0.8300 0.9633
0.8600 0.8209 0.8600 0.9469
0.9100 0.7991 0.9100 0.9325
0.9900 0.7932 0.9900 0.9269
1.0700 0.7751 1.0700 0.9179
1.1700 0.7623 1.1700 0.9080
1.2500 0.9508 1.2500 1.0201
1.3000 1.0174 1.3000 1.0528
1.3200 1.0574 1.3200 1.0824
1.3400 1.1790 1.3400 1.1937
1.3800 1.3020 1.3800 1.2942
1.5000 1.4198 1.5000 1.3938
1.5700 1.4847 1.5700 1.4548
1.5500 1.5087 1.5500 1.4560
1.5400 1.4716 1.5400 1.4285
1.5400 1.4616 1.5400 1.4320
1.5400 1.4961 1.5400 1.4756
1.5300 1.7142 1.5300 1.6830
1.5100 1.7977 1.5100 1.7427
1.5000 1.6354 1.5000 1.5955
1.5600 1.5401 1.5600 1.5421
1.5600 1.5512 1.5600 1.5689
1.5100 1.5505 1.5100 1.5661
1.4700 1.5212 1.4700 1.5396
1.4400 1.4675 1.4400 1.4996
1.4300 1.4507 1.4300 1.4975
1.4100 1.6012 1.4100 1.6453
1.4000 1.5948 1.4000 1.6211
1.4000 1.4401 1.4000 1.4787
1.3900 1.3627 1.3900 1.4255
1.3900 1.3536 1.3900 1.4236
1.4000 1.3684 1.4000 1.4334
1.4000 1.3576 1.4000 1.4171
1.4000 1.3411 1.4000 1.4050
1.4100 1.3639 1.4100 1.4284
1.4400 1.3659 1.4400 1.4259
1.4700 1.3611 1.4700 1.4215
1.4900 1.3964 1.4900 1.4495
1.5100 1.4018 1.5100 1.4463
1.5300 1.3964 1.5300 1.4397
1.5500 1.4186 1.5500 1.4607
1.5900 1.4776 1.5900 1.5133
1.6000 1.5308 1.6000 1.5547
1.6200 1.5437 1.6200 1.5620
1.6600 1.5531 1.6600 1.5722
1.6500 1.5763 1.6500 1.5941
1.6300 1.5964 1.6300 1.6117
1.6200 1.6555 1.6200 1.6671
1.6100 1.6505 1.6100 1.6565
1.6100 1.6528 1.6100 1.6649
1.6000 1.7195 1.6000 1.7313
1.6000 1.6750 1.6000 1.6835
1.5900 1.5919 1.5900 1.6161
1.5900 1.5775 1.5900 1.6149
1.6100 1.5702 1.6100 1.6105
1.6100 1.5771 1.6100 1.6182
1.5500 1.5648 1.5500 1.6070
1.5500 1.5573 1.5500 1.6058
1.6300 1.5505 1.6300 1.5993
1.6200 1.5558 1.6200 1.6061
1.6200 1.6001 1.6200 1.6466
1.6100 1.6055 1.6100 1.6425
1.6000 1.4639 1.6000 1.5088
1.6100 1.4700 1.6100 1.5347
1.6400 1.6869 1.6400 1.7339
1.6700 1.6641 1.6700 1.6798
1.6900 1.5948 1.6900 1.6246
1.6700 1.5756 1.6700 1.6180
1.6400 1.5634 1.6400 1.6084
1.6200 1.5937 1.6200 1.6347
1.5900 1.6655 1.5900 1.6971
1.5700 1.6993 1.5700 1.7218
1.5600 1.7280 1.5600 1.7456
1.5500 1.6550 1.5500 1.6797
1.5200 1.5665 1.5200 1.6099
1.5000 1.5497 1.5000 1.5998
1.4800 1.5134 1.4800 1.5651
1.4600 1.4882 1.4600 1.5449
1.4000 1.4947 1.4000 1.5544
1.3900 1.4924 1.3900 1.5529
1.4100 1.4425 1.4100 1.5062
1.4000 1.4172 1.4000 1.4879
1.4000 1.4037 1.4000 1.4744
1.4000 1.3910 1.4000 1.4587
1.3700 1.2901 1.3700 1.3608
1.4200 1.2953 1.4200 1.3777
1.4500 1.3900 1.4500 1.4605
1.4800 1.3880 1.4800 1.4424
1.5100 1.3707 1.5100 1.4271
1.4900 1.3844 1.4900 1.4406
1.4500 1.3284 1.4500 1.3827
1.4100 1.4397 1.4100 1.4933
1.4300 1.5227 1.4300 1.5514
1.4000 1.5386 1.4000 1.5578
1.3800 1.5740 1.3800 1.5899
1.4200 1.5083 1.4200 1.5272
1.5200 1.3902 1.5200 1.4268
1.6100 1.3359 1.6100 1.3868
1.6600 1.4039 1.6600 1.4577
1.6600 1.3708 1.6600 1.4134
1.7300 1.3236 1.7300 1.3772
1.8000 1.4174 1.8000 1.4779
1.8100 1.6505 1.8100 1.6842
1.7600 1.7944 1.7600 1.7897
1.6700 1.8094 1.6700 1.7897
1.6700 1.7191 1.6700 1.7089
1.6400 1.8264 1.6400 1.8249
1.5900 1.9644 1.5900 1.9371
1.5600 1.9050 1.5600 1.8684
1.6100 1.7194 1.6100 1.7102
1.6700 1.5216 1.6700 1.5570
1.6400 1.5610 1.6400 1.6241
1.5800 1.5726 1.5800 1.6241
1.5300 1.4639 1.5300 1.5237
1.4400 1.4192 1.4400 1.4997
1.4000 1.5872 1.4000 1.6645
1.3200 1.7319 1.3200 1.7783
1.3000 1.6354 1.3000 1.6663
1.3100 1.4547 1.3100 1.5117
1.3000 1.3903 1.3000 1.4685
1.2500 1.2766 1.2500 1.3578
1.2300 1.2399 1.2300 1.3333
1.2500 1.1524 1.2500 1.2463
1.3500 1.1578 1.3500 1.2638
1.4000 1.2548 1.4000 1.3512
1.5400 1.2667 1.5400 1.3491
1.7200 1.1520 1.7200 1.2362
1.8800 1.1494 1.8800 1.2410
1.9900 1.2362 1.9900 1.3157
2.0900 1.4689 2.0900 1.5166
2.1800 1.5518 2.1800 1.5578
2.2700 1.7502 2.2700 1.7434
2.3000 2.0120 2.3000 1.9334
2.3000 2.1273 2.3000 2.0387
2.3400 2.1647 2.3400 2.0739
2.3300 2.2424 2.3300 2.1577
2.3000 2.3351 2.3000 2.2468
2.3200 2.4452 2.3200 2.3471
2.3500 2.4569 2.3500 2.3582
2.3300 2.3368 2.3300 2.2753
2.2900 2.3733 2.2900 2.3401
2.2400 2.3291 2.2400 2.3074
2.1900 2.2094 2.1900 2.2156
2.1300 2.2442 2.1300 2.2730
2.0800 2.3262 2.0800 2.3498
1.9900 2.2587 1.9900 2.2824
1.9700 2.1494 1.9700 2.1960
1.9200 2.0529 1.9200 2.1223
1.8600 1.9948 1.8600 2.0739
1.7200 1.9256 1.7200 2.0092
1.6800 1.8644 1.6800 1.9579
1.6800 1.7341 1.6800 1.8369
1.6400 1.7593 1.6400 1.8740
1.6200 1.7373 1.6200 1.8421
1.5600 1.6479 1.5600 1.7560
1.5600 1.4084 1.5600 1.5327
1.5100 1.4119 1.5100 1.5594
1.4800 1.5378 1.4800 1.6602
1.4500 1.5207 1.4500 1.6153
1.4000 1.4779 1.4000 1.5752
1.3900 1.4072 1.3900 1.5077
1.3500 1.4450 1.3500 1.5464
1.3300 1.4060 1.3300 1.4917
1.2700 1.3612 1.2700 1.4475
1.1800 1.3342 1.1800 1.4199
1.1400 1.2930 1.1400 1.3754
1.1100 1.2925 1.1100 1.3806
1.0300 1.2668 1.0300 1.3483
1.0300 1.2412 1.0300 1.3242
0.9800 1.1600 0.9800 1.2444
0.9100 1.0174 0.9100 1.1294
0.8800 0.9874 0.8800 1.1154
0.9700 1.0254 0.9700 1.1292
1.0100 0.9041 1.0100 1.0610
1.1200 0.9447 1.1200 1.0697
1.2200 0.9206 1.2200 1.0451
1.2600 0.8175 1.2600 0.9902
1.2600 0.8047 1.2600 0.9805
1.2500 1.0410 1.2500 1.1372
1.2500 1.1391 1.2500 1.1873
1.2500 1.3092 1.2500 1.3351
1.2300 1.4576 1.2300 1.4545
1.2000 1.4570 1.2000 1.4344
1.1300 1.3711 1.1300 1.3526
1.0900 1.3141 1.0900 1.3119
1.0600 1.2931 1.0600 1.2979
1.0300 1.3024 1.0300 1.3085
1.0000 1.2482 1.0000 1.2635
0.9800 1.1671 0.9800 1.2054
0.9600 1.0488 0.9600 1.1123
0.9200 0.9944 0.9200 1.0924
0.9000 0.9915 0.9000 1.0818
0.8800 0.9743 0.8800 1.0666
0.8600 0.9440 0.8600 1.0481
0.8700 0.9424 0.8700 1.0400
1.0100 0.9326 1.0100 1.0242
1.2100 0.8850 1.2100 0.9952
1.3600 0.8708 1.3600 0.9837
1.4000 0.8697 1.4000 0.9768
1.3900 0.8608 1.3900 0.9697
1.4200 0.8997 1.4200 0.9764
1.3600 1.1903 1.3600 1.2449
1.3000 1.5458 1.3000 1.5078
1.3600 1.6288 1.3600 1.5736
1.4200 1.5948 1.4200 1.5385
1.5500 1.5106 1.5500 1.4634
1.6400 1.5306 1.6400 1.5039
1.7800 1.4028 1.7800 1.3746
1.9900 1.2357 1.9900 1.2391
2.1700 1.3838 2.1700 1.4105
2.3100 1.5490 2.3100 1.5558
2.3300 1.7500 2.3300 1.7423
2.3300 1.8658 2.3300 1.8365
2.3900 2.0323 2.3900 1.9669
2.4500 2.2446 2.4500 2.1576
2.4800 2.3860 2.4800 2.2851
2.3900 2.4395 2.3900 2.3338
2.3600 2.4431 2.3600 2.3345
2.3800 2.4002 2.3800 2.3172
2.4200 2.4754 2.4200 2.4182
2.4700 2.5799 2.4700 2.5115
2.4000 2.5404 2.4000 2.4815
2.3800 2.2754 2.3800 2.2585
2.4100 2.1743 2.4100 2.2210
2.4000 2.2838 2.4000 2.3378
2.3900 2.4008 2.3900 2.4311
2.3700 2.4625 2.3700 2.4800
2.3500 2.2817 2.3500 2.3085
2.3400 2.1990 2.3400 2.2666
2.3300 2.3311 2.3300 2.3944
2.3300 2.3319 2.3300 2.3702
2.3400 2.2696 2.3400 2.3123
2.3300 2.2499 2.3300 2.3000
2.3100 2.2106 2.3100 2.2709
2.2900 2.2183 2.2900 2.2802
2.2700 2.2171 2.2700 2.2755
2.2500 2.2140 2.2500 2.2721
2.2200 2.2609 2.2200 2.3112
2.1600 2.2399 2.1600 2.2879
2.0000 2.1867 2.0000 2.2421
1.9200 2.1598 1.9200 2.2200
1.8400 2.1390 1.8400 2.2005
1.8100 2.1189 1.8100 2.1802
1.8000 2.0776 1.8000 2.1414
1.7600 1.9711 1.7600 2.0453
1.7400 1.6719 1.7400 1.7738
1.7400 1.5766 1.7400 1.7183
1.7300 1.5574 1.7300 1.6956
1.7100 1.5904 1.7100 1.7185
1.6500 1.6419 1.6500 1.7551
1.6400 1.6078 1.6400 1.7131
1.5700 1.5820 1.5700 1.6913
1.4600 1.6487 1.4600 1.7461
1.4100 1.6516 1.4100 1.7298
1.4300 1.6201 1.4300 1.6894
1.4600 1.5230 1.4600 1.5924
1.4800 1.5227 1.4800 1.6038
1.4800 1.4399 1.4800 1.5148
1.4500 1.2346 1.4500 1.3297
1.4100 1.1929 1.4100 1.3125
1.3700 1.3484 1.3700 1.4545
1.3200 1.4550 1.3200 1.5294
1.2800 1.4902 1.2800 1.5474
1.2500 1.4642 1.2500 1.5203
1.2100 1.3968 1.2100 1.4572
1.1800 1.3352 1.1800 1.3995
1.1400 1.2787 1.1400 1.3472
1.1100 1.2139 1.1100 1.2839
1.0800 1.1764 1.0800 1.2526
1.0200 1.1622 1.0200 1.2443
0.9500 1.1178 0.9500 1.2041
0.9100 1.0911 0.9100 1.1826
0.8800 1.0540 0.8800 1.1462
0.8500 1.0304 0.8500 1.1238
0.8000 1.0154 0.8000 1.1054
0.8000 0.9346 0.8000 1.0477
0.8300 0.8337 0.8300 1.0086
0.7800 0.8251 0.7800 1.0017
0.7300 0.8249 0.7300 0.9931
0.7000 0.8102 0.7000 0.9736
0.6700 0.7761 0.6700 0.9412
0.6600 0.7836 0.6600 0.9456
0.6800 0.8891 0.6800 0.9746
0.7200 0.8073 0.7200 0.9180
0.7300 0.7182 0.7300 0.8781
0.7600 0.7155 0.7600 0.8802
0.8200 0.7142 0.8200 0.8760
0.8800 0.7137 0.8800 0.8709
0.9500 0.7540 0.9500 0.8852
1.0200 0.8314 1.0200 0.9037
1.0900 0.8494 1.0900 0.8997
1.1600 0.8805 1.1600 0.9263
1.2100 0.9788 1.2100 1.0145
1.2600 1.0770 1.2600 1.0897
1.3200 1.1613 1.3200 1.1570
1.3700 1.2427 1.3700 1.2254
1.4400 1.3145 1.4400 1.2872
1.5100 1.3880 1.5100 1.3525
1.5400 1.4166 1.5400 1.3762
1.5500 1.4391 1.5500 1.4019
1.5700 1.5051 1.5700 1.4682
1.6000 1.5472 1.6000 1.5083
1.6200 1.6194 1.6200 1.5821
1.6300 1.7018 1.6300 1.6602
1.6400 1.6847 1.6400 1.6444
1.6400 1.6293 1.6400 1.6058
1.6500 1.6322 1.6500 1.6241
1.6600 1.6702 1.6600 1.6652
1.6900 1.6835 1.6900 1.6774
1.7200 1.6652 1.7200 1.6667
1.7500 1.6554 1.7500 1.6685
1.7700 1.6430 1.7700 1.6632
1.8000 1.6501 1.8000 1.6762
1.8200 1.6623 1.8200 1.6889
1.8600 1.7130 1.8600 1.7372
1.9100 1.7619 1.9100 1.7790
1.9800 1.7956 1.9800 1.8091
2.1000 1.8021 2.1000 1.8151
2.1800 1.8371 2.1800 1.8503
2.2300 1.8537 2.2300 1.8632
2.2300 1.9076 2.2300 1.9149
2.2400 1.9841 2.2400 1.9828
2.2600 2.0883 2.2600 2.0767
2.2800 2.2835 2.2800 2.2541
2.3100 2.3742 2.3100 2.3223
2.3300 2.3560 2.3300 2.3074
2.3400 2.2675 2.3400 2.2369
2.3500 2.2369 2.3500 2.2266
2.3500 2.2606 2.3500 2.2546
2.3500 2.2869 2.3500 2.2795
2.3600 2.3076 2.3600 2.3061
2.3700 2.3226 2.3700 2.3277
2.3900 2.3074 2.3900 2.3224
2.4100 2.3017 2.4100 2.3264
2.4000 2.2886 2.4000 2.3163
2.4200 2.2741 2.4200 2.3059
2.4100 2.2959 2.4100 2.3282
2.4200 2.3120 2.4200 2.3431
2.4100 2.3409 2.4100 2.3715
2.3800 2.3710 2.3800 2.3988
2.3600 2.3270 2.3600 2.3571
2.3400 2.3509 2.3400 2.3881
2.3200 2.3353 2.3200 2.3688
2.3100 2.3398 2.3100 2.3773
2.3000 2.3205 2.3000 2.3577
2.2900 2.2533 2.2900 2.2991
2.2700 2.2131 2.2700 2.2712
2.3900 2.2075 2.3900 2.2680
2.4400 2.1789 2.4400 2.2412
2.4300 2.1806 2.4300 2.2444
2.4000 2.1814 2.4000 2.2433
2.3700 2.1697 2.3700 2.2324
2.3700 2.1455 2.3700 2.2080
2.3600 2.4113 2.3600 2.4610
2.3200 2.5247 2.3200 2.5264
2.2900 2.4030 2.2900 2.4072
2.2700 2.2803 2.2700 2.3150
2.2400 2.2389 2.2400 2.2892
2.2000 2.2596 2.2000 2.3069
2.1400 2.2739 2.1400 2.3110
2.0700 2.1706 2.0700 2.2170
2.0300 2.1185 2.0300 2.1855
2.0200 2.1273 2.0200 2.1998
2.0000 2.0832 2.0000 2.1586
1.9600 2.0252 1.9600 2.1032
1.9200 1.9338 1.9200 2.0200
1.9000 1.8334 1.9000 1.9325
1.8800 1.8187 1.8800 1.9241
1.8200 1.8674 1.8200 1.9639
1.8500 1.8676 1.8500 1.9509
1.9300 1.8047 1.9300 1.8884
1.9200 1.7496 1.9200 1.8422
1.8900 1.7555 1.8900 1.8479
1.8400 1.7617 1.8400 1.8429
1.8000 1.6622 1.8000 1.7411
1.7600 1.7520 1.7600 1.8351
1.7500 1.9776 1.7500 2.0279
1.7500 1.9350 1.7500 1.9569
1.7600 1.8000 1.7600 1.8421
1.7800 1.7080 1.7800 1.7711
1.7500 1.6609 1.7500 1.7318
1.7100 1.6305 1.7100 1.6988
2.2500 2.3667 2.2500 2.3868
2.3100 2.2817 2.3100 2.3129
2.3000 2.1757 2.3000 2.2325
2.2700 2.1231 2.2700 2.2005
2.2500 2.0603 2.2500 2.1459
2.1700 2.0722 2.1700 2.1593
2.1200 2.1191 2.1200 2.1989
2.0500 2.2657 2.0500 2.3289
1.9400 2.2501 1.9400 2.2911
1.8000 2.1447 1.8000 2.1997
1.7300 2.1071 1.7300 2.1754
1.6400 1.9835 1.6400 2.0535
1.6800 1.9019 1.6800 1.9867
1.7100 1.8320 1.7100 1.9217
1.6500 1.6529 1.6500 1.7582
1.5800 1.4342 1.5800 1.5708
1.5600 1.4120 1.5600 1.5705
1.5400 1.3482 1.5400 1.5010
1.5100 1.5292 1.5100 1.6684
1.4900 1.6727 1.4900 1.7691
1.4000 1.5344 1.4000 1.6180
1.3600 1.3792 1.3600 1.4857
1.3600 1.4208 1.3600 1.5335
1.3900 1.4441 1.3900 1.5323
1.3400 1.4214 1.3400 1.4934
1.3000 1.3994 1.3000 1.4721
1.2700 1.2401 1.2700 1.3237
1.2500 1.2046 1.2500 1.3075
1.3100 1.2813 1.3100 1.3794
1.3300 1.3823 1.3300 1.4567
1.2900 1.2844 1.2900 1.3432
1.2700 1.1994 1.2700 1.2777
1.2700 1.1763 1.2700 1.2646
1.2300 1.1939 1.2300 1.2747
1.2300 1.3407 1.2300 1.4054
1.2300 1.3962 1.2300 1.4331
1.2100 1.2694 1.2100 1.3070
1.1800 1.2199 1.1800 1.2803
1.1300 1.2603 1.1300 1.3217
1.1900 1.1908 1.1900 1.2443
1.2200 1.2037 1.2200 1.2608
1.1700 1.2280 1.1700 1.2820
1.1500 1.1931 1.1500 1.2465
1.1500 1.1411 1.1500 1.2019
1.0800 1.0577 1.0800 1.1305
1.0700 1.2033 1.0700 1.2774
1.0600 1.3134 1.0600 1.3529
1.0800 1.1666 1.0800 1.2013
1.0500 1.0955 1.0500 1.1574
1.1100 1.1521 1.1100 1.2159
1.2600 1.0278 1.2600 1.0861
1.4300 1.0194 1.4300 1.0920
1.5700 1.0477 1.5700 1.1167
1.7200 1.1020 1.7200 1.1649
1.9100 1.0606 1.9100 1.1149
2.0700 1.1662 2.0700 1.2279
2.1500 1.4756 2.1500 1.5041
2.1400 1.7478 2.1400 1.6862
2.2500 1.8135 2.2500 1.7426
2.2800 1.9181 2.2800 1.8532
2.2800 2.0956 2.2800 2.0324
2.2400 2.2266 2.2400 2.1520
2.2400 2.2615 2.2400 2.1761
2.2500 2.2377 2.2500 2.1503
2.2100 2.4160 2.2100 2.3357
2.1800 2.4479 2.1800 2.3570
2.1400 2.3237 2.1400 2.2600
2.2200 2.1630 2.2200 2.1455
2.3200 2.1610 2.3200 2.1796
2.4200 2.1942 2.4200 2.2181
2.4600 2.1171 2.4600 2.1469
2.3900 2.0178 2.3900 2.0735
2.2900 1.9762 2.2900 2.0460
2.1800 2.1901 2.1800 2.2513
2.0800 2.4200 2.0800 2.4389
2.0200 2.5618 2.0200 2.5464
1.9500 2.5338 1.9500 2.5135
1.9200 2.3082 1.9200 2.3135
1.9500 2.0557 1.9500 2.1088
1.9700 1.8970 1.9700 1.9786
1.9600 1.7774 1.9600 1.8732
1.9600 1.7485 1.9600 1.8547
1.9100 1.7001 1.9100 1.8113
1.8700 1.6919 1.8700 1.8172
1.9000 1.8325 1.9000 1.9475
1.8800 1.9136 1.8800 1.9997
1.8800 1.8762 1.8800 1.9481
1.8800 1.8793 1.8800 1.9479
1.8100 1.7919 1.8100 1.8562
1.7700 1.7251 1.7700 1.7963
1.7600 1.8378 1.7600 1.9021
1.7300 1.8265 1.7300 1.8707
1.7000 1.8047 1.7000 1.8542
1.6500 1.8238 1.6500 1.8764
1.6200 1.6781 1.6200 1.7382
1.6000 1.6015 1.6000 1.6827
1.5300 1.6553 1.5300 1.7339
1.5200 1.6229 1.5200 1.6914
1.5200 1.5811 1.5200 1.6520
1.5200 1.5127 1.5200 1.5923
1.5500 1.4752 1.5500 1.5663
1.5700 1.4958 1.5700 1.5808
1.6000 1.3858 1.6000 1.4691
1.6500 1.3855 1.6500 1.4805
1.7900 1.4611 1.7900 1.5414
1.8500 1.4802 1.8500 1.5471
1.8500 1.5425 1.8500 1.6014
1.8800 1.5930 1.8800 1.6374
1.8700 1.6269 1.8700 1.6628
1.8500 1.7238 1.8500 1.7462
1.8600 1.9850 1.8600 1.9813
1.7700 2.0479 1.7700 2.0056
1.7100 1.9284 1.7100 1.8942
1.7100 1.9168 1.7100 1.9102
1.7700 1.8933 1.7700 1.8888
1.8300 1.8149 1.8300 1.8202
1.9000 1.8341 1.9000 1.8517
1.9200 1.6458 1.9200 1.6761
1.9400 1.5154 1.9400 1.5865
1.9700 1.6003 1.9700 1.6823
1.9900 1.7703 1.9900 1.8323
2.0000 1.8909 2.0000 1.9203
2.0000 1.9967 2.0000 2.0098
2.0100 1.9667 2.0100 1.9763
1.9800 1.9640 1.9800 1.9787
1.9500 2.0057 1.9500 2.0155
1.9400 2.0202 1.9400 2.0214
1.9100 2.0072 1.9100 2.0060
1.9000 1.9845 1.9000 1.9928
1.8700 1.9844 1.8700 2.0037
1.8300 1.9136 1.8300 1.9414
1.7800 1.8415 1.7800 1.8868
1.7400 1.8383 1.7400 1.8940
1.7600 1.8080 1.7600 1.8627
1.9600 1.7968 1.9600 1.8575
1.9100 1.7616 1.9100 1.8247
1.8600 1.6911 1.8600 1.7629
1.7900 1.6196 1.7900 1.7011
1.7200 1.5853 1.7200 1.6731
1.6500 1.6711 1.6500 1.7535
1.6000 2.1384 1.6000 2.1768
1.5700 1.9993 1.5700 1.9803
1.5400 1.7320 1.5400 1.7670
1.5100 1.6191 1.5100 1.6917
1.4600 1.5499 1.4600 1.6304
1.4400 1.4520 1.4400 1.5323
1.3900 1.4347 1.3900 1.5210
1.5100 1.4014 1.5100 1.4955
1.5600 1.4182 1.5600 1.5133
1.4900 1.3935 1.4900 1.4903
1.4300 1.3046 1.4300 1.4099
1.4100 1.3223 1.4100 1.4223
1.4500 1.2737 1.4500 1.3652
1.4300 1.5550 1.4300 1.6323
1.3900 1.6928 1.3900 1.7143
1.3600 1.4607 1.3600 1.4809
1.3600 1.2870 1.3600 1.3527
1.3300 1.3276 1.3300 1.4064
1.2900 1.4558 1.2900 1.5121
1.2500 1.4394 1.2500 1.4705
1.2200 1.3126 1.2200 1.3605
1.2100 1.2630 1.2100 1.3352
1.1900 1.3292 1.1900 1.4005
1.1900 1.2779 1.1900 1.3430
1.1900 1.2040 1.1900 1.2734
1.2000 1.1525 1.2000 1.2299
1.2200 1.1417 1.2200 1.2238
1.2900 1.1620 1.2900 1.2415
1.3800 1.1476 1.3800 1.2221
1.3500 1.1619 1.3500 1.2340
1.3800 1.1875 1.3800 1.2528
1.4100 1.2172 1.4100 1.2757
1.3900 1.2563 1.3900 1.3065
1.3800 1.3960 1.3800 1.4308
1.4100 1.5570 1.4100 1.5631
1.4700 1.4358 1.4700 1.4269
1.4800 1.4190 1.4800 1.4356
1.4800 1.4954 1.4800 1.5079
1.4800 1.4319 1.4800 1.4368
1.4700 1.3709 1.4700 1.3911
1.4600 1.4472 1.4600 1.4748
1.4800 1.5609 1.4800 1.5771
1.4800 1.5615 1.4800 1.5650
1.4800 1.4986 1.4800 1.5164
1.5600 1.4739 1.5600 1.5057
1.5700 1.4701 1.5700 1.5011
1.5300 1.4413 1.5300 1.4763
1.4900 1.4855 1.4900 1.5219
1.4700 1.4880 1.4700 1.5184
1.4600 1.4749 1.4600 1.5101
1.4600 1.6360 1.4600 1.6688
1.4600 1.6464 1.4600 1.6568
1.4700 1.4981 1.4700 1.5192
1.4700 1.4047 1.4700 1.4527
1.5000 1.4019 1.5000 1.4599
1.5700 1.4135 1.5700 1.4658
1.5000 1.4378 1.5000 1.4854
1.4400 1.4308 1.4400 1.4804
1.4500 1.4578 1.4500 1.5087
1.4500 1.4667 1.4500 1.5141
1.4500 1.5153 1.4500 1.5612
1.4800 1.6594 1.4800 1.6862
1.5300 1.4900 1.5300 1.5037
1.6100 1.3121 1.6100 1.3646
1.6900 1.3901 1.6900 1.4584
1.8500 1.4478 1.8500 1.4957
1.8500 1.4327 1.8500 1.4734
1.8500 1.4964 1.8500 1.5389
1.8300 1.5869 1.8300 1.6215
1.8300 1.7386 1.8300 1.7531
1.8300 1.8590 1.8300 1.8494
1.8300 2.1024 1.8300 2.0295
1.8200 2.0235 1.8200 1.9610
1.7700 1.8865 1.7700 1.8587
1.7000 1.8147 1.7000 1.8129
1.6600 1.8220 1.6600 1.8284
1.6300 1.8116 1.6300 1.8182
1.6000 1.8140 1.6000 1.8285
1.5800 1.7611 1.5800 1.7907
1.5900 1.6672 1.5900 1.7153
1.6000 1.5322 1.6000 1.6046
1.6400 1.4869 1.6400 1.5788
1.7800 1.5009 1.7800 1.5856
1.8800 1.4789 1.8800 1.5600
1.9100 1.4713 1.9100 1.5535
1.7500 1.5244 1.7500 1.6040
1.8000 1.5707 1.8000 1.6366
1.8500 1.6553 1.8500 1.7076
1.8500 1.9375 1.8500 1.9605
1.9400 2.1082 1.9400 2.0771
1.9600 2.0452 1.9600 2.0062
1.9800 1.6115 1.9800 1.6138
2.0200 1.7006 2.0200 1.7601
2.0200 1.9261 2.0200 1.9414
1.9500 1.8935 1.9500 1.8820
1.9300 1.9932 1.9300 1.9964
1.9600 2.0393 1.9600 2.0359
2.0100 1.9897 2.0100 1.9993
2.0300 2.0633 2.0300 2.0767
1.9800 2.0285 1.9800 2.0347
1.9900 1.8264 1.9900 1.8489
1.9600 1.8214 1.9600 1.8668
1.9400 1.9141 1.9400 1.9615
1.9200 2.0379 1.9200 2.0629
1.9300 2.0512 1.9300 2.0638
2.0500 1.8868 2.0500 1.9205
2.1000 1.8966 2.1000 1.9541
2.1600 1.8862 2.1600 1.9351
2.2600 1.8384 2.2600 1.8896
2.4300 1.8114 2.4300 1.8659
2.4900 1.8649 2.4900 1.9185
2.5600 2.1263 2.5600 2.1610
2.5100 2.2243 2.5100 2.2186
2.4900 2.2309 2.4900 2.2258
2.5100 2.3868 2.5100 2.3757
2.6100 2.7004 2.6100 2.5896
2.6400 2.7020 2.6400 2.5700
2.6500 2.6949 2.6500 2.6169
2.7000 2.4890 2.7000 2.4480
2.8200 2.3959 2.8200 2.3962
2.9100 2.4579 2.9100 2.4657
2.9500 2.6765 2.9500 2.6687
2.9100 2.6797 2.9100 2.6524
2.9300 2.6185 2.9300 2.6165
2.9900 2.6692 2.9900 2.6889
3.1000 2.9142 3.1000 2.9161
3.2200 3.0448 3.2200 3.0064
3.3200 3.0025 3.3200 2.9643
3.3600 2.8166 3.3600 2.8071
3.3800 2.8255 3.3800 2.8483
3.4400 2.9761 3.4400 2.9851
3.4800 3.1742 3.4800 3.1566
3.5200 3.3407 3.5200 3.2988
3.5400 3.4371 3.5400 3.3871
3.5200 3.3862 3.5200 3.3532
3.5100 3.3284 3.5100 3.3201
3.5200 3.3978 3.5200 3.3957
3.5200 3.4464 3.5200 3.4317
3.4900 3.4650 3.4900 3.4516
3.3700 3.4446 3.3700 3.4460
3.3400 3.3532 3.3400 3.3770
3.2800 3.3032 3.2800 3.3514
3.2400 3.3373 3.2400 3.3909
3.1200 3.3342 3.1200 3.3849
3.0400 3.2624 3.0400 3.3205
3.0500 3.0135 3.0500 3.0999
3.0400 2.9842 3.0400 3.1055
2.9200 2.9699 2.9200 3.0802
2.8700 2.9344 2.8700 3.0436
2.7600 2.7298 2.7600 2.8501
2.6300 2.6320 2.6300 2.7807
2.4700 2.7611 2.4700 2.9023
2.2500 2.8456 2.2500 2.9498
2.0700 2.5820 2.0700 2.6892
1.9800 2.5109 1.9800 2.6528
1.8300 2.4032 1.8300 2.5413
1.7000 2.2100 1.7000 2.3613
1.5600 1.9888 1.5600 2.1584
1.4500 1.6681 1.4500 1.8691
1.3400 1.4632 1.3400 1.6969
1.2300 1.5203 1.2300 1.7527
1.1000 1.3797 1.1000 1.5943
1.0000 1.2270 1.0000 1.4544
0.9200 1.1430 0.9200 1.3818
0.8200 1.0778 0.8200 1.3145
0.8500 1.0224 0.8500 1.2482
0.9400 0.9646 0.9400 1.1820
1.0500 0.8902 1.0500 1.1033
1.1900 0.8575 1.1900 1.0682
1.3200 0.8266 1.3200 1.0313
1.4100 0.7686 1.4100 0.9660
1.4500 0.8104 1.4500 0.9956
1.4300 1.0238 1.4300 1.1444
1.3800 1.2374 1.3800 1.3011
1.3100 1.4525 1.3100 1.4607
1.2400 1.5907 1.2400 1.5408
1.1800 1.6171 1.1800 1.5706
1.1600 1.6261 1.1600 1.5841
1.1300 1.5369 1.1300 1.4857
1.0800 1.3809 1.0800 1.3594
1.0500 1.2485 1.0500 1.2568
1.0000 1.1299 1.0000 1.1735
0.9400 1.0538 0.9400 1.1605
0.8900 1.0697 0.8900 1.1653
0.8100 1.0560 0.8100 1.1441
0.7600 0.9823 0.7600 1.0957
0.7900 0.9577 0.7900 1.0710
0.8900 0.9154 0.8900 1.0399
1.0000 0.8400 1.0000 1.0030
1.1100 0.8076 1.1100 0.9821
1.1900 0.7700 1.1900 0.9446
1.2400 0.7511 1.2400 0.9272
1.2700 0.7967 1.2700 0.9616
1.3200 1.0284 1.3200 1.1078
1.2600 1.2222 1.2600 1.2566
1.3100 1.3697 1.3100 1.3696
1.4400 1.4373 1.4400 1.4111
1.6000 1.4521 1.6000 1.4188
1.7300 1.4403 1.7300 1.4045
1.7700 1.4848 1.7700 1.4493
1.7900 1.3184 1.7900 1.2862
1.8700 1.3704 1.8700 1.3707
1.9400 1.6585 1.9400 1.6438
2.0300 1.9147 2.0300 1.8421
2.0500 1.9948 2.0500 1.9059
2.0500 1.9889 2.0500 1.9066
2.0500 1.8909 2.0500 1.8455
2.0800 2.0253 2.0800 1.9869
2.1600 2.1316 2.1600 2.0693
2.2100 2.2143 2.2100 2.1434
2.2400 2.1737 2.2400 2.1083
2.2300 2.0736 2.2300 2.0451
2.1900 2.0356 2.1900 2.0347
2.1400 2.0932 2.1400 2.0989
2.0800 2.2345 2.0800 2.2282
2.0100 2.3064 2.0100 2.2820
1.9400 2.2829 1.9400 2.2668
1.8000 2.2039 1.8000 2.2085
1.7300 2.0935 1.7300 2.1199
1.6600 1.9876 1.6600 2.0343
1.6000 1.9023 1.6000 1.9615
1.5000 1.7949 1.5000 1.8698
1.4000 1.7081 1.4000 1.8009
1.4200 1.4840 1.4200 1.5997
1.4000 1.4134 1.4000 1.5614
1.3800 1.4033 1.3800 1.5469
1.3400 1.3650 1.3400 1.5029
1.3300 1.2307 1.3300 1.3707
1.3100 1.1118 1.3100 1.2670
1.3000 1.2531 1.3000 1.4051
1.3000 1.3279 1.3000 1.4375
1.2800 1.2846 1.2800 1.3806
1.2500 1.2272 1.2500 1.3241
1.2300 1.2555 1.2300 1.3497
1.1100 1.2520 1.1100 1.3335
1.0500 1.2647 1.0500 1.3358
0.9900 1.2692 0.9900 1.3341
0.9800 1.2537 0.9800 1.3124
0.9300 1.2020 0.9300 1.2642
0.9400 1.1782 0.9400 1.2487
0.9900 0.9684 0.9900 1.0800
1.0300 0.8801 1.0300 1.0604
1.0900 0.8708 1.0900 1.0533
1.1600 0.9104 1.1600 1.0579
1.2600 0.8619 1.2600 1.0209
1.3800 0.9133 1.3800 1.0278
1.4500 1.0425 1.4500 1.1282
1.5200 1.1420 1.5200 1.1977
1.5200 1.2166 1.5200 1.2527
1.5200 1.3274 1.5200 1.3439
1.5300 1.4819 1.5300 1.4723
1.5700 1.6363 1.5700 1.5918
1.6000 1.6783 1.6000 1.6246
1.6300 1.7211 1.6300 1.6692
1.6600 1.6569 1.6600 1.6047
1.6900 1.5828 1.6900 1.5556
1.7200 1.5788 1.7200 1.5669
1.7400 1.6517 1.7400 1.6422
1.7600 1.6772 1.7600 1.6662
1.7900 1.6996 1.7900 1.6959
1.8100 1.7160 1.8100 1.7211
1.8200 1.7477 1.8200 1.7558
1.8400 1.7778 1.8400 1.7832
1.8600 1.7836 1.8600 1.7883
1.8700 1.7932 1.8700 1.7991
1.9700 1.8321 1.9700 1.8388
2.0300 1.8492 2.0300 1.8541
1.9900 1.8332 1.9900 1.8428
1.9600 1.8510 1.9600 1.8660
1.9400 1.8771 1.9400 1.8918
1.9100 1.8747 1.9100 1.8897
1.8800 2.0619 1.8800 2.0714
1.8700 2.1637 1.8700 2.1446
1.8600 1.9855 1.8600 1.9735
1.8400 1.8619 1.8400 1.8903
1.8200 1.8545 1.8200 1.8977
1.8100 1.8149 1.8100 1.8566
1.8000 1.7716 1.8000 1.8190
1.8100 1.7670 1.8100 1.8246
1.8300 1.7684 1.8300 1.8290
1.8700 1.7525 1.8700 1.8144
1.9400 1.7138 1.9400 1.7833
1.9000 1.7129 1.9000 1.7828
1.8800 1.7233 1.8800 1.7853
1.8600 1.7592 1.8600 1.8156
1.8400 1.8092 1.8400 1.8556
1.8400 1.8871 1.8400 1.9217
1.8500 2.0161 1.8500 2.0336
1.8400 1.8919 1.8400 1.9011
1.8200 1.7907 1.8200 1.8284
1.8100 1.7805 1.8100 1.8270
1.8200 1.7645 1.8200 1.8092
1.8400 1.7717 1.8400 1.8163
1.8400 1.8151 1.8400 1.8570
1.8400 1.7798 1.8400 1.8235
1.8700 1.7422 1.8700 1.7947
1.8700 1.7306 1.8700 1.7898
1.8600 1.7650 1.8600 1.8211
1.8600 1.8265 1.8600 1.8674
1.8600 1.8153 1.8600 1.8500
1.8400 1.7967 1.8400 1.8362
1.8800 1.8621 1.8800 1.9004
1.9800 1.8614 1.9800 1.8899
1.9900 1.8124 1.9900 1.8454
1.9800 1.8098 1.9800 1.8491
1.9700 1.8196 1.9700 1.8580
1.9300 1.7767 1.9300 1.8162
1.8800 1.8626 1.8800 1.9047
1.8600 2.0794 1.8600 2.0978
1.8600 2.0615 1.8600 2.0539
1.8600 1.9506 1.8600 1.9630
1.8600 1.9116 1.8600 1.9447
1.8500 1.8413 1.8500 1.8794
1.8500 1.7467 1.8500 1.7954
1.8300 1.7400 1.8300 1.7997
1.8200 1.7716 1.8200 1.8304
1.8100 1.8002 1.8100 1.8532
1.8100 1.8010 1.8100 1.8557
1.8000 1.7724 1.8000 1.8318
1.7900 1.7846 1.7900 1.8425
1.7900 1.7586 1.7900 1.8119
1.7900 1.7409 1.7900 1.7961
1.7900 1.7383 1.7900 1.7913
1.7800 1.7549 1.7800 1.8052
1.7800 1.7399 1.7800 1.7887
1.7700 1.7236 1.7700 1.7755
1.7600 1.7309 1.7600 1.7837
1.8000 1.7449 1.8000 1.7938
1.9000 1.7462 1.9000 1.7920
1.8800 1.7257 1.8800 1.7718
1.8200 1.7288 1.8200 1.7766
1.7900 1.7172 1.7900 1.7638
1.7600 1.7005 1.7600 1.7487
1.7300 1.7908 1.7300 1.8357
1.7200 2.0092 1.7200 2.0281
1.7000 1.9233 1.7000 1.9198
1.7400 1.7123 1.7400 1.7427
1.7600 1.6634 1.7600 1.7247
1.6700 1.6628 1.6700 1.7220
1.7300 1.6261 1.7300 1.6812
1.8100 1.6316 1.8100 1.6908
1.8400 1.6059 1.8400 1.6689
1.8700 1.7128 1.8700 1.7751
1.8500 1.7750 1.8500 1.8190
1.8100 1.5460 1.8100 1.5970
1.8000 1.6662 1.8000 1.7386
1.8100 1.9167 1.8100 1.9469
1.8400 1.9265 1.8400 1.9240
1.8700 1.9073 1.8700 1.9109
1.8900 1.8393 1.8900 1.8547
1.9000 1.7194 1.9000 1.7543
1.9200 1.7357 1.9200 1.7789
1.9400 1.7744 1.9400 1.8125
1.9700 1.8312 1.9700 1.8608
1.9600 1.8995 1.9600 1.9190
1.9500 1.8992 1.9500 1.9232
1.9700 1.8890 1.9700 1.9175
1.9300 1.9195 1.9300 1.9468
1.9100 1.9452 1.9100 1.9664
1.8400 1.9894 1.8400 2.0035
1.8400 1.9449 1.8400 1.9576
1.8600 1.8944 1.8600 1.9221
1.8100 1.9393 1.8100 1.9729
1.8100 1.8620 1.8100 1.8938
1.7800 1.8004 1.7800 1.8497
1.7900 1.6864 1.7900 1.7481
1.8400 1.7137 1.8400 1.7897
1.8300 1.8120 1.8300 1.8729
1.8400 1.7199 1.8400 1.7722
1.8700 1.6922 1.8700 1.7637
1.8300 1.6893 1.8300 1.7577
1.8000 1.7183 1.8000 1.7846
1.8000 1.8479 1.8000 1.8968
1.8400 1.8266 1.8400 1.8555
1.8200 1.7918 1.8200 1.8317
1.8300 1.8808 1.8300 1.9158
1.7900 1.7806 1.7900 1.8110
1.7700 1.6905 1.7700 1.7396
1.7600 1.7332 1.7600 1.7860
1.7800 1.8345 1.7800 1.8762
1.8000 1.7948 1.8000 1.8227
1.8200 1.7842 1.8200 1.8263
1.7800 1.7002 1.7800 1.7502
1.7900 1.6739 1.7900 1.7338
1.7900 1.6817 1.7900 1.7407
1.7700 1.7466 1.7700 1.7980
1.7600 1.7883 1.7600 1.8262
1.7600 1.8252 1.7600 1.8580
1.7200 1.7142 1.7200 1.7526
1.6800 1.7249 1.6800 1.7794
1.6600 1.7602 1.6600 1.8035
1.5900 1.7130 1.5900 1.7534
1.5500 1.6879 1.5500 1.7346
1.5900 1.7107 1.5900 1.7600
1.5600 1.6313 1.5600 1.6823
1.5600 1.5589 1.5600 1.6246
1.5400 1.5502 1.5400 1.6237
1.6000 1.4431 1.6000 1.5186
1.5800 1.3945 1.5800 1.4829
1.5800 1.5392 1.5800 1.6230
1.5700 1.5142 1.5700 1.5739
1.6000 1.4919 1.6000 1.5578
1.5900 1.4794 1.5900 1.5459
1.6000 1.6126 1.6000 1.6724
1.6400 1.5875 1.6400 1.6207
1.6200 1.5547 1.6200 1.5951
1.5500 1.5255 1.5500 1.5713
1.4900 1.6158 1.4900 1.6562
1.4100 1.5884 1.4100 1.6172
1.3800 1.5893 1.3800 1.6254
1.3400 1.6663 1.3400 1.6976
1.3400 1.6242 1.3400 1.6481
1.3600 1.4440 1.3600 1.4866
1.3600 1.3352 1.3600 1.4095
1.4000 1.2380 1.4000 1.3235
1.4900 1.2376 1.4900 1.3317
1.5300 1.2291 1.5300 1.3175
1.5300 1.2560 1.5300 1.3467
1.5300 1.3379 1.5300 1.4172
1.5300 1.3561 1.5300 1.4222
1.5500 1.4177 1.5500 1.4778
1.5300 1.6154 1.5300 1.6489
1.5100 1.6627 1.5100 1.6628
1.5400 1.5849 1.5400 1.5852
1.5400 1.5496 1.5400 1.5638
1.5800 1.5421 1.5800 1.5620
1.6300 1.5831 1.6300 1.5993
1.6100 1.5314 1.6100 1.5469
1.5400 1.4605 1.5400 1.4941
1.5200 1.5389 1.5200 1.5808
1.5300 1.5573 1.5300 1.5895
1.5300 1.6050 1.5300 1.6380
1.5500 1.7045 1.5500 1.7247
1.5300 1.6278 1.5300 1.6417
1.5100 1.4386 1.5100 1.4773
1.4900 1.4237 1.4900 1.4873
1.4900 1.4953 1.4900 1.5515
1.4800 1.5192 1.4800 1.5591
1.4600 1.5482 1.4600 1.5877
1.4200 1.4970 1.4200 1.5411
1.4200 1.4502 1.4200 1.5057
1.4100 1.4310 1.4100 1.4917
1.3700 1.4491 1.3700 1.5076
1.3700 1.4429 1.3700 1.4932
1.3300 1.4154 1.3300 1.4660
1.3200 1.3366 1.3200 1.3976
1.2900 1.3618 1.2900 1.4313
1.2600 1.3775 1.2600 1.4379
1.2600 1.3003 1.2600 1.3612
1.1800 1.3118 1.1800 1.3808
1.1100 1.2704 1.1100 1.3359
1.0700 1.2590 1.0700 1.3298
1.0300 1.2337 1.0300 1.3023
1.0100 1.1910 1.0100 1.2631
0.9800 1.2146 0.9800 1.2879
0.9700 1.0968 0.9700 1.1666
0.9700 0.9574 0.9700 1.0850
0.9600 0.9552 0.9600 1.0844
0.9600 0.9490 0.9600 1.0739
1.0100 0.9442 1.0100 1.0571
1.1300 0.9355 1.1300 1.0428
1.2400 0.9336 1.2400 1.0306
1.3000 0.9743 1.3000 1.0583
1.3300 0.9768 1.3300 1.0498
1.3400 0.9749 1.3400 1.0440
1.3100 1.0949 1.3100 1.1515
1.2800 1.3319 1.2800 1.3591
1.2700 1.5075 1.2700 1.4923
1.2600 1.5248 1.2600 1.4886
1.2500 1.4832 1.2500 1.4540
1.2300 1.4496 1.2300 1.4307
1.2000 1.3537 1.2000 1.3449
1.1600 1.2729 1.1600 1.2829
1.1300 1.2619 1.1300 1.2864
1.0800 1.2584 1.0800 1.2902
1.0500 1.2411 1.0500 1.2828
1.0200 1.2016 1.0200 1.2554
1.0000 1.1478 1.0000 1.2127
0.9800 1.0920 0.9800 1.1648
0.9200 1.0653 0.9200 1.1435
0.8500 1.0018 0.8500 1.0819
0.8200 0.9788 0.8200 1.0709
0.8800 0.9661 0.8800 1.0603
0.9500 0.9609 0.9500 1.0495
0.9500 0.9512 0.9500 1.0348
0.9800 0.8628 0.9800 0.9944
1.0900 0.7811 1.0900 0.9535
1.1200 0.7791 1.1200 0.9532
1.2600 0.9345 1.2600 1.0261
1.4100 1.0939 1.4100 1.1484
1.5900 1.0549 1.5900 1.0873
1.7500 1.0599 1.7500 1.1014
1.9000 1.2821 1.9000 1.3105
2.0000 1.3167 2.0000 1.3067
2.1000 1.5023 2.1000 1.4748
2.2200 1.6550 2.2200 1.6157
2.3300 1.8147 2.3300 1.7639
2.4100 1.9478 2.4100 1.8860
2.4400 2.0689 2.4400 2.0039
2.4500 2.1279 2.4500 2.0569
2.4300 2.2424 2.4300 2.1688
2.3800 2.3785 2.3800 2.2948
2.3200 2.4973 2.3200 2.3957
2.2600 2.5987 2.2600 2.4785
2.2000 2.5673 2.2000 2.4762
2.0600 2.4851 2.0600 2.4316
2.1200 2.3908 2.1200 2.3683
2.1800 2.2611 2.1800 2.2677
2.2700 2.1339 2.2700 2.1724
2.3600 2.0487 2.3600 2.1119
2.4400 1.9738 2.4400 2.0558
2.5100 1.7366 2.5100 1.8431
2.5200 1.9300 2.5200 2.0571
2.4900 2.1765 2.4900 2.2497
2.4400 2.3353 2.4400 2.3692
2.4000 2.4539 2.4000 2.4656
2.3900 2.5589 2.3900 2.5546
2.3600 2.6077 2.3600 2.5900
2.3200 2.5747 2.3200 2.5494
2.2900 2.4219 2.2900 2.4146
2.2600 2.2979 2.2600 2.3167
2.2300 2.2499 2.2300 2.2847
2.1900 2.2510 2.1900 2.2991
2.1900 2.2198 2.1900 2.2706
2.1200 2.1380 2.1200 2.2063
2.0700 2.1050 2.0700 2.1888
2.0700 2.0873 2.0700 2.1739
2.0500 2.0573 2.0500 2.1429
2.0400 2.0114 2.0400 2.0962
1.9900 2.0467 1.9900 2.1302
1.9600 1.9431 1.9600 2.0205
1.9700 1.8565 1.9700 1.9510
2.0200 1.9186 2.0200 2.0134
2.0700 1.9367 2.0700 2.0124
2.0400 1.9198 2.0400 1.9913
2.0200 1.8428 2.0200 1.9175
2.0100 1.7948 2.0100 1.8810
2.0100 1.8713 2.0100 1.9504
2.0100 2.0174 2.0100 2.0704
2.0100 2.0990 2.0100 2.1277
2.0100 2.0015 2.0100 2.0251
2.0000 1.9171 2.0000 1.9654
2.0000 1.9243 2.0000 1.9787
2.0000 1.9506 2.0000 1.9948
2.0000 1.9501 2.0000 1.9879
2.0200 1.9528 2.0200 1.9909
2.0200 1.9460 2.0200 1.9890
1.9800 1.9328 1.9800 1.9792
1.9700 1.9304 1.9700 1.9801
1.9600 1.9353 1.9600 1.9827
1.9500 1.9426 1.9500 1.9854
1.9200 1.9840 1.9200 2.0242
1.9000 1.9833 1.9000 2.0180
1.9400 1.8807 1.9400 1.9235
1.9900 1.8633 1.9900 1.9209
1.9300 1.8783 1.9300 1.9330
1.8600 1.8690 1.8600 1.9200
1.8400 1.8154 1.8400 1.8694
1.8300 1.7855 1.8300 1.8497
1.8100 1.8965 1.8100 1.9566
1.8100 2.0269 1.8100 2.0607
1.8400 1.8581 1.8400 1.8870
1.8600 1.6730 1.8600 1.7394
1.8400 1.6925 1.8400 1.7758
1.8600 1.7422 1.8600 1.8103
1.8500 1.7195 1.8500 1.7768
1.8400 1.7271 1.8400 1.7885
1.8200 1.8055 1.8200 1.8629
1.8100 1.8610 1.8100 1.9038
1.8100 1.7943 1.8100 1.8354
1.8200 1.8129 1.8200 1.8620
1.8200 1.8156 1.8200 1.8532
1.8200 1.7876 1.8200 1.8256
1.8600 1.7463 1.8600 1.7903
1.8700 1.7367 1.8700 1.7865
1.8600 1.7503 1.8600 1.7994
1.8600 1.7892 1.8600 1.8340
1.8500 1.7789 1.8500 1.8214
1.8400 1.7736 1.8400 1.8183
1.8300 1.8619 1.8300 1.9016
1.8500 1.8783 1.8500 1.9049
1.8500 1.8244 1.8500 1.8530
1.8500 1.8120 1.8500 1.8498
1.8300 1.8021 1.8300 1.8404
1.8200 1.7798 1.8200 1.8203
1.8000 1.7687 1.8000 1.8121
1.7500 1.8138 1.7500 1.8578
1.7300 1.8211 1.7300 1.8581
1.7500 1.8098 1.7500 1.8493
1.8200 1.7591 1.8200 1.8052
1.8400 1.7460 1.8400 1.7979
1.8500 1.7217 1.8500 1.7734
1.8900 1.6321 1.8900 1.6902
1.9300 1.6072 1.9300 1.6775
1.9400 1.6986 1.9400 1.7630
1.9400 1.8651 1.9400 1.9064
1.9300 1.8833 1.9300 1.9027
1.9300 1.8460 1.9300 1.8714
1.9500 1.9070 1.9500 1.9361
1.9300 1.9907 1.9300 2.0029
1.9100 1.9669 1.9100 1.9695
1.9400 1.9261 1.9400 1.9368
1.9400 1.8877 1.9400 1.9088
1.9400 1.8881 1.9400 1.9169
1.9400 1.9350 1.9400 1.9629
1.9500 1.8793 1.9500 1.9077
1.9600 1.8191 1.9600 1.8620
1.9700 1.9018 1.9700 1.9493
1.9800 1.9168 1.9800 1.9520
1.9900 1.8890 1.9900 1.9264
2.0000 1.8880 2.0000 1.9292
2.0000 1.9095 2.0000 1.9505
2.0300 1.9308 2.0300 1.9662
2.0300 1.9475 2.0300 1.9794
2.0400 1.9468 2.0400 1.9791
2.1100 1.9639 2.1100 1.9946
2.0900 1.9761 2.0900 2.0055
2.0700 1.9606 2.0700 1.9918
2.0400 2.0146 2.0400 2.0450
2.0200 2.0094 2.0200 2.0332
2.0000 2.0047 2.0000 2.0332
1.9800 2.1447 1.9800 2.1677
1.9600 2.0889 1.9600 2.0969
1.9500 1.9827 1.9500 2.0124
1.9400 1.9332 1.9400 1.9792
1.9400 1.9134 1.9400 1.9658
1.9500 1.8922 1.9500 1.9447
1.9500 1.8788 1.9500 1.9337
1.9200 1.8381 1.9200 1.9008
1.9200 1.8505 1.9200 1.9157
1.9200 1.8512 1.9200 1.9143
1.9100 1.8577 1.9100 1.9200
1.8900 1.8960 1.8900 1.9495
1.8700 1.8993 1.8700 1.9463
1.8500 1.8312 1.8500 1.8803
1.8300 1.8362 1.8300 1.8933
1.8600 1.8630 1.8600 1.9131
1.9200 1.8466 1.9200 1.8920
1.9200 1.8035 1.9200 1.8532
1.9400 1.7735 1.9400 1.8308
1.9400 1.7506 1.9400 1.8112
1.9400 1.7348 1.9400 1.7964
1.9400 1.8146 1.9400 1.8724
1.9200 1.9567 1.9200 1.9929
1.9300 1.9328 1.9300 1.9520
1.9200 1.9208 1.9200 1.9512
1.8500 1.9178 1.8500 1.9489
1.8500 1.9052 1.8500 1.9361
1.7900 1.9011 1.7900 1.9308
1.7600 1.8592 1.7600 1.8918
1.8200 1.8700 1.8200 1.9103
1.8900 1.8731 1.8900 1.9108
1.9100 1.7138 1.9100 1.7649
1.9800 1.7212 1.9800 1.7950
2.0000 1.6638 2.0000 1.7310
2.0100 1.6094 2.0100 1.6883
2.0400 1.7883 2.0400 1.8587
2.0200 1.9672 2.0200 2.0008
1.9900 1.9455 1.9900 1.9609
1.9500 2.0460 1.9500 2.0638
1.8800 2.0528 1.8800 2.0589
1.8500 2.0196 1.8500 2.0265
1.8300 2.0638 1.8300 2.0694
1.8200 1.9972 1.8200 2.0036
1.7600 1.9008 1.7600 1.9241
1.7100 1.8397 1.7100 1.8816
1.6700 1.7074 1.6700 1.7696
1.6600 1.6800 1.6600 1.7603
1.6300 1.7103 1.6300 1.7869
1.5900 1.7106 1.5900 1.7854
1.5300 1.6109 1.5300 1.6882
1.5300 1.5319 1.5300 1.6271
1.4800 1.5030 1.4800 1.6040
1.4500 1.5497 1.4500 1.6407
1.4300 1.5237 1.4300 1.6024
1.4500 1.4621 1.4500 1.5439
1.3900 1.3718 1.3900 1.4623
1.3400 1.4247 1.3400 1.5199
1.3700 1.3771 1.3700 1.4580
1.3500 1.3296 1.3500 1.4158
1.3400 1.3338 1.3400 1.4190
1.3100 1.4191 1.3100 1.4950
1.3100 1.3122 1.3100 1.3768
1.3300 1.2129 1.3300 1.2963
1.3300 1.3204 1.3300 1.4061
1.3100 1.3387 1.3100 1.3988
1.2600 1.2995 1.2600 1.3580
1.2200 1.2532 1.2200 1.3182
1.2700 1.2714 1.2700 1.3396
1.3500 1.3413 1.3500 1.3985
1.4200 1.3542 1.4200 1.3976
1.4300 1.2793 1.4300 1.3269
1.4300 1.1945 1.4300 1.2520
1.4700 1.1378 1.4700 1.2091
1.4900 1.2795 1.4900 1.3488
1.5200 1.4772 1.5200 1.5105
1.5200 1.5709 1.5200 1.5760
1.5500 1.5210 1.5500 1.5216
1.6600 1.4632 1.6600 1.4812
1.6600 1.5334 1.6600 1.5545
1.6900 1.5751 1.6900 1.5782
1.7400 1.5884 1.7400 1.5870
1.7400 1.5598 1.7400 1.5618
1.7400 1.5944 1.7400 1.6073
1.7500 1.8096 1.7500 1.8129
1.7500 1.7732 1.7500 1.7522
1.7800 1.7262 1.7800 1.7255
1.8400 1.8219 1.8400 1.8236
1.9000 1.7966 1.9000 1.7903
1.9800 1.7360 1.9800 1.7425
1.9900 1.7573 1.9900 1.7724
2.0300 1.7344 2.0300 1.7536
2.0600 1.7952 2.0600 1.8159
2.0400 1.9140 2.0400 1.9255
1.9900 1.9894 1.9900 1.9892
1.9800 2.1081 1.9800 2.0945
1.9100 2.0642 1.9100 2.0461
1.9200 2.0680 1.9200 2.0650
1.8900 2.1133 1.8900 2.1059
1.8500 2.0325 1.8500 2.0273
1.8400 1.8826 1.8400 1.9026
1.8300 1.8826 1.8300 1.9249
1.7700 1.7656 1.7700 1.8154
1.7300 1.8055 1.7300 1.8719
1.7200 1.7921 1.7200 1.8518
1.6600 1.7063 1.6600 1.7777
1.6400 1.7144 1.6400 1.7941
1.6600 1.7466 1.6600 1.8200
1.6500 1.6218 1.6500 1.6946
1.5700 1.5715 1.5700 1.6576
1.5400 1.6052 1.5400 1.6899
1.5500 1.5221 1.5500 1.6005
1.5000 1.5088 1.5000 1.5940
1.4600 1.5986 1.4600 1.6780
1.4500 1.6042 1.4500 1.6651
1.4400 1.4318 1.4400 1.4996
1.4300 1.3904 1.4300 1.4829
1.3800 1.4790 1.3800 1.5630
1.3500 1.4218 1.3500 1.4859
1.3200 1.3352 1.3200 1.4118
1.3000 1.3562 1.3000 1.4410
1.2700 1.3842 1.2700 1.4583
1.2700 1.3838 1.2700 1.4508
1.2600 1.2914 1.2600 1.3611
1.2500 1.2406 1.2500 1.3227
1.2900 1.2409 1.2900 1.3205
1.3600 1.2363 1.3600 1.3128
1.4300 1.1951 1.4300 1.2706
1.4600 1.2277 1.4600 1.3024
1.4400 1.2340 1.4400 1.3015
1.4300 1.2260 1.4300 1.2911
1.4300 1.3161 1.4300 1.3754
1.4100 1.4700 1.4100 1.5054
1.3800 1.5799 1.3800 1.5871
1.3600 1.5791 1.3600 1.5742
1.3700 1.4740 1.3700 1.4791
1.3600 1.4252 1.3600 1.4487
1.3300 1.4433 1.3300 1.4684
1.3000 1.4008 1.3000 1.4253
1.2800 1.3314 1.2800 1.3678
1.2400 1.3059 1.2400 1.3576
1.2200 1.3496 1.2200 1.4067
1.2200 1.3470 1.2200 1.3986
1.2300 1.2777 1.2300 1.3348
1.2400 1.2260 1.2400 1.2940
1.2800 1.2231 1.2800 1.2939
1.3100 1.1725 1.3100 1.2422
1.3700 1.1551 1.3700 1.2298
1.3800 1.1896 1.3800 1.2613
1.3700 1.2348 1.3700 1.2971
1.3800 1.2594 1.3800 1.3132
1.3900 1.3345 1.3900 1.3816
1.4500 1.3856 1.4500 1.4174
1.5300 1.4805 1.5300 1.5000
1.6700 1.4694 1.6700 1.4755
1.7900 1.3976 1.7900 1.4122
1.9000 1.4033 1.9000 1.4273
1.9700 1.4334 1.9700 1.4545
1.9900 1.5355 1.9900 1.5500
2.0300 1.6839 2.0300 1.6794
2.0900 1.9108 2.0900 1.8835
2.0900 2.0729 2.0900 1.9784
2.0400 2.1479 2.0400 2.0520
2.0200 2.1773 2.0200 2.0829
1.9800 2.1226 1.9800 2.0590
1.9700 2.1226 1.9700 2.0756
1.9500 2.2124 1.9500 2.1654
1.9300 2.1501 1.9300 2.1047
1.9200 1.9710 1.9200 1.9612
1.8800 1.9170 1.8800 1.9466
1.8700 1.8637 1.8700 1.9082
1.9100 1.8632 1.9100 1.9163
1.8400 1.8467 1.8400 1.9020
1.7900 1.8139 1.7900 1.8768
1.7400 1.8149 1.7400 1.8823
1.7400 1.7622 1.7400 1.8313
1.7700 1.7472 1.7700 1.8235
1.7900 1.8763 1.7900 1.9386
1.7700 1.7439 1.7700 1.7911
1.7600 1.6112 1.7600 1.6878
1.7900 1.5747 1.7900 1.6631
1.8300 1.6312 1.8300 1.7157
1.8900 1.7373 1.8900 1.7997
1.9500 1.7901 1.9500 1.8341
1.9600 1.7066 1.9600 1.7534
1.9700 1.6917 1.9700 1.7496
2.0000 1.7738 2.0000 1.8263
2.0500 1.8625 2.0500 1.8934
2.0700 1.9650 2.0700 1.9741
2.0800 2.0455 2.0800 2.0416
2.1000 2.0090 2.1000 2.0028
2.1100 1.9733 2.1100 1.9817
2.0700 2.0201 2.0700 2.0316
2.0400 2.1064 2.0400 2.1063
2.0400 2.1122 2.0400 2.1024
2.0100 2.0810 2.0100 2.0820
1.9900 2.0899 1.9900 2.1033
1.9700 2.1010 1.9700 2.1158
1.9500 1.9905 1.9500 2.0142
1.9600 1.9139 1.9600 1.9601
1.9400 1.9467 1.9400 1.9989
1.9100 1.9131 1.9100 1.9615
1.8700 1.8717 1.8700 1.9299
1.8200 1.8524 1.8200 1.9180
1.7600 1.8342 1.7600 1.9019
1.7000 1.8806 1.7000 1.9454
1.6400 1.8604 1.6400 1.9170
1.5600 1.7883 1.5600 1.8515
1.5000 1.7331 1.5000 1.8039
1.4500 1.6654 1.4500 1.7436
1.4200 1.5770 1.4200 1.6640
1.3900 1.5110 1.3900 1.6057
1.3500 1.4429 1.3500 1.5452
1.3100 1.3435 1.3100 1.4537
1.2800 1.2877 1.2800 1.4084
1.2600 1.2641 1.2600 1.3859
1.2200 1.2730 1.2200 1.3883
1.1800 1.2677 1.1800 1.3739
1.1500 1.2290 1.1500 1.3310
1.1300 1.1860 1.1300 1.2883
1.1000 1.1785 1.1000 1.2777
1.0800 1.1834 1.0800 1.2746
1.0600 1.1386 1.0600 1.2231
1.0400 1.0878 1.0400 1.1749
1.0100 1.0697 1.0100 1.1595
0.9800 1.0753 0.9800 1.1613
0.9600 1.0472 0.9600 1.1287
0.9400 1.0334 0.9400 1.1151
0.9100 1.0246 0.9100 1.1041
0.8500 1.0134 0.8500 1.0903
0.8100 0.9775 0.8100 1.0534
0.7900 0.9423 0.7900 1.0247
0.8100 0.9341 0.8100 1.0191
0.8700 0.9287 0.8700 1.0119
0.9100 0.8919 0.9100 0.9927
0.9400 0.7988 0.9400 0.9564
0.9600 0.7738 0.9600 0.9425
0.9700 0.7754 0.9700 0.9417
0.9700 0.8494 0.9700 0.9573
0.9700 0.9801 0.9700 1.0444
0.9800 1.0472 0.9800 1.0882
1.0100 1.0622 1.0100 1.0937
1.0100 1.0746 1.0100 1.1021
1.0200 1.0716 1.0200 1.0951
1.0400 1.0521 1.0400 1.0736
1.0400 1.0434 1.0400 1.0663
1.0400 1.0530 1.0400 1.0792
1.0300 1.1079 1.0300 1.1336
1.0500 1.0930 1.0500 1.1161
1.0600 1.0823 1.0600 1.1140
1.0500 1.1168 1.0500 1.1501
1.0400 1.1088 1.0400 1.1387
1.0400 1.0887 1.0400 1.1220
1.0400 1.0678 1.0400 1.1052
1.0600 1.1037 1.0600 1.1442
1.0700 1.1298 1.0700 1.1636
1.0700 1.0942 1.0700 1.1285
1.0800 1.0581 1.0800 1.1019
1.1000 1.0718 1.1000 1.1194
1.1300 1.0774 1.1300 1.1230
1.1500 1.1172 1.1500 1.1601
1.1900 1.1330 1.1900 1.1698
1.2000 1.1167 1.2000 1.1539
1.2500 1.1302 1.2500 1.1698
1.3300 1.1681 1.3300 1.2049
1.3600 1.2156 1.3600 1.2445
1.3900 1.2382 1.3900 1.2594
1.4000 1.2893 1.4000 1.3081
1.4200 1.2864 1.4200 1.3001
1.4400 1.3544 1.4400 1.3689
1.4600 1.4951 1.4600 1.4953
1.4900 1.5084 1.4900 1.4912
1.5100 1.4903 1.5100 1.4799
1.5400 1.4785 1.5400 1.4759
1.5800 1.4849 1.5800 1.4888
1.6100 1.5071 1.6100 1.5107
1.6300 1.5249 1.6300 1.5288
1.6500 1.5491 1.6500 1.5567
1.6600 1.5740 1.6600 1.5813
1.6600 1.5997 1.6600 1.6105
1.6300 1.6544 1.6300 1.6633
1.6100 1.6864 1.6100 1.6887
1.6000 1.6836 1.6000 1.6870
1.5900 1.6949 1.5900 1.7019
1.6000 1.6891 1.6000 1.6990
1.6100 1.6664 1.6100 1.6815
1.6200 1.5893 1.6200 1.6146
1.6200 1.5430 1.6200 1.5847
1.6600 1.5458 1.6600 1.5933
1.6800 1.5431 1.6800 1.5911
1.7000 1.5681 1.7000 1.6172
1.7900 1.5980 1.7900 1.6429
1.8200 1.6107 1.8200 1.6528
1.8300 1.6042 1.8300 1.6452
1.8300 1.6814 1.8300 1.7190
1.8200 1.7174 1.8200 1.7402
1.7900 1.7291 1.7900 1.7474
1.8100 1.8909 1.8100 1.9018
1.8000 1.9293 1.8000 1.9170
1.8100 1.8655 1.8100 1.8602
1.8100 1.8298 1.8100 1.8395
1.8100 1.7966 1.8100 1.8152
1.8300 1.7243 1.8300 1.7514
1.8100 1.7809 1.8100 1.8151
1.8500 1.7636 1.8500 1.7944
1.8500 1.7733 1.8500 1.8104
1.8600 1.7777 1.8600 1.8166
1.9000 1.7670 1.9000 1.8111
2.0600 1.8058 2.0600 1.8471
2.1500 1.7722 2.1500 1.8080
2.2000 1.8331 2.2000 1.8727
2.2100 1.8482 2.2100 1.8752
2.2300 1.8413 2.2300 1.8702
2.2300 1.9103 2.2300 1.9386
2.2200 2.2476 2.2200 2.2475
2.2500 2.3731 2.2500 2.3171
2.2800 2.3385 2.2800 2.2897
2.3100 2.2504 2.3100 2.2248
2.3100 2.2502 2.3100 2.2412
2.2700 2.2278 2.2700 2.2175
2.2900 2.1812 2.2900 2.1804
2.2500 2.2175 2.2500 2.2272
2.2300 2.2842 2.2300 2.2920
2.2200 2.3149 2.2200 2.3237
2.2300 2.2684 2.2300 2.2879
2.1900 2.1559 2.1900 2.1918
2.1700 2.1982 2.1700 2.2472
2.1500 2.1520 2.1500 2.1913
2.1400 2.0923 2.1400 2.1447
2.1000 2.0996 2.1000 2.1571
2.0800 2.1497 2.0800 2.2036
2.1200 2.0635 2.1200 2.1172
2.1400 2.0306 2.1400 2.0985
2.1500 2.0119 2.1500 2.0828
2.1200 2.0267 2.1200 2.0931
2.0800 1.9634 2.0800 2.0269
2.0800 1.9347 2.0800 2.0087
2.0700 2.0565 2.0700 2.1214
2.0400 2.1254 2.0400 2.1663
2.0300 2.1098 2.0300 2.1457
2.0200 2.0251 2.0200 2.0697
2.0000 1.9425 2.0000 2.0013
1.9300 1.9728 1.9300 2.0356
1.8900 1.9934 1.8900 2.0433
1.8900 1.9227 1.8900 1.9742
1.8700 1.9165 1.8700 1.9777
1.8700 1.9263 1.8700 1.9879
1.9000 1.8942 1.9000 1.9563
1.8900 1.7635 1.8900 1.8334
1.9000 1.7030 1.9000 1.7917
1.9700 1.7716 1.9700 1.8551
2.0700 1.7793 2.0700 1.8463
2.0800 1.7777 2.0800 1.8448
2.0500 1.8627 2.0500 1.9230
2.0400 1.8472 2.0400 1.8949
2.0300 1.8507 2.0300 1.9005
1.9900 2.0076 1.9900 2.0443
1.9800 2.2032 1.9800 2.2050
1.9800 2.1588 1.9800 2.1383
1.9700 2.0048 1.9700 2.0108
1.9400 1.9612 1.9400 1.9943
1.8800 1.9746 1.8800 2.0059
1.8500 1.8942 1.8500 1.9263
1.8100 1.8727 1.8100 1.9202
1.7800 1.9002 1.7800 1.9504
1.7600 1.8960 1.7600 1.9463
1.7800 1.8328 1.7800 1.8913
1.8000 1.7135 1.8000 1.7878
1.7900 1.6869 1.7900 1.7723
1.7400 1.6703 1.7400 1.7509
1.7900 1.6406 1.7900 1.7215
1.8800 1.6345 1.8800 1.7155
1.9000 1.7171 1.9000 1.7907
1.9100 1.7765 1.9100 1.8337
1.9300 1.7485 1.9300 1.7979
1.9600 1.6267 1.9600 1.6860
2.0300 1.7519 2.0300 1.8165
2.1100 1.9855 2.1100 2.0103
2.1800 1.9811 2.1800 1.9756
2.2700 1.9125 2.2700 1.9204
2.3500 1.9346 2.3500 1.9551
2.5000 1.9885 2.5000 2.0028
2.6200 2.1153 2.6200 2.1145
2.6500 2.2395 2.6500 2.2179
2.6700 2.3044 2.6700 2.2722
2.7200 2.4218 2.7200 2.3847
2.8000 2.5089 2.8000 2.4646
2.9100 2.7234 2.9100 2.6197
2.8800 2.8613 2.8800 2.7105
2.9200 2.7879 2.9200 2.6948
2.9800 2.6932 2.9800 2.6465
3.0400 2.7590 3.0400 2.7290
3.0900 2.8840 3.0900 2.8448
3.1000 3.0495 3.1000 2.9944
3.0700 2.8789 3.0700 2.8317
3.0300 2.8488 3.0300 2.8511
2.9800 2.9868 2.9800 2.9882
2.9400 3.0712 2.9400 3.0577
2.9000 3.0887 2.9000 3.0723
2.8600 3.0533 2.8600 3.0472
2.8300 2.9202 2.8300 2.9405
2.8200 2.8385 2.8200 2.8839
2.8000 2.7504 2.8000 2.8114
2.7800 2.6916 2.7800 2.7653
2.7600 2.6645 2.7600 2.7411
2.7500 2.6150 2.7500 2.7024
2.6600 2.5913 2.6600 2.6865
2.5900 2.6164 2.5900 2.7103
2.5300 2.6066 2.5300 2.6935
2.4800 2.5854 2.4800 2.6701
2.4700 2.5699 2.4700 2.6526
2.4300 2.5772 2.4300 2.6557
2.4300 2.4128 2.4300 2.4935
2.4400 2.2904 2.4400 2.3964
2.4000 2.2485 2.4000 2.3612
2.3700 2.2265 2.3700 2.3352
2.3400 2.2648 2.3400 2.3669
2.2800 2.2364 2.2800 2.3300
2.2100 2.2528 2.2100 2.3485
2.2100 2.3241 2.2100 2.4059
2.1900 2.2529 2.1900 2.3246
2.2100 2.1828 2.2100 2.2645
2.1700 2.1744 2.1700 2.2539
2.1300 2.0794 2.1300 2.1594
2.1000 1.9716 2.1000 2.0633
2.0800 2.0355 2.0800 2.1316
2.0700 2.0524 2.0700 2.1321
2.0400 2.1148 2.0400 2.1859
1.9900 2.0436 1.9900 2.1098
1.9700 1.9551 1.9700 2.0366
1.9700 1.9343 1.9700 2.0196
1.9800 1.9497 1.9800 2.0275
1.9500 1.9476 1.9500 2.0173
1.9100 1.9170 1.9100 1.9828
1.9000 1.8241 1.9000 1.8993
1.8900 1.8168 1.8900 1.9030
1.8700 1.8724 1.8700 1.9481
1.8400 1.9114 1.8400 1.9738
1.7900 1.8550 1.7900 1.9109
1.7100 1.7700 1.7100 1.8392
1.7400 1.7817 1.7400 1.8575
1.8300 1.8071 1.8300 1.8722
1.9100 1.7747 1.9100 1.8345
1.9300 1.7244 1.9300 1.7886
2.0000 1.6445 2.0000 1.7178
2.1100 1.5135 2.1100 1.6017
2.2300 1.6326 2.2300 1.7264
2.3500 1.8872 2.3500 1.9417
2.4200 2.0331 2.4200 2.0438
2.3800 1.9898 2.3800 1.9914
2.4000 2.0695 2.4000 2.0821
2.4000 2.2756 2.4000 2.2636
2.3900 2.4694 2.3900 2.3765
2.3600 2.5753 2.3600 2.4440
2.3600 2.6115 2.3600 2.4894
2.3600 2.4025 2.3600 2.3475
2.3300 2.3729 2.3300 2.3619
2.2900 2.3811 2.2900 2.3731
2.2500 2.3292 2.2500 2.3278
2.2300 2.2486 2.2300 2.2660
2.2000 2.2530 2.2000 2.2934
2.1700 2.2617 2.1700 2.3078
2.1400 2.2119 2.1400 2.2624
2.1100 2.1158 2.1100 2.1826
2.0800 2.0634 2.0800 2.1421
2.0500 2.0734 2.0500 2.1509
2.0300 2.0484 2.0300 2.1228
2.0000 2.0090 2.0000 2.0857
1.9700 1.9757 1.9700 2.0567
1.9400 1.9542 1.9400 2.0362
1.9100 1.9235 1.9100 2.0063
1.8600 1.8963 1.8600 1.9787
1.8500 1.8886 1.8500 1.9690
1.8400 1.8619 1.8400 1.9390
1.8400 1.8269 1.8400 1.9055
1.8500 1.7960 1.8500 1.8767
1.8500 1.7703 1.8500 1.8506
1.8500 1.6996 1.8500 1.7818
1.8700 1.7168 1.8700 1.8026
1.8800 1.7439 1.8800 1.8189
1.8800 1.7638 1.8800 1.8306
1.8600 1.7960 1.8600 1.8557
1.8700 1.8033 1.8700 1.8563
1.8500 1.7968 1.8500 1.8473
1.8300 1.8473 1.8300 1.8923
1.8200 1.8660 1.8200 1.9006
1.7900 1.8487 1.7900 1.8811
1.7600 1.8002 1.7600 1.8372
1.7400 1.8197 1.7400 1.8639
1.7100 1.7933 1.7100 1.8333
1.6900 1.7475 1.6900 1.7947
1.6700 1.7372 1.6700 1.7911
1.6500 1.6985 1.6500 1.7542
1.6200 1.6459 1.6200 1.7096
1.6100 1.6365 1.6100 1.7056
1.6000 1.6011 1.6000 1.6705
1.5800 1.5843 1.5800 1.6564
1.5600 1.5777 1.5600 1.6485
1.5400 1.5552 1.5400 1.6267
1.5200 1.5192 1.5200 1.5908
1.4900 1.5257 1.4900 1.5986
1.4700 1.5325 1.4700 1.5998
1.4400 1.5101 1.4400 1.5734
1.4100 1.4814 1.4100 1.5469
1.3800 1.4635 1.3800 1.5307
1.3500 1.4456 1.3500 1.5121
1.3200 1.4078 1.3200 1.4749
1.3000 1.3887 1.3000 1.4590
1.2700 1.3567 1.2700 1.4274
1.2300 1.3227 1.2300 1.3961
1.2000 1.2907 1.2000 1.3674
1.1700 1.2633 1.1700 1.3417
1.1600 1.2342 1.1600 1.3135
1.1300 1.2289 1.1300 1.3083
1.1000 1.1990 1.1000 1.2765
1.0800 1.1444 1.0800 1.2248
1.0600 1.1186 1.0600 1.2032
1.0500 1.0998 1.0500 1.1839
1.0300 1.1140 1.0300 1.1949
1.0100 1.0859 1.0100 1.1612
1.0000 1.0434 1.0000 1.1221
0.9900 1.0347 0.9900 1.1155
0.9700 1.0318 0.9700 1.1089
0.9500 1.0320 0.9500 1.1058
0.9400 1.0171 0.9400 1.0867
0.9300 0.9917 0.9300 1.0620
0.9100 0.9945 0.9100 1.0652
0.9000 0.9991 0.9000 1.0655
0.8900 0.9694 0.8900 1.0341
0.8800 0.9459 0.8800 1.0124
0.8800 0.9465 0.8800 1.0140
0.8800 0.9476 0.8800 1.0122
0.8800 0.9220 0.8800 0.9901
0.8800 0.9131 0.8800 0.9846
0.8700 0.9135 0.8700 0.9821
0.8600 0.9080 0.8600 0.9764
0.8600 0.9184 0.8600 0.9797
0.8600 0.9286 0.8600 0.9861
0.8500 0.9314 0.8500 0.9858
0.8500 0.9355 0.8500 0.9878
0.8500 0.9174 0.8500 0.9690
0.8500 0.8999 0.8500 0.9583
0.8500 0.9107 0.8500 0.9646
0.8500 0.9182 0.8500 0.9694
0.8500 0.8999 0.8500 0.9568
0.8600 0.9017 0.8600 0.9583
0.8700 0.9089 0.8700 0.9611
0.8800 0.9113 0.8800 0.9618
0.8900 0.9117 0.8900 0.9612
0.9000 0.9121 0.9000 0.9612
0.9100 0.9124 0.9100 0.9608
0.9300 0.9340 0.9300 0.9811
0.9400 0.9511 0.9400 0.9945
0.9500 0.9621 0.9500 1.0026
0.9600 0.9734 0.9600 1.0120
0.9700 0.9838 0.9700 1.0212
0.9800 0.9934 0.9800 1.0294
0.9900 1.0230 0.9900 1.0568
1.0000 1.0308 1.0000 1.0608
1.0200 1.0325 1.0200 1.0629
1.0300 1.0407 1.0300 1.0719
1.0400 1.0497 1.0400 1.0811
1.0500 1.0571 1.0500 1.0882
1.0600 1.0664 1.0600 1.0975
1.0700 1.0732 1.0700 1.1046
1.0900 1.1021 1.0900 1.1331
1.1000 1.1103 1.1000 1.1384
1.1100 1.1103 1.1100 1.1397
1.1200 1.1185 1.1200 1.1488
1.1400 1.1281 1.1400 1.1584
1.1700 1.1355 1.1700 1.1656
1.1800 1.1648 1.1800 1.1940
1.2000 1.1708 1.2000 1.1975
1.2200 1.1726 1.2200 1.2007
1.2300 1.1805 1.2300 1.2098
1.2400 1.2088 1.2400 1.2378
1.2400 1.2561 1.2400 1.2800
1.2500 1.2563 1.2500 1.2754
1.2700 1.2664 1.2700 1.2887
1.2700 1.2939 1.2700 1.3152
1.2800 1.2949 1.2800 1.3146
1.3000 1.2915 1.3000 1.3137
1.3300 1.2801 1.3300 1.3049
1.3400 1.2861 1.3400 1.3151
1.3800 1.3242 1.3800 1.3518
1.4300 1.3112 1.4300 1.3368
1.4400 1.3088 1.4400 1.3399
1.4500 1.3483 1.4500 1.3788
1.4700 1.3975 1.4700 1.4224
1.4600 1.3957 1.4600 1.4154
1.4700 1.4507 1.4700 1.4711
1.4600 1.5347 1.4600 1.5453
1.4700 1.5205 1.4700 1.5226
1.4700 1.4904 1.4700 1.5015
1.4700 1.5162 1.4700 1.5326
1.4800 1.4817 1.4800 1.4974
1.4800 1.4823 1.4800 1.5058
1.4900 1.4616 1.4900 1.4881
1.4900 1.4678 1.4900 1.5015
1.4900 1.4742 1.4900 1.5073
1.4800 1.4667 1.4800 1.5034
1.4800 1.4759 1.4800 1.5154
1.4300 1.4838 1.4300 1.5205
1.4800 1.4912 1.4800 1.5286
1.5300 1.4904 1.5300 1.5267
1.6000 1.4834 1.6000 1.5205
1.6700 1.4587 1.6700 1.4988
1.7400 1.4636 1.7400 1.5063
1.8000 1.3637 1.8000 1.4108
1.8300 1.4743 1.8300 1.5301
1.8800 1.6113 1.8800 1.6409
1.8900 1.7173 1.8900 1.7267
1.8800 1.8044 1.8800 1.7994
1.8700 1.8927 1.8700 1.8776
1.8500 1.9392 1.8500 1.9149
1.8400 1.9434 1.8400 1.9152
1.8300 1.9757 1.8300 1.9513
1.8300 1.9537 1.8300 1.9296
1.8100 1.8856 1.8100 1.8748
1.7800 1.8339 1.7800 1.8450
1.7500 1.7956 1.7500 1.8198
1.7600 1.7718 1.7600 1.8078
1.7400 1.7672 1.7400 1.8090
1.7300 1.7691 1.7300 1.8159
1.7200 1.7345 1.7200 1.7846
1.7400 1.6801 1.7400 1.7388
1.7600 1.6327 1.7600 1.7010
1.7500 1.6898 1.7500 1.7562
1.7600 1.6752 1.7600 1.7299
1.7400 1.6527 1.7400 1.7109
1.7200 1.6483 1.7200 1.7082
1.6800 1.7084 1.6800 1.7641
1.6500 1.7574 1.6500 1.7992
1.6200 1.7243 1.6200 1.7609
1.6200 1.7232 1.6200 1.7654
1.6100 1.6956 1.6100 1.7364
1.6300 1.6502 1.6300 1.6970
1.6400 1.5795 1.6400 1.6343
1.6300 1.5422 1.6300 1.6059
1.6400 1.5112 1.6400 1.5794
1.6200 1.5500 1.6200 1.6180
1.6100 1.5492 1.6100 1.6114
1.5900 1.5993 1.5900 1.6587
1.5800 1.6298 1.5800 1.6785
1.5600 1.5987 1.5600 1.6451
1.5600 1.6122 1.5600 1.6599
1.5600 1.5844 1.5600 1.6277
1.5600 1.5569 1.5600 1.6039
1.5600 1.5334 1.5600 1.5823
1.5500 1.5256 1.5500 1.5776
1.5100 1.4957 1.5100 1.5500
1.5200 1.5154 1.5200 1.5716
1.5300 1.5250 1.5300 1.5784
1.5400 1.5329 1.5400 1.5831
1.5500 1.5335 1.5500 1.5819
1.5900 1.5156 1.5900 1.5643
1.6300 1.4360 1.6300 1.4889
1.7000 1.4713 1.7000 1.5318
1.7600 1.5253 1.7600 1.5733
1.8300 1.5401 1.8300 1.5800
1.8700 1.5497 1.8700 1.5878
1.8700 1.6265 1.8700 1.6617
1.9200 1.6951 1.9200 1.7160
1.9500 1.8108 1.9500 1.8173
1.9900 1.8868 1.9900 1.8763
2.0500 1.9668 2.0500 1.9469
2.1100 1.9880 2.1100 1.9608
2.1300 1.9179 2.1300 1.9001
2.1200 1.9727 2.1200 1.9669
2.0700 2.0251 2.0700 2.0099
2.0600 2.0528 2.0600 2.0372
2.1000 2.1331 2.1000 2.1183
2.1300 2.2139 2.1300 2.1935
2.1600 2.1822 2.1600 2.1641
2.1200 2.1064 2.1200 2.1052
2.0700 1.9665 2.0700 1.9895
2.0400 1.9552 2.0400 1.9969
1.9700 2.0814 1.9700 2.1135
1.9400 2.1416 1.9400 2.1575
1.9200 2.1592 1.9200 2.1750
1.8800 2.0444 1.8800 2.0731
1.8600 1.9156 1.8600 1.9733
1.8000 1.8909 1.8000 1.9610
1.7500 1.7964 1.7500 1.8657
1.7000 1.7587 1.7000 1.8394
1.6900 1.7872 1.6900 1.8655
1.6700 1.7347 1.6700 1.8139
1.6600 1.7152 1.6600 1.8030
1.6600 1.6384 1.6600 1.7275
1.6200 1.5573 1.6200 1.6574
1.6300 1.5246 1.6300 1.6247
1.6400 1.5634 1.6400 1.6583
1.6100 1.5642 1.6100 1.6466
1.6100 1.5742 1.6100 1.6509
1.6100 1.5895 1.6100 1.6628
1.6400 1.5293 1.6400 1.5987
1.6500 1.5596 1.6500 1.6316
1.6100 1.6184 1.6100 1.6755
1.6000 1.5551 1.6000 1.6034
1.5700 1.5480 1.5700 1.6048
1.5500 1.5816 1.5500 1.6337
1.5600 1.6408 1.5600 1.6854
1.5500 1.6651 1.5500 1.6967
1.5300 1.5561 1.5300 1.5932
1.5300 1.5216 1.5300 1.5772
1.5000 1.5077 1.5000 1.5621
1.5300 1.4735 1.5300 1.5316
1.5300 1.5174 1.5300 1.5743
1.4900 1.5195 1.4900 1.5686
1.4500 1.4665 1.4500 1.5216
1.4400 1.4864 1.4400 1.5464
1.4100 1.4390 1.4100 1.4974
1.3900 1.5072 1.3900 1.5655
1.3800 1.5367 1.3800 1.5779
1.3600 1.4295 1.3600 1.4752
1.3400 1.3481 1.3400 1.4116
1.3200 1.3752 1.3200 1.4451
1.3000 1.3414 1.3000 1.4053
1.2800 1.3221 1.2800 1.3877
1.2700 1.3240 1.2700 1.3914
1.2700 1.3051 1.2700 1.3724
1.2400 1.2848 1.2400 1.3527
1.2300 1.2639 1.2300 1.3344
1.2400 1.2430 1.2400 1.3126
1.2700 1.2300 1.2700 1.2978
1.2800 1.2341 1.2800 1.3005
1.2900 1.2510 1.2900 1.3141
1.2900 1.2060 1.2900 1.2653
1.2700 1.1919 1.2700 1.2575
1.2500 1.2390 1.2500 1.3009
1.2500 1.3140 1.2500 1.3627
1.2200 1.3247 1.2200 1.3608
1.1700 1.3235 1.1700 1.3594
1.1700 1.3112 1.1700 1.3481
1.2100 1.2695 1.2100 1.3086
1.3300 1.2273 1.3300 1.2732
1.4200 1.2426 1.4200 1.2918
1.5100 1.1980 1.5100 1.2452
1.6600 1.1013 1.6600 1.1611
1.7700 1.1275 1.7700 1.2003
1.8100 1.2495 1.8100 1.3109
1.8800 1.4952 1.8800 1.5266
1.9400 1.6386 1.9400 1.6296
1.9300 1.7179 1.9300 1.6935
1.9300 1.9216 1.9300 1.8534
1.9200 2.0080 1.9200 1.9317
1.8500 1.9879 1.8500 1.9073
1.7500 2.0508 1.7500 1.9842
1.6200 2.1167 1.6200 2.0496
1.5600 2.0119 1.5600 1.9534
1.5100 1.9410 1.5100 1.9151
1.4700 1.8968 1.4700 1.8953
1.4600 1.7393 1.4600 1.7598
1.4700 1.5407 1.4700 1.6003
1.4600 1.3239 1.4600 1.4258
1.4500 1.2910 1.4500 1.4194
1.4400 1.3177 1.4400 1.4381
1.4400 1.2982 1.4400 1.4152
1.4600 1.3225 1.4600 1.4388
1.4600 1.4052 1.4600 1.5071
1.4300 1.4040 1.4300 1.4895
1.4100 1.3942 1.4100 1.4722
1.4100 1.3906 1.4100 1.4604
1.3700 1.4108 1.3700 1.4713
1.3700 1.4714 1.3700 1.5187
1.3900 1.4690 1.3900 1.5070
1.4000 1.3894 1.4000 1.4320
1.4700 1.3536 1.4700 1.4088
1.4700 1.3814 1.4700 1.4380
1.4700 1.3159 1.4700 1.3688
1.4800 1.3213 1.4800 1.3823
1.4900 1.3929 1.4900 1.4477
1.5000 1.4188 1.5000 1.4624
1.5000 1.5459 1.5000 1.5811
1.5200 1.5340 1.5200 1.5519
1.5200 1.4736 1.5200 1.5007
1.5000 1.4955 1.5000 1.5268
1.4800 1.5204 1.4800 1.5462
1.4600 1.5167 1.4600 1.5395
1.4800 1.5164 1.4800 1.5392
1.4400 1.5336 1.4400 1.5624
1.3300 1.5330 1.3300 1.5607
1.2500 1.4777 1.2500 1.5112
1.2000 1.4248 1.2000 1.4720
1.2500 1.4079 1.2500 1.4595
1.2700 1.4659 1.2700 1.5166
1.3100 1.3998 1.3100 1.4442
1.3500 1.1614 1.3500 1.2300
1.3800 1.0387 1.3800 1.1643
1.4400 1.0464 1.4400 1.1664
1.4800 1.2205 1.4800 1.3180
1.5200 1.3055 1.5200 1.3680
1.5600 1.3514 1.5600 1.4048
1.5900 1.4156 1.5900 1.4606
1.6100 1.4659 1.6100 1.4973
1.6300 1.5441 1.6300 1.5625
1.6400 1.6051 1.6400 1.6019
1.6500 1.6274 1.6500 1.6158
1.6500 1.6685 1.6500 1.6556
1.6600 1.6904 1.6600 1.6768
1.6700 1.6753 1.6700 1.6680
1.6600 1.6870 1.6600 1.6848
1.6700 1.6746 1.6700 1.6782
1.6800 1.6706 1.6800 1.6810
1.6900 1.6551 1.6900 1.6713
1.7100 1.6580 1.7100 1.6820
1.7300 1.6731 1.7300 1.6982
1.7400 1.6408 1.7400 1.6692
1.7500 1.6480 1.7500 1.6841
1.7500 1.6755 1.7500 1.7094
1.7500 1.6866 1.7500 1.7178
1.7700 1.7159 1.7700 1.7457
1.7800 1.7476 1.7800 1.7733
1.7900 1.7455 1.7900 1.7695
1.8000 1.7505 1.8000 1.7759
1.8100 1.7364 1.8100 1.7637
1.8200 1.7248 1.8200 1.7556
1.8500 1.7662 1.8500 1.7963
1.8700 1.7814 1.8700 1.8068
1.8800 1.7811 1.8800 1.8075
1.8900 1.7903 1.8900 1.8188
1.9200 1.8000 1.9200 1.8293
1.9400 1.8084 1.9400 1.8371
1.9500 1.8623 1.9500 1.8878
1.9800 1.8874 1.9800 1.9059
2.0300 1.8805 2.0300 1.8991
2.0800 1.8797 2.0800 1.9026
2.1200 1.9298 2.1200 1.9525
2.1500 1.9570 2.1500 1.9721
2.1900 1.9486 2.1900 1.9640
2.2300 1.9856 2.2300 2.0042
2.2700 2.0774 2.2700 2.0883
2.3100 2.1497 2.3100 2.1479
2.3300 2.1795 2.3300 2.1730
2.3400 2.1875 2.3400 2.1833
2.3500 2.2290 2.3500 2.2267
2.3500 2.2795 2.3500 2.2724
2.3500 2.3156 2.3500 2.3056
2.3500 2.3502 2.3500 2.3398
2.3600 2.3467 2.3600 2.3392
2.3600 2.3214 2.3600 2.3243
2.4000 2.3151 2.4000 2.3274
2.4400 2.2971 2.4400 2.3150
2.4500 2.2813 2.4500 2.3060
2.4600 2.2763 2.4600 2.3066
2.4700 2.2915 2.4700 2.3256
2.4800 2.2873 2.4800 2.3223
2.4900 2.3624 2.4900 2.3970
2.5000 2.4380 2.5000 2.4598
2.5000 2.4228 2.5000 2.4395
2.5100 2.4023 2.5100 2.4274
2.5100 2.4129 2.5100 2.4414
2.5100 2.4209 2.5100 2.4475
2.5000 2.4312 2.5000 2.4565
2.5000 2.4365 2.5000 2.4631
2.5100 2.4194 2.5100 2.4502
2.5100 2.4342 2.5100 2.4689
2.4900 2.4268 2.4900 2.4631
2.4800 2.4154 2.4800 2.4551
2.4800 2.3928 2.4800 2.4353
2.4800 2.3942 2.4800 2.4407
2.4700 2.4208 2.4700 2.4654
2.4300 2.4224 2.4300 2.4635
2.3900 2.3681 2.3900 2.4142
2.3700 2.3492 2.3700 2.4044
2.3700 2.3684 2.3700 2.4226
2.3700 2.3793 2.3700 2.4286
2.3600 2.3581 2.3600 2.4068
2.3500 2.2738 2.3500 2.3310
2.3400 2.2039 2.3400 2.2754
2.3300 2.2042 2.3300 2.2803
2.3700 2.2439 2.3700 2.3124
1.7300 1.7732 1.7300 1.8208
1.6800 1.7335 1.6800 1.7588
1.6500 1.6662 1.6500 1.7025
1.6900 1.6499 1.6900 1.6978
1.7200 1.6833 1.7200 1.7265
1.7300 1.6964 1.7300 1.7296
1.7800 1.7258 1.7800 1.7577
1.7500 1.6055 1.7500 1.6421
1.7400 1.5468 1.7400 1.6044
1.7200 1.6656 1.7200 1.7249
1.7500 1.7536 1.7500 1.7878
1.7600 1.7362 1.7600 1.7602
1.7700 1.8161 1.7700 1.8432
1.8200 1.7375 1.8200 1.7599
1.8900 1.6817 1.8900 1.7209
1.8800 1.6637 1.8800 1.7062
1.9800 1.7323 1.9800 1.7729
2.1000 1.7628 2.1000 1.7881
2.1500 1.7691 2.1500 1.7956
2.1000 1.8416 2.1000 1.8711
2.1300 1.9882 2.1300 1.9995
2.1700 1.9141 2.1700 1.9132
2.1900 2.0591 2.1900 2.0682
2.1700 2.3069 2.1700 2.2788
2.1300 2.3166 2.1300 2.2633
2.1000 2.0857 2.1000 2.0573
2.1000 2.0995 2.1000 2.1125
2.1100 2.2058 2.1100 2.2065
2.1100 2.2308 2.1100 2.2167
2.1300 2.1210 2.1300 2.1220
2.1000 2.0067 2.1000 2.0403
2.0300 1.9656 2.0300 2.0187
1.9300 2.0084 1.9300 2.0654
1.8800 2.0409 1.8800 2.0894
1.8700 2.0377 1.8700 2.0818
1.9600 2.0815 1.9600 2.1253
1.9100 2.0149 1.9100 2.0611
1.9000 1.8567 1.9000 1.9211
1.8700 1.6781 1.8700 1.7680
1.8500 1.6496 1.8500 1.7551
1.8600 1.7216 1.8600 1.8153
1.8600 1.9670 1.8600 2.0330
1.8700 1.8574 1.8700 1.8980
1.9200 1.7758 1.9200 1.8468
1.9400 1.7552 1.9400 1.8322
1.9400 1.7502 1.9400 1.8221
1.8900 1.7876 1.8900 1.8467
1.8300 1.8231 1.8300 1.8677
1.8100 1.8197 1.8100 1.8628
1.8200 1.9404 1.8200 1.9779
1.7600 1.9692 1.7600 1.9913
1.7100 1.9123 1.7100 1.9393
1.6900 1.8003 1.6900 1.8362
1.6700 1.6747 1.6700 1.7344
1.6700 1.6803 1.6700 1.7494
1.6500 1.7601 1.6500 1.8180
1.6300 1.6420 1.6300 1.6964
1.6400 1.5387 1.6400 1.6189
1.6400 1.5539 1.6400 1.6455
1.6700 1.5672 1.6700 1.6507
1.6500 1.5921 1.6500 1.6661
1.6200 1.5730 1.6200 1.6401
1.5700 1.5369 1.5700 1.6066
1.5100 1.5899 1.5100 1.6569
1.5500 1.6139 1.5500 1.6685
1.5600 1.6630 1.5600 1.7101
1.5600 1.6277 1.5600 1.6645
1.5600 1.5451 1.5600 1.5939
1.5600 1.4571 1.5600 1.5194
1.5600 1.3730 1.5600 1.4468
1.5500 1.4945 1.5500 1.5697
1.5300 1.5717 1.5300 1.6188
1.4700 1.5379 1.4700 1.5815
1.4000 1.5267 1.4000 1.5788
1.3700 1.5400 1.3700 1.5922
1.3100 1.5345 1.3100 1.5827
1.2800 1.5281 1.2800 1.5704
1.2600 1.4771 1.2600 1.5227
1.2600 1.3673 1.2600 1.4229
1.2400 1.2533 1.2400 1.3286
1.1700 1.2396 1.1700 1.3304
1.0600 1.1848 1.0600 1.2722
1.0800 1.1587 1.0800 1.2531
1.1200 1.1741 1.1200 1.2675
1.0700 1.2122 1.0700 1.2992
1.0700 1.1947 1.0700 1.2728
1.0400 1.0719 1.0400 1.1535
1.0000 0.8738 1.0000 1.0470
1.0200 0.9946 1.0200 1.1094
1.0700 1.1687 1.0700 1.2466
1.1700 1.0595 1.1700 1.1159
1.3000 1.0318 1.3000 1.1067
1.4400 1.0211 1.4400 1.0977
1.6100 0.9574 1.6100 1.0342
1.9100 1.0294 1.9100 1.1040
1.8600 1.1587 1.8600 1.2118
1.9100 1.3341 1.9100 1.3598
1.8500 1.5705 1.8500 1.5601
1.7700 1.7230 1.7700 1.6638
1.7400 1.8418 1.7400 1.7836
1.7700 2.1278 1.7700 2.0704
1.8100 1.9857 1.8100 1.8917
1.8500 1.9915 1.8500 1.9309
1.9100 1.8877 1.9100 1.8306
2.0000 1.6888 2.0000 1.6691
2.1000 1.6232 2.1000 1.6368
2.2000 1.7688 2.2000 1.7904
2.2800 1.8104 2.2800 1.8296
2.3300 1.9006 2.3300 1.9209
2.4000 1.9693 2.4000 1.9919
2.4100 2.1013 2.4100 2.1156
2.4200 2.2858 2.4200 2.2614
2.4400 2.3931 2.4400 2.3280
2.4400 2.4600 2.4400 2.3805
2.4400 2.4633 2.4400 2.4056
2.4500 2.5227 2.4500 2.4727
2.4800 2.4735 2.4800 2.4273
2.5200 2.4147 2.5200 2.3903
2.6100 2.4261 2.6100 2.4167
2.5300 2.4060 2.5300 2.4050
2.5100 2.3697 2.5100 2.3839
2.5000 2.3852 2.5000 2.4104
2.4600 2.4342 2.4600 2.4613
2.4400 2.5063 2.4400 2.5263
2.4600 2.6670 2.4600 2.6738
2.4600 2.4408 2.4600 2.4466
2.4300 2.3330 2.4300 2.3845
2.4000 2.3701 2.4000 2.4261
2.3500 2.3187 2.3500 2.3675
2.3700 2.2711 2.3700 2.3287
2.3500 2.3609 2.3500 2.4194
2.2900 2.3593 2.2900 2.4103
2.3700 2.2986 2.3700 2.3551
2.4400 2.2351 2.4400 2.3056
2.3900 2.1489 2.3900 2.2294
2.3700 2.2455 2.3700 2.3191
2.3300 2.2439 2.3300 2.3002
2.2600 2.1033 2.2600 2.1696
2.2300 2.2944 2.2300 2.3673
2.1900 2.5007 2.1900 2.5290
2.1500 2.3179 2.1500 2.3361
2.1100 2.2171 2.1100 2.2715
2.0600 2.1774 2.0600 2.2415
2.0200 2.0567 2.0200 2.1257
1.9600 2.0458 1.9600 2.1223
1.9000 2.0116 1.9000 2.0894
1.8500 1.9539 1.8500 2.0380
1.8100 1.9322 1.8100 2.0214
1.7700 1.8605 1.7700 1.9594
1.7200 1.8159 1.7200 1.9195
1.6700 1.7620 1.6700 1.8616
1.6400 1.6791 1.6400 1.7858
1.6100 1.6405 1.6100 1.7502
1.5800 1.6297 1.5800 1.7353
1.5100 1.5977 1.5100 1.7002
1.4500 1.5449 1.4500 1.6468
1.4000 1.4878 1.4000 1.5936
1.4000 1.4850 1.4000 1.5900
1.4100 1.4811 1.4100 1.5771
1.3500 1.4559 1.3500 1.5468
1.2800 1.3490 1.2800 1.4416
1.2400 1.2679 1.2400 1.3736
1.2200 1.2375 1.2200 1.3463
1.1700 1.3056 1.1700 1.4060
1.1200 1.3722 1.1200 1.4522
1.0800 1.2624 1.0800 1.3350
1.0400 1.1216 1.0400 1.2159
0.9800 1.1077 0.9800 1.2144
0.9500 1.1395 0.9500 1.2357
0.9400 1.0799 0.9400 1.1652
0.9300 1.0090 0.9300 1.1037
0.9300 0.9760 0.9300 1.0907
0.9300 0.9588 0.9300 1.0752
0.9300 0.8833 0.9300 1.0316
0.9100 0.8657 0.9100 1.0150
0.9200 0.9055 0.9200 1.0210
0.9200 0.9270 0.9200 1.0156
0.9200 0.9424 0.9200 1.0210
0.9200 0.9565 0.9200 1.0286
0.9300 0.9654 0.9300 1.0301
0.9800 0.9365 0.9800 0.9962
1.0100 0.9606 1.0100 1.0204
1.0200 0.9749 1.0200 1.0262
1.0200 0.9753 1.0200 1.0224
1.0300 0.9718 1.0300 1.0191
1.0300 0.9937 1.0300 1.0408
1.0400 1.0877 1.0400 1.1277
1.0100 1.1391 1.0100 1.1627
0.9900 1.1147 0.9900 1.1348
1.0100 1.0869 1.0100 1.1132
1.0400 1.1014 1.0400 1.1313
1.1200 1.0940 1.1200 1.1225
1.1800 1.1050 1.1800 1.1343
1.2000 1.0360 1.2000 1.0688
1.2300 0.9910 1.2300 1.0389
1.2500 1.0519 1.2500 1.1047
1.2800 1.1251 1.2800 1.1671
1.3000 1.2611 1.3000 1.2884
1.3100 1.3536 1.3100 1.3588
1.3000 1.3248 1.3000 1.3240
1.3000 1.3316 1.3000 1.3382
1.3100 1.3546 1.3100 1.3586
1.2500 1.3773 1.2500 1.3785
1.1900 1.3948 1.1900 1.3920
1.1900 1.3791 1.1900 1.3815
1.1800 1.3284 1.1800 1.3427
1.2000 1.3210 1.2000 1.3476
1.2600 1.3362 1.2600 1.3675
1.2700 1.2115 1.2700 1.2473
1.2800 1.0845 1.2800 1.1468
1.2800 1.1340 1.2800 1.2110
1.2700 1.1682 1.2700 1.2330
1.2800 1.2098 1.2800 1.2688
1.2700 1.3389 1.2700 1.3863
1.2700 1.3406 1.2700 1.3716
1.2800 1.3194 1.2800 1.3526
1.2700 1.3144 1.2700 1.3488
1.2600 1.2803 1.2600 1.3154
1.2700 1.3033 1.2700 1.3365
1.2900 1.2935 1.2900 1.3232
1.3600 1.2722 1.3600 1.3098
1.4900 1.3030 1.4900 1.3424
1.4600 1.2826 1.4600 1.3217
1.4400 1.2467 1.4400 1.2933
1.4200 1.2814 1.4200 1.3291
1.4200 1.3270 1.4200 1.3678
1.5200 1.4616 1.5200 1.4894
1.5600 1.7073 1.5600 1.7055
1.6000 1.5723 1.6000 1.5477
1.6900 1.4242 1.6900 1.4366
1.8000 1.3997 1.8000 1.4323
1.9500 1.4225 1.9500 1.4539
2.0400 1.6301 2.0400 1.6448
2.1000 1.7066 2.1000 1.6910
2.1400 1.6788 2.1400 1.6720
2.1400 1.8343 2.1400 1.8308
2.1700 2.0249 2.1700 1.9965
2.1900 2.2012 2.1900 2.1056
2.1500 2.2656 2.1500 2.1579
2.1400 2.2811 2.1400 2.1857
2.1400 2.2667 2.1400 2.2060
2.1400 2.2049 2.1400 2.1585
2.1500 2.1975 2.1500 2.1709
2.1300 2.2244 2.1300 2.2003
2.1300 2.0931 2.1300 2.0863
1.9600 2.0413 1.9600 2.0692
2.0400 2.0701 2.0400 2.1083
2.1100 2.0684 2.1100 2.1083
2.1400 2.0892 2.1400 2.1291
2.2100 2.0448 2.2100 2.0879
2.2800 2.0333 2.2800 2.0862
2.3600 1.7044 2.3600 1.7729
2.4700 1.8890 2.4700 1.9938
2.5700 2.1662 2.5700 2.2108
2.6100 2.1862 2.6100 2.1954
2.5800 2.2376 2.5800 2.2542
2.5700 2.3795 2.5700 2.3857
2.6100 2.4597 2.6100 2.4484
2.6700 2.6495 2.6700 2.6085
2.7300 2.7553 2.7300 2.6614
2.8000 2.7092 2.8000 2.6510
2.8400 2.5695 2.8400 2.5331
2.8600 2.4792 2.8600 2.4848
2.8800 2.5762 2.8800 2.5849
2.9200 2.7040 2.9200 2.6935
2.9600 2.7696 2.9600 2.7526
2.9900 2.8453 2.9900 2.8324
2.9300 2.8615 2.9300 2.8525
2.9000 2.8346 2.9000 2.8360
2.9200 2.8279 2.9200 2.8373
2.9500 2.8843 2.9500 2.8913
2.9700 2.9418 2.9700 2.9397
2.9600 2.9592 2.9600 2.9580
2.9500 2.7781 2.9500 2.7971
2.9400 2.6880 2.9400 2.7445
2.9200 2.7779 2.9200 2.8365
2.8900 2.8687 2.8900 2.9073
2.8600 2.8814 2.8600 2.9117
2.8100 2.8316 2.8100 2.8715
2.7600 2.7875 2.7600 2.8435
2.6300 2.7834 2.6300 2.8432
2.4200 2.7527 2.4200 2.8109
2.3200 2.6916 2.3200 2.7548
2.3900 2.6563 2.3900 2.7251
2.3900 2.5804 2.3900 2.6582
2.3200 2.5088 2.3200 2.5993
2.2500 2.2851 2.2500 2.3927
2.2200 1.9079 2.2200 2.0602
2.2700 1.8374 2.2700 2.0283
2.2900 2.1932 2.2900 2.3488
2.2800 2.2910 2.2800 2.3797
2.2500 2.0967 2.2500 2.1915
2.1800 1.9601 2.1800 2.0918
2.0900 1.9899 2.0900 2.1240
2.0600 2.1869 2.0600 2.2819
2.0900 2.2616 2.0900 2.3103
2.1100 2.1869 2.1100 2.2301
2.1500 2.1218 2.1500 2.1783
2.2000 2.0025 2.2000 2.0749
2.2300 1.8339 2.2300 1.9279
2.2100 1.8473 2.2100 1.9474
2.1800 1.9929 2.1800 2.0715
2.1200 2.0679 2.1200 2.1204
2.0600 2.1301 2.0600 2.1761
2.0000 2.2109 2.0000 2.2502
1.9000 2.2450 1.9000 2.2706
1.8600 2.1627 1.8600 2.1864
1.8100 2.0745 1.8100 2.1121
1.7900 1.9621 1.7900 2.0118
1.7600 1.8746 1.7600 1.9389
1.6400 1.7992 1.6400 1.8772
1.4300 1.6431 1.4300 1.7387
1.8000 1.6213 1.8000 1.7370
1.8400 1.6149 1.8400 1.7269
1.8900 1.6226 1.8900 1.7318
1.9000 1.6102 1.9000 1.7118
1.9100 1.4025 1.9100 1.5104
1.9100 1.0208 1.9100 1.2386
1.9200 1.9234 1.9200 2.0646
1.9900 2.1593 1.9900 2.1281
2.1100 1.9725 2.1100 1.9501
2.2400 1.9098 2.2400 1.9242
2.3800 1.9436 2.3800 1.9685
2.6800 1.8917 2.6800 1.9026
2.7900 1.9652 2.7900 1.9649
2.9100 2.0161 2.9100 2.0138
2.8500 2.2843 2.8500 2.2587
2.9400 2.5093 2.9400 2.4491
3.0100 2.6234 3.0100 2.5082
3.0800 2.9467 3.0800 2.8088
3.0800 2.9871 3.0800 2.8223
3.0500 3.0287 3.0500 2.8791
2.9400 2.8902 2.9400 2.7943
2.9100 2.9782 2.9100 2.9297
3.0300 3.1168 3.0300 3.0453
3.1600 3.1910 3.1600 3.1146
3.2500 3.0363 3.2500 2.9905
3.2900 2.9268 3.2900 2.9308
3.3000 2.6617 3.3000 2.7107
3.2800 2.6392 3.2800 2.7267
3.2700 2.9763 3.2700 3.0328
3.2500 3.2649 3.2500 3.2611
3.2200 3.3420 3.2200 3.3129
3.1900 3.2849 3.1900 3.2800
3.1100 3.2169 3.1100 3.2349
3.0300 3.1396 3.0300 3.1674
3.0200 3.1130 3.0200 3.1431
2.9800 3.0659 2.9800 3.0987
2.9600 3.0146 2.9600 3.0575
2.9500 2.9649 2.9500 3.0268
2.9200 2.8158 2.9200 2.9008
2.8800 2.6794 2.8800 2.7920
2.8100 2.7407 2.8100 2.8584
2.7100 2.7373 2.7100 2.8363
2.6100 2.7174 2.6100 2.8159
2.5600 2.7397 2.5600 2.8351
2.4600 2.7056 2.4600 2.7973
2.4300 2.6416 2.4300 2.7358
2.4000 2.5397 2.4000 2.6393
2.3000 2.3690 2.3000 2.4837
2.3000 2.2446 2.3000 2.3747
2.2500 2.2487 2.2500 2.3820
2.2100 2.1323 2.2100 2.2612
2.1000 2.1404 2.1000 2.2768
2.0700 2.1728 2.0700 2.2964
2.0900 2.0141 2.0900 2.1359
2.1200 2.0587 2.1200 2.1913
2.1400 2.0613 2.1400 2.1700
2.1100 1.9947 2.1100 2.0992
2.0700 1.8227 2.0700 1.9326
2.0400 1.8254 2.0400 1.9509
2.0200 1.9556 2.0200 2.0593
2.0000 2.0865 2.0000 2.1525
1.9900 2.0905 1.9900 2.1427
1.9500 2.0145 1.9500 2.0702
1.9300 1.9251 1.9300 1.9937
1.9300 1.8987 1.9300 1.9738
1.9700 1.9008 1.9700 1.9668
1.9500 1.8803 1.9500 1.9416
1.8900 1.8895 1.8900 1.9493
1.8700 1.8206 1.8700 1.8864
1.8900 1.7962 1.8900 1.8732
1.8700 1.8352 1.8700 1.9082
1.8600 1.9431 1.8600 1.9999
1.8500 1.9009 1.8500 1.9413
1.8700 1.7509 1.8700 1.8079
1.8900 1.7271 1.8900 1.8042
1.8600 1.8343 1.8600 1.8995
1.7900 1.8095 1.7900 1.8557
1.7200 1.7733 1.7200 1.8265
1.7300 1.7674 1.7300 1.8257
1.7500 1.8283 1.7500 1.8835
1.7600 1.8823 1.7600 1.9231
1.7700 1.7990 1.7700 1.8379
1.7400 1.6329 1.7400 1.6918
1.7300 1.5305 1.7300 1.6126
1.8400 1.6186 1.8400 1.7039
1.8300 1.7192 1.8300 1.7791
1.8000 1.7356 1.8000 1.7808
1.7500 1.7342 1.7500 1.7828
1.6700 1.6735 1.6700 1.7270
1.6100 1.6506 1.6100 1.7127
1.6200 1.9124 1.6200 1.9553
1.6900 1.8899 1.6900 1.8910
1.6600 1.7352 1.6600 1.7565
1.6100 1.6361 1.6100 1.6857
1.5500 1.5047 1.5500 1.5746
1.4700 1.4217 1.4700 1.5064
1.4400 1.5280 1.4400 1.6098
1.4200 1.7054 1.4200 1.7629
1.3900 1.6456 1.3900 1.6821
1.3700 1.4940 1.3700 1.5575
1.4400 1.3859 1.4400 1.4770
1.3900 1.2935 1.3900 1.3885
1.4200 1.2913 1.4200 1.3877
1.5000 1.3261 1.5000 1.4107
1.5800 1.2906 1.5800 1.3708
1.6200 1.2826 1.6200 1.3679
1.6600 1.4624 1.6600 1.5403
1.7200 1.3686 1.7200 1.4213
1.7800 1.3966 1.7800 1.4580
1.8200 1.5949 1.8200 1.6353
1.9200 1.7462 1.9200 1.7482
1.9100 1.7467 1.9100 1.7295
1.7900 1.7658 1.7900 1.7549
1.7400 1.8289 1.7400 1.8178
1.6700 1.9275 1.6700 1.9014
1.5800 1.9429 1.5800 1.9089
1.5000 2.0706 1.5000 2.0391
1.4400 2.0035 1.4400 1.9617
1.3400 1.6587 1.3400 1.6623
1.2400 1.5508 1.2400 1.6132
1.1500 1.5076 1.1500 1.5782
1.1500 1.3666 1.1500 1.4471
1.0500 1.2663 1.0500 1.3708
1.0700 1.2215 1.0700 1.3445
1.1800 1.0956 1.1800 1.2480
1.2400 0.9845 1.2400 1.1882
1.2800 0.9220 1.2800 1.1280
1.3300 0.9997 1.3300 1.1513
1.3800 0.9076 1.3800 1.0862
1.4400 0.9675 1.4400 1.0998
1.4800 1.2694 1.4800 1.3662
1.5100 1.4018 1.5100 1.4412
1.5400 1.3892 1.5400 1.4100
1.5500 1.4538 1.5500 1.4706
1.4200 1.5134 1.4200 1.5150
1.3900 1.6035 1.3900 1.5863
1.4600 1.6323 1.4600 1.6024
1.4900 1.6109 1.4900 1.5877
1.5100 1.6403 1.5100 1.6217
1.5100 1.6224 1.5100 1.6120
1.5000 1.3072 1.5000 1.3237
1.5000 1.2414 1.5000 1.3091
1.5100 1.4859 1.5100 1.5447
1.5300 1.5741 1.5300 1.5944
1.5400 1.5420 1.5400 1.5620
1.5300 1.5153 1.5300 1.5502
1.5700 1.4753 1.5700 1.5202
1.6300 1.4919 1.6300 1.5352
1.6000 1.5194 1.6000 1.5546
1.5600 1.5411 1.5600 1.5702
1.5700 1.5679 1.5700 1.5896
1.6700 1.5255 1.6700 1.5546
1.7400 1.5900 1.7400 1.6268
1.8700 1.7220 1.8700 1.7401
1.9800 1.6198 1.9800 1.6274
1.9900 1.4835 1.9900 1.5181
2.0100 1.5294 2.0100 1.5795
2.0200 1.7724 2.0200 1.8002
2.0300 1.8996 2.0300 1.8862
2.0400 2.0752 2.0400 2.0471
2.0600 2.2178 2.0600 2.1477
2.0700 2.1286 2.0700 2.0763
2.1000 2.0567 2.1000 2.0325
2.1200 2.0548 2.1200 2.0398
2.1500 2.0436 2.1500 2.0289
2.1700 2.0459 2.1700 2.0365
2.1000 2.0643 2.1000 2.0656
2.0600 2.0489 2.0600 2.0617
2.1100 2.1017 2.1100 2.1200
2.0800 2.1175 2.0800 2.1361
2.0700 2.1475 2.0700 2.1663
2.0700 2.1703 2.0700 2.1840
2.0800 1.9931 2.0800 2.0186
2.1100 1.8913 2.1100 1.9497
2.1600 2.0594 2.1600 2.1158
2.1600 2.0281 2.1600 2.0591
2.1600 1.9619 2.1600 2.0086
2.1300 1.9844 2.1300 2.0403
2.1400 2.0181 2.1400 2.0710
2.1800 2.0848 2.1800 2.1263
2.1900 2.1871 2.1900 2.2132
2.1900 2.1377 2.1900 2.1561
2.1900 2.1111 2.1900 2.1382
2.2000 2.0449 2.2000 2.0810
2.2200 2.0607 2.2200 2.1059
2.2300 2.1704 2.2300 2.1997
2.2100 2.1807 2.2100 2.1976
2.1900 2.1325 2.1900 2.1589
2.1800 2.1270 2.1800 2.1641
2.1900 2.1455 2.1900 2.1840
2.1900 2.1851 2.1900 2.2174
2.1900 2.1967 2.1900 2.2219
2.1800 2.1274 2.1800 2.1591
2.1800 2.0825 2.1800 2.1274
2.1800 2.0785 2.1800 2.1301
2.1800 2.1153 2.1800 2.1636
2.2200 2.1228 2.2200 2.1638
2.4200 2.1142 2.4200 2.1573
2.5200 2.0913 2.5200 2.1388
2.4300 2.0973 2.4300 2.1477
2.3800 2.1046 2.3800 2.1520
2.3400 2.1069 2.3400 2.1514
2.3200 2.1902 2.3200 2.2288
2.3000 2.6143 2.3000 2.6178
2.2700 2.7696 2.2700 2.6721
2.2400 2.3904 2.2400 2.3548
2.2600 2.1863 2.2600 2.2271
2.2800 2.1863 2.2800 2.2418
2.2800 2.1933 2.2800 2.2355
2.2900 2.1794 2.2900 2.2172
2.3300 2.1164 2.3300 2.1695
2.3400 2.0656 2.3400 2.1389
2.2900 2.1651 2.2900 2.2409
2.2600 2.2143 2.2600 2.2764
2.2400 2.1994 2.2400 2.2499
2.2300 2.2180 2.2300 2.2645
2.2100 2.3046 2.2100 2.3443
2.1900 2.3159 2.1900 2.3409
2.1800 2.1764 2.1800 2.2096
2.1800 2.1013 2.1800 2.1587
2.1500 2.1053 2.1500 2.1664
2.0700 2.1193 2.0700 2.1748
2.0400 2.0896 2.0400 2.1453
2.0200 2.0559 2.0200 2.1195
2.0200 2.0552 2.0200 2.1230
1.9600 2.0859 1.9600 2.1496
1.9100 2.0294 1.9100 2.0905
1.8800 1.8671 1.8800 1.9417
1.8700 1.8443 1.8700 1.9364
1.8500 1.8796 1.8500 1.9635
2.0100 1.9164 2.0100 1.9882
2.0300 1.8064 2.0300 1.8770
2.0000 1.7157 2.0000 1.8070
2.0000 1.7105 2.0000 1.8078
2.0000 1.7568 2.0000 1.8427
1.9900 1.7381 1.9900 1.8128
1.9700 2.0958 1.9700 2.1496
1.9500 2.1442 1.9500 2.1409
1.9800 1.9555 1.9800 1.9710
1.9800 1.9241 1.9800 1.9686
1.9600 1.9657 1.9600 2.0043
1.9100 1.9340 1.9100 1.9605
1.8100 1.9055 1.8100 1.9354
1.8300 1.8450 1.8300 1.8895
1.7900 1.9323 1.7900 1.9815
1.8600 1.9619 1.8600 1.9972
1.9100 1.8722 1.9100 1.9189
1.8800 1.7723 1.8800 1.8315
1.9600 1.5966 1.9600 1.6760
2.0500 1.6883 2.0500 1.7821
2.0500 1.6953 2.0500 1.7634
2.1100 1.8323 2.1100 1.8947
2.2100 1.9597 2.2100 1.9937
2.2400 1.8555 2.2400 1.8848
2.2100 1.9642 2.2100 2.0081
2.1300 2.1984 2.1300 2.2036
2.0600 2.1073 2.0600 2.0889
2.0100 2.1552 2.0100 2.1510
1.9300 2.3590 1.9300 2.3382
1.8300 2.3416 1.8300 2.3041
1.7400 2.1950 1.7400 2.1754
1.6800 1.9756 1.6800 2.0011
1.6300 1.8454 1.6300 1.9069
1.5500 1.8304 1.5500 1.8999
1.4200 1.7159 1.4200 1.7949
1.3600 1.5407 1.3600 1.6469
1.3200 1.4457 1.3200 1.5767
1.3200 1.4237 1.3200 1.5653
1.3000 1.4115 1.3000 1.5474
1.3000 1.3183 1.3000 1.4491
1.3900 1.1136 1.3900 1.2607
1.4600 1.0915 1.4600 1.2529
1.5200 1.1436 1.5200 1.2880
1.5600 1.2163 1.5600 1.3377
1.6900 1.2192 1.6900 1.3197
1.7500 1.2422 1.7500 1.3364
1.7800 1.4520 1.7800 1.5267
1.8300 1.6123 1.8300 1.6404
1.8600 1.6548 1.8600 1.6580
1.8000 1.6745 1.8000 1.6692
1.6500 1.8986 1.6500 1.8798
1.5200 1.9688 1.5200 1.9159
1.4000 1.9156 1.4000 1.8653
1.2900 1.9315 1.2900 1.8983
1.1900 1.9646 1.1900 1.9323
1.1500 1.7761 1.1500 1.7586
1.1000 1.4305 1.1000 1.4672
0.9600 1.2024 0.9600 1.3033
0.9900 1.0927 0.9900 1.2810
1.0800 1.0346 1.0800 1.2427
1.1300 0.9787 1.1300 1.1838
1.1000 0.9767 1.1000 1.1751
1.0700 0.9504 1.0700 1.1399
1.1100 0.8320 1.1100 1.0265
1.1700 0.8506 1.1700 1.0467
1.1900 1.1557 1.1900 1.2712
1.1400 1.2589 1.1400 1.3130
1.0900 1.1312 1.0900 1.1724
1.0700 1.0480 1.0700 1.1094
1.0800 1.1524 1.0800 1.2133
1.1100 1.3191 1.1100 1.3442
1.1700 1.3058 1.1700 1.3081
1.2900 1.1423 1.2900 1.1578
1.3000 1.0414 1.3000 1.0877
1.3900 1.0402 1.3900 1.1044
1.3900 1.0987 1.3900 1.1568
1.3900 1.1639 1.3900 1.2088
1.3400 1.2758 1.3400 1.3083
1.2800 1.4925 1.2800 1.5053
1.2800 1.4585 1.2800 1.4470
1.3600 1.5402 1.3600 1.5376
1.3400 1.5139 1.3400 1.4970
1.3200 1.4488 1.3200 1.4414
1.2800 1.3227 1.2800 1.3304
1.2000 1.2116 1.2000 1.2456
1.1700 1.2240 1.1700 1.2766
1.1600 1.4524 1.1600 1.4915
1.1800 1.3868 1.1800 1.4048
1.2100 1.2794 1.2100 1.3239
1.2300 1.2194 1.2300 1.2810
1.2000 1.0826 1.2000 1.1588
1.2000 1.0652 1.2000 1.1510
1.3100 1.1170 1.3100 1.1952
1.4500 1.1767 1.4500 1.2435
1.5100 1.2571 1.5100 1.3112
1.5100 1.2862 1.5100 1.3326
1.5300 1.1913 1.5300 1.2405
1.4600 1.1959 1.4600 1.2517
1.4400 1.4397 1.4400 1.4789
1.4300 1.7213 1.4300 1.6989
1.3900 1.7427 1.3900 1.6922
1.4400 1.6100 1.4400 1.5784
1.4200 1.5924 1.4200 1.5885
1.4100 1.4437 1.4100 1.4478
1.4900 1.3840 1.4900 1.4117
1.5800 1.3989 1.5800 1.4315
1.6300 1.3336 1.6300 1.3715
1.6400 1.4393 1.6400 1.4902
1.5900 1.4306 1.5900 1.4725
1.5500 1.3587 1.5500 1.4144
1.6000 1.5471 1.6000 1.5982
1.5900 1.7500 1.5900 1.7607
1.5700 1.7649 1.5700 1.7509
1.5400 1.7200 1.5400 1.7085
1.4600 1.5558 1.4600 1.5679
1.4200 1.4675 1.4200 1.5052
1.4200 1.6207 1.4200 1.6557
1.3700 1.6090 1.3700 1.6241
1.1900 1.5224 1.1900 1.5502
1.2600 1.4663 1.2600 1.5165
1.1900 1.3216 1.1900 1.3923
1.1300 1.2688 1.1300 1.3590
1.1600 1.3488 1.1600 1.4323
1.1700 1.2750 1.1700 1.3472
1.2000 0.9397 1.2000 1.1228
1.1600 1.1343 1.1600 1.2701
1.1300 1.1306 1.1300 1.2235
1.1200 0.9941 1.1200 1.1069
1.1300 1.0984 1.1300 1.2038
1.1100 1.1953 1.1100 1.2752
1.1300 1.2259 1.1300 1.2872
1.1400 1.1741 1.1400 1.2254
1.1800 1.0678 1.1800 1.1356
1.2500 1.0913 1.2500 1.1607
1.1600 1.1725 1.1600 1.2248
1.1200 1.1040 1.1200 1.1543
1.1100 1.1553 1.1100 1.2068
1.1400 1.1868 1.1400 1.2319
1.2600 1.2554 1.2600 1.2960
1.4000 1.3835 1.4000 1.4068
1.4800 1.1656 1.4800 1.1814
1.5100 1.0341 1.5100 1.0898
1.5400 1.0890 1.5400 1.1542
1.5500 1.1876 1.5500 1.2380
1.6300 1.4204 1.6300 1.4458
1.6500 1.6833 1.6500 1.6666
1.7600 1.7194 1.7600 1.6781
1.8500 1.6724 1.8500 1.6372
1.8500 1.6562 1.8500 1.6356
1.7900 1.6307 1.7900 1.6122
1.7300 1.7736 1.7300 1.7460
1.6600 1.7760 1.6600 1.7351
1.6800 1.9209 1.6800 1.8886
1.6900 2.0649 1.6900 2.0164
1.6900 1.9603 1.6900 1.9164
1.7000 1.7250 1.7000 1.7227
1.7100 1.6091 1.7100 1.6457
1.6800 1.5020 1.6800 1.5561
1.7000 1.6045 1.7000 1.6633
1.7400 1.6718 1.7400 1.7131
1.7300 1.6447 1.7300 1.6905
1.7700 1.6631 1.7700 1.7169
1.8200 1.6904 1.8200 1.7450
1.9100 1.6148 1.9100 1.6662
2.0300 1.6643 2.0300 1.7163
2.1500 1.7686 2.1500 1.8021
2.2300 1.7318 2.2300 1.7525
2.3000 1.7832 2.3000 1.8104
2.3800 1.8856 2.3800 1.9033
2.4300 2.0354 2.4300 2.0336
2.5000 2.2357 2.5000 2.2053
2.5400 2.3965 2.5400 2.3017
2.6300 2.4303 2.6300 2.3362
2.8000 2.4685 2.8000 2.4041
2.8800 2.5391 2.8800 2.4789
3.0100 2.5587 3.0100 2.4956
3.0500 2.6168 3.0500 2.5583
3.0500 2.6243 3.0500 2.5721
3.0400 2.7331 3.0400 2.6900
3.0700 3.0287 3.0700 2.9314
3.1100 3.0882 3.1100 2.9651
3.2100 3.1783 3.2100 3.0597
