1.5100 1.7298 1.5100 1.6546
1.4600 1.6897 1.4600 1.6184
1.4100 1.6890 1.4100 1.6248
1.3500 1.6187 1.3500 1.5534
1.3000 1.1211 1.3000 1.0425
1.2600 1.0367 1.2600 1.0048
1.2300 1.5361 1.2300 1.5436
1.2100 1.4220 1.2100 1.3481
1.2100 1.2931 1.2100 1.2323
1.1900 1.2062 1.1900 1.1590
1.1500 1.2013 1.1500 1.1627
0.9500 1.2068 0.9500 1.1675
0.8900 1.1663 0.8900 1.1447
0.9800 1.1774 0.9800 1.1586
0.9800 1.2319 0.9800 1.2018
0.9800 1.1922 0.9800 1.1449
0.9600 1.1291 0.9600 1.0846
0.9400 0.7173 0.9400 0.6726
0.9400 0.7799 0.9400 0.7854
0.9400 1.0984 0.9400 1.1097
0.9400 1.0788 0.9400 1.0513
0.9400 1.0325 0.9400 1.0023
0.9300 0.9801 0.9300 0.9542
0.9100 0.9779 0.9100 0.9574
0.9000 1.0157 0.9000 1.0008
0.9100 1.0065 0.9100 1.0007
0.9100 1.0182 0.9100 1.0106
0.9100 1.0261 0.9100 1.0073
0.9000 1.0020 0.9000 0.9719
0.9000 0.9692 0.9000 0.9407
0.8800 0.9627 0.8800 0.9436
0.8200 1.0028 0.8200 0.9868
0.7900 1.0031 0.7900 0.9820
0.7800 0.9979 0.7800 0.9755
0.7600 0.9754 0.7600 0.9519
0.7400 0.9853 0.7400 0.9652
0.7100 0.9468 0.7100 0.9246
0.6900 0.8256 0.6900 0.8049
0.6800 0.8096 0.6800 0.8022
0.5600 0.8394 0.5600 0.8345
0.4300 0.8206 0.4300 0.8116
0.4700 0.7936 0.4700 0.7863
0.5500 0.7492 0.5500 0.7454
0.5100 0.7435 0.5100 0.7454
0.5000 0.7533 0.5000 0.7592
0.5400 0.5382 0.5400 0.5473
0.6400 0.4204 0.6400 0.4414
0.5900 0.6115 0.5900 0.6620
0.5900 0.7723 0.5900 0.8165
0.5900 0.6204 0.5900 0.6373
0.6000 0.5697 0.6000 0.5941
0.7400 0.6929 0.7400 0.7275
0.8900 0.9218 0.8900 0.9524
0.9700 0.7208 0.9700 0.7211
1.0000 0.6880 1.0000 0.7149
0.9100 0.7226 0.9100 0.7435
0.8300 0.7600 0.8300 0.7708
0.8200 1.0460 0.8200 1.0585
0.8500 1.2423 0.8500 1.2297
0.8300 1.2883 0.8300 1.2480
0.8100 1.2239 0.8100 1.1725
0.9000 0.9500 0.9000 0.8982
1.0600 0.8274 1.0600 0.8034
1.2400 0.8885 1.2400 0.8832
1.4100 0.9917 1.4100 0.9795
1.5600 0.9290 1.5600 0.8916
1.7200 0.8693 1.7200 0.8306
1.8500 1.0935 1.8500 1.0695
1.9200 1.3609 1.9200 1.3408
1.9400 1.5742 1.9400 1.5318
2.0600 1.7681 2.0600 1.7080
2.1600 1.9330 2.1600 1.8588
2.2300 2.1020 2.2300 2.0150
2.2300 2.1951 2.2300 2.0976
2.2600 2.2025 2.2600 2.1071
2.1800 2.1193 2.1800 2.0214
1.8600 2.3300 1.8600 2.2404
1.5500 2.4127 1.5500 2.3030
1.3200 2.4346 1.3200 2.3189
1.1900 2.3178 1.1900 2.1877
1.0900 2.3469 1.0900 2.2383
1.0200 2.1204 1.0200 1.9947
1.0200 1.4019 1.0200 1.2721
1.0400 0.9783 1.0400 0.9069
0.9900 1.0244 0.9900 0.9557
0.8900 1.1513 0.8900 1.0765
0.8300 1.1658 0.8300 1.0825
0.7900 1.1096 0.7900 1.0395
0.7600 1.1427 0.7600 1.0920
0.7300 1.1548 0.7300 1.1215
0.7100 0.9876 0.7100 0.9697
0.7300 0.7648 0.7300 0.7765
0.7900 0.7228 0.7900 0.7634
0.8000 0.7533 0.8000 0.7863
0.8600 0.7594 0.8600 0.7801
1.1300 0.7357 1.1300 0.7478
1.4100 0.7364 1.4100 0.7449
1.5600 0.8239 1.5600 0.8307
1.6200 0.9597 1.6200 0.9648
1.6100 0.9353 1.6100 0.9300
1.5600 1.0376 1.5600 1.0419
1.4500 1.5164 1.4500 1.5075
1.3100 1.8752 1.3100 1.8098
1.2300 1.9680 1.2300 1.8696
1.1500 1.9023 1.1500 1.8151
1.0900 1.7675 1.0900 1.6884
1.0300 1.6388 1.0300 1.5599
0.9900 1.3998 0.9900 1.3190
1.0300 1.1561 1.0300 1.0817
1.0900 1.1213 1.0900 1.0511
1.1000 1.0524 1.1000 0.9702
1.1000 1.0783 1.1000 1.0113
1.1400 1.0362 1.1400 0.9788
1.1200 0.9960 1.1200 0.9601
1.1400 1.0812 1.1400 1.0656
1.1600 1.2142 1.1600 1.1982
1.1300 1.1843 1.1300 1.1592
1.0900 1.1586 1.0900 1.1379
1.0600 1.2531 1.0600 1.2372
1.0400 1.1934 1.0400 1.1594
1.0200 1.2348 1.0200 1.2089
1.0000 1.2678 1.0000 1.2341
0.9800 1.1827 0.9800 1.1350
0.9600 1.1055 0.9600 1.0564
0.9500 1.0711 0.9500 1.0300
0.9300 1.0708 0.9300 1.0341
0.9100 1.0552 0.9100 1.0194
0.8900 1.0252 0.8900 0.9920
0.8800 1.0095 0.8800 0.9783
0.8600 0.9919 0.8600 0.9633
0.8600 0.9946 0.8600 0.9705
0.8500 0.9690 0.8500 0.9478
0.8500 0.9464 0.8500 0.9297
0.8500 0.9287 0.8500 0.9132
0.8500 0.9340 0.8500 0.9204
0.8100 0.9099 0.8100 0.8945
0.8400 0.9306 0.8400 0.9197
0.8600 0.9205 0.8600 0.9067
0.8500 0.9318 0.8500 0.9200
0.8700 0.9383 0.8700 0.9251
0.8700 0.9407 0.8700 0.9280
0.8500 0.8543 0.8500 0.8375
0.8300 0.9496 0.8300 0.9472
0.8200 0.9946 0.8200 0.9818
0.8300 0.9488 0.8300 0.9291
0.7200 0.9862 0.7200 0.9716
0.6500 0.9772 0.6500 0.9581
0.6400 0.9306 0.6400 0.9093
0.7000 0.8955 0.7000 0.8789
0.7200 0.8914 0.7200 0.8808
0.6900 0.9384 0.6900 0.9274
0.7000 0.6885 0.7000 0.6613
0.6800 0.6104 0.6800 0.6221
0.6900 0.6889 0.6900 0.7111
0.7000 0.8630 0.7000 0.8797
0.6900 0.8745 0.6900 0.8699
0.7000 0.7568 0.7000 0.7503
0.7200 0.7969 0.7200 0.8028
0.7300 0.7748 0.7300 0.7767
0.7100 0.8057 0.7100 0.8174
0.7200 0.8271 0.7200 0.8386
0.6600 0.7943 0.6600 0.8002
0.5600 0.8265 0.5600 0.8257
0.5800 0.8654 0.5800 0.8605
0.6800 0.8706 0.6800 0.8630
0.7700 0.8099 0.7700 0.8018
0.8700 0.8348 0.8700 0.8359
0.9100 0.7099 0.9100 0.7006
0.9600 0.5242 0.9600 0.5377
0.9900 0.6570 0.9900 0.6834
1.0400 0.9198 1.0400 0.9439
1.1100 1.0515 1.1100 1.0482
1.1800 1.1534 1.1800 1.1362
1.2600 1.1273 1.2600 1.0974
1.3300 1.1792 1.3300 1.1545
1.4500 1.1877 1.4500 1.1603
1.5700 1.2456 1.5700 1.2234
1.6200 1.3504 1.6200 1.3187
1.6500 1.4262 1.6500 1.3751
1.7000 1.5162 1.7000 1.4491
1.7600 1.5743 1.7600 1.4986
1.7800 1.7369 1.7800 1.6724
1.5500 1.8670 1.5500 1.7916
1.3300 1.8456 1.3300 1.7532
1.1900 1.8120 1.1900 1.7253
1.0900 1.8710 1.0900 1.7903
1.0100 1.9500 1.0100 1.8621
0.9900 1.9109 0.9900 1.8114
1.2600 1.3126 1.2600 1.1908
1.5500 0.9758 1.5500 0.9011
1.7000 0.9542 1.7000 0.9112
2.1100 1.0470 2.1100 0.9968
2.0700 1.0157 2.0700 0.9635
2.1000 1.0287 2.1000 0.9904
2.0000 1.4975 2.0000 1.4980
1.5900 1.9053 1.5900 1.8470
1.2000 1.9850 1.2000 1.9035
1.2300 2.5910 1.2300 2.5176
1.4100 2.2920 1.4100 2.1779
1.5800 2.2620 1.5800 2.2103
1.7200 1.9816 1.7200 1.9093
1.7700 1.0746 1.7700 0.9746
1.8000 0.5631 1.8000 0.4996
1.7700 1.1824 1.7700 1.1614
1.7400 1.5349 1.7400 1.5116
1.7500 1.7762 1.7500 1.6937
1.7400 1.8921 1.7400 1.7967
1.6900 1.8997 1.6900 1.7956
1.6200 1.9102 1.6200 1.8438
1.5200 1.7846 1.5200 1.7416
1.4000 1.7198 1.4000 1.7040
1.1500 1.7930 1.1500 1.7632
1.0200 1.7702 1.0200 1.6912
0.9700 1.6546 0.9700 1.5451
0.9300 1.5254 0.9300 1.4221
0.8700 1.3645 0.8700 1.2740
0.8300 1.2009 0.8300 1.1263
0.7800 0.8606 0.7800 0.7953
0.7200 0.8875 0.7200 0.8550
0.7000 0.9862 0.7000 0.9597
0.6700 1.0106 0.6700 0.9787
0.5900 0.9098 0.5900 0.8760
0.4400 0.8618 0.4400 0.8469
0.4600 0.8037 0.4600 0.7984
0.5800 0.7480 0.5800 0.7552
0.6600 0.7201 0.6600 0.7484
0.5700 0.6817 0.5700 0.7170
0.4700 0.5576 0.4700 0.5834
0.5800 0.4184 0.5800 0.4332
0.6800 0.5936 0.6800 0.6397
0.8100 0.8277 0.8100 0.8827
0.8700 0.9291 0.8700 0.9501
0.9200 0.6120 0.9200 0.6032
0.9400 0.4122 0.9400 0.4319
0.9600 0.7832 0.9600 0.8391
0.9700 0.9753 0.9700 1.0029
0.9100 1.1267 0.9100 1.1323
0.8500 1.1343 0.8500 1.1150
0.9300 1.1543 0.9300 1.1241
1.0000 1.1488 1.0000 1.1034
1.0500 1.1369 1.0500 1.1046
1.1500 1.1235 1.1500 1.0975
1.2000 0.9686 1.2000 0.9321
1.2400 0.8609 1.2400 0.8231
1.1700 1.1064 1.1700 1.0824
1.1000 1.2305 1.1000 1.1869
1.0200 1.2501 1.0200 1.1979
1.0800 1.3903 1.0800 1.3472
1.2500 1.4111 1.2500 1.3558
1.4200 1.4283 1.4200 1.3738
1.5700 1.2008 1.5700 1.1407
1.6500 1.0685 1.6500 1.0314
1.6700 0.9753 1.6700 0.9382
1.7700 1.1939 1.7700 1.1702
1.9300 1.5115 1.9300 1.4780
2.0000 1.7277 2.0000 1.6622
1.8000 1.8882 1.8000 1.8058
1.7700 1.9123 1.7700 1.8199
1.5900 1.8325 1.5900 1.7519
1.3800 2.0069 1.3800 1.9519
1.5200 2.2125 1.5200 2.1405
1.7600 2.2493 1.7600 2.1529
1.8400 1.6421 1.8400 1.5060
1.8400 1.6994 1.8400 1.6257
1.8300 1.3816 1.8300 1.2684
1.7900 1.0515 1.7900 0.9798
1.7600 1.5766 1.7600 1.5595
1.7500 1.9806 1.7500 1.9257
1.7700 2.0389 1.7700 1.9328
1.8000 1.8771 1.8000 1.7608
1.8400 1.8180 1.8400 1.7474
1.8900 1.7857 1.8900 1.7251
1.9600 1.7345 1.9600 1.6855
1.9800 1.7295 1.9800 1.6826
2.0100 1.8102 2.0100 1.7463
2.0500 1.8705 2.0500 1.7739
2.0900 1.9199 2.0900 1.8125
2.1100 1.9869 2.1100 1.8909
2.0700 2.0890 2.0700 2.0075
2.1500 2.0541 2.1500 1.9659
2.2100 2.0784 2.2100 2.0008
2.1700 2.1361 2.1700 2.0580
2.0800 2.1830 2.0800 2.0977
1.9300 2.1739 1.9300 2.0802
2.0900 2.0349 2.0900 1.9358
2.1400 2.2506 2.1400 2.1747
2.1300 2.3239 2.1300 2.2330
2.1400 2.1438 2.1400 2.0299
2.1700 1.9336 2.1700 1.8359
2.0900 1.6677 2.0900 1.5791
2.0800 2.1799 2.0800 2.1582
2.0700 2.2156 2.0700 2.1442
2.0100 2.1087 2.0100 2.0006
1.9900 2.1226 1.9900 2.0338
1.9500 2.1942 1.9500 2.1091
1.8900 1.9967 1.8900 1.8889
1.9300 2.0109 1.9300 1.9466
2.0000 2.0143 2.0000 1.9469
2.0700 1.9135 2.0700 1.8242
2.1300 1.9100 2.1300 1.8222
2.2200 1.8509 2.2200 1.7581
2.2300 1.7639 2.2300 1.6757
2.2500 1.9276 2.2500 1.8582
2.2500 2.0618 2.2500 1.9973
2.2300 2.1675 2.2300 2.0919
2.2100 2.2269 2.2100 2.1397
2.1600 2.3484 2.1600 2.2814
2.1900 2.2930 2.1900 2.1988
2.2100 2.2928 2.2100 2.2145
2.2200 2.2622 2.2200 2.1817
2.1600 2.2080 2.1600 2.1223
1.8500 2.1734 1.8500 2.0813
2.0000 2.0675 2.0000 1.9674
2.0300 2.1898 2.0300 2.1017
2.0800 2.2263 2.0800 2.1231
2.1100 2.2117 2.1100 2.1091
2.1200 2.0516 2.1200 1.9477
2.1300 1.3641 2.1300 1.2502
2.1500 2.0196 2.1500 2.0166
2.1700 2.0641 2.1700 1.9946
2.2000 2.1084 2.2000 2.0334
2.2400 2.1288 2.2400 2.0342
2.2400 2.1036 2.2400 2.0181
2.2300 2.1571 2.2300 2.0641
2.2500 2.1694 2.2500 2.0944
2.2700 2.1772 2.2700 2.1104
2.2600 2.2532 2.2600 2.1804
2.3500 2.2930 2.3500 2.2045
2.3600 2.2535 2.3600 2.1473
2.3600 2.2069 2.3600 2.1114
2.1800 2.2593 2.1800 2.1728
2.1100 2.2905 2.1100 2.1997
2.1800 2.2374 2.1800 2.1407
2.1600 2.4329 2.1600 2.3689
2.0900 2.3900 2.0900 2.2828
2.1000 2.3490 2.1000 2.2508
2.1000 1.9044 2.1000 1.7919
1.9800 1.9017 1.9800 1.8396
1.7400 2.2038 1.7400 2.1451
1.6200 2.1190 1.6200 2.0120
1.7300 1.9364 1.7300 1.8316
1.8500 2.0263 1.8500 1.9491
1.8600 2.0621 1.8600 1.9686
1.7900 1.7910 1.7900 1.6846
1.7400 1.3056 1.7400 1.2248
1.6900 1.2907 1.6900 1.2573
1.6400 1.7668 1.6400 1.7427
1.6300 1.9395 1.6300 1.8905
1.6200 1.8824 1.6200 1.7760
1.6100 1.6643 1.6100 1.5762
1.5900 1.6316 1.5900 1.5675
1.5200 1.6066 1.5200 1.5471
1.5100 1.5432 1.5100 1.4968
1.5400 1.5776 1.5400 1.5386
1.4900 1.5962 1.4900 1.5338
1.4500 1.5956 1.4500 1.5122
1.3900 1.5607 1.3900 1.4761
1.1000 1.4188 1.1000 1.3444
1.1100 1.4687 1.1100 1.4199
1.1900 1.5792 1.1900 1.5300
1.0600 1.4501 1.0600 1.3812
0.9200 1.3877 0.9200 1.3295
0.9000 1.3024 0.9000 1.2450
0.9700 0.7493 0.9700 0.6875
1.0100 1.0133 1.0100 1.0133
1.0400 1.2894 1.0400 1.2767
1.0800 0.9622 1.0800 0.9121
0.9200 0.7358 0.9200 0.7001
0.6800 0.8647 0.6800 0.8620
0.5700 1.0937 0.5700 1.0946
0.6700 0.8025 0.6700 0.7961
0.7800 0.7629 0.7800 0.7602
0.8500 0.7359 0.8500 0.7334
0.9100 0.7497 0.9100 0.7490
0.9900 0.7879 0.9900 0.7887
1.0600 0.7021 1.0600 0.6966
1.0900 0.7908 1.0900 0.8018
1.1100 1.0349 1.1100 1.0470
1.1600 1.1103 1.1600 1.0994
1.2200 1.1406 1.2200 1.1213
1.2600 1.2374 1.2600 1.2175
1.2900 1.3186 1.2900 1.2874
1.3100 1.2997 1.3100 1.2552
1.3200 1.2726 1.3200 1.2296
1.3500 1.3525 1.3500 1.3106
1.4000 1.4411 1.4000 1.3854
1.4500 1.4514 1.4500 1.3808
1.4700 1.4485 1.4700 1.3769
1.4600 1.4457 1.4600 1.3756
1.4800 1.4352 1.4800 1.3649
1.4300 1.4776 1.4300 1.4128
1.4000 1.5549 1.4000 1.4914
1.4200 1.6124 1.4200 1.5426
1.4600 1.5906 1.4600 1.5123
1.5400 1.5229 1.5400 1.4450
1.6200 1.5649 1.6200 1.4981
1.7000 1.4343 1.7000 1.3578
1.7800 1.3901 1.7800 1.3278
1.8100 1.4744 1.8100 1.4177
1.8600 1.5638 1.8600 1.4988
1.9000 1.7082 1.9000 1.6368
1.8700 1.8014 1.8700 1.7234
1.9200 1.8886 1.9200 1.8098
1.9400 1.9791 1.9400 1.9003
1.9100 1.9409 1.9100 1.8579
1.8700 1.9986 1.8700 1.9258
1.8500 2.0305 1.8500 1.9513
1.8800 1.8981 1.8800 1.8036
1.8800 2.0179 1.8800 1.9381
1.9500 2.0205 1.9500 1.9222
2.0000 1.9089 2.0000 1.8031
1.9800 1.8212 1.9800 1.7251
2.0500 1.8083 2.0500 1.7236
2.1300 1.9201 2.1300 1.8375
2.5800 1.8937 2.5800 1.8003
2.5200 2.0358 2.5200 1.9571
2.5000 2.0985 2.5000 2.0072
2.4900 1.9798 2.4900 1.8811
2.4900 2.1431 2.4900 2.0702
2.5000 2.2559 2.5000 2.1947
2.5100 2.9841 2.5100 2.9035
2.5500 2.6486 2.5500 2.4711
2.6200 2.4818 2.6200 2.3954
2.7700 2.4982 2.7700 2.4248
2.8400 2.5141 2.8400 2.4319
2.9100 2.5417 2.9100 2.4440
2.9100 2.4948 2.9100 2.4049
2.8100 2.5799 2.8100 2.4762
2.7700 2.7311 2.7700 2.6095
2.7700 2.8697 2.7700 2.7849
2.7500 2.9142 2.7500 2.8335
2.7800 2.9949 2.7800 2.9267
2.7100 2.9160 2.7100 2.8257
2.6200 2.6443 2.6200 2.5527
2.5700 2.6433 2.5700 2.5746
2.5200 2.7012 2.5200 2.6229
2.5600 2.6615 2.5600 2.5584
2.5900 2.7473 2.5900 2.6463
2.6000 2.5367 2.6000 2.4150
2.6300 2.3895 2.6300 2.2845
2.5900 2.3774 2.5900 2.2930
2.5300 2.3324 2.5300 2.2487
2.4900 2.5057 2.4900 2.4354
2.4400 2.5541 2.4400 2.4635
2.3900 2.5417 2.3900 2.4443
2.3300 2.6088 2.3300 2.5193
2.2900 2.4759 2.2900 2.3815
2.2300 2.3707 2.2300 2.2903
2.1600 2.3449 2.1600 2.2762
2.1000 2.2837 2.1000 2.2049
2.0600 2.2355 2.0600 2.1477
1.9900 2.1494 1.9900 2.0564
1.9500 2.1326 1.9500 2.0416
1.9000 2.0575 1.9000 1.9617
1.8200 1.9601 1.8200 1.8709
1.7300 1.9105 1.7300 1.8308
1.6800 1.9053 1.6800 1.8307
1.6000 1.8082 1.6000 1.7262
1.5200 1.7986 1.5200 1.7269
1.4700 1.7512 1.4700 1.6766
1.4400 1.6363 1.4400 1.5603
1.3900 1.5221 1.3900 1.4528
1.3000 1.5214 1.3000 1.4645
1.3100 1.4286 1.3100 1.3639
1.3000 1.3398 1.3000 1.2807
1.2900 1.3274 1.2900 1.2767
1.2600 1.3487 1.2600 1.2989
1.1900 1.2929 1.1900 1.2383
1.1400 1.1442 1.1400 1.0935
1.2100 1.2692 1.2100 1.2436
1.1300 1.2963 1.1300 1.2564
1.1100 1.2864 1.1100 1.2455
1.0900 1.2325 1.0900 1.1907
1.0600 1.1091 1.0600 1.0697
1.0400 1.0784 1.0400 1.0467
1.0400 1.3089 1.0400 1.2918
1.0800 1.1022 1.0800 1.0502
1.1300 1.0919 1.1300 1.0631
1.1500 1.0926 1.1500 1.0600
1.1300 1.0668 1.1300 1.0332
1.0900 1.0599 1.0900 1.0286
1.1100 1.0756 1.1100 1.0547
0.9900 1.1880 0.9900 1.1665
0.9300 1.2838 0.9300 1.2500
0.9400 1.2649 0.9400 1.2207
0.9400 1.1902 0.9400 1.1459
0.9500 1.1050 0.9500 1.0689
0.9800 1.1927 0.9800 1.1670
0.9900 0.9262 0.9900 0.8780
1.0100 0.8643 1.0100 0.8433
1.0200 0.9819 1.0200 0.9660
1.0200 1.0138 1.0200 0.9853
1.0400 1.0340 1.0400 1.0010
1.0700 1.0812 1.0700 1.0563
1.0900 1.0901 1.0900 1.0624
1.0800 1.1273 1.0800 1.1022
1.0800 1.1201 1.0800 1.0964
1.1000 1.1116 1.1000 1.0891
1.1200 1.1548 1.1200 1.1319
1.1200 1.2058 1.1200 1.1736
1.1200 1.2211 1.1200 1.1798
1.1500 1.1670 1.1500 1.1208
1.1600 1.1605 1.1600 1.1198
1.1200 1.2114 1.1200 1.1727
1.0500 1.2404 1.0500 1.1981
1.0100 1.2115 1.0100 1.1649
0.9800 1.1983 0.9800 1.1544
0.9600 1.2669 0.9600 1.2255
0.9500 1.2681 0.9500 1.2184
0.9300 1.1517 0.9300 1.0994
0.9100 1.0136 0.9100 0.9701
0.9200 0.9935 0.9200 0.9638
0.9300 0.9915 0.9300 0.9616
0.9200 0.9848 0.9200 0.9563
0.9100 0.9868 0.9100 0.9604
0.9000 0.9628 0.9000 0.9351
0.9100 0.9434 0.9100 0.9183
0.9300 0.9916 0.9300 0.9757
0.9500 1.0200 0.9500 1.0057
1.0200 0.9917 1.0200 0.9751
1.0200 0.9725 1.0200 0.9570
1.0100 0.9662 1.0100 0.9501
1.0300 1.0064 1.0300 0.9911
1.0500 1.0488 1.0500 1.0304
1.0800 1.0740 1.0800 1.0516
1.1200 1.2096 1.1200 1.1879
1.1500 1.1508 1.1500 1.1091
1.1800 1.0955 1.1800 1.0590
1.1800 1.1439 1.1800 1.1159
1.1900 1.1801 1.1900 1.1490
1.1900 1.2256 1.1900 1.1888
1.1900 1.2741 1.1900 1.2334
1.1800 1.2967 1.1800 1.2483
1.1600 1.3278 1.1600 1.2753
1.1500 1.2827 1.1500 1.2270
1.1300 1.2891 1.1300 1.2412
1.1100 1.2787 1.1100 1.2302
1.1000 1.2700 1.1000 1.2207
1.0800 1.2437 1.0800 1.1910
1.0700 1.2013 1.0700 1.1493
1.0700 1.1963 1.0700 1.1475
1.0600 1.1660 1.0600 1.1173
1.0500 1.1376 1.0500 1.0933
1.0300 1.1386 1.0300 1.0989
1.0200 1.1099 1.0200 1.0705
1.0200 1.1096 1.0200 1.0737
1.0100 1.1261 1.0100 1.0926
1.0100 1.1108 1.0100 1.0762
1.0000 1.0988 1.0000 1.0661
1.0000 1.0657 1.0000 1.0340
0.9900 1.0661 0.9900 1.0383
0.9900 1.0857 0.9900 1.0586
0.9900 1.0684 0.9900 1.0387
0.9900 1.0777 0.9900 1.0497
0.9900 1.0612 0.9900 1.0310
1.0000 1.0711 1.0000 1.0431
1.0200 1.0550 1.0200 1.0255
1.0300 1.0621 1.0300 1.0363
1.0300 1.0689 1.0300 1.0418
1.0200 1.0702 1.0200 1.0424
0.9900 1.0708 0.9900 1.0418
0.9800 1.0942 0.9800 1.0664
1.0000 1.1327 1.0000 1.1038
0.9900 1.1374 0.9900 1.1041
0.9600 1.1194 0.9600 1.0851
0.9500 1.0924 0.9500 1.0585
0.9300 1.0325 0.9300 0.9988
0.9500 1.0360 0.9500 1.0089
0.9400 1.1006 0.9400 1.0754
0.8900 1.0692 0.8900 1.0344
0.8700 0.9985 0.8700 0.9635
0.8600 0.9996 0.8600 0.9729
0.8700 0.9805 0.8700 0.9540
1.0400 1.0473 1.0400 1.0281
1.1100 1.0158 1.1100 0.9898
1.0600 0.9037 1.0600 0.8773
1.0900 0.9020 1.0900 0.8858
1.0800 0.9185 1.0800 0.9042
1.0600 0.9634 1.0600 0.9506
1.0400 1.3126 1.0400 1.3121
1.0100 1.3714 1.0100 1.3269
0.9900 1.1354 0.9900 1.0764
0.9900 1.1989 0.9900 1.1701
1.0300 1.1806 1.0300 1.1459
1.0400 1.1416 1.0400 1.1061
1.1400 1.0925 1.1400 1.0587
1.1600 1.0386 1.1600 1.0028
1.1200 1.0420 1.1200 0.9985
1.2500 1.0579 1.2500 1.0152
1.4000 1.1512 1.4000 1.1165
1.5300 1.1503 1.5300 1.1121
1.6900 1.3459 1.6900 1.3198
1.7800 1.3158 1.7800 1.2643
1.8100 1.1676 1.8100 1.1185
1.8300 1.4800 1.8300 1.4603
1.8900 1.6937 1.8900 1.6481
1.9100 1.8318 1.9100 1.7617
1.9200 2.0176 1.9200 1.9366
1.9300 2.0651 1.9300 1.9721
1.9300 2.0071 1.9300 1.9080
1.9000 1.9688 1.9000 1.8812
1.8900 2.0602 1.8900 1.9825
1.8900 2.0439 1.8900 1.9467
1.8500 2.0023 1.8500 1.8981
1.7900 1.9912 1.7900 1.8829
1.7600 1.9722 1.7600 1.8631
1.6700 1.8864 1.6700 1.7780
1.6300 1.8740 1.6300 1.7822
1.5600 1.8883 1.5600 1.8018
1.4500 1.7985 1.4500 1.7055
1.4200 1.6855 1.4200 1.5976
1.4700 1.6808 1.4700 1.6052
1.5000 1.5252 1.5000 1.4412
1.5900 1.5219 1.5900 1.4555
1.7000 1.4269 1.7000 1.3559
1.8000 1.2552 1.8000 1.1872
1.8900 1.3117 1.8900 1.2628
1.9700 1.5013 1.9700 1.4561
2.0300 1.5588 2.0300 1.4963
2.0700 1.7245 2.0700 1.6697
2.0800 1.8813 2.0800 1.8333
2.0600 2.0047 2.0600 1.9471
2.0600 2.0946 2.0600 2.0294
2.0200 2.1618 2.0200 2.0947
1.9700 2.2056 1.9700 2.1296
1.9600 2.2115 1.9600 2.1265
1.9400 2.1620 1.9400 2.0678
1.8900 2.0819 1.8900 1.9831
1.8600 2.0835 1.8600 1.9878
1.8300 1.9842 1.8300 1.8770
1.8000 1.8908 1.8000 1.7887
1.7500 1.9169 1.7500 1.8249
1.7200 1.8931 1.7200 1.7961
1.6900 1.7965 1.6900 1.6988
1.6300 1.7711 1.6300 1.6881
1.5600 1.7483 1.5600 1.6687
1.5600 1.7258 1.5600 1.6479
1.4600 1.6446 1.4600 1.5681
1.4100 1.6318 1.4100 1.5651
1.4600 1.6179 1.4600 1.5493
1.5100 1.5206 1.5100 1.4482
1.4900 1.4233 1.4900 1.3574
1.4500 1.5120 1.4500 1.4612
1.4000 1.3201 1.4000 1.2479
1.4000 1.2912 1.4000 1.2407
1.3500 1.4900 1.3500 1.4505
1.2500 1.6021 1.2500 1.5456
1.2300 1.5037 1.2300 1.4308
1.2800 1.3979 1.2800 1.3395
1.2300 1.3359 1.2300 1.2861
1.1800 1.4118 1.1800 1.3698
1.1500 1.3109 1.1500 1.2568
1.1400 1.1210 1.1400 1.0695
1.1100 1.1790 1.1100 1.1442
1.0700 1.3613 1.0700 1.3196
1.0200 1.2262 1.0200 1.1584
1.0600 1.1216 1.0600 1.0742
1.0600 1.1121 1.0600 1.0801
1.1000 1.1575 1.1000 1.1268
1.1700 1.1153 1.1700 1.0784
1.1800 1.0421 1.1800 1.0132
1.1700 0.9824 1.1700 0.9566
1.1500 1.1403 1.1500 1.1229
1.1400 1.1357 1.1400 1.0987
1.1600 1.2112 1.1600 1.1833
1.1400 1.3395 1.1400 1.3098
1.1000 1.3001 1.1000 1.2538
1.0400 1.2438 1.0400 1.1980
1.0000 1.1949 1.0000 1.1566
0.9900 1.1946 0.9900 1.1608
1.0000 1.2618 1.0000 1.2252
1.0400 1.1946 1.0400 1.1447
1.0700 1.1102 1.0700 1.0597
1.1000 1.0120 1.1000 0.9651
1.1100 0.9835 1.1100 0.9477
1.1200 1.0205 1.1200 0.9929
1.1300 1.0664 1.1300 1.0422
1.1400 1.1557 1.1400 1.1299
1.1600 1.1943 1.1600 1.1590
1.1700 1.2251 1.1700 1.1880
1.1700 1.2156 1.1700 1.1777
1.1900 1.2181 1.1900 1.1861
1.1900 1.2310 1.1900 1.1984
1.2200 1.2408 1.2200 1.2045
1.2600 1.2727 1.2600 1.2312
1.2000 1.2740 1.2000 1.2247
1.2100 1.2545 1.2100 1.2020
1.2600 1.2930 1.2600 1.2440
1.2400 1.2747 1.2400 1.2221
1.2100 1.3327 1.2100 1.2860
1.1000 1.3969 1.1000 1.3468
1.0800 1.2152 1.0800 1.1503
1.0800 1.2638 1.0800 1.2214
1.0800 1.3929 1.0800 1.3495
1.0900 1.3099 1.0900 1.2487
1.1100 1.2291 1.1100 1.1738
1.1300 0.9985 1.1300 0.9440
1.1400 1.0609 1.1400 1.0316
1.1500 1.1290 1.1500 1.0936
1.1400 1.1298 1.1400 1.0932
1.1200 1.1552 1.1200 1.1179
1.1500 1.1933 1.1500 1.1562
1.2000 1.2299 1.2000 1.1875
1.3100 1.2326 1.3100 1.1929
1.3400 1.2325 1.3400 1.2003
1.3500 1.2059 1.3500 1.1711
1.3900 1.1640 1.3900 1.1268
1.4400 1.2513 1.4400 1.2169
1.4400 1.3515 1.4400 1.3094
1.3900 1.5465 1.3900 1.5044
1.3900 1.5077 1.3900 1.4365
1.4300 1.4555 1.4300 1.3905
1.4700 1.5260 1.4700 1.4700
1.5500 1.6039 1.5500 1.5459
1.6200 1.5435 1.6200 1.4731
1.6700 1.3932 1.6700 1.3234
1.7000 1.4266 1.7000 1.3684
1.7500 1.5457 1.7500 1.4801
1.7900 1.5976 1.7900 1.5216
1.8000 1.7214 1.8000 1.6500
1.8100 1.7964 1.8100 1.7187
1.8600 1.8260 1.8600 1.7423
1.8600 1.8204 1.8600 1.7383
1.8900 1.8830 1.8900 1.8120
1.9200 1.9219 1.9200 1.8458
1.9700 1.8835 1.9700 1.7991
2.0800 1.8719 2.0800 1.7866
2.1500 1.9717 2.1500 1.8881
2.1900 1.9193 2.1900 1.8191
2.2200 1.9603 2.2200 1.8707
2.1600 1.9939 2.1600 1.9038
2.1200 2.0729 2.1200 1.9844
2.1300 2.2452 2.1300 2.1771
2.0800 2.2963 2.0800 2.2101
2.0200 2.2977 2.0200 2.1991
1.9900 2.3014 1.9900 2.2095
2.0200 2.1080 2.0200 2.0077
2.0800 2.0557 2.0800 1.9720
2.1300 2.1239 2.1300 2.0446
2.1300 2.0060 2.1300 1.9038
2.1200 1.9015 2.1200 1.8013
2.1300 1.8897 2.1300 1.7980
2.1300 2.0173 2.1300 1.9294
2.5500 2.1391 2.5500 2.0570
2.4700 2.1878 2.4700 2.0982
2.4400 2.1268 2.4400 2.0351
2.4100 2.0926 2.4100 2.0110
2.3900 2.1281 2.3900 2.0520
2.3600 2.1246 2.3600 2.0449
2.3000 2.8819 2.3000 2.8238
2.2500 2.5313 2.2500 2.3577
2.1700 2.3803 2.1700 2.2884
2.1000 2.3547 2.1000 2.2756
1.9700 2.3509 1.9700 2.2704
1.9200 2.3246 1.9200 2.2268
1.9500 2.1524 1.9500 2.0665
2.0100 2.1062 2.0100 2.0128
2.0000 2.0155 2.0000 1.9002
1.9800 1.9012 1.9800 1.7932
1.9200 1.7036 1.9200 1.6031
1.9000 1.7211 1.9000 1.6577
1.8500 1.8997 1.8500 1.8316
1.7800 2.0341 1.7800 1.9632
1.7700 1.9609 1.7700 1.8659
1.8200 1.9037 1.8200 1.8264
1.8700 1.7989 1.8700 1.7249
1.8500 1.8278 1.8500 1.7682
1.7700 1.7494 1.7700 1.6825
1.6800 1.6388 1.6800 1.5724
1.6200 1.7013 1.6200 1.6380
1.5900 1.8620 1.5900 1.7886
1.5800 1.9457 1.5800 1.8569
1.5800 1.8342 1.5800 1.7407
1.5900 1.6418 1.5900 1.5616
1.6000 1.5212 1.6000 1.4558
1.6800 1.4948 1.6800 1.4387
1.8400 1.5131 1.8400 1.4568
1.9600 1.5394 1.9600 1.4783
2.0300 1.5636 2.0300 1.4933
2.0500 1.5985 2.0500 1.5229
2.0500 1.6195 2.0500 1.5456
2.0400 1.7973 2.0400 1.7398
2.0400 2.0422 2.0400 1.9940
2.0400 2.1780 2.0400 2.1062
2.0500 2.2168 2.0500 2.1298
2.0500 2.1531 2.0500 2.0674
2.0500 2.1109 2.0500 2.0293
2.0500 2.0756 2.0500 1.9925
2.0400 2.0669 2.0400 1.9835
2.0400 2.0598 2.0400 1.9670
2.0400 2.0762 2.0400 1.9744
2.0400 2.0573 2.0400 1.9472
2.0300 2.0467 2.0300 1.9419
1.9900 2.0406 1.9900 1.9446
1.9700 2.0135 1.9700 1.9234
1.9600 2.0209 1.9600 1.9371
1.9500 2.0239 1.9500 1.9397
1.9400 2.0240 1.9400 1.9388
1.9300 2.0008 1.9300 1.9136
1.9200 1.9137 1.9200 1.8251
1.9300 1.9075 1.9300 1.8275
1.9500 1.9179 1.9500 1.8374
1.9400 1.9119 1.9400 1.8289
1.9400 1.9014 1.9400 1.8181
1.9300 1.8901 1.9300 1.8078
1.9300 1.8847 1.9300 1.8023
1.9200 1.9235 1.9200 1.8449
1.9200 1.9658 1.9200 1.8872
1.9200 1.9240 1.9200 1.8404
1.9000 1.9258 1.9000 1.8480
1.8900 1.9079 1.8900 1.8274
1.8800 1.9202 1.8800 1.8414
1.8700 1.9002 1.8700 1.8184
1.8700 1.9064 1.8700 1.8275
1.8600 1.9131 1.8600 1.8308
1.8500 1.8664 1.8500 1.7805
1.8500 1.8594 1.8500 1.7783
1.8400 1.8535 1.8400 1.7733
1.8400 1.8437 1.8400 1.7638
1.8400 1.8576 1.8400 1.7788
1.8800 1.8367 1.8800 1.7558
1.9100 1.8255 1.9100 1.7457
1.9400 1.8391 1.9400 1.7613
2.0000 1.8203 2.0000 1.7405
2.0200 1.8317 2.0200 1.7551
2.0100 1.8352 2.0100 1.7579
2.0200 1.9313 2.0200 1.8577
2.0300 1.9695 2.0300 1.8865
2.0300 1.9968 2.0300 1.9139
2.0300 2.1004 2.0300 2.0212
2.0500 2.0833 2.0500 1.9941
2.0500 2.0184 2.0500 1.9302
2.0500 2.0383 2.0500 1.9596
2.0200 2.0543 2.0200 1.9714
2.0200 2.0428 2.0200 1.9531
1.9900 2.0284 1.9900 1.9385
1.9300 2.0716 1.9300 1.9834
1.8900 2.0561 1.8900 1.9602
1.8700 2.0427 1.8700 1.9505
1.8700 1.9670 1.8700 1.8756
1.8700 1.9947 1.8700 1.9147
1.8800 1.9355 1.8800 1.8468
1.9200 1.8180 1.9200 1.7304
1.9500 1.7875 1.9500 1.7092
1.9700 1.8008 1.9700 1.7233
1.9800 1.8387 1.9800 1.7580
2.0100 1.8463 2.0100 1.7633
2.0500 1.8689 2.0500 1.7897
2.0200 1.9638 2.0200 1.8875
2.0000 1.9987 2.0000 1.9171
2.0000 2.0058 2.0000 1.9259
2.0000 2.0011 2.0000 1.9243
2.0000 2.0577 2.0000 1.9836
2.0000 2.1247 2.0000 2.0439
2.0000 2.0020 2.0000 1.9075
1.9900 1.9618 1.9900 1.8789
1.9500 1.9898 1.9500 1.9080
1.9200 1.9980 1.9200 1.9092
1.9200 1.9942 1.9200 1.9034
2.0400 1.9847 2.0400 1.8969
2.1000 1.9883 2.1000 1.8999
2.0800 1.9672 2.0800 1.8771
2.0000 1.8763 2.0000 1.7876
2.0100 1.8462 2.0100 1.7683
1.9400 1.8895 1.9400 1.8155
1.9100 2.1528 1.9100 2.1076
1.8900 2.2101 1.8900 2.1231
1.8500 2.0721 1.8500 1.9700
1.8300 1.8773 1.8300 1.7874
1.9200 1.9855 1.9200 1.9226
1.9000 1.8486 1.9000 1.7600
1.8500 1.8253 1.8500 1.7535
1.8300 1.8222 1.8300 1.7447
1.8700 1.7679 1.8700 1.6777
1.9200 1.7684 1.9200 1.6773
1.9200 1.9890 1.9200 1.9340
2.0000 1.8934 2.0000 1.7968
2.1300 1.7658 2.1300 1.6846
2.2600 1.7616 2.2600 1.6967
2.3700 1.9088 2.3700 1.8470
2.4600 2.0087 2.4600 1.9317
2.5600 1.9350 2.5600 1.8485
2.6300 2.1041 2.6300 2.0338
2.6800 2.3189 2.6800 2.2518
2.7400 2.4487 2.7400 2.3646
2.7300 2.5523 2.7300 2.4670
2.6800 2.6385 2.6800 2.5576
2.6300 2.7524 2.6300 2.6710
2.5900 2.7893 2.5900 2.7047
2.5300 2.7983 2.5300 2.7116
2.4600 2.8609 2.4600 2.7757
2.3700 2.7520 2.3700 2.6421
2.3000 2.6062 2.3000 2.4961
2.2300 2.5192 2.2300 2.4173
2.1500 2.4757 2.1500 2.3748
2.0400 2.3797 2.0400 2.2715
1.9200 2.2677 1.9200 2.1629
1.8000 2.1350 1.8000 2.0318
1.6900 2.0824 1.6900 1.9874
1.6000 2.0140 1.6000 1.9200
1.5600 1.9176 1.5600 1.8288
1.5100 1.7624 1.5100 1.6781
1.4600 1.6178 1.4600 1.5417
1.4100 1.4973 1.4100 1.4266
1.3800 1.4046 1.3800 1.3405
1.3400 1.3483 1.3400 1.2909
1.2600 1.3908 1.2600 1.3404
1.2600 1.3620 1.2600 1.3049
1.2300 1.3207 1.2300 1.2677
1.2200 1.2810 1.2200 1.2354
1.2300 1.2910 1.2300 1.2551
1.2000 1.2617 1.2000 1.2253
1.1600 1.1335 1.1600 1.0965
1.1400 1.2233 1.1400 1.2024
1.1000 1.2051 1.1000 1.1680
1.0900 1.2160 1.0900 1.1801
1.0900 1.2632 1.0900 1.2267
1.0800 1.1981 1.0800 1.1561
1.0700 1.1388 1.0700 1.0994
1.0600 1.1367 1.0600 1.1062
1.0900 1.0845 1.0900 1.0522
1.1200 1.1110 1.1200 1.0840
1.1300 1.1325 1.1300 1.1023
1.1400 1.1223 1.1400 1.0865
1.1700 1.1122 1.1700 1.0766
1.1700 1.1008 1.1700 1.0680
1.1800 1.1869 1.1800 1.1607
1.1800 1.2415 1.1800 1.2092
1.1700 1.2275 1.1700 1.1891
1.1500 1.2310 1.1500 1.1925
1.1300 1.2885 1.1300 1.2510
1.0700 1.2651 1.0700 1.2179
0.9400 1.2713 0.9400 1.2280
0.8700 1.2585 0.8700 1.2131
0.8500 1.2337 0.8500 1.1860
0.8300 1.1942 0.8300 1.1445
0.8000 1.1631 0.8000 1.1170
0.8000 1.0512 0.8000 1.0037
0.7600 0.8109 0.7600 0.7666
0.7400 0.7780 0.7400 0.7714
0.6900 0.8591 0.6900 0.8573
0.6700 0.8639 0.6700 0.8585
0.6600 0.8118 0.6600 0.8049
0.6800 0.8392 0.6800 0.8354
0.7200 0.7816 0.7200 0.7737
0.7400 0.7738 0.7400 0.7789
0.7400 0.6950 0.7400 0.7045
0.7100 0.7044 0.7100 0.7269
0.7100 0.7288 0.7100 0.7464
0.7100 0.7940 0.7100 0.8087
0.7400 0.8793 0.7400 0.8865
0.7400 0.8914 0.7400 0.8896
0.7400 0.8604 0.7400 0.8553
0.7500 0.7879 0.7500 0.7839
0.7400 0.8087 0.7400 0.8158
0.7400 0.8269 0.7400 0.8308
0.7700 0.8918 0.7700 0.8951
0.8200 0.8701 0.8200 0.8594
0.9100 0.8549 0.9100 0.8437
0.9700 0.8773 0.9700 0.8665
0.9800 0.8487 0.9800 0.8378
1.0400 0.8490 1.0400 0.8440
1.1000 0.9179 1.1000 0.9168
1.1100 1.0095 1.1100 1.0023
1.1900 1.1641 1.1900 1.1487
1.1800 1.2058 1.1800 1.1736
1.1200 1.1424 1.1200 1.1025
1.1100 1.2397 1.1100 1.2112
1.1200 1.3238 1.1200 1.2873
1.1500 1.2733 1.1500 1.2237
1.1900 1.4070 1.1900 1.3665
1.2300 1.3111 1.2300 1.2461
1.2500 1.1486 1.2500 1.0831
1.2800 1.1605 1.2800 1.1124
1.3100 1.2089 1.3100 1.1645
1.3300 1.2797 1.3300 1.2309
1.3400 1.3280 1.3400 1.2748
1.3600 1.3680 1.3600 1.3112
1.4000 1.3752 1.4000 1.3138
1.5400 1.4032 1.5400 1.3484
1.7600 1.4369 1.7600 1.3851
1.6600 1.4462 1.6600 1.3945
1.6800 1.4359 1.6800 1.3795
1.6800 1.4614 1.6800 1.4026
1.6900 1.5313 1.6900 1.4692
1.7100 1.7808 1.7100 1.7302
1.7500 2.0813 1.7500 2.0049
1.7800 1.7032 1.7800 1.5729
1.7300 1.7336 1.7300 1.6692
1.7400 1.7505 1.7400 1.6782
1.8000 1.7746 1.8000 1.7000
1.8200 1.7978 1.8200 1.7160
1.9100 1.8347 1.9100 1.7569
2.0400 1.8795 2.0400 1.7816
2.1400 1.7197 2.1400 1.6079
2.2500 1.7470 2.2500 1.6653
2.3800 1.9094 2.3800 1.8381
2.4800 1.8942 2.4800 1.8105
2.5600 2.0557 2.5600 1.9833
2.6300 2.2355 2.6300 2.1656
2.6700 2.3374 2.6700 2.2528
2.6700 2.4514 2.6700 2.3668
2.6900 2.5877 2.6900 2.5038
2.7300 2.6842 2.7300 2.5955
2.7700 2.7446 2.7700 2.6566
2.7700 2.7847 2.7700 2.7007
2.7600 2.7906 2.7600 2.6891
2.7300 2.7128 2.7300 2.6058
2.6600 2.7267 2.6600 2.6263
2.6500 2.7863 2.6500 2.6871
2.5900 2.8199 2.5900 2.7185
2.5500 2.7575 2.5500 2.6427
2.5400 2.7071 2.5400 2.6028
2.6200 2.6391 2.6200 2.5380
2.5700 2.4955 2.5700 2.3951
2.5100 2.5431 2.5100 2.4608
2.4600 2.4262 2.4600 2.3278
2.4200 2.3921 2.4200 2.3003
2.4200 2.4270 2.4200 2.3352
2.4100 2.6137 2.4100 2.5609
2.3700 2.4580 2.3700 2.3414
2.3400 2.3292 2.3400 2.2414
2.3200 2.2874 2.3200 2.2117
2.2200 2.2756 2.2200 2.1982
2.1100 2.3354 2.1100 2.2562
2.0400 2.3176 2.0400 2.2318
2.0100 2.2373 2.0100 2.1449
1.9800 2.2199 1.9800 2.1298
2.0100 2.2115 2.0100 2.1235
1.9600 2.0120 1.9600 1.9167
1.8400 1.8490 1.8400 1.7724
1.8000 1.8237 1.8000 1.7559
1.8100 1.8717 1.8100 1.7974
1.7500 1.8612 1.7500 1.7755
1.7400 1.9690 1.7400 1.8927
1.6900 1.8473 1.6900 1.7542
1.6700 1.6114 1.6700 1.5255
1.6000 1.6457 1.6000 1.5912
1.5800 1.7628 1.5800 1.7099
1.5700 1.6448 1.5700 1.5703
1.5000 1.6652 1.5000 1.6044
1.4500 1.5849 1.4500 1.5120
1.3800 1.6092 1.3800 1.5412
1.3700 1.4845 1.3700 1.4098
1.3900 1.5012 1.3900 1.4499
1.3700 1.5387 1.3700 1.4837
1.4400 1.4000 1.4400 1.3328
1.4600 1.3477 1.4600 1.2900
1.3800 1.2635 1.3800 1.2082
1.3100 1.3268 1.3100 1.2839
1.3600 1.4201 1.3600 1.3723
1.3800 1.3607 1.3800 1.3047
1.4100 1.5397 1.4100 1.4969
1.4000 1.5442 1.4000 1.4822
1.3700 1.3229 1.3700 1.2537
1.3500 1.2182 1.3500 1.1726
1.3600 1.4201 1.3600 1.3964
1.4100 1.4758 1.4100 1.4224
1.4600 1.5009 1.4600 1.4415
1.4900 1.4320 1.4900 1.3645
1.5100 1.3731 1.5100 1.3084
1.5000 1.3612 1.5000 1.3016
1.5500 1.4044 1.5500 1.3555
1.5600 1.5206 1.5600 1.4753
1.5200 1.5947 1.5200 1.5363
1.4900 1.5983 1.4900 1.5270
1.4600 1.6023 1.4600 1.5295
1.4500 1.5489 1.4500 1.4781
1.4400 1.6637 1.4400 1.6073
1.4400 1.6464 1.4400 1.5768
1.4500 1.5208 1.4500 1.4464
1.4500 1.4752 1.4500 1.4071
1.4500 1.4445 1.4500 1.3758
1.5100 1.4619 1.5100 1.3940
1.5100 1.4520 1.5100 1.3843
1.5000 1.4580 1.5000 1.3943
1.4700 1.4927 1.4700 1.4279
1.4800 1.4841 1.4800 1.4172
1.5000 1.4810 1.5000 1.4184
1.4400 1.6210 1.4400 1.5699
1.3600 1.5749 1.3600 1.5067
1.3100 1.5283 1.3100 1.4637
1.3200 1.4634 1.3200 1.3996
1.3100 1.5182 1.3100 1.4626
1.3100 1.5732 1.3100 1.5094
1.3300 1.4068 1.3300 1.3311
1.2900 1.2587 1.2900 1.1940
1.2500 1.2361 1.2500 1.1833
1.2200 1.3370 1.2200 1.2890
1.2000 1.3317 1.2000 1.2731
1.1800 1.3267 1.1800 1.2749
1.1900 1.3826 1.1900 1.3320
1.2100 1.2868 1.2100 1.2259
1.3000 1.2203 1.3000 1.1714
1.3300 1.1985 1.3300 1.1621
1.3000 1.2007 1.3000 1.1676
1.3300 1.1911 1.3300 1.1514
1.3700 1.2337 1.3700 1.1946
1.3500 1.2867 1.3500 1.2420
1.3300 1.4784 1.3300 1.4370
1.2900 1.4679 1.2900 1.4069
1.2600 1.3382 1.2600 1.2786
1.2400 1.4166 1.2400 1.3766
1.2300 1.5018 1.2300 1.4548
1.2200 1.4156 1.2200 1.3521
1.2100 1.3559 1.2100 1.2988
1.2100 1.2818 1.2100 1.2238
1.2100 1.2646 1.2100 1.2065
1.2000 1.2525 1.2000 1.1953
1.1900 1.2496 1.1900 1.1982
1.1700 1.2479 1.1700 1.1975
1.1500 1.2375 1.1500 1.1870
1.1400 1.2504 1.1400 1.2024
1.1400 1.2594 1.1400 1.2145
1.1800 1.2377 1.1800 1.1949
1.2800 1.2251 1.2800 1.1849
1.2800 1.1942 1.2800 1.1535
1.2100 1.1720 1.2100 1.1321
1.1500 1.1744 1.1500 1.1360
1.1500 1.1921 1.1500 1.1537
1.1400 1.2898 1.1400 1.2529
1.0900 1.4883 1.0900 1.4485
1.0800 1.3956 1.0800 1.3300
1.0700 1.1911 1.0700 1.1305
1.0300 1.1045 1.0300 1.0641
1.0000 1.1870 1.0000 1.1589
0.9700 1.1961 0.9700 1.1559
0.9500 1.0781 0.9500 1.0319
0.9200 1.0927 0.9200 1.0553
0.9000 1.1117 0.9000 1.0679
0.9000 1.0372 0.9000 0.9912
0.9000 0.9981 0.9000 0.9683
0.8700 0.9705 0.8700 0.9519
0.8300 0.9740 0.8300 0.9565
0.8000 0.9375 0.8000 0.9160
0.7900 0.9230 0.7900 0.9067
0.8400 0.9593 0.8400 0.9463
0.8500 0.9736 0.8500 0.9578
0.7500 0.9096 0.7500 0.8899
0.7400 0.8437 0.7400 0.8309
0.7400 0.8226 0.7400 0.8174
0.7800 0.8473 0.7800 0.8453
0.8600 0.9823 0.8600 0.9835
0.9300 0.9764 0.9300 0.9612
0.9700 0.7262 0.9700 0.7004
1.0100 0.7676 1.0100 0.7713
1.0500 0.8276 1.0500 0.8311
1.0700 0.9329 1.0700 0.9378
1.0700 1.0755 1.0700 1.0730
1.0600 1.1533 1.0600 1.1362
1.0600 1.1702 1.0600 1.1362
1.0600 1.1955 1.0600 1.1619
1.0200 1.2325 1.0200 1.2022
0.9700 1.2344 0.9700 1.2013
0.9300 1.1913 0.9300 1.1530
0.9000 1.1536 0.9000 1.1101
0.8800 1.1580 0.8800 1.1127
0.8600 1.1571 0.8600 1.1077
0.8300 1.0588 0.8300 1.0065
0.8300 0.9691 0.8300 0.9268
0.8300 0.9309 0.8300 0.8988
0.8300 0.9170 0.8300 0.8907
0.8300 0.9121 0.8300 0.8905
0.8200 0.8934 0.8200 0.8754
0.8100 0.8540 0.8100 0.8379
0.8000 0.8900 0.8000 0.8812
0.8000 0.9080 0.8000 0.8989
0.8200 0.9133 0.8200 0.9063
0.8200 0.9157 0.8200 0.9095
0.8100 0.8972 0.8100 0.8895
0.8000 0.8879 0.8000 0.8799
0.8000 0.8788 0.8000 0.8712
0.7900 0.8914 0.7900 0.8853
0.7700 0.9438 0.7700 0.9370
0.7700 0.9304 0.7700 0.9155
0.7700 0.8994 0.7700 0.8836
0.7800 0.8837 0.7800 0.8709
0.8000 0.8971 0.8000 0.8877
0.7900 0.8815 0.7900 0.8703
0.7900 0.8415 0.7900 0.8314
0.7800 0.8596 0.7800 0.8537
0.7700 0.8724 0.7700 0.8637
0.7600 0.8957 0.7600 0.8865
0.7400 0.9320 0.7400 0.9226
0.7300 0.8917 0.7300 0.8780
0.7400 0.8915 0.7400 0.8819
0.7500 0.8731 0.7500 0.8629
0.7500 0.8593 0.7500 0.8517
0.7600 0.8492 0.7600 0.8419
0.8100 0.8139 0.8100 0.8064
0.8800 0.8122 0.8800 0.8066
0.9900 0.8514 0.9900 0.8477
1.1300 0.8717 1.1300 0.8653
1.2700 0.8618 1.2700 0.8536
1.3600 0.8776 1.3600 0.8725
1.4300 0.9848 1.4300 0.9820
1.5100 1.1048 1.5100 1.0944
1.4400 1.2768 1.4400 1.2591
1.4500 1.4612 1.4500 1.4284
1.4600 1.6202 1.4600 1.5678
1.4900 1.6731 1.4900 1.6054
1.5200 1.6931 1.5200 1.6247
1.5400 1.7747 1.5400 1.7072
1.4900 1.5104 1.4900 1.4183
1.4400 1.5383 1.4400 1.4730
1.4100 1.5659 1.4100 1.4880
1.3500 1.6164 1.3500 1.5316
1.2600 1.6429 1.2600 1.5481
1.2100 1.6297 1.2100 1.5387
1.1400 1.4879 1.1400 1.3930
1.0800 1.4001 1.0800 1.3252
1.0300 1.3798 1.0300 1.3195
1.0000 1.2941 1.0000 1.2340
0.9900 1.1423 0.9900 1.0847
0.9300 1.1215 0.9300 1.0752
0.8800 1.0472 0.8800 0.9972
0.8400 0.9944 0.8400 0.9559
0.8100 0.9558 0.8100 0.9316
0.7300 0.9596 0.7300 0.9389
0.6900 0.9958 0.6900 0.9781
0.6600 0.8880 0.6600 0.8655
0.6200 0.8308 0.6200 0.8219
0.6100 0.8160 0.6100 0.8149
0.6100 0.8111 0.6100 0.8136
0.6200 0.6920 0.6200 0.6957
0.6400 0.6837 0.6400 0.7002
0.6600 0.6905 0.6600 0.7074
0.6600 0.6749 0.6600 0.6901
0.6700 0.6784 0.6700 0.6999
0.6900 0.6898 0.6900 0.7144
0.7100 0.7294 0.7100 0.7508
0.7200 0.7739 0.7200 0.7919
0.7800 0.8011 0.7800 0.8169
0.8500 0.7874 0.8500 0.7982
0.9700 0.8020 0.9700 0.8139
1.0700 0.8411 1.0700 0.8498
1.1400 0.8708 1.1400 0.8739
1.2300 0.8681 1.2300 0.8644
1.2800 0.9822 1.2800 0.9802
1.2900 1.0931 1.2900 1.0791
1.2900 1.2835 1.2900 1.2629
1.2900 1.3831 1.2900 1.3431
1.2300 1.4082 1.2300 1.3587
1.1700 1.5108 1.1700 1.4609
1.0900 1.5183 1.0900 1.4566
0.9700 1.4549 0.9700 1.3881
0.8500 1.4113 0.8500 1.3468
0.7600 1.3935 0.7600 1.3280
0.7000 1.2521 0.7000 1.1743
0.6400 1.1453 0.6400 1.0776
0.6000 1.0237 0.6000 0.9619
0.5800 0.8386 0.5800 0.8000
0.5800 0.7693 0.5800 0.7402
0.6100 0.7684 0.6100 0.7493
0.6300 0.7731 0.6300 0.7624
0.6500 0.7376 0.6500 0.7302
0.6400 0.7087 0.6400 0.7113
0.6400 0.7010 0.6400 0.7142
0.7100 0.6984 0.7100 0.7225
0.7900 0.7258 0.7900 0.7630
0.8700 0.7607 0.8700 0.7925
0.9400 0.7882 0.9400 0.8155
0.9800 0.7518 0.9800 0.7695
1.0000 0.7545 1.0000 0.7731
0.9900 0.9191 0.9900 0.9398
0.9700 1.0519 0.9700 1.0554
0.9900 1.1411 0.9900 1.1266
0.9800 1.1981 0.9800 1.1698
1.0800 1.1988 1.0800 1.1610
1.2300 1.1830 1.2300 1.1428
1.1900 1.1172 1.1900 1.0780
1.1700 1.0617 1.1700 1.0266
1.1700 1.1202 1.1700 1.0885
1.1800 1.0849 1.1800 1.0389
1.2200 1.3018 1.2200 1.2656
1.3200 1.5319 1.3200 1.4877
1.4100 1.3137 1.4100 1.2270
1.5800 1.2234 1.5800 1.1673
1.6400 1.2461 1.6400 1.2055
1.7100 1.2894 1.7100 1.2486
1.7800 1.3674 1.7800 1.3221
1.8500 1.5344 1.8500 1.4887
1.9700 1.6549 1.9700 1.5843
2.0200 1.8927 2.0200 1.8219
2.0400 1.8788 2.0400 1.7780
2.0400 1.9200 2.0400 1.8422
2.0500 1.9913 2.0500 1.9177
2.0000 2.0597 2.0000 1.9806
1.8600 2.2175 1.8600 2.1369
1.8200 2.2102 1.8200 2.1031
1.8000 2.1534 1.8000 2.0451
1.7300 2.1084 1.7300 2.0012
1.6500 2.1052 1.6500 2.0048
1.6600 1.9714 1.6600 1.8633
1.7200 1.6608 1.7200 1.5569
1.6500 1.6988 1.6500 1.6240
1.6400 1.7437 1.6400 1.6553
1.6400 1.6103 1.6400 1.5090
1.6100 1.4819 1.6100 1.3945
1.6200 1.5985 1.6200 1.5366
1.6300 1.7856 1.6300 1.7164
1.6800 1.5714 1.6800 1.4803
1.7600 1.5738 1.7600 1.5201
1.7800 1.6257 1.7800 1.5732
1.7700 1.5792 1.7700 1.5149
1.8600 1.6275 1.8600 1.5685
1.9300 1.6459 1.9300 1.5869
1.9600 1.7668 1.9600 1.7046
1.9600 1.9118 1.9600 1.8383
1.9500 1.8611 1.9500 1.7736
1.9300 1.7961 1.9300 1.7161
1.9100 2.0037 1.9100 1.9445
1.8700 2.0868 1.8700 2.0145
1.8100 2.0695 1.8100 1.9781
1.8000 1.9992 1.8000 1.9106
1.7700 1.9624 1.7700 1.8763
1.6900 1.9298 1.6900 1.8386
1.6000 1.8898 1.6000 1.8010
1.5200 1.8095 1.5200 1.7214
1.4600 1.7118 1.4600 1.6237
1.4100 1.7516 1.4100 1.6704
1.3700 1.7138 1.3700 1.6234
1.3500 1.5561 1.3500 1.4677
1.3500 1.4242 1.3500 1.3510
1.3500 1.3501 1.3500 1.2884
1.3100 1.3271 1.3100 1.2697
1.2500 1.2972 1.2500 1.2424
1.1600 1.2735 1.1600 1.2229
1.2200 1.2941 1.2200 1.2460
1.3200 1.3376 1.3200 1.2900
1.3000 1.3558 1.3000 1.3081
1.2800 1.2724 1.2800 1.2253
1.2900 1.1740 1.2900 1.1350
1.3200 1.0419 1.3200 1.0064
1.3500 1.2822 1.3500 1.2695
1.3700 1.4996 1.3700 1.4781
1.3800 1.3668 1.3800 1.3001
1.3800 1.2896 1.3800 1.2353
1.3700 1.3402 1.3700 1.2971
1.3700 1.4283 1.3700 1.3829
1.3100 1.4664 1.3100 1.4172
1.2600 1.4579 1.2600 1.4089
1.2900 1.4627 1.2900 1.4054
1.2700 1.4504 1.2700 1.3837
1.2300 1.4159 1.2300 1.3485
1.1600 1.4211 1.1600 1.3631
1.1100 1.2845 1.1100 1.2218
1.0400 1.2153 1.0400 1.1614
0.9500 1.3471 0.9500 1.3027
0.8800 1.3032 0.8800 1.2413
0.8400 1.2137 0.8400 1.1550
0.7800 1.0867 0.7800 1.0354
0.7700 1.0512 0.7700 1.0144
0.7400 0.9731 0.7400 0.9364
0.8000 0.8405 0.8000 0.8241
0.8500 0.8049 0.8500 0.7965
0.9100 0.8244 0.9100 0.8210
0.9600 0.7854 0.9600 0.7757
1.0200 0.8225 1.0200 0.8239
1.1000 0.7695 1.1000 0.7740
1.2000 0.9247 1.2000 0.9415
1.3000 1.0179 1.3000 1.0192
1.3700 1.0954 1.3700 1.0926
1.4500 1.1482 1.4500 1.1356
1.5100 1.2239 1.5100 1.2082
1.5600 1.3433 1.5600 1.3185
1.6000 1.4826 1.6000 1.4478
1.6300 1.5908 1.6300 1.5410
1.6600 1.6271 1.6600 1.5606
1.7200 1.7019 1.7200 1.6314
1.7400 1.7393 1.7400 1.6588
1.7500 1.7608 1.7500 1.6787
1.7300 1.7734 1.7300 1.6888
1.6700 1.7751 1.6700 1.6883
1.5900 1.7936 1.5900 1.7035
1.6100 1.8830 1.6100 1.7939
1.6300 1.8543 1.6300 1.7547
1.6300 1.8267 1.6300 1.7324
1.6200 1.7518 1.6200 1.6592
1.6900 1.6190 1.6900 1.5297
1.7000 1.4862 1.7000 1.4047
1.7100 1.6152 1.7100 1.5539
1.7300 1.6778 1.7300 1.6003
1.7300 1.6523 1.7300 1.5672
1.7300 1.6127 1.7300 1.5312
1.7500 1.7883 1.7500 1.7236
1.6600 1.7678 1.6600 1.6851
1.5900 1.7499 1.5900 1.6791
1.5600 1.7774 1.5600 1.7137
1.5300 1.7655 1.5300 1.6950
1.5400 1.7608 1.5400 1.6845
1.5600 1.7981 1.5600 1.7236
1.5700 1.5693 1.5700 1.4787
1.5700 1.4768 1.5700 1.4051
1.5700 1.4935 1.5700 1.4284
1.6000 1.4847 1.6000 1.4143
1.6100 1.5454 1.6100 1.4788
1.6000 1.5875 1.6000 1.5189
1.5900 1.6000 1.5900 1.5274
1.5600 1.5922 1.5600 1.5210
1.5400 1.5838 1.5400 1.5211
1.5400 1.6624 1.5400 1.6078
1.5400 1.6637 1.5400 1.6013
1.5300 1.6187 1.5300 1.5513
1.5400 1.6009 1.5400 1.5335
1.5300 1.5449 1.5300 1.4736
1.4900 1.5289 1.4900 1.4604
1.4600 1.5538 1.4600 1.4884
1.4800 1.5612 1.4800 1.4930
1.4800 1.5405 1.4800 1.4689
1.4600 1.5693 1.4600 1.5022
1.4700 1.5449 1.4700 1.4744
1.4500 1.4595 1.4500 1.3908
1.4200 1.4247 1.4200 1.3661
1.4100 1.5144 1.4100 1.4629
1.3900 1.5168 1.3900 1.4525
1.3700 1.4606 1.3700 1.3936
1.3600 1.4971 1.3600 1.4382
1.3200 1.4587 1.3200 1.3931
1.2700 1.4058 1.2700 1.3431
1.2200 1.4105 1.2200 1.3566
1.2500 1.3874 1.2500 1.3325
1.2600 1.3691 1.2600 1.3125
1.2500 1.3671 1.2500 1.3113
1.2500 1.2941 1.2500 1.2350
1.2100 1.2213 1.2100 1.1677
1.1100 1.1619 1.1100 1.1151
1.0400 1.2954 1.0400 1.2617
1.1100 1.3242 1.1100 1.2761
1.1400 1.2805 1.1400 1.2295
1.1300 1.2847 1.1300 1.2385
1.1200 1.2054 1.1200 1.1569
1.1200 1.0164 1.1200 0.9693
1.0700 0.9472 1.0700 0.9218
0.9500 1.2046 0.9500 1.1974
0.9300 1.2673 0.9300 1.2276
0.9100 1.1864 0.9100 1.1353
0.9500 1.1519 0.9500 1.1084
1.0600 1.1770 1.0600 1.1419
1.0800 1.0810 1.0800 1.0409
1.1200 0.8372 1.1200 0.8059
1.1800 0.8986 1.1800 0.8980
1.2700 0.9391 1.2700 0.9242
1.3700 1.0574 1.3700 1.0380
1.4900 1.2796 1.4900 1.2546
1.5500 1.2286 1.5500 1.1822
1.5600 1.2655 1.5600 1.2274
1.5400 1.3594 1.5400 1.3264
1.4700 1.5057 1.4700 1.4739
1.4200 1.6415 1.4200 1.5991
1.3600 1.7765 1.3600 1.7189
1.3500 1.7852 1.3500 1.7042
1.3100 1.7062 1.3100 1.6187
1.2400 1.6110 1.2400 1.5274
1.2300 1.4535 1.2300 1.3732
1.2400 1.3919 1.2400 1.3238
1.2700 1.3107 1.2700 1.2383
1.2300 1.3489 1.2300 1.2814
1.1800 1.2879 1.1800 1.2088
1.1400 1.1568 1.1400 1.0840
1.0800 1.2063 1.0800 1.1558
1.0600 1.2721 1.0600 1.2281
1.0200 1.3446 1.0200 1.3028
1.0400 1.2271 1.0400 1.1768
1.0400 1.1318 1.0400 1.0937
0.9700 1.1106 0.9700 1.0774
0.8900 1.0324 0.8900 0.9992
0.8400 1.0514 0.8400 1.0279
0.8400 1.0038 0.8400 0.9759
0.8300 1.0938 0.8300 1.0713
0.8400 1.1056 0.8400 1.0689
0.8600 0.9394 0.8600 0.9002
0.8700 0.8147 0.8700 0.7927
0.8800 0.7954 0.8800 0.7922
0.8800 0.8797 0.8800 0.8825
0.9100 0.8871 0.9100 0.8806
0.9100 0.9124 0.9100 0.9062
0.8900 0.9649 0.8900 0.9533
0.9400 0.9778 0.9400 0.9616
0.9600 0.9873 0.9600 0.9732
1.0600 0.9756 1.0600 0.9661
1.2400 1.0426 1.2400 1.0371
1.1100 1.0260 1.1100 1.0067
1.0300 0.9654 1.0300 0.9419
0.9600 1.0905 0.9600 1.0753
0.9500 1.1103 0.9500 1.0803
0.9500 1.2985 0.9500 1.2728
0.9300 1.5684 0.9300 1.5306
0.9300 1.1410 0.9300 1.0513
0.9400 0.9738 0.9400 0.9322
0.9700 0.9178 0.9700 0.8908
0.9800 0.9972 0.9800 0.9813
0.9700 1.0362 0.9700 1.0062
0.9600 0.9632 0.9600 0.9304
0.9400 0.9916 0.9400 0.9548
0.9100 1.0355 0.9100 0.9970
0.8500 1.0849 0.8500 1.0552
0.8000 1.0888 0.8000 1.0665
0.7700 1.0406 0.7700 1.0248
0.7600 1.0289 0.7600 1.0096
0.7700 0.9990 0.7700 0.9758
0.7400 0.9516 0.7400 0.9274
0.7500 0.8461 0.7500 0.8229
0.7500 0.7892 0.7500 0.7751
0.7300 0.7889 0.7300 0.7793
0.7600 0.8134 0.7600 0.8067
0.8700 0.8583 0.8700 0.8532
0.8500 0.7916 0.8500 0.7820
0.8400 0.8340 0.8400 0.8360
0.8900 0.8476 0.8900 0.8470
0.9100 0.8041 0.9100 0.8046
0.9800 0.8861 0.9800 0.8951
1.0300 1.1217 1.0300 1.1303
1.1200 0.9957 1.1200 0.9666
1.1800 0.9319 1.1800 0.9125
1.1100 1.0514 1.1100 1.0424
1.0900 1.0797 1.0900 1.0578
1.1700 1.1973 1.1700 1.1748
1.2100 1.2309 1.2100 1.1967
1.2300 1.3693 1.2300 1.3328
1.2700 1.4204 1.2700 1.3628
1.2400 1.1604 1.2400 1.0901
1.2000 1.1358 1.2000 1.0957
1.1900 1.3578 1.1900 1.3303
1.2400 1.3986 1.2400 1.3421
1.2400 1.3676 1.2400 1.3020
1.2300 1.4044 1.2300 1.3448
1.1300 1.3071 1.1300 1.2346
1.1900 1.2226 1.1900 1.1601
1.2000 1.2235 1.2000 1.1790
1.1600 1.3640 1.1600 1.3283
1.1500 1.3350 1.1500 1.2763
1.1900 1.2782 1.1900 1.2176
1.2400 1.0565 1.2400 0.9911
1.2900 1.2787 1.2900 1.2522
1.3200 1.3018 1.3200 1.2514
1.3100 1.1744 1.3100 1.1239
1.3000 1.1697 1.3000 1.1312
1.3500 1.2901 1.3500 1.2559
1.4000 1.3939 1.4000 1.3445
1.4800 1.4446 1.4800 1.3923
1.5500 1.4393 1.5500 1.3876
1.5400 1.3867 1.5400 1.3297
1.5800 1.3553 1.5800 1.3011
1.6400 1.4784 1.6400 1.4317
1.6800 1.5566 1.6800 1.5008
1.6400 1.6752 1.6400 1.6131
1.6100 1.7433 1.6100 1.6670
1.6800 1.6283 1.6800 1.5394
1.7200 1.6973 1.7200 1.6274
1.8100 1.7992 1.8100 1.7297
1.9300 1.8231 1.9300 1.7451
1.9400 1.6631 1.9400 1.5737
1.9600 1.5958 1.9600 1.5197
1.9200 1.8042 1.9200 1.7360
1.8200 1.8492 1.8200 1.7580
1.7400 1.9673 1.7400 1.8981
1.6500 2.1357 1.6500 2.0644
1.5800 2.0457 1.5800 1.9387
1.5300 2.0384 1.5300 1.9480
1.4500 1.9062 1.4500 1.8185
1.3400 1.6982 1.3400 1.6155
1.2500 1.6097 1.2500 1.5371
1.1500 1.4904 1.1500 1.4121
1.0300 1.4420 1.0300 1.3608
1.0100 1.4168 1.0100 1.3356
1.0700 1.2961 1.0700 1.2142
1.1200 1.1404 1.1200 1.0792
1.1300 1.0804 1.1300 1.0376
1.1500 1.0175 1.1500 0.9812
1.1700 0.9124 1.1700 0.8830
1.1700 0.9686 1.1700 0.9611
1.2600 1.1350 1.2600 1.1310
1.2200 1.2338 1.2200 1.2088
1.2900 1.1979 1.2900 1.1630
1.3100 1.2201 1.3100 1.1960
1.3400 1.2668 1.3400 1.2439
1.3300 1.2528 1.3300 1.2256
1.3400 1.4442 1.3400 1.4266
1.5300 1.2877 1.5300 1.2342
1.4800 1.4417 1.4800 1.4039
1.4400 1.4460 1.4400 1.3800
1.3500 1.4674 1.3500 1.4058
1.2900 1.4097 1.2900 1.3411
1.1900 1.4132 1.1900 1.3584
1.1600 1.7987 1.1600 1.7564
1.1500 1.5801 1.1500 1.4755
1.1400 1.4292 1.1400 1.3558
1.1200 1.2710 1.1200 1.2029
1.1000 1.2241 1.1000 1.1734
1.0800 1.0910 1.0800 1.0287
1.0600 1.0968 1.0600 1.0608
1.0200 1.1469 1.0200 1.1025
0.9600 1.1619 0.9600 1.1089
0.9600 1.1176 0.9600 1.0639
1.0100 1.1008 1.0100 1.0625
0.9500 1.0859 0.9500 1.0605
0.8900 1.0753 0.8900 1.0536
0.8700 1.0095 0.8700 0.9883
0.8700 0.9217 0.8700 0.9011
0.7800 0.9879 0.7800 0.9765
0.7300 1.1353 0.7300 1.1186
0.6600 0.9698 0.6600 0.9300
0.6000 0.8529 0.6000 0.8293
0.5400 0.8792 0.5400 0.8704
0.5000 0.9375 0.5000 0.9296
0.4700 0.7505 0.4700 0.7298
0.4700 0.6896 0.4700 0.6954
0.4900 0.6383 0.4900 0.6490
0.5600 0.6447 0.5600 0.6565
0.6400 0.6137 0.6400 0.6256
0.6800 0.6101 0.6800 0.6335
0.7300 0.5789 0.7300 0.6076
0.7700 0.6142 0.7700 0.6474
0.8300 0.6353 0.8300 0.6721
0.9000 0.7657 0.9000 0.8068
0.9200 0.8925 0.9200 0.9210
1.0700 0.9012 1.0700 0.9119
1.2800 0.9480 1.2800 0.9565
1.3000 0.9863 1.3000 0.9869
1.3600 1.0711 1.3600 1.0665
1.4300 1.1620 1.4300 1.1450
1.5300 1.1203 1.5300 1.0858
1.5300 1.4060 1.5300 1.3773
1.4800 1.6838 1.4800 1.6239
1.4800 1.5680 1.4800 1.4708
1.5800 1.5798 1.5800 1.5094
1.6800 1.6680 1.6800 1.6020
1.7200 1.8140 1.7200 1.7455
1.6300 1.6969 1.6300 1.5989
1.4800 1.5015 1.4800 1.4153
1.4000 1.5423 1.4000 1.4674
1.3600 1.7923 1.3600 1.7156
1.3700 1.8829 1.3700 1.8052
1.3700 1.8746 1.3700 1.7709
1.3500 1.5766 1.3500 1.4728
1.3200 1.2923 1.3200 1.2067
1.2900 1.2627 1.2900 1.2068
1.2600 1.2930 1.2600 1.2433
1.2600 1.3776 1.2600 1.3276
1.2800 1.3817 1.2800 1.3144
1.2800 1.3348 1.2800 1.2594
1.2800 1.2936 1.2800 1.2241
1.2900 1.2588 1.2900 1.2083
1.2700 1.2316 1.2700 1.1966
1.2800 1.2742 1.2800 1.2482
1.2800 1.3378 1.2800 1.3038
1.2700 1.3313 1.2700 1.2816
1.2700 1.3247 1.2700 1.2729
1.2800 1.3497 1.2800 1.3006
1.3100 1.3013 1.3100 1.2497
1.3200 1.3365 1.3200 1.2936
1.3400 1.3355 1.3400 1.2882
1.3800 1.3122 1.3800 1.2618
1.3900 1.3204 1.3900 1.2696
1.4000 1.3451 1.4000 1.2941
1.4100 1.4098 1.4100 1.3580
1.4300 1.4038 1.4300 1.3460
1.4600 1.4251 1.4600 1.3706
1.4600 1.4995 1.4600 1.4452
1.4700 1.4821 1.4700 1.4194
1.4700 1.4783 1.4700 1.4177
1.4900 1.4845 1.4900 1.4252
1.4500 1.5185 1.4500 1.4584
1.4500 1.5671 1.4500 1.5025
1.4300 1.5271 1.4300 1.4558
1.4200 1.5351 1.4200 1.4682
1.4300 1.5255 1.4300 1.4564
1.4200 1.5647 1.4200 1.4987
1.4000 1.4541 1.4000 1.3788
1.4000 1.4719 1.4000 1.4125
1.3900 1.4428 1.3900 1.3763
1.3800 1.4369 1.3800 1.3737
1.3700 1.4734 1.3700 1.4111
1.3600 1.4442 1.3600 1.3794
1.3300 1.4051 1.3300 1.3413
1.3100 1.4255 1.3100 1.3682
1.3200 1.4103 1.3200 1.3516
1.3100 1.4016 1.3100 1.3447
1.2200 1.3863 1.2200 1.3314
1.1700 1.3787 1.1700 1.3235
1.1600 1.3265 1.1600 1.2685
1.1500 1.3073 1.1500 1.2549
1.1400 1.3603 1.1400 1.3123
1.1400 1.3426 1.1400 1.2880
1.1400 1.1408 1.1400 1.0796
1.1200 1.0991 1.1200 1.0597
1.1600 1.1596 1.1600 1.1261
1.3000 1.1765 1.3000 1.1371
1.4400 1.1629 1.4400 1.1226
1.5800 1.1727 1.5800 1.1363
1.7100 1.1903 1.7100 1.1513
1.7800 1.1519 1.7800 1.1107
1.8400 1.2545 1.8400 1.2277
1.8600 1.5350 1.8600 1.5162
1.8400 1.7211 1.8400 1.6723
1.7900 1.8756 1.7900 1.8082
1.6500 2.0107 1.6500 1.9340
1.5700 2.0290 1.5700 1.9433
1.4800 2.0544 1.4800 1.9733
1.5500 2.0042 1.5500 1.9201
1.6100 1.9042 1.6100 1.8161
1.6000 1.7841 1.6000 1.6895
1.5400 1.4887 1.5400 1.3820
1.4500 1.4301 1.4500 1.3440
1.3600 1.3348 1.3600 1.2456
1.3000 1.5973 1.3000 1.5325
1.2600 1.7131 1.2600 1.6279
1.2500 1.6088 1.2500 1.5162
1.2800 1.4591 1.2800 1.3789
1.3000 1.3106 1.3000 1.2524
1.3000 1.2144 1.3000 1.1715
1.3000 1.1911 1.3000 1.1604
1.2800 1.1807 1.2800 1.1482
1.1800 1.3611 1.1800 1.2909
1.1500 1.3431 1.1500 1.2908
1.1100 1.2992 1.1100 1.2446
1.0600 1.2915 1.0600 1.2383
1.1100 1.3812 1.1100 1.3328
1.1200 1.1792 1.1200 1.1132
1.0700 1.0434 1.0700 0.9962
1.0300 1.0830 1.0300 1.0548
1.0000 1.0691 1.0000 1.0391
1.1600 1.0099 1.1600 0.9799
1.1800 1.1712 1.1800 1.1571
1.1200 1.1943 1.1200 1.1589
1.1300 1.0683 1.1300 1.0245
1.1300 1.0020 1.1300 0.9746
1.1600 0.9950 1.1600 0.9797
1.2000 1.3911 1.2000 1.3951
1.1900 1.3533 1.1900 1.3018
1.1000 1.1249 1.1000 1.0718
1.0700 1.1854 1.0700 1.1539
1.0400 1.2128 1.0400 1.1751
1.0400 1.2887 1.0400 1.2491
1.0500 1.3350 1.0500 1.2965
1.0700 1.2621 1.0700 1.2126
1.0800 1.0665 1.0800 1.0040
1.0400 1.0560 1.0400 1.0158
1.0300 1.0520 1.0300 1.0155
1.0400 1.0931 1.0400 1.0662
1.0800 1.1199 1.0800 1.0876
1.1200 1.1590 1.1200 1.1225
1.1100 1.1721 1.1100 1.1289
1.1300 1.0653 1.1300 1.0213
1.1300 1.0655 1.1300 1.0408
1.0400 1.1199 1.0400 1.1001
1.1100 1.2100 1.1100 1.1869
1.2500 1.2674 1.2500 1.2308
1.3400 1.1935 1.3400 1.1461
1.3600 1.2315 1.3600 1.1912
1.3900 1.2222 1.3900 1.1775
1.4600 1.0085 1.4600 0.9591
1.5200 1.2289 1.5200 1.2142
1.6400 1.5065 1.6400 1.4810
1.7600 1.5977 1.7600 1.5435
1.7600 1.5112 1.7600 1.4323
1.8500 1.5130 1.8500 1.4522
1.9400 1.6586 1.9400 1.6019
1.9700 1.7246 1.9700 1.6579
1.9000 1.8732 1.9000 1.8144
1.8600 2.0339 1.8600 1.9579
1.9900 1.8978 1.9900 1.7887
2.0500 2.0502 2.0500 1.9634
2.0600 2.1501 2.0600 2.0707
2.0400 2.1209 2.0400 2.0184
2.0400 1.8765 2.0400 1.7706
2.0400 1.8096 2.0400 1.7275
2.0300 2.1590 2.0300 2.1048
2.0300 2.1930 2.0300 2.1038
2.0100 2.1137 2.0100 1.9991
2.0000 2.0244 2.0000 1.9248
2.1200 2.0426 2.1200 1.9535
2.1300 2.0582 2.1300 1.9634
2.1000 2.0120 2.1000 1.9259
2.0000 2.0131 2.0000 1.9338
2.0300 1.9768 2.0300 1.8865
2.0700 1.9670 2.0700 1.8728
1.9700 2.2265 1.9700 2.1755
1.9900 2.1826 1.9900 2.0748
1.9800 2.0561 1.9800 1.9613
1.9000 1.8362 1.9000 1.7472
1.8000 2.0139 1.8000 1.9551
1.6000 2.1310 1.6000 2.0472
1.5900 1.8313 1.5900 1.7260
1.5400 1.9453 1.5400 1.8778
1.6500 1.9516 1.6500 1.8618
1.6800 1.7741 1.6800 1.6714
1.6800 1.6070 1.6800 1.5226
1.7100 1.2421 1.7100 1.1681
1.7300 1.4559 1.7300 1.4190
1.7300 1.4341 1.7300 1.3631
1.6800 1.7037 1.6800 1.6807
1.6700 1.7442 1.6700 1.6587
1.7400 1.6753 1.7400 1.5988
1.8000 1.7541 1.8000 1.6885
1.8700 1.7802 1.8700 1.7231
1.8800 1.7581 1.8800 1.7007
1.8000 1.6359 1.8000 1.5747
1.7000 1.6461 1.7000 1.5900
1.6500 1.8567 1.6500 1.7903
1.6400 1.9329 1.6400 1.8444
1.6500 2.0098 1.6500 1.9215
1.6600 1.9445 1.6600 1.8506
1.6300 1.7235 1.6300 1.6298
1.6400 1.5557 1.6400 1.4791
1.6600 1.5471 1.6600 1.4890
1.6800 1.6092 1.6800 1.5472
1.7100 1.6592 1.7100 1.5849
1.6200 1.6704 1.6200 1.5855
1.5800 1.5943 1.5800 1.5035
1.7000 1.6438 1.7000 1.5707
1.7100 1.6964 1.7100 1.6295
1.6100 1.7255 1.6100 1.6636
1.6000 1.7722 1.6000 1.7110
1.5800 1.5303 1.5800 1.4493
1.5500 1.5063 1.5500 1.4457
1.5300 1.8428 1.5300 1.8097
1.5100 1.7990 1.5100 1.7086
1.5000 1.5062 1.5000 1.4127
1.5900 1.5468 1.5900 1.4907
1.7000 1.5656 1.7000 1.4970
1.8100 1.5334 1.8100 1.4588
1.9200 1.4932 1.9200 1.4297
1.8200 1.4753 1.8200 1.4163
1.7700 1.5003 1.7700 1.4339
1.8900 1.7189 1.8900 1.6589
2.0100 1.8638 2.0100 1.8134
2.1300 2.0129 2.1300 1.9513
2.2100 2.1405 2.2100 2.0698
2.2400 1.7807 2.2400 1.6756
2.1400 1.7099 2.1400 1.6471
2.0300 2.0489 2.0300 2.0135
1.9500 2.1967 1.9500 2.1252
1.9100 2.3422 1.9100 2.2510
1.8800 2.3918 1.8800 2.2803
1.8700 2.3530 1.8700 2.2387
1.8900 2.0638 1.8900 1.9449
1.9000 1.8525 1.9000 1.7706
1.7100 1.7857 1.7100 1.6722
1.7300 1.5754 1.7300 1.4950
1.7100 1.6281 1.7100 1.5654
1.5900 1.6377 1.5900 1.5564
1.4200 1.5773 1.4200 1.5124
1.2900 1.5140 1.2900 1.4585
1.1800 1.5923 1.1800 1.5352
1.1000 1.6881 1.1000 1.6241
1.0600 1.6487 1.0600 1.5802
1.0700 1.3864 1.0700 1.3259
1.1100 1.1144 1.1100 1.0694
0.9500 1.0861 0.9500 1.0621
0.9600 1.0821 0.9600 1.0517
0.9600 1.0796 0.9600 1.0460
0.9700 1.0585 0.9700 1.0215
0.9700 1.0451 0.9700 1.0086
0.9800 1.0393 0.9800 1.0002
0.9900 1.0795 0.9900 1.0421
1.0100 1.0820 1.0100 1.0428
1.0300 1.0615 1.0300 1.0254
1.0300 1.0755 1.0300 1.0448
1.0300 1.0680 1.0300 1.0367
1.0300 1.0857 1.0300 1.0566
1.0300 1.0981 1.0300 1.0680
1.0200 1.1297 1.0200 1.0997
1.0200 1.1566 1.0200 1.1221
1.0200 1.1302 1.0200 1.0916
1.0100 1.1195 1.0100 1.0833
1.0000 1.1184 1.0000 1.0839
0.9900 1.1174 0.9900 1.0830
0.9700 1.0934 0.9700 1.0574
0.9500 1.0971 0.9500 1.0639
0.9500 1.1021 0.9500 1.0669
0.9700 1.0796 0.9700 1.0430
0.9900 1.0621 0.9900 1.0282
0.9700 1.0509 0.9700 1.0201
0.9200 1.0193 0.9200 0.9892
0.8900 0.9936 0.8900 0.9665
0.8500 1.0165 0.8500 0.9940
0.8200 1.0737 0.8200 1.0510
0.7800 1.1061 0.7800 1.0782
0.7500 1.0369 0.7500 1.0030
0.7100 0.9303 0.7100 0.9009
0.6900 0.9102 0.6900 0.8927
0.6700 0.8684 0.6700 0.8525
0.6500 0.8447 0.6500 0.8337
0.6400 0.7933 0.6400 0.7823
0.6300 0.7715 0.6300 0.7645
0.6600 0.7287 0.6600 0.7237
0.6600 0.7288 0.6600 0.7404
0.6500 0.7199 0.6500 0.7272
0.6300 0.7051 0.6300 0.7171
0.6100 0.7103 0.6100 0.7249
0.6000 0.7107 0.6000 0.7254
0.5800 0.7944 0.5800 0.8128
0.5600 0.7844 0.5600 0.7926
0.5400 0.7501 0.5400 0.7584
0.5300 0.7150 0.5300 0.7237
0.5800 0.6921 0.5800 0.7046
0.6300 0.6973 0.6300 0.7112
0.6700 0.6683 0.6700 0.6814
0.6600 0.6421 0.6600 0.6565
0.6400 0.6243 0.6400 0.6392
0.6000 0.6259 0.6000 0.6440
0.5800 0.7554 0.5800 0.7798
0.5800 0.8395 0.5800 0.8547
0.5900 0.8724 0.5900 0.8786
0.5900 0.7986 0.5900 0.7957
0.6000 0.7422 0.6000 0.7456
0.7000 0.6752 0.7000 0.6814
0.8400 0.6652 0.8400 0.6808
0.9300 0.6944 0.9300 0.7105
1.0600 0.7263 1.0600 0.7371
1.0400 0.7188 1.0400 0.7210
1.0300 0.7352 1.0300 0.7385
1.0800 0.9494 1.0800 0.9629
1.1300 1.1722 1.1300 1.1731
1.1700 1.2471 1.1700 1.2237
1.2000 1.4029 1.2000 1.3773
1.2100 1.2206 1.2100 1.1658
1.2500 1.1551 1.2500 1.1161
1.2900 1.2713 1.2900 1.2401
1.3000 1.3429 1.3000 1.3003
1.3000 1.3686 1.3000 1.3080
1.2600 1.3614 1.2600 1.2926
1.2400 1.3373 1.2400 1.2633
1.2100 1.4100 1.2100 1.3434
1.1900 1.4474 1.1900 1.3839
1.1800 1.4164 1.1800 1.3532
1.1700 1.3846 1.1700 1.3251
1.2300 1.2830 1.2300 1.2184
1.3000 1.2673 1.3000 1.2108
1.2900 1.2265 1.2900 1.1705
1.3200 1.2068 1.3200 1.1565
1.3300 1.2116 1.3300 1.1620
1.3300 1.2034 1.3300 1.1533
1.3500 1.3540 1.3500 1.3116
1.4300 1.4739 1.4300 1.4233
1.5100 1.3707 1.5100 1.3076
1.5900 1.4162 1.5900 1.3703
1.6100 1.4199 1.6100 1.3697
1.7400 1.4074 1.7400 1.3547
1.7300 1.4426 1.7300 1.3913
1.7200 1.6012 1.7200 1.5519
1.7400 1.7203 1.7400 1.6507
1.8500 1.8003 1.8500 1.7208
1.9700 1.7363 1.9700 1.6484
2.0200 1.9740 2.0200 1.9166
2.1600 1.8454 2.1600 1.7475
2.2800 1.7685 2.2800 1.6888
2.3600 1.8145 2.3600 1.7419
2.4500 2.0380 2.4500 1.9790
2.4600 2.1906 2.4600 2.1063
2.4500 2.1805 2.4500 2.0673
2.4600 2.3787 2.4600 2.2977
2.5000 2.5155 2.5000 2.4221
2.4900 2.5420 2.4900 2.4477
2.4500 2.6271 2.4500 2.5442
2.3400 2.5451 2.3400 2.4462
2.3200 2.4807 2.3200 2.3825
2.2900 2.4920 2.2900 2.3954
2.1900 2.5606 2.1900 2.4626
2.1400 2.4909 2.1400 2.3742
1.9900 2.3675 1.9900 2.2552
1.8300 2.1353 1.8300 2.0216
1.6800 2.2065 1.6800 2.1202
1.5400 2.1866 1.5400 2.0876
1.2700 1.9774 1.2700 1.8736
1.1400 1.9591 1.1400 1.8778
1.0100 1.6897 1.0100 1.5909
0.9100 1.4798 0.9100 1.3953
0.8200 1.3312 0.8200 1.2646
0.7400 1.2659 0.7400 1.2066
0.7200 0.9832 0.7200 0.9038
0.6900 1.0195 0.6900 0.9748
0.6500 0.9976 0.6500 0.9464
0.6400 0.9814 0.6400 0.9422
0.6400 0.8725 0.6400 0.8438
0.6200 0.8187 0.6200 0.8078
0.6400 0.8113 0.6400 0.8196
0.7200 0.7833 0.7200 0.7970
0.8200 0.6904 0.8200 0.7138
0.9300 0.6773 0.9300 0.7143
1.0400 0.7000 1.0400 0.7423
1.1300 0.6834 1.1300 0.7127
1.1900 0.7465 1.1900 0.7791
1.2600 0.9273 1.2600 0.9560
1.3300 1.1001 1.3300 1.1087
1.3600 1.2390 1.3600 1.2276
1.4000 1.3575 1.4000 1.3315
1.4300 1.4332 1.4300 1.3942
1.4600 1.4512 1.4600 1.4017
1.5200 1.5145 1.5200 1.4642
1.5800 1.5853 1.5800 1.5269
1.6300 1.5593 1.6300 1.4853
1.7000 1.5817 1.7000 1.5049
1.7500 1.5920 1.7500 1.5084
1.8500 1.6104 1.8500 1.5253
1.9200 1.6982 1.9200 1.6161
2.0400 1.7610 2.0400 1.6757
2.1000 1.7957 2.1000 1.7074
2.1300 1.8820 2.1300 1.7973
2.1600 1.9101 2.1600 1.8204
2.1300 2.0574 2.1300 1.9875
2.1300 2.1157 2.1300 2.0227
2.1200 2.2592 2.1200 2.1804
2.1400 2.2900 2.1400 2.1853
2.1700 2.2495 2.1700 2.1484
2.2000 2.2618 2.2000 2.1658
2.2000 2.1394 2.2000 2.0371
2.2000 2.1453 2.2000 2.0535
2.2400 2.1191 2.2400 2.0207
2.2400 2.1636 2.2400 2.0662
2.2500 2.2179 2.2500 2.1131
2.3100 2.2400 2.3100 2.1357
2.3700 2.2005 2.3700 2.0954
2.3700 2.1853 2.3700 2.0927
2.4100 2.2773 2.4100 2.1945
2.3700 2.2420 2.3700 2.1486
2.5800 2.2452 2.5800 2.1588
2.6300 2.3770 2.6300 2.2947
2.6200 2.4545 2.6200 2.3670
2.5800 2.3831 2.5800 2.2770
2.6100 2.4469 2.6100 2.3610
2.5600 2.3115 2.5600 2.2119
2.5700 2.7457 2.5700 2.6947
2.5400 2.7328 2.5400 2.6424
2.4900 2.6122 2.4900 2.5062
2.4400 2.5038 2.4400 2.4121
2.3700 2.6132 2.3700 2.5372
2.3100 2.4867 2.3100 2.3781
2.1900 2.5243 2.1900 2.4419
2.1300 2.4407 2.1300 2.3436
2.1000 2.3645 2.1000 2.2607
2.0500 2.2900 2.0500 2.1855
2.0400 2.1820 2.0400 2.0830
1.9800 2.1253 1.9800 2.0384
1.9000 1.9227 1.9000 1.8293
1.8700 1.9104 1.8700 1.8351
1.8600 1.9539 1.8600 1.8729
1.8400 1.8889 1.8400 1.8003
1.8200 1.9306 1.8200 1.8517
1.8200 1.8218 1.8200 1.7380
1.8200 1.7066 1.8200 1.6304
1.8400 1.7410 1.8400 1.6799
1.8500 1.7795 1.8500 1.7176
1.8700 1.7704 1.8700 1.7005
1.8800 1.7462 1.8800 1.6763
1.9300 1.7783 1.9300 1.7094
1.9600 1.8030 1.9600 1.7293
1.9200 1.8519 1.9200 1.7816
1.8800 1.8601 1.8800 1.7879
1.8400 1.8970 1.8400 1.8271
1.8400 1.9036 1.8400 1.8271
1.8700 2.0061 1.8700 1.9331
1.8900 2.0305 1.8900 1.9468
1.9200 1.8888 1.9200 1.7981
1.9400 1.8151 1.9400 1.7360
1.9600 1.7714 1.9600 1.6941
2.0200 1.8241 2.0200 1.7489
2.0900 1.9066 2.0900 1.8265
2.1100 1.9202 2.1100 1.8323
2.1000 1.9659 2.1000 1.8777
2.0300 1.9790 2.0300 1.8895
1.9600 1.9980 1.9600 1.9138
1.9400 2.1156 1.9400 2.0414
1.9200 2.2110 1.9200 2.1380
1.8600 2.1788 1.8600 2.0868
1.8000 2.1062 1.8000 2.0154
1.7500 1.9372 1.7500 1.8440
1.6800 1.8388 1.6800 1.7553
1.6300 1.8748 1.6300 1.7982
1.5800 1.8660 1.5800 1.7796
1.5300 1.7488 1.5300 1.6528
1.4700 1.6638 1.4700 1.5749
1.4000 1.6257 1.4000 1.5429
1.3400 1.5387 1.3400 1.4587
1.3000 1.5006 1.3000 1.4357
1.2600 1.4581 1.2600 1.3981
1.2000 1.4169 1.2000 1.3577
1.1400 1.3488 1.1400 1.2880
1.1200 1.2626 1.1200 1.2070
1.0800 1.2175 1.0800 1.1710
1.0100 1.2129 1.0100 1.1728
0.8300 1.1874 0.8300 1.1470
0.8000 1.1090 0.8000 1.0686
0.7900 1.0436 0.7900 1.0100
0.7800 1.0816 0.7800 1.0569
0.7800 1.0446 0.7800 1.0156
0.7900 0.9325 0.7900 0.9057
0.8200 0.6603 0.8200 0.6381
0.8600 0.7732 0.8600 0.7843
0.9200 0.8490 0.9200 0.8548
0.9800 0.8494 0.9800 0.8529
1.0500 0.8259 1.0500 0.8268
1.1000 0.8598 1.1000 0.8637
1.1600 0.9442 1.1600 0.9444
1.2300 1.0146 1.2300 1.0139
1.2700 1.1023 1.2700 1.1040
1.3100 1.1887 1.3100 1.1803
1.3600 1.2761 1.3600 1.2546
1.4300 1.3118 1.4300 1.2727
1.5300 1.3759 1.5300 1.3341
1.6400 1.4627 1.6400 1.4146
1.7500 1.4682 1.7500 1.4080
1.7900 1.4894 1.7900 1.4265
1.8600 1.5454 1.8600 1.4800
1.8700 1.6426 1.8700 1.5728
1.8900 1.7830 1.8900 1.7121
1.9100 1.9008 1.9100 1.8259
1.9500 2.0160 1.9500 1.9335
1.9900 1.9786 1.9900 1.8770
2.0400 2.0527 2.0400 1.9659
2.1000 1.9902 2.1000 1.8933
2.1300 1.9892 2.1300 1.9012
2.1000 2.0004 2.1000 1.9083
2.0000 2.0554 2.0000 1.9615
1.9300 2.0997 1.9300 1.9957
1.8900 2.1530 1.8900 2.0496
1.8800 2.2242 1.8800 2.1226
1.8700 2.2188 1.8700 2.1154
1.8500 2.0866 1.8500 1.9848
1.8200 1.8597 1.8200 1.7643
1.8000 1.7892 1.8000 1.7131
1.7800 1.7943 1.7800 1.7157
1.7600 1.8289 1.7600 1.7446
1.7500 1.8242 1.7500 1.7319
1.7300 1.7881 1.7300 1.6951
1.7200 1.7461 1.7200 1.6566
1.7400 1.7379 1.7400 1.6599
1.7500 1.7226 1.7500 1.6531
1.7500 1.7068 1.7500 1.6425
1.7500 1.7124 1.7500 1.6482
1.7600 1.6889 1.7600 1.6176
1.7700 1.6919 1.7700 1.6205
1.7900 1.7582 1.7900 1.6892
1.8000 1.7718 1.8000 1.6974
1.8100 1.7587 1.8100 1.6838
1.8100 1.7547 1.8100 1.6824
1.8000 1.7819 1.8000 1.7108
1.8000 1.8009 1.8000 1.7267
1.8100 1.8325 1.8100 1.7587
1.8100 1.8342 1.8100 1.7563
1.8200 1.8426 1.8200 1.7638
1.8100 1.8289 1.8100 1.7473
1.8000 1.8001 1.8000 1.7193
1.8000 1.8075 1.8000 1.7304
1.7900 1.8333 1.7900 1.7558
1.7900 1.8236 1.7900 1.7414
1.8000 1.8416 1.8000 1.7610
1.8000 1.8073 1.8000 1.7233
1.8100 1.7898 1.8100 1.7093
1.8100 1.8014 1.8100 1.7240
1.8200 1.7807 1.8200 1.7019
1.8300 1.7903 1.8300 1.7137
1.8300 1.8163 1.8300 1.7393
1.8300 1.8084 1.8300 1.7274
1.8200 1.8297 1.8200 1.7509
1.8200 1.8186 1.8200 1.7388
1.8300 1.8401 1.8300 1.7634
1.8300 1.8556 1.8300 1.7775
1.8400 1.8412 1.8400 1.7614
1.8400 1.8380 1.8400 1.7590
1.8300 1.8135 1.8300 1.7334
1.8400 1.8220 1.8400 1.7438
1.8400 1.8494 1.8400 1.7707
1.8300 1.8386 1.8300 1.7566
1.8300 1.8583 1.8300 1.7782
1.8200 1.8483 1.8200 1.7660
1.8200 1.8217 1.8200 1.7397
1.8300 1.8538 1.8300 1.7770
1.8300 1.8473 1.8300 1.7673
1.8300 1.8213 1.8300 1.7404
1.8400 1.8282 1.8400 1.7502
1.8500 1.8080 1.8500 1.7273
1.8500 1.8196 1.8500 1.7407
1.8600 1.8445 1.8600 1.7661
1.8400 1.8354 1.8400 1.7544
1.8200 1.8336 1.8200 1.7536
1.8200 1.8553 1.8200 1.7773
1.7800 1.8717 1.7800 1.7920
1.8200 1.8601 1.8200 1.7790
1.8800 1.8769 1.8800 1.7991
1.9500 1.8221 1.9500 1.7390
1.9400 1.7894 1.9400 1.7103
1.9200 1.8128 1.9200 1.7369
1.9100 1.7271 1.9100 1.6435
1.9200 1.8560 1.9200 1.7872
1.9300 1.9764 1.9300 1.8972
1.9300 2.0713 1.9300 1.9896
1.9200 1.9666 1.9200 1.8686
1.9000 1.8950 1.9000 1.8140
1.8800 1.8999 1.8800 1.8250
1.8500 1.9411 1.8500 1.8670
1.7800 1.9522 1.7800 1.8715
1.7500 1.9348 1.7500 1.8497
1.7200 1.9058 1.7200 1.8158
1.6900 1.8704 1.6900 1.7780
1.6500 1.8400 1.6500 1.7535
1.6500 1.7938 1.6500 1.7123
1.7000 1.6619 1.7000 1.5808
1.7800 1.6651 1.7800 1.5955
1.7700 1.6512 1.7700 1.5756
1.7500 1.6229 1.7500 1.5464
1.7300 1.5678 1.7300 1.4926
1.7200 1.6153 1.7200 1.5510
1.7200 1.7588 1.7200 1.6947
1.7200 1.9005 1.7200 1.8389
1.7200 1.7966 1.7200 1.7110
1.7100 1.7301 1.7100 1.6598
1.6900 1.7091 1.6900 1.6437
1.6600 1.7183 1.6600 1.6524
1.6400 1.7324 1.6400 1.6638
1.6400 1.7286 1.6400 1.6564
1.6200 1.7313 1.6200 1.6522
1.6200 1.7113 1.6200 1.6262
1.6100 1.6686 1.6100 1.5863
1.6100 1.6209 1.6100 1.5458
1.6200 1.6068 1.6200 1.5398
1.6500 1.6379 1.6500 1.5719
1.6700 1.6015 1.6700 1.5284
1.6600 1.6188 1.6600 1.5500
1.6600 1.6055 1.6600 1.5337
1.7300 1.6177 1.7300 1.5492
1.7600 1.6474 1.7600 1.5799
1.7700 1.7086 1.7700 1.6435
1.7600 1.7299 1.7600 1.6586
1.7200 1.6784 1.7200 1.6034
1.7200 1.6777 1.7200 1.6085
1.7000 1.8481 1.7000 1.7858
1.6800 1.8595 1.6800 1.7779
1.6700 1.8252 1.6700 1.7431
1.6800 1.7748 1.6800 1.6948
1.6700 1.6888 1.6700 1.6082
1.6500 1.7288 1.6500 1.6563
1.6200 1.6890 1.6200 1.6108
1.5800 1.6563 1.5800 1.5803
1.5400 1.6586 1.5400 1.5817
1.4900 1.6952 1.4900 1.6180
1.4500 1.6728 1.4500 1.5901
1.4100 1.6270 1.4100 1.5517
1.3900 1.5771 1.3900 1.5074
1.3700 1.5241 1.3700 1.4572
1.3700 1.4780 1.3700 1.4136
1.3800 1.4128 1.3800 1.3492
1.4800 1.3804 1.4800 1.3213
1.5600 1.3463 1.5600 1.2864
1.6300 1.3524 1.6300 1.2964
1.7100 1.3448 1.7100 1.2885
1.7900 1.3736 1.7900 1.3228
1.9100 1.4111 1.9100 1.3604
1.9700 1.6394 1.9700 1.5973
2.0000 1.7436 2.0000 1.6833
2.0300 1.8029 2.0300 1.7362
1.9500 1.8971 1.9500 1.8307
1.8600 1.9909 1.8600 1.9204
1.8000 2.1459 1.8000 2.0766
1.7600 2.1682 1.7600 2.0769
1.7200 2.1278 1.7200 2.0367
1.6600 2.1441 1.6600 2.0530
1.6500 1.9043 1.6500 1.7953
1.6200 1.7417 1.6200 1.6471
1.6100 1.6929 1.6100 1.6095
1.6400 1.6806 1.6400 1.5932
1.6500 1.6443 1.6500 1.5489
1.6400 1.5389 1.6400 1.4455
1.6300 1.5863 1.6300 1.5085
1.5800 1.5594 1.5800 1.4797
1.5300 1.5657 1.5300 1.4993
1.4300 1.6612 1.4300 1.6055
1.3200 1.6711 1.3200 1.6096
1.2500 1.6381 1.2500 1.5718
1.1800 1.6205 1.1800 1.5579
1.1000 1.5220 1.1000 1.4560
1.0400 1.4600 1.0400 1.3997
0.9900 1.2868 0.9900 1.2229
0.9400 1.1384 0.9400 1.0829
0.8900 1.1125 0.8900 1.0666
0.8700 1.0582 0.8700 1.0124
0.8600 0.9975 0.8600 0.9586
0.8300 0.9677 0.8300 0.9383
0.8100 0.9437 0.8100 0.9213
0.7900 0.9115 0.7900 0.8948
0.7700 0.8550 0.7700 0.8476
0.7600 0.8512 0.7600 0.8557
0.7400 0.8827 0.7400 0.8863
0.7300 0.8436 0.7300 0.8419
0.7300 0.8319 0.7300 0.8341
0.7200 0.8248 0.7200 0.8284
0.7200 0.8146 0.7200 0.8181
0.7700 0.8211 0.7700 0.8252
0.8000 0.7961 0.8000 0.7988
0.8300 0.7996 0.8300 0.8033
0.8500 0.8200 0.8500 0.8226
0.8800 0.8059 0.8800 0.8056
0.9000 0.8165 0.9000 0.8185
0.9200 0.9333 0.9200 0.9393
0.9400 0.9707 0.9400 0.9635
1.0000 0.9951 1.0000 0.9836
1.0100 1.0010 1.0100 0.9856
1.0000 1.0426 1.0000 1.0276
1.0000 1.0591 1.0000 1.0375
1.0000 1.0698 1.0000 1.0465
1.0300 1.0871 1.0300 1.0605
1.0600 1.1975 1.0600 1.1701
1.0700 1.1634 1.0700 1.1185
1.1000 1.1010 1.1000 1.0574
1.1400 1.0960 1.1400 1.0596
1.1400 1.1002 1.1400 1.0649
1.1300 1.1663 1.1300 1.1323
1.1100 1.2035 1.1100 1.1643
1.1000 1.1866 1.1000 1.1419
1.1000 1.2342 1.1000 1.1912
1.1300 1.2933 1.1300 1.2487
1.1400 1.2503 1.1400 1.1994
1.1100 1.2043 1.1100 1.1594
1.0700 1.1607 1.0700 1.1185
1.0200 1.1603 1.0200 1.1197
1.0000 1.1742 1.0000 1.1320
1.0200 1.2402 1.0200 1.1995
1.0400 1.2403 1.0400 1.1910
1.0500 1.1506 1.0500 1.0980
1.0900 1.0748 1.0900 1.0306
1.1200 1.0063 1.1200 0.9709
1.1300 1.0182 1.1300 0.9934
1.1400 1.1000 1.1400 1.0775
1.1800 1.1398 1.1800 1.1086
1.2100 1.1421 1.2100 1.1038
1.2300 1.2160 1.2300 1.1812
1.2500 1.2541 1.2500 1.2152
1.2300 1.2399 1.2300 1.2007
1.1900 1.2374 1.1900 1.2022
1.1500 1.3165 1.1500 1.2833
1.1400 1.3541 1.1400 1.3079
1.1300 1.3544 1.1300 1.3011
1.0900 1.3646 1.0900 1.3101
1.1100 1.2946 1.1100 1.2348
1.1400 1.2076 1.1400 1.1511
1.1900 1.1491 1.1900 1.1003
1.2300 1.1718 1.2300 1.1309
1.2600 1.1755 1.2600 1.1299
1.2800 1.0923 1.2800 1.0426
1.2700 1.1702 1.2700 1.1334
1.2400 1.2458 1.2400 1.2049
1.2000 1.3320 1.2000 1.2903
1.1700 1.3695 1.1700 1.3237
1.1300 1.3842 1.1300 1.3391
1.1000 1.3963 1.1000 1.3478
1.0900 1.3440 1.0900 1.2918
1.0700 1.2705 1.0700 1.2200
1.0500 1.2056 1.0500 1.1577
1.0600 1.1773 1.0600 1.1309
1.0600 1.1264 1.0600 1.0756
1.0600 1.0977 1.0600 1.0509
1.0800 1.1142 1.0800 1.0717
1.0700 1.0923 1.0700 1.0498
1.0600 1.0684 1.0600 1.0311
1.0300 1.1159 1.0300 1.0880
1.0200 1.1232 1.0200 1.0934
1.0100 1.1246 1.0100 1.0954
1.0000 1.1697 1.0000 1.1430
1.0000 1.1373 1.0000 1.1035
0.9900 1.1180 0.9900 1.0857
0.9800 1.0602 0.9800 1.0268
0.9700 1.0661 0.9700 1.0392
0.9300 1.0683 0.9300 1.0383
0.9200 1.0555 0.9200 1.0248
0.9100 1.0679 0.9100 1.0375
0.8700 1.0518 0.8700 1.0199
0.8700 1.0381 0.8700 1.0080
0.8600 1.0290 0.8600 1.0019
0.8800 0.9512 0.8800 0.9246
0.9200 0.9653 0.9200 0.9482
0.9600 0.9693 0.9600 0.9505
0.9800 0.8955 0.9800 0.8730
1.0100 0.9289 1.0100 0.9158
1.0400 0.9257 1.0400 0.9097
1.0400 0.9851 1.0400 0.9724
1.0500 1.0657 1.0500 1.0501
1.0500 1.1171 1.0500 1.0968
1.0200 1.1212 1.0200 1.0935
0.9800 1.1542 0.9800 1.1282
0.9600 1.1913 0.9600 1.1619
0.9100 1.1583 0.9100 1.1226
0.8700 1.1607 0.8700 1.1273
0.8500 1.1505 0.8500 1.1124
0.8400 1.0778 0.8400 1.0346
0.8300 1.0049 0.8300 0.9644
0.8100 0.9963 0.8100 0.9646
0.7800 0.9188 0.7800 0.8849
0.7500 0.8724 0.7500 0.8473
0.7100 0.8751 0.7100 0.8573
0.6800 0.8913 0.6800 0.8765
0.6600 0.8897 0.6600 0.8750
0.6500 0.8561 0.6500 0.8441
0.6600 0.8129 0.6600 0.8059
0.6700 0.7836 0.6700 0.7823
0.6500 0.7323 0.6500 0.7344
0.6700 0.7119 0.6700 0.7203
0.7000 0.7108 0.7000 0.7218
0.7300 0.7217 0.7300 0.7323
0.7900 0.7648 0.7900 0.7752
0.8400 0.7885 0.8400 0.7960
0.8800 0.7372 0.8800 0.7413
0.9300 0.7928 0.9300 0.8064
0.9900 0.8589 0.9900 0.8693
1.0500 0.9014 1.0500 0.9056
1.1100 0.9983 1.1100 0.9986
1.1700 1.0528 1.1700 1.0414
1.2400 1.0830 1.2400 1.0623
1.3100 1.1394 1.3100 1.1154
1.3800 1.2143 1.3800 1.1866
1.4400 1.2828 1.4400 1.2468
1.4900 1.3385 1.4900 1.2946
1.5000 1.3946 1.5000 1.3432
1.4900 1.4770 1.4900 1.4200
1.4800 1.5479 1.4800 1.4835
1.4700 1.6132 1.4700 1.5439
1.4500 1.6557 1.4500 1.5816
1.4600 1.6834 1.4600 1.6058
1.5000 1.6311 1.5000 1.5472
1.5300 1.5679 1.5300 1.4873
1.5800 1.5379 1.5800 1.4617
1.6200 1.5187 1.6200 1.4427
1.6500 1.4762 1.6500 1.3981
1.6900 1.5102 1.6900 1.4377
1.7200 1.5980 1.7200 1.5253
1.7500 1.6295 1.7500 1.5505
1.7700 1.6988 1.7700 1.6250
1.7800 1.7348 1.7800 1.6607
1.7900 1.7526 1.7900 1.6796
1.7900 1.8028 1.7900 1.7322
1.8000 1.8217 1.8000 1.7478
1.8000 1.8492 1.8000 1.7729
1.8000 1.8530 1.8000 1.7715
1.8200 1.8407 1.8200 1.7561
1.8600 1.8446 1.8600 1.7594
1.9000 1.8247 1.9000 1.7382
1.9200 1.8389 1.9200 1.7549
1.9400 1.8257 1.9400 1.7395
1.9800 1.8168 1.9800 1.7321
2.0200 1.8611 2.0200 1.7792
2.0500 1.9348 2.0500 1.8527
2.0900 1.9848 2.0900 1.8986
2.1300 1.9777 2.1300 1.8895
2.1600 1.9887 2.1600 1.9050
2.1800 2.0585 2.1800 1.9776
2.2000 2.1076 2.2000 2.0223
2.2100 2.1226 2.2100 2.0343
2.2200 2.1695 2.2200 2.0829
2.2300 2.2145 2.2300 2.1235
2.2300 2.2315 2.2300 2.1361
2.2400 2.2290 2.2400 2.1343
2.2400 2.2405 2.2400 2.1490
2.2300 2.2351 2.2300 2.1414
2.2200 2.2363 2.2200 2.1426
2.2300 2.2404 2.2300 2.1462
2.2400 2.2230 2.2400 2.1272
2.2400 2.2389 2.2400 2.1455
2.2400 2.2250 2.2400 2.1292
2.2500 2.1944 2.2500 2.0997
2.2400 2.1771 2.2400 2.0858
2.2400 2.2113 2.2400 2.1237
2.2400 2.2300 2.2400 2.1387
2.2400 2.2149 2.2400 2.1222
2.2400 2.2089 2.2400 2.1191
2.2500 2.2344 2.2500 2.1467
2.2500 2.2021 2.2500 2.1101
2.2900 2.2062 2.2900 2.1197
2.3200 2.2082 2.3200 2.1215
2.3400 2.2101 2.3400 2.1219
2.3500 2.2100 2.3500 2.1202
2.3500 2.2316 2.3500 2.1435
2.3600 2.2236 2.3600 2.1326
2.3600 2.3162 2.3600 2.2318
2.3700 2.3489 2.3700 2.2567
2.3700 2.3548 2.3700 2.2625
2.3700 2.3473 2.3700 2.2568
2.3800 2.3291 2.3800 2.2401
2.3700 2.3510 2.3700 2.2639
2.3500 2.3377 2.3500 2.2472
2.3600 2.3535 2.3600 2.2644
2.3700 2.3436 2.3700 2.2496
2.3800 2.3363 2.3800 2.2422
2.3700 2.3597 2.3700 2.2666
2.3700 2.3230 2.3700 2.2277
2.4000 2.2796 2.4000 2.1875
2.4200 2.3250 2.4200 2.2400
2.3700 2.3463 2.3700 2.2557
2.5600 2.3588 2.5600 2.2663
2.5300 2.3176 2.5300 2.2239
2.5000 2.3240 2.5000 2.2362
2.4500 2.4038 2.4500 2.3179
2.4100 2.4215 2.4100 2.3291
2.3800 2.2691 2.3800 2.1700
2.3600 2.6888 2.3600 2.6461
2.2600 2.5315 2.2600 2.4047
2.1600 2.4218 2.1600 2.3274
2.0900 2.3289 2.0900 2.2445
2.0700 2.2915 2.0700 2.2123
1.9400 2.2932 1.9400 2.2017
1.8100 2.2594 1.8100 2.1714
1.7300 2.0468 1.7300 1.9432
1.6900 1.9274 1.6900 1.8334
1.6500 1.8750 1.6500 1.7872
1.6100 1.9449 1.6100 1.8630
1.5600 1.6820 1.5600 1.5857
1.5300 1.4996 1.5300 1.4260
1.5100 1.4882 1.5100 1.4270
1.5400 1.5368 1.5400 1.4738
1.5500 1.5195 1.5500 1.4519
1.5200 1.4779 1.5200 1.4186
1.5000 1.4280 1.5000 1.3711
1.4700 1.4398 1.4700 1.3866
1.4200 1.4463 1.4200 1.3958
1.4500 1.5562 1.4500 1.5153
1.4600 1.5732 1.4600 1.5218
1.5100 1.4925 1.5100 1.4325
1.6200 1.4733 1.6200 1.4181
1.7100 1.4402 1.7100 1.3845
1.8200 1.3646 1.8200 1.3082
1.9500 1.4861 1.9500 1.4428
2.0100 1.5073 2.0100 1.4477
2.0600 1.6102 2.0600 1.5494
2.0900 1.8090 2.0900 1.7539
2.0800 1.9032 2.0800 1.8389
2.0500 2.0397 2.0500 1.9742
2.0600 2.1915 2.0600 2.1190
2.1200 2.2081 2.1200 2.1180
2.1100 2.2227 2.1100 2.1377
2.0300 2.2091 2.0300 2.1219
1.9400 2.1337 1.9400 2.0380
1.9000 2.0498 1.9000 1.9515
1.7900 2.0837 1.7900 1.9906
1.6700 2.2218 1.6700 2.1233
1.5600 2.1310 1.5600 2.0115
1.4800 1.9112 1.4800 1.7975
1.3400 1.7686 1.3400 1.6761
1.2900 1.7873 1.2900 1.7101
1.2400 1.6006 1.2400 1.5093
1.1900 1.4215 1.1900 1.3457
1.1500 1.3112 1.1500 1.2444
1.1000 1.2818 1.1000 1.2178
1.0800 1.1373 1.0800 1.0693
1.0500 1.1779 1.0500 1.1369
1.0200 1.1349 1.0200 1.0988
0.9900 1.0929 0.9900 1.0624
0.9900 1.0587 0.9900 1.0295
0.9700 1.0101 0.9700 0.9889
0.9300 1.0425 0.9300 1.0300
0.9100 1.0258 0.9100 1.0105
0.8900 0.9959 0.8900 0.9831
0.8700 0.9797 0.8700 0.9666
0.8600 1.0220 0.8600 1.0113
0.8500 1.0024 0.8500 0.9819
0.8400 0.9320 0.8400 0.9124
0.8200 0.9276 0.8200 0.9154
0.8000 0.9243 0.8000 0.9119
0.7700 0.9096 0.7700 0.8965
0.7700 0.9116 0.7700 0.9006
0.7500 0.9083 0.7500 0.8976
0.7200 0.9059 0.7200 0.8939
0.7100 0.8746 0.7100 0.8622
0.7200 0.8508 0.7200 0.8427
0.7200 0.8120 0.7200 0.8062
0.7000 0.8447 0.7000 0.8452
0.6700 0.8178 0.6700 0.8126
0.6600 0.7678 0.6600 0.7642
0.6400 0.7765 0.6400 0.7784
0.6100 0.8240 0.6100 0.8281
0.5900 0.8277 0.5900 0.8269
0.5600 0.7781 0.5600 0.7764
0.5400 0.7250 0.5400 0.7275
0.5300 0.7395 0.5300 0.7482
0.5200 0.7194 0.5200 0.7265
0.5400 0.6717 0.5400 0.6807
0.5600 0.6570 0.5600 0.6712
0.5900 0.6230 0.5900 0.6369
0.6600 0.6131 0.6600 0.6356
0.8000 0.6193 0.8000 0.6454
0.9500 0.6165 0.9500 0.6406
1.0900 0.6770 1.0900 0.7043
1.2200 0.7153 1.2200 0.7373
1.3100 0.7626 1.3100 0.7818
1.3400 0.8898 1.3400 0.9074
1.3400 1.1355 1.3400 1.1436
1.3200 1.3228 1.3200 1.3037
1.3300 1.4702 1.3300 1.4293
1.3300 1.5983 1.3300 1.5429
1.3300 1.6430 1.3300 1.5801
1.3300 1.5770 1.3300 1.5044
1.3500 1.4977 1.3500 1.4268
1.3700 1.4224 1.3700 1.3510
1.3700 1.4485 1.3700 1.3767
1.3700 1.4323 1.3700 1.3483
1.3900 1.4116 1.3900 1.3260
1.4000 1.3996 1.4000 1.3166
1.4200 1.4374 1.4200 1.3627
1.4500 1.4634 1.4500 1.3920
1.4700 1.4333 1.4700 1.3667
1.5000 1.4202 1.5000 1.3616
1.5200 1.4675 1.5200 1.4130
1.5400 1.4752 1.5400 1.4147
1.5700 1.5030 1.5700 1.4427
1.6000 1.5475 1.6000 1.4865
1.6100 1.5622 1.6100 1.4957
1.6200 1.6018 1.6200 1.5349
1.6300 1.6106 1.6300 1.5410
1.6400 1.6265 1.6400 1.5580
1.6500 1.6694 1.6500 1.6007
1.6700 1.7012 1.6700 1.6289
1.6900 1.6852 1.6900 1.6077
1.7100 1.6826 1.7100 1.6073
1.7300 1.6892 1.7300 1.6136
1.7500 1.6986 1.7500 1.6220
1.7700 1.7041 1.7700 1.6269
1.7900 1.7332 1.7900 1.6571
1.8100 1.7571 1.8100 1.6783
1.8300 1.7763 1.8300 1.6960
1.8600 1.7939 1.8600 1.7139
1.8700 1.8135 1.8700 1.7344
1.8900 1.8331 1.8900 1.7540
1.9100 1.8518 1.9100 1.7720
1.9300 1.8704 1.9300 1.7898
1.9300 1.8897 1.9300 1.8077
1.9200 1.9315 1.9200 1.8493
1.9100 1.9179 1.9100 1.8305
1.9200 1.9407 1.9200 1.8571
1.9200 1.9627 1.9200 1.8777
1.9100 1.9817 1.9100 1.8957
1.9400 1.9529 1.9400 1.8636
1.9800 1.9161 1.9800 1.8296
2.1300 1.8994 2.1300 1.8147
2.1900 1.9341 2.1900 1.8517
2.2200 1.9254 2.2200 1.8378
2.2500 1.8951 2.2500 1.8077
2.2800 1.9722 2.2800 1.8920
2.3000 2.0452 2.3000 1.9594
2.2800 2.2945 2.2800 2.2336
2.2600 2.3278 2.2600 2.2361
2.3000 2.2978 2.3000 2.2034
2.3100 2.3191 2.3100 2.2341
2.2500 2.3499 2.2500 2.2657
2.2200 2.3584 2.2200 2.2679
2.1700 2.2630 2.1700 2.1691
2.1300 2.2167 2.1300 2.1245
2.1100 2.3420 2.1100 2.2498
2.0800 2.3236 2.0800 2.2132
2.0000 2.1493 2.0000 2.0369
1.9700 2.1202 1.9700 2.0328
1.9400 2.0518 1.9400 1.9601
1.9000 2.0194 1.9000 1.9298
1.8900 2.0189 1.8900 1.9340
1.8600 1.9785 1.8600 1.8918
1.8400 1.8346 1.8400 1.7407
1.8400 1.8465 1.8400 1.7690
1.8200 1.8373 1.8200 1.7570
1.7800 1.7922 1.7800 1.7133
1.7600 1.8151 1.7600 1.7443
1.7100 1.7744 1.7100 1.6982
1.6600 1.7710 1.6600 1.6972
1.6400 1.8044 1.6400 1.7331
1.6300 1.7680 1.6300 1.6939
1.6000 1.7023 1.6000 1.6293
1.5900 1.6982 1.5900 1.6325
1.5900 1.6212 1.5900 1.5483
1.5600 1.5626 1.5600 1.4938
1.5400 1.5772 1.5400 1.5141
1.5200 1.5971 1.5200 1.5309
1.5000 1.5516 1.5000 1.4794
1.4900 1.5570 1.4900 1.4919
1.4800 1.5831 1.4800 1.5194
1.5100 1.5278 1.5100 1.4601
1.4900 1.5069 1.4900 1.4469
1.4400 1.4920 1.4400 1.4342
