2.2900 1.7749 2.2900 1.2914
2.4300 1.4434 2.4300 1.2341
2.5300 1.2544 2.5300 1.1714
2.5900 1.2238 2.5900 1.1441
2.6300 1.1884 2.6300 1.0928
2.6400 1.1674 2.6400 1.0645
2.6300 1.3090 2.6300 1.4341
2.5700 1.5967 2.5700 1.8775
2.4800 1.8909 2.4800 2.0882
2.3300 2.0800 2.3300 2.1988
2.1400 2.1960 2.1400 2.2647
1.9400 2.3582 1.9400 2.4395
1.7600 2.4873 1.7600 2.5479
1.6200 2.6291 1.6200 2.6853
1.5000 2.6654 1.5000 2.6218
1.4000 2.6618 1.4000 2.5389
1.3100 2.6952 1.3100 2.6054
1.2500 2.6591 1.2500 2.5622
1.2000 2.5523 1.2000 2.4091
1.1500 2.3185 1.1500 2.0343
1.0900 2.1083 1.0900 1.7632
1.0400 1.7604 1.0400 1.2678
1.0400 1.4151 1.0400 1.2177
1.0800 1.2509 1.0800 1.1762
1.1300 1.2158 1.1300 1.1352
1.2000 1.1843 1.2000 1.0895
1.2700 1.1483 1.2700 1.0353
1.3400 1.1197 1.3400 1.0029
1.4000 1.0971 1.4000 0.9851
1.4500 1.0874 1.4500 0.9861
1.5000 1.0753 1.5000 0.9749
1.5500 1.0623 1.5500 0.9614
1.5900 1.0495 1.5900 0.9504
1.6000 1.0445 1.6000 0.9532
1.5900 1.0894 1.5900 1.1329
1.7900 1.9728 1.7900 1.7477
1.7500 1.7258 1.7500 1.3805
1.7000 1.5207 1.7000 1.1988
1.6600 1.4470 1.6600 1.2564
1.6200 1.5558 1.6200 1.5858
1.5900 1.6200 1.5900 1.6939
1.5400 1.7255 1.5400 1.8398
1.4800 1.7707 1.4800 1.8672
1.4100 1.8163 1.4100 1.8915
1.3500 1.7812 1.3500 1.7704
1.3000 1.7433 1.3000 1.7001
1.2600 1.6496 1.2600 1.5504
1.2000 1.6373 1.2000 1.5945
1.1400 1.5637 1.1400 1.4965
1.0800 1.4774 1.0800 1.3736
1.0200 1.4639 1.0200 1.4112
0.9800 1.4273 0.9800 1.3856
0.9500 1.4278 0.9500 1.4000
0.9500 1.3306 0.9500 1.2334
0.9800 1.2503 0.9800 1.1284
1.0300 1.1645 1.0300 1.0380
1.1000 1.1395 1.1000 1.0513
1.2000 1.1254 1.2000 1.0545
1.3100 1.1201 1.3100 1.0627
1.4200 1.0724 1.4200 0.9757
1.5300 1.0624 1.5300 0.9699
1.6300 1.0536 1.6300 0.9637
1.7200 1.0430 1.7200 0.9497
1.8000 1.0374 1.8000 0.9449
1.8800 1.0296 1.8800 0.9359
1.9700 1.0349 1.9700 1.0320
2.0600 1.1472 2.0600 1.1969
2.1100 1.2479 2.1100 1.3167
2.1100 1.3664 2.1100 1.4556
2.0800 1.5089 2.0800 1.6072
2.0600 1.6022 2.0600 1.6945
2.0800 1.6852 2.0800 1.7575
2.1200 1.7787 2.1200 1.8607
2.1600 1.8537 2.1600 1.9291
2.1900 1.9287 2.1900 2.0007
2.2100 1.9934 2.2100 2.0669
2.1800 2.0727 2.1800 2.1681
2.1200 2.1760 2.1200 2.3037
2.0400 2.2517 2.0400 2.3577
2.0100 2.2210 2.0100 2.1992
2.0600 2.1234 2.0600 2.0068
2.1100 1.9942 2.1100 1.8269
2.1000 1.9728 2.1000 1.9143
2.0400 2.0720 2.0400 2.1874
1.9900 2.1438 1.9900 2.3041
2.0000 2.1776 2.0000 2.2986
2.0600 2.1945 2.0600 2.2433
2.1400 2.2037 2.1400 2.2429
2.2600 2.0423 2.2600 1.9039
2.4100 1.8856 2.4100 1.6584
2.5800 1.7311 2.5800 1.5015
2.7300 1.8137 2.7300 1.8250
2.8200 2.0726 2.8200 2.3585
2.8300 2.1178 2.8300 2.3187
2.7600 1.9596 2.7600 1.8793
2.6400 1.7930 2.6400 1.5658
2.4800 1.7826 2.4800 1.6748
2.3400 1.9481 2.3400 2.0911
2.2100 2.1254 2.2100 2.3868
2.1000 2.2529 2.1000 2.4485
1.9900 2.4487 1.9900 2.5706
1.8900 2.6153 1.8900 2.7517
1.8200 2.7952 1.8200 2.9026
1.7700 2.8933 1.7700 2.8809
1.7100 2.8732 1.7100 2.6866
1.6300 2.7818 1.6300 2.4647
1.5100 2.5693 1.5100 2.1095
1.3800 2.2515 1.3800 1.6984
1.2700 1.9051 1.2700 1.3327
1.1900 1.7490 1.1900 1.3825
1.1400 1.6051 1.1400 1.3537
1.1400 1.5300 1.1400 1.3495
1.1400 1.4277 1.1400 1.2393
1.1500 1.3744 1.1500 1.2261
1.1800 1.4165 1.1800 1.3708
1.2600 1.4484 1.2600 1.4459
1.3700 1.3849 1.3700 1.3012
1.5000 1.2733 1.5000 1.1168
1.6400 1.1359 1.6400 1.0422
1.7800 1.1170 1.7800 1.0267
1.9300 1.1025 1.9300 1.0144
2.0500 1.0868 2.0500 0.9906
2.1600 1.0709 2.1600 0.9668
2.2500 1.1091 2.2500 1.1643
2.3100 1.1339 2.3100 1.1541
2.3500 1.1915 2.3500 1.2106
2.3800 1.2956 2.3800 1.3734
2.4300 1.5153 2.4300 1.6959
2.5000 1.6786 2.5000 1.8274
2.5700 1.7876 2.5700 1.9070
2.6100 1.9065 2.6100 2.0178
2.6200 2.0231 2.6200 2.1225
2.6100 2.1861 2.6100 2.3129
2.5900 2.2502 2.5900 2.2970
2.5600 2.3450 2.5600 2.3785
2.5100 2.4115 2.5100 2.4376
2.4400 2.4240 2.4400 2.4011
2.3600 2.4478 2.3600 2.4205
2.2900 2.4635 2.2900 2.4646
2.2400 2.5397 2.2400 2.6379
2.2000 2.6430 2.2000 2.7571
2.1500 2.6857 2.1500 2.7223
2.0400 2.6542 2.0400 2.5637
1.9300 2.5855 1.9300 2.4675
1.8400 2.5164 1.8400 2.4007
1.7800 2.4494 1.7800 2.3310
1.7300 2.3660 1.7300 2.2369
1.6800 2.2371 1.6800 2.0570
1.6300 2.0944 1.6300 1.8674
1.5800 1.9737 1.5800 1.7504
1.5400 1.9200 1.5400 1.7736
1.4900 1.9182 1.4900 1.8621
1.4400 1.9050 1.4400 1.8724
1.3800 1.8346 1.3800 1.7462
1.3300 1.5704 1.3300 1.2623
1.2900 1.4635 1.2900 1.2018
1.2700 1.4334 1.2700 1.3182
1.2300 1.4525 1.2300 1.4215
1.1900 1.4317 1.1900 1.3821
1.1500 1.3933 1.1500 1.3352
1.1400 1.3688 1.1400 1.3114
1.1500 1.3423 1.1500 1.2843
1.1600 1.3459 1.1600 1.3092
1.1700 1.2808 1.1700 1.1993
1.1900 1.2395 1.1900 1.1535
1.2100 1.1653 1.2100 1.0578
1.2200 1.1529 1.2200 1.0801
1.2100 1.1517 1.2100 1.1012
1.2000 1.1937 1.2000 1.1840
1.2000 1.1136 1.2000 1.0233
1.2000 1.0859 1.2000 1.0010
1.1700 1.0657 1.1700 0.9974
1.1400 1.1445 1.1400 1.1503
1.1200 1.2124 1.1200 1.2364
1.1200 1.2232 1.1200 1.2204
1.1300 1.2394 1.1300 1.2340
1.1500 1.2943 1.1500 1.3296
1.1600 1.3204 1.1600 1.3409
1.1600 1.3038 1.1600 1.2814
1.1600 1.2413 1.1600 1.1711
1.1600 1.2307 1.1600 1.1841
1.1600 1.2556 1.1600 1.2470
1.1600 1.2505 1.1600 1.2259
1.1600 1.1394 1.1600 1.0213
1.1400 1.1102 1.1400 1.0239
1.1200 1.1237 1.1200 1.0896
1.1000 1.1770 1.1000 1.1735
1.1000 1.2095 1.1000 1.2055
1.1200 1.2533 1.1200 1.2730
1.1300 1.2430 1.1300 1.2308
1.1200 1.2228 1.1200 1.1843
1.0900 1.2271 1.0900 1.2001
1.0600 1.2276 1.0600 1.2029
1.0400 1.2241 1.0400 1.1905
1.0400 1.2204 1.0400 1.1894
1.0200 1.2191 1.0200 1.1923
1.0000 1.1490 1.0000 1.0652
0.9700 1.1301 0.9700 1.0598
0.9700 1.1142 0.9700 1.0583
0.9700 1.1659 0.9700 1.1563
0.9800 1.2350 0.9800 1.2613
0.9900 1.2172 0.9900 1.1973
0.9900 1.1589 0.9900 1.0835
0.9900 1.0861 0.9900 0.9850
0.9900 1.0637 0.9900 0.9840
0.9900 1.0727 0.9900 1.0173
1.0000 1.1212 1.0000 1.1022
1.0000 1.0499 1.0000 0.9607
1.0000 1.0339 1.0000 0.9558
1.0100 1.0297 1.0100 0.9445
1.0000 1.0744 1.0000 1.0672
0.9800 1.0780 0.9800 1.0415
0.9600 1.1093 0.9600 1.0822
0.9500 1.1210 0.9500 1.0976
0.9500 1.0997 0.9500 1.0518
0.9600 1.1028 0.9600 1.0537
0.9700 1.1045 0.9700 1.0641
0.9800 1.1038 0.9800 1.0557
0.9800 1.1358 0.9800 1.1126
0.9900 1.1092 0.9900 1.0570
1.0000 1.1077 1.0000 1.0561
1.0000 1.1433 1.0000 1.1291
0.9700 1.0839 0.9700 1.0077
0.9300 1.0383 0.9300 0.9463
0.9000 1.0304 0.9000 0.9512
0.8900 1.0422 0.8900 0.9966
0.9000 1.0671 0.9000 1.0268
0.9300 1.0990 0.9300 1.0761
0.9500 1.1084 0.9500 1.0800
0.9600 1.1194 0.9600 1.0900
0.9400 1.0971 0.9400 1.0432
0.9100 1.1325 0.9100 1.1099
0.8900 1.1418 0.8900 1.1155
0.9100 1.1130 0.9100 1.0507
0.9300 1.0266 0.9300 0.9396
0.9400 1.0233 0.9400 0.9397
0.9300 1.0239 0.9300 0.9432
0.9200 1.0239 0.9200 0.9562
0.9800 1.0552 0.9800 1.0326
1.0200 1.1287 1.0200 1.1430
1.0500 1.1227 1.0500 1.1007
1.0800 1.1098 1.0800 1.0636
1.0900 1.0221 1.0900 0.9369
1.1000 1.0202 1.1000 0.9394
1.0900 1.0224 1.0900 0.9435
1.1000 1.1008 1.1000 1.1173
1.1100 1.1118 1.1100 1.0862
1.1400 1.0880 1.1400 1.0294
1.1700 1.0329 1.1700 0.9517
1.2100 1.0314 1.2100 0.9728
1.2500 1.2649 1.2500 1.3794
1.2800 1.2433 1.2800 1.2489
1.3200 1.2305 1.3200 1.1856
1.3600 1.2618 1.3600 1.2746
1.4100 1.2253 1.4100 1.1956
1.4500 1.2298 1.4500 1.1836
1.5000 1.1619 1.5000 1.0827
1.5500 1.2149 1.5500 1.2040
1.5800 1.2203 1.5800 1.2070
1.6000 1.2917 1.6000 1.3216
1.5800 1.3175 1.5800 1.3410
1.5400 1.3788 1.5400 1.4315
1.4800 1.4194 1.4800 1.4692
1.4000 1.4215 1.4000 1.4418
1.3300 1.4845 1.3300 1.5411
1.2600 1.5208 1.2600 1.5859
1.1900 1.5893 1.1900 1.6761
1.1100 1.5980 1.1100 1.6541
1.0400 1.6685 1.0400 1.7648
0.9600 1.7175 0.9600 1.8206
0.9000 1.6888 0.9000 1.7211
0.8400 1.6764 0.8400 1.6852
0.8000 1.5433 0.8000 1.4482
0.7800 1.4357 0.7800 1.3003
0.8300 1.3083 0.8300 1.1540
0.9300 1.1595 0.9300 1.0437
1.0200 1.1103 1.0200 1.0305
1.0700 1.0940 1.0700 1.0068
1.0800 1.0770 1.0800 0.9816
1.1000 1.0580 1.1000 0.9581
1.1400 1.0469 1.1400 0.9509
1.1700 1.0305 1.1700 0.9298
1.2000 1.0225 1.2000 0.9243
1.2300 1.0094 1.2300 0.9085
1.2500 1.0033 1.2500 0.9047
1.2500 0.9997 1.2500 0.9037
1.2500 1.1057 1.2500 1.1990
1.2300 1.3162 1.2300 1.4526
1.2100 1.3453 1.2100 1.3359
1.1900 1.2967 1.1900 1.2151
1.1800 1.2350 1.1800 1.1589
1.1700 1.2814 1.1700 1.2746
1.1600 1.3612 1.1600 1.4086
1.1500 1.3431 1.1500 1.3286
1.1400 1.3543 1.1400 1.3490
1.1200 1.3794 1.1200 1.4098
1.0900 1.3712 1.0900 1.3716
1.0600 1.3142 1.0600 1.2545
1.0400 1.3076 1.0400 1.2748
1.0200 1.2319 1.0200 1.1534
1.0000 1.2047 1.0000 1.1323
0.9900 1.1815 0.9900 1.1248
0.9700 1.1948 0.9700 1.1669
0.9500 1.1848 0.9500 1.1448
0.9200 1.1757 0.9200 1.1356
0.8900 1.1709 0.8900 1.1332
0.8600 1.1663 0.8600 1.1291
0.8300 1.1255 0.8300 1.0550
0.7900 1.0742 0.7900 0.9820
0.7600 1.0504 0.7600 0.9719
0.7200 1.0623 0.7200 1.0127
0.6900 1.0471 0.6900 0.9823
0.6600 1.0363 0.6600 0.9604
0.6400 1.0533 0.6400 1.0150
0.6300 1.0296 0.6300 0.9455
0.6400 1.0267 0.6400 0.9395
0.6800 1.0210 0.6800 0.9333
0.7100 1.0176 0.7100 0.9304
0.7200 1.0132 0.7200 0.9247
0.7000 1.0077 0.7000 0.9174
0.6600 0.9991 0.6600 0.9054
0.6200 0.9964 0.6200 0.9059
0.5800 0.9882 0.5800 0.8944
0.5500 0.9852 0.5500 0.8925
0.5200 0.9797 0.5200 0.8862
0.5200 0.9774 0.5200 0.8847
0.5700 0.9759 0.5700 0.8838
0.6800 0.9784 0.6800 0.8891
0.8200 1.0193 0.8200 1.0231
0.9700 1.0142 0.9700 0.9691
1.1000 0.9825 1.1000 0.8936
1.1700 0.9802 1.1700 0.8940
1.2100 0.9788 1.2100 0.8944
1.2400 0.9783 1.2400 0.8935
1.2900 0.9727 1.2900 0.8826
1.3500 0.9674 1.3500 0.8737
1.3900 0.9598 1.3900 0.8636
1.4000 0.9625 1.4000 0.8712
1.4000 0.9910 1.4000 1.0153
1.3900 1.2068 1.3900 1.2711
1.3900 1.2989 1.3900 1.3301
1.4000 1.3737 1.4000 1.3892
1.4100 1.4246 1.4100 1.4190
1.4000 1.3940 1.4000 1.3158
1.3700 1.4155 1.3700 1.3829
1.3300 1.4537 1.3300 1.4344
1.3100 1.5304 1.3100 1.5921
1.3400 1.5884 1.3400 1.6707
1.4200 1.5537 1.4200 1.5741
1.5500 1.4765 1.5500 1.4256
1.7000 1.4467 1.7000 1.4105
1.8700 1.4039 1.8700 1.3605
2.0400 1.4160 2.0400 1.4059
2.2000 1.4398 2.2000 1.4625
2.3700 1.4412 2.3700 1.4568
2.5300 1.3771 2.5300 1.3272
2.6700 1.2962 2.6700 1.2038
2.7900 1.2327 2.7900 1.1371
2.8900 1.2647 2.8900 1.2447
2.9700 1.4226 2.9700 1.5347
3.0500 1.6268 3.0500 1.8427
3.1300 1.8566 3.1300 2.0402
3.2000 1.9748 3.2000 2.1146
3.2700 2.1360 3.2700 2.2690
3.3300 2.2901 3.3300 2.4001
3.3700 2.4257 3.3700 2.4938
3.3800 2.6171 3.3800 2.7170
3.3600 2.7523 3.3600 2.8184
3.3300 2.8501 3.3300 2.8415
3.2700 2.9346 3.2700 2.8817
3.2100 2.9994 3.2100 2.9216
3.1300 3.0532 3.1300 2.9555
3.0200 3.1353 3.0200 3.0652
2.8500 3.2074 2.8500 3.1456
2.6100 3.2443 2.6100 3.1365
2.3600 3.3022 2.3600 3.1811
2.1400 3.3338 2.1400 3.1844
1.9900 3.3355 1.9900 3.1344
1.8900 3.2705 1.8900 3.0466
1.7700 3.1525 1.7700 2.9223
1.6300 3.0754 1.6300 2.8415
1.4600 2.9106 1.4600 2.6032
1.3000 2.8245 1.3000 2.5434
1.1600 2.6762 1.1600 2.3640
1.0600 2.4663 1.0600 2.0637
0.9600 2.1204 0.9600 1.5198
0.8900 1.6633 0.8900 1.3173
0.8300 1.3508 0.8300 1.2778
0.7800 1.3059 0.7800 1.2421
0.7500 1.2740 0.7500 1.2003
0.7300 1.2771 0.7300 1.2106
0.7200 1.1912 0.7200 1.0686
0.7000 1.1570 0.7000 1.0377
0.6700 1.1263 0.6700 1.0169
0.6500 1.1052 0.6500 1.0044
0.6300 1.0817 0.6300 0.9751
0.6100 1.0612 0.6100 0.9482
0.6000 1.0313 0.6000 0.9077
0.6100 1.0169 0.6100 0.9024
0.6400 1.0045 0.6400 0.8963
0.6700 0.9956 0.6700 0.8905
0.6700 0.9925 0.6700 0.8929
0.6600 0.9886 0.6600 0.8922
0.6500 0.9869 0.6500 0.8919
0.6600 0.9812 0.6600 0.8862
0.6800 0.9771 0.6800 0.8841
0.7400 0.9790 0.7400 0.8911
0.8100 0.9766 0.8100 0.8867
0.8900 0.9726 0.8900 0.8795
0.9500 0.9717 0.9500 0.8810
1.0300 0.9750 1.0300 0.8875
1.1200 0.9794 1.1200 0.9505
1.1900 0.9925 1.1900 0.9461
1.2200 0.9746 1.2200 0.8836
1.2200 0.9768 1.2200 0.8920
1.2200 0.9809 1.2200 0.8998
1.2400 0.9867 1.2400 0.9049
1.2500 0.9870 1.2500 0.9222
1.2800 1.1114 1.2800 1.1374
1.3000 1.1844 1.3000 1.2165
1.3100 1.2568 1.3100 1.2699
1.3300 1.2582 1.3300 1.2426
1.3300 1.3506 1.3300 1.4045
1.3300 1.4472 1.3300 1.5386
1.3100 1.4607 1.3100 1.4882
1.3000 1.4092 1.3000 1.3499
1.2900 1.3245 1.2900 1.2331
1.2800 1.3145 1.2800 1.2701
1.2800 1.3703 1.2800 1.3948
1.2800 1.3353 1.2800 1.3085
1.2700 1.4010 1.2700 1.4372
1.2500 1.3936 1.2500 1.4162
1.2200 1.3761 1.2200 1.3611
1.2000 1.4224 1.2000 1.4505
1.1800 1.3689 1.1800 1.3435
1.1500 1.3629 1.1500 1.3306
1.1100 1.2877 1.1100 1.2161
1.0700 1.2989 1.0700 1.2712
1.0600 1.2875 1.0600 1.2612
1.0600 1.2727 1.0600 1.2391
1.0600 1.2982 1.0600 1.2933
1.0700 1.3002 1.0700 1.2982
1.0800 1.2671 1.0800 1.2226
1.1000 1.2242 1.1000 1.1591
1.1000 1.1726 1.1000 1.0937
1.0800 1.1813 1.0800 1.1383
1.0300 1.1631 1.0300 1.1138
0.9700 1.1082 0.9700 1.0200
0.9200 1.0560 0.9200 0.9687
0.9000 1.0509 0.9000 0.9662
0.9000 1.0950 0.9000 1.0877
0.8900 1.1253 0.8900 1.1135
0.8600 1.1256 0.8600 1.0877
0.8300 1.1658 0.8300 1.1635
0.8000 1.1842 0.8000 1.1829
0.7700 1.2327 0.7700 1.2411
0.7400 1.1830 0.7400 1.1301
0.7200 1.1125 0.7200 1.0126
0.7100 1.0392 0.7100 0.9551
0.7100 1.0334 0.7100 0.9500
0.7000 1.0294 0.7000 0.9450
0.6900 1.0277 0.6900 0.9412
0.6700 1.0228 0.6700 0.9878
0.6500 1.0123 0.6500 0.9156
0.6400 1.0041 0.6400 0.9096
0.6300 1.0047 0.6300 0.9187
0.6300 1.0038 0.6300 0.9180
0.6300 0.9990 0.6300 0.9084
0.6300 0.9927 0.6300 0.9000
0.6300 0.9901 0.6300 0.8995
0.6300 0.9887 0.6300 0.8983
0.6300 0.9879 0.6300 0.8975
0.6300 0.9828 0.6300 0.8903
0.6300 0.9823 0.6300 0.8930
0.6300 0.9797 0.6300 0.8908
0.6200 0.9788 0.6200 0.8903
0.6100 0.9794 0.6100 0.8918
0.6000 0.9764 0.6000 0.8860
0.6000 0.9764 0.6000 0.8865
0.5900 0.9748 0.5900 0.8853
0.5800 0.9746 0.5800 0.8855
0.5700 0.9750 0.5700 0.8871
0.5600 0.9756 0.5600 0.8885
0.5400 0.9760 0.5400 0.8886
0.5500 0.9760 0.5500 0.8886
0.5900 0.9760 0.5900 0.8886
0.6300 0.9760 0.6300 0.8886
0.6900 0.9731 0.6900 0.8839
0.8000 0.9728 0.8000 0.8849
0.9200 0.9722 0.9200 0.8846
1.0400 0.9736 1.0400 0.8862
1.1300 0.9690 1.1300 0.8777
1.1800 0.9675 1.1800 0.8774
1.1800 0.9670 1.1800 0.8785
1.1600 0.9662 1.1600 0.8770
1.1400 0.9618 1.1400 0.8697
1.1000 0.9683 1.1000 0.8827
1.0700 0.9810 1.0700 0.9747
1.0400 1.0018 1.0400 0.9523
1.0200 1.0833 1.0200 1.0758
0.9800 1.2548 0.9800 1.3337
0.9400 1.3347 0.9400 1.3822
0.9100 1.4020 0.9100 1.4208
0.8900 1.4106 0.8900 1.3949
0.8800 1.3949 0.8800 1.3538
0.8700 1.3160 0.8700 1.1821
0.8600 1.2279 0.8600 1.0965
0.8500 1.1898 0.8500 1.1036
0.8300 1.0808 0.8300 0.9816
0.8100 1.0628 0.8100 0.9727
0.8200 1.0471 0.8200 0.9624
0.8400 1.0429 0.8400 0.9854
0.8500 1.0305 0.8500 0.9370
0.8400 1.0247 0.8400 0.9346
0.8200 1.0230 0.8200 0.9367
0.8100 1.0200 0.8100 0.9317
0.8000 1.0165 0.8000 0.9263
0.8000 1.0117 0.8000 0.9211
0.7900 1.0096 0.7900 0.9209
0.7800 1.0089 0.7800 0.9222
0.7700 1.0051 0.7700 0.9169
0.7500 1.0034 0.7500 0.9162
0.7300 1.0139 0.7300 1.0038
0.7400 1.0573 0.7400 1.0417
0.7500 1.0358 0.7500 0.9702
0.7500 1.0023 0.7500 0.9140
0.7400 1.0028 0.7400 0.9197
0.7400 1.0073 0.7400 0.9271
0.7400 1.0050 0.7400 0.9196
0.7800 1.0040 0.7800 0.9169
0.8600 0.9984 0.8600 0.9089
1.0000 0.9973 1.0000 0.9098
1.1600 0.9970 1.1600 0.9110
1.3100 0.9930 1.3100 0.9043
1.4400 0.9909 1.4400 0.9022
1.5400 0.9972 1.5400 0.9512
1.6300 0.9950 1.6300 0.9316
1.7000 0.9903 1.7000 0.8985
1.7500 0.9884 1.7500 0.9005
1.8100 0.9936 1.8100 0.9120
1.8500 0.9943 1.8500 0.9095
1.8500 1.0801 1.8500 1.0924
1.8400 1.2395 1.8400 1.3240
1.8500 1.4393 1.8500 1.5608
1.8700 1.5511 1.8700 1.6452
1.8900 1.6180 1.8900 1.6556
1.9000 1.6979 1.9000 1.7216
1.9200 1.7535 1.9200 1.7687
1.9100 1.8504 1.9100 1.9163
1.8900 1.9008 1.8900 1.9725
1.8200 1.9203 1.8200 1.9713
1.7400 2.0005 1.7400 2.1132
1.6600 1.9914 1.6600 2.0558
1.6100 1.8614 1.6100 1.7833
1.5600 1.8063 1.5600 1.7367
1.5200 1.8552 1.5200 1.9143
1.4500 1.8857 1.4500 1.9707
1.3800 1.8904 1.3800 1.9485
1.3000 1.8710 1.3000 1.8987
1.2200 1.9229 1.2200 1.9989
1.1500 1.8358 1.1500 1.8047
1.0900 1.7810 1.0900 1.7134
1.0400 1.5691 1.0400 1.3575
0.9900 1.4440 0.9900 1.2418
0.9400 1.3529 0.9400 1.2044
0.8900 1.3722 0.8900 1.3377
0.8600 1.3202 0.8600 1.2524
0.8600 1.3098 0.8600 1.2618
0.9200 1.1780 0.9200 1.0387
1.0000 1.1247 1.0000 1.0262
1.1000 1.0984 1.1000 1.0115
1.1900 1.0840 1.1900 0.9931
1.2900 1.0710 1.2900 0.9772
1.3900 1.0579 1.3900 0.9621
1.4900 1.0464 1.4900 0.9484
1.5700 1.0340 1.5700 0.9350
1.6100 1.0243 1.6100 0.9268
1.6400 1.0161 1.6400 0.9205
1.6400 1.0144 1.6400 0.9231
1.6500 1.0161 1.6500 0.9834
1.6900 1.1955 1.6900 1.2951
1.7900 1.3133 1.7900 1.4148
1.8600 1.4227 1.8600 1.4649
1.8900 1.4601 1.8900 1.4811
1.8900 1.5574 1.8900 1.6204
1.9200 1.6578 1.9200 1.7486
1.9300 1.7443 1.9300 1.8368
1.8800 1.7857 1.8800 1.8401
1.8100 1.7549 1.8100 1.7395
1.7600 1.7856 1.7600 1.7902
1.7600 1.6879 1.7600 1.6345
1.8100 1.6973 1.8100 1.6999
1.8900 1.7981 1.8900 1.9270
1.9600 2.0433 1.9600 2.3124
2.0000 2.0318 2.0000 2.0969
2.0100 1.9592 2.0100 1.8739
1.9800 1.8959 1.9800 1.8370
1.9200 2.0036 1.9200 2.1074
1.8500 1.9441 1.8500 1.9670
1.7800 1.7005 1.7800 1.4879
1.7100 1.5578 1.7100 1.3334
1.6400 1.5513 1.6400 1.4958
1.5900 1.6760 1.5900 1.7833
1.5400 1.8503 1.5400 2.0647
1.5200 2.0143 1.5200 2.2340
1.5200 2.0841 1.5200 2.1191
1.5700 2.0708 1.5700 2.0114
1.6500 2.0289 1.6500 1.9885
1.7400 1.8881 1.7400 1.7462
1.8200 1.7219 1.8200 1.5112
1.8700 1.5932 1.8700 1.4095
1.9000 1.4954 1.9000 1.3586
1.9400 1.4066 1.9400 1.2811
1.9600 1.3290 1.9600 1.2096
1.9600 1.3376 1.9600 1.2931
1.9300 1.3003 1.9300 1.2449
1.9100 1.3733 1.9100 1.3935
1.8800 1.4444 1.8800 1.5132
1.8600 1.6415 1.8600 1.8352
1.8300 1.8200 1.8300 2.0251
1.8000 1.9365 1.8000 2.0274
1.7800 1.9823 1.7800 2.0193
1.7600 1.9785 1.7600 1.9571
1.7700 1.9993 1.7700 1.9911
1.7700 2.0677 1.7700 2.1555
1.7700 2.0158 1.7700 2.0431
1.7900 1.9377 1.7900 1.8897
1.8400 1.8106 1.8400 1.6914
1.9300 1.8015 1.9300 1.7648
2.0400 1.7320 2.0400 1.6801
2.1300 1.7216 2.1300 1.7016
2.2200 1.6595 2.2200 1.6114
2.2900 1.6262 2.2900 1.5850
2.2700 1.6383 2.2700 1.6378
2.1900 1.6210 2.1900 1.6190
2.1000 1.7158 2.1000 1.8007
2.0900 1.6967 2.0900 1.7362
2.1600 1.7015 2.1600 1.7183
2.2500 1.7874 2.2500 1.8840
2.3500 1.9262 2.3500 2.1212
2.4300 2.1310 2.4300 2.3372
2.4800 2.2521 2.4800 2.3987
2.4900 2.2742 2.4900 2.2947
2.4800 2.3589 2.4800 2.3752
2.5200 2.4042 2.5200 2.4055
2.5500 2.2287 2.5500 2.0217
2.5600 1.9548 2.5600 1.5555
2.5300 1.7977 2.5300 1.5011
2.5300 1.9653 2.5300 2.0669
2.5600 2.2268 2.5600 2.5708
2.6200 2.3565 2.6200 2.5935
2.6700 2.4827 2.6700 2.5021
2.7400 2.5015 2.7400 2.4424
2.7900 2.5205 2.7900 2.4165
2.8300 2.5032 2.8300 2.3691
2.8400 2.4193 2.8400 2.2928
2.8200 2.5698 2.8200 2.6802
2.8100 2.5485 2.8100 2.6329
2.8100 2.4796 2.8100 2.4416
2.8400 2.3428 2.8400 2.1762
2.8500 2.4217 2.8500 2.4161
2.8700 2.5330 2.8700 2.6599
2.9100 2.6591 2.9100 2.8441
2.9700 2.6858 2.9700 2.7156
3.0300 2.8100 3.0300 2.7885
3.0800 2.8268 3.0800 2.7522
3.1100 2.8508 3.1100 2.7450
3.0800 2.7854 3.0800 2.6807
3.0100 2.6677 3.0100 2.4960
2.9400 2.6686 2.9400 2.5650
2.9100 2.6761 2.9100 2.6512
2.9100 2.7691 2.9100 2.8453
2.9100 2.7212 2.9100 2.7087
2.8800 2.7693 2.8800 2.7704
2.7800 2.8805 2.7800 2.9202
2.6300 2.9971 2.6300 3.0218
2.4200 3.0609 2.4200 3.0148
2.1600 3.0842 2.1600 2.9547
1.8800 3.0720 1.8800 2.9044
1.6200 2.8773 1.6200 2.6324
1.4300 2.6819 1.4300 2.3072
1.3200 2.5892 1.3200 2.2884
1.2700 2.6374 1.2700 2.5541
1.2200 2.6965 1.2200 2.7246
1.1800 2.6889 1.1800 2.6789
1.1600 2.5922 1.1600 2.4502
1.2000 2.3191 1.2000 1.9213
1.2600 2.0296 1.2600 1.4764
1.3100 1.6268 1.3100 1.2886
1.3400 1.2970 1.3400 1.2187
1.3400 1.2408 1.3400 1.1503
1.3600 1.1896 1.3600 1.0900
1.3800 1.1530 1.3800 1.0405
1.4200 1.1227 1.4200 0.9938
1.4400 1.0957 1.4400 0.9608
1.4700 1.0668 1.4700 0.9352
1.5100 1.0580 1.5100 0.9797
1.5600 1.0791 1.5600 1.1203
1.6200 1.3116 1.6200 1.4653
1.6800 1.4363 1.6800 1.5705
1.7100 1.4637 1.7100 1.5244
1.6700 1.4574 1.6700 1.4791
1.6500 1.3936 1.6500 1.3495
1.6900 1.4666 1.6900 1.5012
1.7800 1.4787 1.7800 1.5138
1.8500 1.5541 1.8500 1.6293
1.9000 1.5147 1.9000 1.5266
1.9400 1.5665 1.9400 1.6231
1.9700 1.6374 1.9700 1.7379
1.9900 1.7101 1.9900 1.8313
2.0100 1.7943 2.0100 1.9279
2.0200 1.8538 2.0200 1.9408
2.0500 1.8065 2.0500 1.8350
2.0700 1.5766 2.0700 1.3781
2.0900 1.5966 2.0900 1.5353
2.1200 1.7883 2.1200 1.9885
2.1400 1.9916 2.1400 2.2854
2.1400 1.9975 2.1400 2.0884
2.1100 1.9989 2.1100 1.9542
2.1000 2.0345 2.1000 2.0353
2.1200 2.0591 2.1200 2.1156
2.1400 2.0394 2.1400 2.0587
2.1500 2.0407 2.1500 2.0791
2.1400 2.0097 2.1400 2.0278
2.1400 2.0827 2.1400 2.1794
2.1200 2.0714 2.1200 2.1354
2.1000 2.0842 2.1000 2.1340
2.0700 2.1440 2.0700 2.2390
2.0700 2.1361 2.0700 2.1967
2.0700 2.0787 2.0700 2.0496
2.0700 1.9617 2.0700 1.8433
2.0300 1.9973 2.0300 1.9906
1.9800 2.0926 1.9800 2.2166
1.9400 2.1013 1.9400 2.1889
1.9100 2.0828 1.9100 2.1035
1.8700 2.0278 1.8700 1.9929
1.8200 2.0614 1.8200 2.0798
1.7800 1.9862 1.7800 1.9388
1.7600 1.9532 1.7600 1.9027
1.7500 1.8910 1.7500 1.8265
1.7500 1.9659 1.7500 2.0257
1.7400 1.9680 1.7400 2.0180
1.7100 1.9651 1.7100 1.9893
1.6500 1.8243 1.6500 1.7020
1.5800 1.7467 1.5800 1.6148
1.5300 1.7349 1.5300 1.6806
1.5300 1.7226 1.5300 1.7107
1.5500 1.6476 1.5500 1.5750
1.5600 1.5681 1.5600 1.4686
1.5400 1.5625 1.5400 1.5215
1.5000 1.6046 1.5000 1.6348
1.4700 1.6265 1.4700 1.6608
1.4400 1.6596 1.4400 1.7057
1.3900 1.6349 1.3900 1.6407
1.3400 1.5620 1.3400 1.4951
1.3000 1.4273 1.3000 1.2731
1.2900 1.3284 1.2900 1.1762
1.2900 1.3292 1.2900 1.2720
1.3000 1.4607 1.3000 1.5505
1.2900 1.5337 1.2900 1.6326
1.2600 1.5232 1.2600 1.5535
1.2300 1.4436 1.2300 1.3845
1.2100 1.3685 1.2100 1.2726
1.2000 1.3723 1.2000 1.3323
1.1900 1.3388 1.1900 1.2930
1.1900 1.2277 1.1900 1.1004
1.1800 1.1763 1.1800 1.0720
1.1800 1.1713 1.1800 1.1233
1.1700 1.2483 1.1700 1.2681
1.1600 1.2793 1.1600 1.2932
1.1500 1.3201 1.1500 1.3452
1.1300 1.2709 1.1300 1.2340
1.0900 1.2006 1.0900 1.1111
1.0500 1.1801 1.0500 1.1120
1.0300 1.1902 1.0300 1.1581
1.0500 1.2049 1.0500 1.1775
1.0700 1.1929 1.0700 1.1541
1.0800 1.2214 1.0800 1.2147
1.0600 1.1935 1.0600 1.1556
1.0200 1.2240 1.0200 1.2105
0.9900 1.1939 0.9900 1.1512
0.9800 1.1854 0.9800 1.1395
0.9600 1.1784 0.9600 1.1371
0.9400 1.1350 0.9400 1.0669
0.9300 1.0514 0.9300 0.9650
0.9200 1.0473 0.9200 0.9638
0.9100 1.0526 0.9100 1.0179
0.8800 1.1764 0.8800 1.2188
0.8500 1.1926 0.8500 1.1935
0.8300 1.1760 0.8300 1.1416
0.8300 1.0911 0.8300 0.9985
0.8200 1.0371 0.8200 0.9560
0.8000 1.0400 0.8000 0.9631
0.7800 1.0589 0.7800 1.0270
0.7700 1.0302 0.7700 0.9389
0.7600 1.0238 0.7600 0.9328
0.7600 1.0242 0.7600 0.9807
0.7500 1.0225 0.7500 0.9658
0.7400 1.0200 0.7400 0.9424
0.7300 1.0117 0.7300 0.9214
0.7200 1.0097 0.7200 0.9228
0.7100 1.0100 0.7100 0.9254
0.7100 1.0114 0.7100 0.9563
0.7000 1.0037 0.7000 0.9111
0.7000 0.9977 0.7000 0.9055
0.7000 0.9972 0.7000 0.9105
0.6900 0.9994 0.6900 0.9150
0.6900 0.9967 0.6900 0.9077
0.7100 0.9962 0.7100 0.9080
0.7300 0.9916 0.7300 0.9018
0.7200 0.9909 0.7200 0.9029
0.7200 0.9907 0.7200 0.9041
0.7100 0.9897 0.7100 0.9024
0.7100 0.9879 0.7100 0.8994
0.7100 0.9890 0.7100 0.9024
0.7300 0.9848 0.7300 0.8950
0.7500 0.9865 0.7500 0.8995
0.7600 0.9863 0.7600 0.8996
0.7800 0.9830 0.7800 0.8935
0.8100 0.9854 0.8100 0.8994
0.8300 0.9912 0.8300 0.9667
0.8500 1.0009 0.8500 0.9507
0.8700 0.9833 0.8700 0.8909
0.8900 0.9886 0.8900 0.9061
0.9300 0.9885 0.9300 0.9054
0.9700 0.9909 0.9700 0.9059
1.0300 0.9889 1.0300 0.9017
1.0900 0.9967 1.0900 0.9682
1.1800 1.0108 1.1800 0.9663
1.2700 0.9924 1.2700 0.9172
1.3800 1.0293 1.3800 0.9925
1.4900 1.0794 1.4900 1.0685
1.6000 1.0665 1.6000 1.0093
1.7100 1.0765 1.7100 1.0260
1.7900 1.0913 1.7900 1.0588
1.8600 1.1055 1.8600 1.0691
1.9200 1.1845 1.9200 1.1962
1.9900 1.2137 1.9900 1.2195
2.0500 1.3097 2.0500 1.3610
2.0800 1.3604 2.0800 1.4147
2.0900 1.4906 2.0900 1.5899
2.0700 1.5564 2.0700 1.6398
2.0400 1.6661 2.0400 1.7714
2.0100 1.7568 2.0100 1.8586
1.9800 1.8422 1.9800 1.9326
1.9700 1.9481 1.9700 2.0495
1.9600 1.9676 1.9600 2.0013
1.9400 2.0292 1.9400 2.0718
1.8900 2.0811 1.8900 2.1492
1.8300 2.1697 1.8300 2.2845
1.7700 2.2095 1.7700 2.2901
1.7000 2.1641 1.7000 2.1588
1.6300 2.1078 1.6300 2.0711
1.5500 1.9914 1.5500 1.8891
1.4900 1.9105 1.4900 1.8038
1.4500 1.8575 1.4500 1.7900
1.4100 1.8065 1.4100 1.7583
1.3800 1.8393 1.3800 1.8647
1.3400 1.8278 1.3400 1.8520
1.3000 1.7827 1.3000 1.7537
1.2800 1.6575 1.2800 1.5270
1.2500 1.5713 1.2500 1.4357
1.2400 1.5102 1.2400 1.4070
1.2300 1.4057 1.2300 1.2744
1.2400 1.3301 1.2400 1.2007
1.2600 1.2254 1.2600 1.0819
1.2900 1.2272 1.2900 1.1563
1.3600 1.2546 1.3600 1.2373
1.4500 1.2266 1.4500 1.1761
1.5600 1.2378 1.5600 1.2029
1.6600 1.1909 1.6600 1.1311
1.7500 1.1680 1.7500 1.0991
1.8200 1.2145 1.8200 1.2058
1.8500 1.1688 1.8500 1.1124
1.8600 1.2167 1.8600 1.2012
1.8300 1.2166 1.8300 1.2049
1.7800 1.2849 1.7800 1.3141
1.7100 1.3378 1.7100 1.3796
1.6200 1.3963 1.6200 1.4549
1.5200 1.5738 1.5200 1.7409
1.4300 1.7098 1.4300 1.8434
1.3500 1.8195 1.3500 1.9413
1.2800 1.8758 1.2800 1.9449
1.2000 1.9344 1.2000 1.9799
1.1200 1.9819 1.1200 2.0162
1.0500 1.9562 1.0500 1.9332
0.9700 1.9244 0.9700 1.8732
0.9100 1.7611 0.9100 1.6200
0.8500 1.6232 0.8500 1.4542
0.8100 1.4702 0.8100 1.2862
0.7800 1.3003 0.7800 1.0968
0.7500 1.1581 0.7500 1.0679
0.7300 1.1321 0.7300 1.0487
0.7000 1.1142 0.7000 1.0240
0.6600 1.0965 0.6600 0.9998
0.6200 1.0750 0.6200 0.9723
0.5700 1.0595 0.5700 0.9591
0.5300 1.0490 0.5300 0.9527
0.5200 1.0320 0.5200 0.9301
0.5200 1.0237 0.5200 0.9246
0.5600 1.0108 0.5600 0.9103
0.6300 1.0050 0.6300 0.9065
0.7300 0.9984 0.7300 0.9005
0.8100 0.9909 0.8100 0.8929
0.8300 0.9888 0.8300 0.8947
0.8100 0.9826 0.8100 0.8884
0.7700 0.9766 0.7700 0.8818
0.7400 0.9731 0.7400 0.8810
0.7300 0.9658 0.7300 0.8715
0.7200 0.9626 0.7200 0.8685
0.7000 0.9644 0.7000 0.8732
0.6800 0.9611 0.6800 0.8659
0.6600 0.9680 0.6600 0.9443
0.6500 1.0745 0.6500 1.1038
0.6300 1.1920 0.6300 1.2110
0.6000 1.1906 0.6000 1.1533
0.5800 1.0824 0.5800 0.9588
0.5700 0.9978 0.5700 0.9202
0.5700 1.0007 0.5700 0.9275
0.6100 1.0031 0.6100 0.9264
0.6800 1.0009 0.6800 0.9161
0.7900 0.9914 0.7900 0.8979
0.9200 0.9824 0.9200 0.8869
1.0400 0.9805 1.0400 0.8905
1.1600 0.9798 1.1600 0.8915
1.2700 0.9805 1.2700 0.8918
1.3700 0.9744 1.3700 0.8815
1.4700 0.9685 1.4700 0.8749
1.5500 0.9691 1.5500 0.8803
1.6300 0.9694 1.6300 0.8805
1.7000 0.9686 1.7000 0.8770
1.7700 0.9842 1.7700 0.9824
1.8200 1.1050 1.8200 1.1380
1.8800 1.2514 1.8800 1.2968
1.9200 1.3408 1.9200 1.3842
1.9500 1.3852 1.9500 1.3916
1.9700 1.4787 1.9700 1.5135
1.9900 1.5592 1.9900 1.6143
2.0300 1.6395 2.0300 1.7029
2.0800 1.7370 2.0800 1.8330
2.1700 1.7731 2.1700 1.8389
2.2800 1.8498 2.2800 1.9370
2.3900 1.8995 2.3900 1.9866
2.4600 1.9623 2.4600 2.0564
2.5000 1.9776 2.5000 2.0299
2.5300 2.0483 2.5300 2.1397
2.5500 2.0469 2.5500 2.1093
2.5400 2.0333 2.5400 2.0703
2.5200 2.0164 2.5200 2.0400
2.5300 2.0221 2.5300 2.0695
2.5500 2.1056 2.5500 2.2289
2.5600 2.1739 2.5600 2.3293
2.5400 2.3616 2.5400 2.5219
2.4800 2.4751 2.4800 2.6175
2.3900 2.5501 2.3900 2.6064
2.2600 2.5423 2.2600 2.4606
2.1100 2.5398 2.1100 2.4172
1.9500 2.5871 1.9500 2.5342
1.8000 2.5735 1.8000 2.5586
1.6800 2.4497 1.6800 2.3332
1.5900 2.3745 1.5900 2.2498
1.5200 2.4506 1.5200 2.4861
1.4800 2.4858 1.4800 2.5652
1.4700 2.4583 1.4700 2.4628
1.4600 2.3594 1.4600 2.2495
1.4500 2.1925 1.4500 1.9566
1.4300 2.0114 1.4300 1.7016
1.4100 1.7471 1.4100 1.3485
1.3700 1.5083 1.3700 1.2187
1.3100 1.2938 1.3100 1.1770
1.2300 1.2183 1.2300 1.1373
1.1500 1.1920 1.1500 1.1040
1.1100 1.1678 1.1100 1.0720
1.1400 1.1457 1.1400 1.0819
1.2400 1.2194 1.2400 1.2268
1.3400 1.3276 1.3400 1.4022
1.4200 1.3507 1.4200 1.3794
1.4800 1.3668 1.4800 1.3689
1.5500 1.3436 1.5500 1.3179
1.6100 1.3380 1.6100 1.3100
1.6600 1.2528 1.6600 1.1572
1.6800 1.1412 1.6800 1.0133
1.6800 1.0822 1.6800 0.9957
1.6600 1.0708 1.6600 0.9842
1.6200 1.0691 1.6200 0.9858
1.5600 1.2357 1.5600 1.3485
1.4800 1.5093 1.4800 1.7419
1.3900 1.6079 1.3900 1.6578
1.2500 1.6056 1.2500 1.5756
1.0900 1.6365 1.0900 1.6252
0.9700 1.7480 0.9700 1.8403
0.9100 1.8124 0.9100 1.9106
0.9000 1.8402 0.9000 1.9056
0.9000 1.7698 0.9000 1.7560
0.9100 1.7018 0.9100 1.6537
0.9200 1.6137 0.9200 1.5320
0.9100 1.4992 0.9100 1.3802
0.8700 1.3659 0.8700 1.2074
0.8200 1.2168 0.8200 1.0595
0.7900 1.1198 0.7900 1.0372
0.7700 1.0863 0.7700 0.9858
0.7800 1.0582 0.7800 0.9535
0.7800 1.0466 0.7800 0.9512
0.7800 1.0388 0.7800 0.9382
0.7600 1.0272 0.7600 0.9222
0.7400 1.0115 0.7400 0.9514
0.7200 1.0185 0.7200 1.0338
0.7000 1.0560 0.7000 1.0627
0.6800 1.0155 0.6800 0.9469
0.6500 1.0083 0.6500 0.9194
0.6200 1.0051 0.6200 0.9197
0.6000 1.0073 0.6000 0.9252
0.5900 1.0027 0.5900 0.9129
0.5600 1.0028 0.5600 0.9526
0.5300 0.9949 0.5300 0.9011
0.5200 0.9942 0.5200 0.9043
0.5800 0.9906 0.5800 0.9018
0.6100 0.9919 0.6100 0.9067
0.6200 0.9912 0.6200 0.9049
0.6000 0.9876 0.6000 0.8985
0.5900 0.9834 0.5900 0.8922
0.5800 0.9767 0.5800 0.8840
0.5800 0.9734 0.5800 0.8818
0.5800 0.9728 0.5800 0.8831
0.5900 0.9717 0.5900 0.8806
0.6000 0.9619 0.6000 0.8648
0.6200 0.9588 0.6200 0.8656
0.6300 0.9627 0.6300 0.8756
0.6400 1.0269 0.6400 1.0745
0.6400 0.9691 0.6400 0.8847
0.6500 0.9647 0.6500 0.8698
0.6500 0.9640 0.6500 0.8782
0.6500 0.9736 0.6500 0.8955
0.6500 0.9743 0.6500 0.8890
0.6400 0.9725 0.6400 0.8835
0.6300 0.9689 0.6300 0.8780
0.6100 0.9703 0.6100 0.8824
0.6200 0.9711 0.6200 0.8830
0.6300 0.9751 0.6300 0.8894
0.6400 0.9744 0.6400 0.8869
0.6200 0.9767 0.6200 0.8912
0.6000 0.9765 0.6000 0.8908
0.5800 0.9811 0.5800 0.8980
0.6000 0.9791 0.6000 0.8923
0.6400 0.9790 0.6400 0.8920
0.6900 0.9793 0.6900 0.8933
0.7200 0.9766 0.7200 0.8884
0.7100 0.9761 0.7100 0.8881
0.6900 0.9722 0.6900 0.8830
0.6900 0.9791 0.6900 0.8950
0.7000 0.9773 0.7000 0.8887
0.7000 0.9758 0.7000 0.8851
0.7000 0.9682 0.7000 0.8756
0.7000 0.9701 0.7000 0.8841
0.7000 0.9709 0.7000 0.8851
0.6800 0.9795 0.6800 0.9078
0.6700 1.0060 0.6700 0.9851
0.6600 1.0560 0.6600 1.0329
0.6700 1.0230 0.6700 0.9593
0.6900 0.9794 0.6900 0.8926
0.7400 0.9839 0.7400 0.9034
0.7800 0.9925 0.7800 0.9167
0.8100 0.9931 0.8100 0.9090
0.8100 0.9856 0.8100 0.8933
0.7900 0.9839 0.7900 0.8957
0.7800 0.9856 0.7800 0.9011
0.7700 0.9869 0.7700 0.9013
0.7800 0.9808 0.7800 0.8904
0.8000 0.9828 0.8000 0.8970
0.8200 0.9818 0.8200 0.8953
0.8300 0.9852 0.8300 0.8990
0.8300 0.9861 0.8300 0.9333
0.8200 1.0832 0.8200 1.0972
0.8200 1.0858 0.8200 1.0577
0.8200 1.0794 0.8200 1.0282
0.8300 1.0044 0.8300 0.9159
0.8300 0.9987 0.8300 0.9179
0.8200 1.0041 0.8200 0.9266
0.8100 1.0020 0.8100 0.9189
0.8100 1.0034 0.8100 0.9484
0.8100 1.0344 0.8100 1.0061
0.8100 1.0477 0.8100 1.0099
0.8200 1.0299 0.8200 0.9675
0.8200 1.0060 0.8200 0.9342
0.8400 1.0046 0.8400 0.9222
0.8400 1.0085 0.8400 0.9430
0.8500 1.0075 0.8500 0.9352
0.8500 1.0274 0.8500 0.9805
0.8700 1.0051 0.8700 0.9292
0.8800 1.0026 0.8800 0.9160
0.9000 1.0036 0.9000 0.9199
0.9100 1.0064 0.9100 0.9415
0.9300 1.0049 0.9300 0.9236
0.9500 1.0031 0.9500 0.9171
0.9500 1.0189 0.9500 0.9820
0.9400 1.0037 0.9400 0.9285
0.9700 1.0609 0.9700 1.0391
1.0000 1.0113 1.0000 0.9376
1.0400 1.0417 1.0400 0.9924
1.0500 1.0176 1.0500 0.9527
1.0700 1.0830 1.0700 1.0673
1.1100 1.0647 1.1100 1.0104
1.1500 1.1017 1.1500 1.0734
1.2100 1.0843 1.2100 1.0344
1.2700 1.1244 1.2700 1.1049
1.3200 1.1406 1.3200 1.1169
1.3600 1.0860 1.3600 1.0078
1.3900 1.0487 1.3900 0.9587
1.4100 1.1766 1.4100 1.2177
1.4300 1.2013 1.4300 1.2087
1.4600 1.2511 1.4600 1.2553
1.5100 1.1821 1.5100 1.1253
1.7400 1.2261 1.7400 1.2218
1.8600 1.3166 1.8600 1.3731
1.9400 1.3463 1.9400 1.3772
2.0000 1.4443 2.0000 1.5194
2.0200 1.4990 2.0200 1.5837
2.0300 1.5201 2.0300 1.5685
2.0500 1.5324 2.0500 1.5661
2.0800 1.5323 2.0800 1.5573
2.1200 1.5182 2.1200 1.5204
2.1400 1.5264 2.1400 1.5426
2.1500 1.5714 2.1500 1.6309
2.1600 1.6643 2.1600 1.7850
2.1900 2.2196 2.1900 2.7182
2.2500 2.0651 2.2500 2.0991
2.3100 2.0310 2.3100 1.8431
2.3700 2.1087 2.3700 2.0646
2.4100 2.0779 2.4100 2.0578
2.4100 2.0959 2.4100 2.0180
2.4000 2.0978 2.4000 2.1373
2.3700 2.1260 2.3700 2.2199
2.3400 2.1759 2.3400 2.2903
2.3100 2.1360 2.3100 2.1752
2.2800 2.1187 2.2800 2.1225
2.2500 2.1310 2.2500 2.1573
2.2200 2.2098 2.2200 2.3189
2.1900 2.3465 2.1900 2.5486
2.1500 2.4048 2.1500 2.5012
2.1100 2.4707 2.1100 2.4826
2.0700 2.4700 2.0700 2.4273
1.9800 2.3633 1.9800 2.2825
1.8900 2.3172 1.8900 2.2198
1.7800 2.2147 1.7800 2.0922
1.6700 2.1573 1.6700 2.0573
1.5300 2.1082 1.5300 2.0344
1.4000 2.0633 1.4000 2.0047
1.3000 2.0288 1.3000 1.9722
1.2300 1.9983 1.2300 1.9505
1.1800 1.9711 1.1800 1.9253
1.1100 1.9060 1.1100 1.8253
1.0400 1.8671 1.0400 1.7928
0.9700 1.8293 0.9700 1.7686
0.9200 1.6003 0.9200 1.3586
0.8800 1.5028 0.8800 1.2882
0.8300 1.3373 0.8300 1.1329
0.7900 1.2197 0.7900 1.1041
0.7400 1.1489 0.7400 1.0518
0.6800 1.1250 0.6800 1.0286
0.6200 1.1084 0.6200 1.0137
0.5900 1.0913 0.5900 0.9900
0.5900 1.0741 0.5900 0.9668
0.6400 1.0507 0.6400 0.9403
0.7200 1.0398 0.7200 0.9386
0.7800 1.0313 0.7800 0.9363
0.8200 1.0270 0.8200 0.9336
0.8500 1.0180 0.8500 0.9202
0.9300 1.0038 0.9300 0.9017
1.0300 0.9986 1.0300 0.9023
1.1100 0.9897 1.1100 0.8936
1.1300 0.9804 1.1300 0.8820
1.1400 0.9731 1.1400 0.8765
1.2000 0.9740 1.2000 0.8824
1.3000 0.9745 1.3000 0.8808
1.3800 1.0175 1.3800 1.0422
1.4600 1.1430 1.4600 1.1955
1.5100 1.1334 1.5100 1.0878
1.5600 1.1149 1.5600 1.0686
1.6000 1.1190 1.6000 1.0845
1.6600 1.3103 1.6600 1.4085
1.7400 1.4216 1.7400 1.5360
1.8400 1.4147 1.8400 1.4209
1.9300 1.3029 1.9300 1.2025
1.9900 1.2858 1.9900 1.2286
2.0300 1.4683 2.0300 1.5990
2.0300 1.6496 2.0300 1.8485
2.0000 1.6438 2.0000 1.6960
1.9500 1.6767 1.9500 1.7077
1.9200 1.6687 1.9200 1.6776
1.9100 1.7368 1.9100 1.7986
1.9300 1.7638 1.9300 1.8186
1.9700 1.8577 1.9700 1.9930
1.9800 1.9697 1.9800 2.1341
1.9800 2.0684 1.9800 2.2215
1.9400 2.1170 1.9400 2.1929
1.8800 2.1097 1.8800 2.0925
1.8200 2.1298 1.8200 2.1125
1.7700 2.0484 1.7700 1.9733
1.7300 1.9102 1.7300 1.7556
1.6900 1.7746 1.6900 1.6058
1.6400 1.7684 1.6400 1.7278
1.5800 1.7933 1.5800 1.8343
1.4900 1.8824 1.4900 2.0027
1.3800 1.9822 1.3800 2.1469
1.3200 1.9256 1.3200 1.9588
1.2700 1.9142 1.2700 1.9010
1.2300 1.7769 1.2300 1.6517
1.1800 1.6518 1.1800 1.4775
1.1800 1.5768 1.1800 1.4477
1.2100 1.5363 1.2100 1.4728
1.2600 1.5134 1.2600 1.4702
1.3000 1.4712 1.3000 1.4213
1.3000 1.4017 1.3000 1.3169
1.2700 1.3262 1.2700 1.2172
1.2400 1.1659 1.2400 1.0484
1.2000 1.1143 1.2000 1.0245
1.1700 1.1137 1.1700 1.0540
1.1100 1.0983 1.1100 1.0396
1.0600 1.0825 1.0600 1.0014
1.0200 1.0664 1.0200 0.9672
1.0200 1.1749 1.0200 1.2409
1.0600 1.3042 1.0600 1.4060
1.1000 1.4082 1.1000 1.5061
1.1400 1.4304 1.1400 1.4843
1.1900 1.3408 1.1900 1.2884
1.2500 1.2437 1.2500 1.1214
1.3200 1.2144 1.3200 1.1374
1.3900 1.1429 1.3900 1.0409
1.4300 1.1286 1.4300 1.0478
1.4500 1.0563 1.4500 0.9639
1.4500 1.0500 1.4500 0.9618
1.4300 1.0449 1.4300 0.9585
1.4200 1.0855 1.4200 1.1008
1.4300 1.2283 1.4300 1.3028
1.4500 1.2652 1.4500 1.3089
1.4700 1.3092 1.4700 1.3438
1.4800 1.3946 1.4800 1.4771
1.4900 1.4848 1.4900 1.5806
1.5200 1.5759 1.5200 1.6695
1.5500 1.6272 1.5500 1.7030
1.5600 1.5990 1.5600 1.6104
1.5400 1.5624 1.5400 1.5417
1.4800 1.5032 1.4800 1.4566
1.3900 1.4156 1.3900 1.3275
1.3000 1.4144 1.3000 1.3812
1.2300 1.4634 1.2300 1.5075
1.1900 1.4992 1.1900 1.5515
1.1900 1.5148 1.1900 1.5527
1.2000 1.5024 1.2000 1.5166
1.2200 1.5187 1.2200 1.5414
1.2300 1.6045 1.2300 1.6963
1.2500 1.6326 1.2500 1.7083
1.2600 1.5850 1.2600 1.5775
1.2800 1.4845 1.2800 1.3971
1.3000 1.3158 1.3000 1.1353
1.3300 1.1376 1.3300 1.0395
1.3700 1.1048 1.3700 1.0278
1.4000 1.0941 1.4000 1.0122
1.4600 1.0837 1.4600 1.0164
1.5300 1.1715 1.5300 1.2065
1.6200 1.2186 1.6200 1.2532
1.6800 1.2798 1.6800 1.3230
1.7100 1.2842 1.7100 1.2954
1.6900 1.3432 1.6900 1.3795
1.6600 1.3350 1.6600 1.3325
1.6000 1.3783 1.6000 1.4004
1.5300 1.3968 1.5300 1.4198
1.4700 1.4477 1.4700 1.4982
1.4200 1.5115 1.4200 1.5870
1.4000 1.5127 1.4000 1.5528
1.4000 1.6491 1.4000 1.7849
1.4000 1.7473 1.4000 1.8808
1.4000 1.8544 1.4000 1.9816
1.4100 1.8475 1.4100 1.8755
1.4100 1.8184 1.4100 1.7863
1.4000 1.6696 1.4000 1.5372
1.3700 1.5934 1.3700 1.4827
1.3100 1.4296 1.3100 1.2601
1.2400 1.3027 1.2400 1.1294
1.1700 1.2534 1.1700 1.1481
1.1200 1.2241 1.1200 1.1606
1.0900 1.2860 1.0900 1.2902
1.0900 1.3470 1.0900 1.3950
1.1400 1.3594 1.1400 1.3787
1.2100 1.3754 1.2100 1.3847
1.2900 1.4274 1.2900 1.4743
1.3400 1.4117 1.3400 1.4120
1.3800 1.3775 1.3800 1.3358
1.4200 1.2964 1.4200 1.2090
1.4600 1.1577 1.4600 1.0149
1.5100 1.0861 1.5100 1.0051
1.5700 1.0758 1.5700 0.9928
1.6000 1.0682 1.6000 0.9818
1.5800 1.0596 1.5800 0.9881
1.5200 1.1178 1.5200 1.1314
1.4500 1.3026 1.4500 1.4267
1.4000 1.4291 1.4000 1.5688
1.3700 1.5403 1.3700 1.5926
1.3400 1.5229 1.3400 1.5072
1.3400 1.5506 1.3400 1.5597
1.3500 1.5948 1.3500 1.6557
1.3400 1.6242 1.3400 1.6868
1.3100 1.6856 1.3100 1.7746
1.3100 1.7606 1.3100 1.8919
1.3500 1.7058 1.3500 1.7324
1.4200 1.5475 1.4200 1.4156
1.4500 1.3722 1.4500 1.1645
