1.6900 1.9856 1.6900 1.9270
1.5500 2.0168 1.5500 1.8960
1.4100 1.9281 1.4100 1.7555
1.3100 1.7866 1.3100 1.7346
1.2400 1.6914 1.2400 1.6994
1.1900 1.6951 1.1900 1.7343
1.1600 1.7323 1.1600 1.7635
1.1400 1.8117 1.1400 1.8467
1.1600 1.7740 1.1600 1.7597
1.1800 1.7897 1.1800 1.7959
1.1900 1.7312 1.1900 1.7240
1.1700 1.5979 1.1700 1.5471
1.1500 1.3374 1.1500 1.2109
1.1600 1.2580 1.1600 0.9792
1.1700 1.2037 1.1700 0.9669
1.1800 1.1741 1.1800 0.9800
1.1700 1.1331 1.1700 0.9559
1.1600 1.1117 1.1600 0.9277
1.1400 1.0965 1.1400 1.0137
1.1300 1.0884 1.1300 1.0679
1.1200 1.2143 1.1200 1.2662
1.1200 1.2579 1.1200 1.2879
1.1300 1.2517 1.1300 1.2575
1.1500 1.1662 1.1500 1.1609
1.1700 1.1464 1.1700 1.1730
1.1900 1.2295 1.1900 1.3022
1.1900 1.2357 1.1900 1.2622
1.1900 1.2411 1.1900 1.2519
1.1600 1.1888 1.1600 1.1945
1.1200 1.1798 1.1200 1.2053
1.0700 1.1339 1.0700 1.1491
1.0300 1.1425 1.0300 1.1658
1.0200 1.1328 1.0200 1.1485
1.0500 1.1580 1.0500 1.1788
1.1400 1.1987 1.1400 1.2314
1.2600 1.2494 1.2600 1.2881
1.4000 1.2741 1.4000 1.3076
1.5200 1.2971 1.5200 1.3358
1.6200 1.2475 1.6200 1.2641
1.6900 1.2421 1.6900 1.2752
1.7400 1.1330 1.7400 1.1287
1.7800 1.0951 1.7800 1.0463
1.7900 1.0689 1.7900 0.9695
1.7900 1.0545 1.7900 0.9541
1.7600 1.0753 1.7600 1.0420
1.7300 1.2015 1.7300 1.2032
1.7000 1.4291 1.7000 1.5147
1.6700 1.5265 1.6700 1.6301
1.6500 1.6552 1.6500 1.6951
1.6200 1.7315 1.6200 1.7046
1.5800 1.8100 1.5800 1.7473
1.5400 1.8595 1.5400 1.7873
1.5000 1.8957 1.5000 1.8313
1.4800 1.9123 1.4800 1.8796
1.4700 1.8085 1.4700 1.8002
1.4800 1.7526 1.4800 1.7492
1.4900 1.6232 1.4900 1.5939
1.5000 1.5736 1.5000 1.5680
1.5000 1.5355 1.5000 1.5446
1.5000 1.4976 1.5000 1.4959
1.5000 1.5044 1.5000 1.5206
1.5000 1.4545 1.5000 1.4509
1.4900 1.3908 1.4900 1.3760
1.4600 1.3579 1.4600 1.3664
1.4500 1.3232 1.4500 1.3341
1.4500 1.3592 1.4500 1.3948
1.4700 1.3853 1.4700 1.4193
1.4900 1.4574 1.4900 1.5053
1.5000 1.4817 1.5000 1.5186
1.5200 1.5004 1.5200 1.5347
1.5400 1.4813 1.5400 1.5093
1.5500 1.4821 1.5500 1.5197
1.5800 1.4809 1.5800 1.5210
1.6400 1.4771 1.6400 1.5110
1.7100 1.4378 1.7100 1.4543
1.7600 1.3524 1.7600 1.3472
1.7700 1.3934 1.7700 1.4452
1.7800 1.4235 1.7800 1.4781
1.8000 1.4937 1.8000 1.5470
1.8100 1.5216 1.8100 1.5631
1.8200 1.5113 1.8200 1.5368
1.8100 1.5629 1.8100 1.6236
1.7700 1.5861 1.7700 1.6432
1.7100 1.5623 1.7100 1.5872
1.6300 1.6434 1.6300 1.7150
1.5800 1.7901 1.5800 1.8435
1.5800 1.8568 1.5800 1.8572
1.6200 1.8545 1.6200 1.7963
1.7000 1.7787 1.7000 1.7214
1.7500 1.7815 1.7500 1.8034
1.7700 1.8185 1.7700 1.8752
1.7500 1.7796 1.7500 1.7809
1.7300 1.7764 1.7300 1.7796
1.7300 1.7109 1.7300 1.6974
1.7500 1.5797 1.7500 1.5308
1.7600 1.4569 1.7600 1.4171
1.7700 1.3252 1.7700 1.2761
1.7500 1.3387 1.7500 1.3670
1.7500 1.4800 1.7500 1.5644
1.7400 1.6401 1.7400 1.7156
1.7300 1.8250 1.7300 1.8535
1.7200 1.8023 1.7200 1.7389
1.7000 1.7954 1.7000 1.6993
1.6900 1.6701 1.6900 1.6509
1.6900 1.6337 1.6900 1.6526
1.6700 1.6709 1.6700 1.7242
1.6700 1.7322 1.6700 1.7786
1.6700 1.7104 1.6700 1.7081
1.6800 1.7251 1.6800 1.7377
1.6900 1.6302 1.6900 1.6103
1.7000 1.6800 1.7000 1.7173
1.6800 1.6434 1.6800 1.6586
1.6400 1.6222 1.6400 1.6203
1.5800 1.6141 1.5800 1.6281
1.5300 1.5688 1.5300 1.5678
1.4900 1.5846 1.4900 1.6076
1.4600 1.6169 1.4600 1.6556
1.4400 1.5420 1.4400 1.5260
1.4200 1.5970 1.4200 1.6340
1.4100 1.6081 1.4100 1.6466
1.3900 1.6426 1.3900 1.6735
1.3700 1.6576 1.3700 1.6866
1.3300 1.6714 1.3300 1.6987
1.2700 1.5697 1.2700 1.5486
1.2000 1.4700 1.2000 1.4460
1.1500 1.3528 1.1500 1.3336
1.1200 1.3210 1.1200 1.3352
1.1200 1.3051 1.1200 1.3245
1.1200 1.3031 1.1200 1.3144
1.1000 1.3204 1.1000 1.3403
1.0700 1.3156 1.0700 1.3315
1.0600 1.3436 1.0600 1.3759
1.0700 1.3088 1.0700 1.3221
1.0900 1.2927 1.0900 1.3090
1.1000 1.2069 1.1000 1.2013
1.1000 1.1470 1.1000 1.0694
1.0800 1.1152 1.0800 0.9823
1.0700 1.1054 1.0700 1.0175
1.0700 1.0961 1.0700 1.0397
1.0900 1.1285 1.0900 1.1319
1.1100 1.1398 1.1100 1.1335
1.1300 1.0806 1.1300 1.0552
1.1300 1.0554 1.1300 1.0322
1.1300 1.0842 1.1300 1.1231
1.1400 1.1458 1.1400 1.1828
1.1400 1.1914 1.1400 1.2095
1.1400 1.1835 1.1400 1.1880
1.1300 1.1653 1.1300 1.1775
1.1300 1.0979 1.1300 1.1003
1.1300 1.1069 1.1300 1.1348
1.1400 1.1294 1.1400 1.1619
1.1500 1.1956 1.1500 1.2306
1.1500 1.2196 1.1500 1.2418
1.1500 1.2438 1.1500 1.2704
1.1600 1.1983 1.1600 1.2108
1.1800 1.1950 1.1800 1.2251
1.2000 1.2277 1.2000 1.2793
1.2200 1.1967 1.2200 1.2126
1.2400 1.1899 1.2400 1.2065
1.2500 1.1568 1.2500 1.1723
1.2600 1.1789 1.2600 1.2114
1.2800 1.1792 1.2800 1.2053
1.3100 1.2124 1.3100 1.2433
1.3400 1.2255 1.3400 1.2545
1.3700 1.2015 1.3700 1.2147
1.3900 1.2013 1.3900 1.2281
1.3900 1.2376 1.3900 1.2854
1.3900 1.2813 1.3900 1.3287
1.3900 1.3002 1.3900 1.3349
1.4100 1.3210 1.4100 1.3605
1.4300 1.3428 1.4300 1.3915
1.4500 1.3250 1.4500 1.3594
1.4500 1.3292 1.4500 1.3711
1.4600 1.3720 1.4600 1.4348
1.4800 1.4245 1.4800 1.4886
1.5000 1.4514 1.5000 1.5017
1.5000 1.4806 1.5000 1.5344
1.5000 1.4742 1.5000 1.5197
1.4900 1.4156 1.4900 1.4374
1.4600 1.4069 1.4600 1.4501
1.4200 1.4007 1.4200 1.4483
1.3900 1.4644 1.3900 1.5303
1.4000 1.4835 1.4000 1.5306
1.4100 1.5021 1.4100 1.5415
1.4300 1.4520 1.4300 1.4713
1.4300 1.4860 1.4300 1.5415
1.4200 1.5325 1.4200 1.6030
1.4000 1.5459 1.4000 1.5890
1.3900 1.4883 1.3900 1.4967
1.3700 1.4871 1.3700 1.5237
1.3600 1.4499 1.3600 1.4807
1.3400 1.3568 1.3400 1.3507
1.3200 1.2833 1.3200 1.2832
1.3000 1.2781 1.3000 1.3114
1.2600 1.3934 1.2600 1.4731
1.2100 1.4093 1.2100 1.4402
1.1500 1.4607 1.1500 1.4951
1.0900 1.4243 1.0900 1.4459
1.0600 1.3903 1.0600 1.4110
1.0500 1.3433 1.0500 1.3679
1.0400 1.3536 1.0400 1.3974
1.0300 1.3034 1.0300 1.3173
1.0200 1.3155 1.0200 1.3441
1.0100 1.2752 1.0100 1.2908
1.0100 1.2554 1.0100 1.2704
1.0100 1.2398 1.0100 1.2631
1.0200 1.1508 1.0200 1.1384
1.0300 1.1248 1.0300 1.0592
1.0300 1.0933 1.0300 0.9803
1.0100 1.0676 1.0100 0.9167
0.9600 1.0760 0.9600 0.9978
0.9100 1.0822 0.9100 1.0442
0.8800 1.0768 0.8800 1.0165
0.8700 1.0710 0.8700 1.0354
0.8700 1.0640 0.8700 1.0584
0.8600 1.0551 0.8600 1.0531
0.8600 1.0837 0.8600 1.0905
0.8600 1.0874 0.8600 1.0866
0.8800 1.1206 0.8800 1.1329
0.9100 1.1317 0.9100 1.1486
0.9400 1.1083 0.9400 1.1096
0.9600 1.0410 0.9600 1.0250
0.9700 1.0074 0.9700 0.8764
0.9600 1.0053 0.9600 0.8609
0.9700 1.0247 0.9700 0.8737
1.0300 1.0376 1.0300 0.8914
1.1600 1.0473 1.1600 0.9088
1.3700 1.0183 1.3700 0.8799
1.6000 1.0405 1.6000 0.9473
1.7500 1.0404 1.7500 0.9621
1.8200 1.1035 1.8200 1.0453
1.8200 1.1506 1.8200 1.1106
1.7800 1.1626 1.7800 1.1360
1.6200 1.1354 1.6200 1.1333
1.4200 1.1105 1.4200 1.1245
1.2100 1.0463 1.2100 1.0446
1.0500 1.0948 1.0500 1.1309
0.8900 1.2762 0.8900 1.3681
0.7600 1.5057 0.7600 1.6689
0.6600 1.7506 0.6600 1.8579
0.5700 1.9286 0.5700 1.9116
0.5600 1.9230 0.5600 1.7434
0.5500 1.9164 0.5500 1.6888
0.5700 1.9006 0.5700 1.7306
0.6400 1.6968 0.6400 1.6641
0.7300 1.3258 0.7300 0.9935
0.8200 1.2094 0.8200 0.9198
0.8700 1.1062 0.8700 0.8871
0.9000 1.0946 0.9000 0.9098
0.9100 1.0778 0.9100 0.9636
0.8900 1.0450 0.8900 1.0256
0.8700 1.0233 0.8700 1.0592
0.8300 0.9982 0.8300 1.0545
0.7900 1.0306 0.7900 1.1051
0.7600 1.0152 0.7600 1.0168
0.7300 1.0633 0.7300 1.0018
0.7200 1.1845 0.7200 1.1461
0.7300 1.2333 0.7300 1.1450
0.7600 1.2395 0.7600 1.2298
0.8200 1.1638 0.8200 1.1925
0.8600 1.1589 0.8600 1.1929
0.8900 1.1057 0.8900 1.1443
0.9200 1.0098 0.9200 0.9795
0.9400 1.0075 0.9400 0.9406
0.9500 0.9918 0.9500 0.8470
0.9500 0.9983 0.9500 0.8349
0.9400 1.0052 0.9400 0.8746
0.9200 0.9991 0.9200 0.8819
0.9100 1.0075 0.9100 0.9044
0.9000 1.0450 0.9000 0.9494
0.8900 1.1032 0.8900 0.9800
0.8800 1.2158 0.8800 1.1128
0.8700 1.1767 0.8700 1.0953
0.8600 1.1413 0.8600 1.1128
0.8400 1.1446 0.8400 1.1847
0.7900 1.1295 0.7900 1.1557
0.7400 1.0994 0.7400 1.1084
0.7100 1.0654 0.7100 1.0731
0.6900 1.0238 0.6900 1.0217
0.6900 1.0174 0.6900 0.9567
0.7000 1.0281 0.7000 0.9792
0.7200 1.0268 0.7200 0.9554
0.7500 1.0225 0.7500 0.9308
0.8100 1.0174 0.8100 0.9295
0.8900 1.0137 0.8900 0.9252
0.9700 1.0123 0.9700 0.9151
1.0100 0.9999 1.0100 0.8593
1.0100 0.9743 1.0100 0.8080
1.0000 0.9794 1.0000 0.8524
1.0100 1.0006 1.0100 0.9086
1.0100 1.0083 1.0100 0.9195
1.0100 1.0191 1.0100 0.9288
1.0100 1.0430 1.0100 0.9398
1.0000 1.0632 1.0000 0.9447
1.0000 1.0963 1.0000 0.9674
0.9900 1.2053 0.9900 1.1329
0.9800 1.2781 0.9800 1.2885
0.9800 1.2820 0.9800 1.3684
0.9900 1.2523 0.9900 1.2782
1.0100 1.1552 1.0100 1.1620
1.0200 1.1039 1.0200 1.1433
1.0100 1.1422 1.0100 1.2051
0.9800 1.0988 0.9800 1.1023
0.9500 1.0856 0.9500 1.0795
0.9500 1.0889 0.9500 1.1039
0.9600 1.0551 0.9600 1.0533
0.9700 1.0760 0.9700 1.0908
0.9800 1.0473 0.9800 1.0421
0.9700 1.0401 0.9700 1.0239
0.9700 1.0721 0.9700 1.0726
0.9700 1.1109 0.9700 1.1117
0.9700 1.1508 0.9700 1.1584
0.9700 1.1293 0.9700 1.1331
0.9500 1.0710 0.9500 1.0598
0.9400 1.0251 0.9400 0.9770
0.9200 1.0216 0.9200 0.9558
0.9000 1.0549 0.9000 1.0526
0.8700 1.1027 0.8700 1.0613
0.8400 1.1106 0.8400 1.0547
0.8300 1.1138 0.8300 1.0955
0.8200 1.0457 0.8200 1.0295
0.8400 1.0642 0.8400 1.0766
0.8600 1.0690 0.8600 1.0767
0.8800 1.0689 0.8800 1.0533
0.8800 1.0702 0.8800 1.0562
0.8700 1.0200 0.8700 0.9659
0.8300 1.0308 0.8300 1.0022
0.7900 1.0212 0.7900 0.9465
0.7700 1.0193 0.7700 0.9088
0.7800 1.0056 0.7800 0.8502
0.7900 0.9997 0.7900 0.8404
0.7900 1.0163 0.7900 0.8835
0.8000 1.0103 0.8000 0.8584
0.8000 1.0923 0.8000 0.9803
0.8100 1.1104 0.8100 1.0122
0.8100 1.1120 0.8100 1.0329
0.8300 1.0475 0.8300 0.9866
0.8500 1.0038 0.8500 0.9573
0.8800 0.9775 0.8800 0.8316
0.8900 0.9865 0.8900 0.8323
0.8800 1.0102 0.8800 0.8758
0.8700 1.0490 0.8700 0.9454
0.8800 1.0589 0.8800 0.8931
0.9200 1.0240 0.9200 0.8591
0.9800 1.0495 0.9800 0.9469
1.0200 1.0194 1.0200 0.9186
1.0500 1.0445 1.0500 0.9528
1.1100 1.0199 1.1100 0.9212
1.1700 1.0824 1.1700 1.0095
1.2100 1.0968 1.2100 1.0296
1.2300 1.1359 1.2300 1.0858
1.2500 1.0812 1.2500 1.0323
1.2900 1.0084 1.2900 0.9599
1.3300 1.0057 1.3300 0.9703
1.3700 1.0630 1.3700 1.0430
1.3800 1.1770 1.3800 1.1581
1.3800 1.2725 1.3800 1.2720
1.3700 1.2330 1.3700 1.2406
1.3800 1.2397 1.3800 1.2682
1.4100 1.3765 1.4100 1.4838
1.4200 1.4316 1.4200 1.5123
1.4100 1.4051 1.4100 1.4339
1.3900 1.3666 1.3900 1.4030
1.3700 1.3790 1.3700 1.4475
1.3500 1.4578 1.3500 1.5514
1.3400 1.4859 1.3400 1.5478
1.3400 1.5163 1.3400 1.5692
1.3400 1.4462 1.3400 1.4670
1.3300 1.4110 1.3300 1.4439
1.3000 1.3671 1.3000 1.4056
1.2500 1.4160 1.2500 1.4821
1.2000 1.4934 1.2000 1.5689
1.1700 1.4478 1.1700 1.4600
1.1800 1.3829 1.1800 1.3829
1.2100 1.3404 1.2100 1.3689
1.2600 1.3151 1.2600 1.3503
1.3000 1.2860 1.3000 1.3084
1.3000 1.2983 1.3000 1.3302
1.2800 1.3282 1.2800 1.3684
1.2500 1.3333 1.2500 1.3610
1.2400 1.3020 1.2400 1.3154
1.2400 1.2241 1.2400 1.2221
1.2400 1.1441 1.2400 1.1105
1.2300 1.1287 1.2300 1.0750
1.2000 1.1267 1.2000 1.1172
1.1700 1.2041 1.1700 1.2568
1.1400 1.2972 1.1400 1.3378
1.1100 1.4136 1.1100 1.4689
1.0800 1.4470 1.0800 1.4940
1.0600 1.3495 1.0600 1.3493
1.0500 1.2730 1.0500 1.2894
1.0400 1.2091 1.0400 1.2406
1.0300 1.2338 1.0300 1.2845
1.0300 1.2519 1.0300 1.2873
1.0300 1.2502 1.0300 1.2636
1.0200 1.2210 1.0200 1.2290
1.0000 1.1461 1.0000 1.1421
0.9700 1.1178 0.9700 1.1302
0.9500 1.1076 0.9500 1.0998
0.9400 1.0910 0.9400 1.0495
0.9400 1.0722 0.9400 1.0174
0.9300 1.0649 0.9300 1.0429
0.9000 1.0694 0.9000 1.0700
0.8700 1.0688 0.8700 1.0542
0.8500 1.0639 0.8500 1.0531
0.8400 1.0937 0.8400 1.1073
0.8500 1.0957 0.8500 1.1059
0.8600 1.0625 0.8600 1.0531
0.8600 1.0362 0.8600 1.0099
0.8500 1.0241 0.8500 0.9540
0.8400 1.0346 0.8400 0.9702
0.8400 1.0422 0.8400 0.9844
0.8300 1.0639 0.8300 1.0038
0.8200 1.0344 0.8200 0.9582
0.8100 1.0022 0.8100 0.8711
0.8000 1.0011 0.8000 0.8665
0.7900 1.0116 0.7900 0.8829
0.7800 1.0192 0.7800 0.8816
0.7700 1.0656 0.7700 0.9536
0.7600 1.0772 0.7600 0.9675
0.7600 1.0435 0.7600 0.9406
0.7600 1.0031 0.7600 0.9207
0.7500 1.0011 0.7500 0.9235
0.7400 1.0232 0.7400 0.9506
0.7200 1.0049 0.7200 0.8863
0.7000 1.0011 0.7000 0.8756
0.6900 0.9984 0.6900 0.8799
0.6700 0.9974 0.6700 0.8640
0.6600 0.9977 0.6600 0.8534
0.6600 0.9945 0.6600 0.8455
0.6700 0.9934 0.6700 0.8488
0.6700 0.9922 0.6700 0.8520
0.6700 1.0070 0.6700 0.8893
0.6800 1.0100 0.6800 0.8769
0.7000 0.9851 0.7000 0.8354
0.7200 0.9835 0.7200 0.8538
0.7300 0.9780 0.7300 0.8447
0.7200 0.9829 0.7200 0.8663
0.7100 0.9913 0.7100 0.8920
0.6800 0.9815 0.6800 0.8797
0.6700 0.9857 0.6700 0.8986
0.6600 0.9989 0.6600 0.9261
0.6600 1.0274 0.6600 0.9359
0.6600 1.0010 0.6600 0.8841
0.6600 0.9908 0.6600 0.8914
0.6700 1.0161 0.6700 0.9330
0.6600 1.0491 0.6600 0.9473
0.6400 1.0542 0.6400 0.9228
0.6300 1.0239 0.6300 0.8801
0.6100 0.9644 0.6100 0.8240
0.6100 0.9727 0.6100 0.8571
0.6000 0.9690 0.6000 0.8470
0.6100 0.9906 0.6100 0.8988
0.6100 0.9902 0.6100 0.8985
0.6100 1.0007 0.6100 0.9112
0.6200 1.0011 0.6200 0.9066
0.6300 0.9946 0.6300 0.8995
0.6400 1.0192 0.6400 0.9333
0.6400 0.9678 0.6400 0.8555
0.6400 0.9632 0.6400 0.8660
0.6400 0.9737 0.6400 0.9047
0.6400 0.9714 0.6400 0.8978
0.6300 0.9879 0.6300 0.9351
0.6100 0.9728 0.6100 0.9066
0.6000 1.0120 0.6000 0.9527
0.5900 0.9910 0.5900 0.9078
0.6000 0.9824 0.6000 0.9015
0.6300 1.0080 0.6300 0.9455
0.7100 1.0116 0.7100 0.9284
0.8900 1.0130 0.8900 0.9182
1.1300 0.9847 1.1300 0.8871
1.3600 0.9804 1.3600 0.8981
1.5200 0.9832 1.5200 0.9046
1.6000 0.9862 1.6000 0.9018
1.6400 0.9701 1.6400 0.8778
1.6700 0.9625 1.6700 0.8838
1.7000 0.9724 1.7000 0.9127
1.7200 0.9746 1.7200 0.9167
1.7200 1.0132 1.7200 0.9599
1.7100 1.0721 1.7100 1.0036
1.6700 1.2227 1.6700 1.1417
1.6300 1.4421 1.6300 1.5103
1.6000 1.5785 1.6000 1.6858
1.5700 1.7203 1.5700 1.7066
1.5500 1.7598 1.5500 1.6319
1.5600 1.7712 1.5600 1.6123
1.6100 1.8295 1.6100 1.7392
1.7000 1.8357 1.7000 1.8720
1.8000 1.8073 1.8000 1.8589
1.8800 1.7596 1.8800 1.7747
1.9400 1.6837 1.9400 1.6750
1.9500 1.6356 1.9500 1.6402
1.9400 1.5046 1.9400 1.4769
1.9100 1.4507 1.9100 1.4485
1.9000 1.4443 1.9000 1.4736
1.9000 1.4102 1.9000 1.4159
1.9200 1.4179 1.9200 1.4342
1.9700 1.5214 1.9700 1.5894
2.0400 1.6946 2.0400 1.7956
2.0900 1.8585 2.0900 1.8884
2.1100 1.9359 2.1100 1.8921
2.1100 1.9691 2.1100 1.8521
2.1100 2.0133 2.1100 1.8703
2.1000 1.9588 2.1000 1.8227
2.0800 1.8647 2.0800 1.8270
2.0400 1.7550 2.0400 1.7211
2.0000 1.7753 2.0000 1.7868
1.9700 1.7917 1.9700 1.8026
1.9300 1.8627 1.9300 1.8808
1.8900 2.0079 1.8900 1.9792
1.8500 2.1061 1.8500 2.0082
1.8200 2.1094 1.8200 1.9448
1.7900 2.0819 1.7900 1.8929
1.7500 2.0224 1.7500 1.9138
1.6900 2.0095 1.6900 1.9815
1.6300 1.9516 1.6300 1.8986
1.5900 1.8861 1.5900 1.8183
1.5600 1.7830 1.5600 1.7048
1.5200 1.7392 1.5200 1.6920
1.4700 1.7375 1.4700 1.7206
1.4300 1.6676 1.4300 1.6184
1.4000 1.6285 1.4000 1.5887
1.3700 1.5993 1.3700 1.5803
1.3300 1.6036 1.3300 1.6018
1.3100 1.5805 1.3100 1.5700
1.2900 1.5194 1.2900 1.4910
1.2700 1.4123 1.2700 1.3696
1.2500 1.3585 1.2500 1.3469
1.2200 1.3791 1.2200 1.4094
1.1900 1.3817 1.1900 1.3982
1.1800 1.3224 1.1800 1.3023
1.1600 1.2593 1.1600 1.2431
1.1500 1.2596 1.1500 1.2835
1.1400 1.2654 1.1400 1.2933
1.1300 1.2407 1.1300 1.2446
1.1000 1.1838 1.1000 1.1727
1.0600 1.2268 1.0600 1.2637
1.0300 1.2195 1.0300 1.2426
1.0200 1.2028 1.0200 1.2068
1.0200 1.1923 1.0200 1.2071
1.0200 1.1454 1.0200 1.1476
1.0200 1.1231 1.0200 1.1242
1.0300 1.1645 1.0300 1.2032
1.0400 1.1253 1.0400 1.1244
1.0700 1.1419 1.0700 1.1518
1.0900 1.1439 1.0900 1.1640
1.1300 1.1383 1.1300 1.1489
1.1900 1.0769 1.1900 1.0448
1.2500 1.0561 1.2500 0.9828
1.3000 1.0544 1.3000 1.0059
1.3400 1.0673 1.3400 1.0546
1.3600 1.0926 1.3600 1.0654
1.3700 1.0970 1.3700 1.0658
1.3700 1.0952 1.3700 1.0892
1.3500 1.1277 1.3500 1.1548
1.3200 1.1416 1.3200 1.1613
1.2700 1.2209 1.2700 1.2653
1.2100 1.2206 1.2100 1.2452
1.1500 1.3082 1.1500 1.3651
1.1000 1.4254 1.1000 1.5167
1.0400 1.4745 1.0400 1.5519
0.9900 1.4998 0.9900 1.5594
0.9500 1.5172 0.9500 1.5796
0.9200 1.4761 0.9200 1.5225
0.8800 1.4434 0.8800 1.4870
0.8300 1.4027 0.8300 1.4419
0.7900 1.3152 0.7900 1.3240
0.7500 1.2463 0.7500 1.2546
0.7300 1.1620 0.7300 1.1292
0.7200 1.1289 0.7200 1.0289
0.7300 1.1001 0.7300 0.9752
0.7600 1.0776 0.7600 0.9555
0.7900 1.0458 0.7900 0.8819
0.8200 1.0389 0.8200 0.8721
0.8300 1.0347 0.8300 0.8682
0.8400 1.0319 0.8400 0.8618
0.8500 1.0095 0.8500 0.8339
0.8500 0.9913 0.8500 0.8197
0.8400 0.9972 0.8400 0.8613
0.8200 0.9979 0.8200 0.8781
0.8100 1.0096 0.8100 0.9075
0.8100 1.0050 0.8100 0.9015
0.8300 1.0450 0.8300 0.9400
0.8400 1.1035 0.8400 0.9856
0.8400 1.1167 0.8400 0.9798
0.8300 1.1206 0.8300 1.0284
0.8100 1.0606 0.8100 0.9914
0.8000 1.0524 0.8000 1.0127
0.8000 1.0556 0.8000 1.0242
0.8100 1.0268 0.8100 0.9657
0.8200 1.0008 0.8200 0.9145
0.8200 0.9909 0.8200 0.8660
0.8300 1.0024 0.8300 0.8889
0.8200 1.0159 0.8200 0.9100
0.8200 1.0877 0.8200 0.9841
0.8100 1.0690 0.8100 0.9562
0.8100 1.0330 0.8100 0.9336
0.8000 0.9938 0.8000 0.9159
0.8100 0.9872 0.8100 0.8619
0.8200 1.0012 0.8200 0.8804
0.8500 1.0126 0.8500 0.9007
0.8900 1.0510 0.8900 0.9283
0.9400 1.0586 0.9400 0.9405
0.9700 1.0275 0.9700 0.9172
1.0000 1.0541 1.0000 0.9799
1.0100 0.9938 1.0100 0.8981
1.0200 1.0144 1.0200 0.9282
1.0200 0.9966 1.0200 0.8892
1.0100 1.0141 1.0100 0.9112
0.9900 0.9960 0.9900 0.8668
0.9700 1.0460 0.9700 0.9451
0.9700 1.0569 0.9700 0.9558
0.9700 1.1256 0.9700 1.0489
0.9700 1.1756 0.9700 1.1345
0.9600 1.2245 0.9600 1.2215
0.9600 1.1745 0.9600 1.1853
0.9500 1.1996 0.9500 1.2350
0.9500 1.1566 0.9500 1.1813
0.9500 1.1519 0.9500 1.1799
0.9500 1.1178 0.9500 1.1365
0.9700 1.0722 0.9700 1.0728
1.0200 1.0418 1.0200 1.0143
1.0900 1.0340 1.0900 0.9949
1.1600 1.0645 1.1600 1.0620
1.2100 1.0748 1.2100 1.0410
1.2600 1.0747 1.2600 1.0336
1.3200 1.0409 1.3200 1.0077
1.4000 1.0660 1.4000 1.0579
1.4600 1.0344 1.4600 1.0063
1.5100 1.0608 1.5100 1.0361
1.5400 1.0661 1.5400 1.0416
1.5500 1.0658 1.5500 1.0335
1.5200 1.1331 1.5200 1.1356
1.5100 1.2511 1.5100 1.2980
1.5400 1.3607 1.5400 1.4264
1.5900 1.4037 1.5900 1.4962
1.6300 1.4167 1.6300 1.4825
1.6500 1.4755 1.6500 1.5477
1.6700 1.5552 1.6700 1.6402
1.6900 1.6479 1.6900 1.7269
1.7000 1.6532 1.7000 1.6848
1.6800 1.6741 1.6800 1.6829
1.6500 1.6633 1.6500 1.6882
1.6400 1.6016 1.6400 1.6311
1.6200 1.4431 1.6200 1.4238
1.6000 1.4665 1.6000 1.5201
1.5500 1.5986 1.5500 1.7100
1.5200 1.6953 1.5200 1.7661
1.5200 1.7088 1.5200 1.7314
1.5600 1.6846 1.5600 1.6841
1.6000 1.7094 1.6000 1.7451
1.6000 1.7242 1.6000 1.7752
1.5900 1.6925 1.5900 1.7088
1.5900 1.5790 1.5900 1.5530
1.6000 1.5136 1.6000 1.5098
1.6100 1.5539 1.6100 1.6079
1.6400 1.5003 1.6400 1.5064
1.6700 1.4724 1.6700 1.4702
1.7200 1.3492 1.7200 1.3202
1.7600 1.3731 1.7600 1.4050
1.8100 1.4620 1.8100 1.5386
1.8600 1.6136 1.8600 1.6992
1.9200 1.6651 1.9200 1.7054
1.9800 1.5681 1.9800 1.5437
2.0000 1.5383 2.0000 1.5568
2.0000 1.5683 2.0000 1.6358
1.9900 1.5929 1.9900 1.6434
1.9600 1.5929 1.9600 1.6174
1.9200 1.6794 1.9200 1.7422
1.8700 1.7173 1.8700 1.7679
1.8400 1.8227 1.8400 1.8341
1.8100 1.8405 1.8100 1.8181
1.8000 1.9090 1.8000 1.8617
1.8100 1.9577 1.8100 1.8973
1.8200 2.0216 1.8200 1.9443
1.8400 2.0718 1.8400 1.9696
1.8500 2.0002 1.8500 1.8695
1.8600 1.9290 1.8600 1.8664
1.8600 1.8818 1.8600 1.8628
1.8600 1.7746 1.8600 1.7217
1.8300 1.6868 1.8300 1.6336
1.8000 1.6025 1.8000 1.5603
1.7700 1.6245 1.7700 1.6307
1.7500 1.5977 1.7500 1.5886
1.7500 1.6460 1.7500 1.6586
1.7300 1.7274 1.7300 1.7680
1.7000 1.7491 1.7000 1.7606
1.6700 1.8056 1.6700 1.8290
1.6500 1.7993 1.6500 1.8069
1.6400 1.8095 1.6400 1.8173
1.6300 1.7819 1.6300 1.7799
1.6100 1.7768 1.6100 1.7795
1.5900 1.6581 1.5900 1.6135
1.5700 1.6196 1.5700 1.6037
1.5600 1.5899 1.5600 1.5954
1.5500 1.5920 1.5500 1.6022
1.5300 1.6489 1.5300 1.6824
1.5300 1.5810 1.5300 1.5608
1.5300 1.5261 1.5300 1.5039
1.5300 1.5061 1.5300 1.5207
1.5100 1.5152 1.5100 1.5434
1.5000 1.5318 1.5000 1.5577
1.4800 1.5263 1.4800 1.5398
1.4600 1.4858 1.4600 1.4852
1.4500 1.4722 1.4500 1.4891
1.4500 1.4571 1.4500 1.4804
1.4400 1.4745 1.4400 1.5077
1.4300 1.4678 1.4300 1.4911
1.4300 1.4238 1.4300 1.4270
1.4500 1.4823 1.4500 1.5344
1.4600 1.4907 1.4600 1.5310
1.4700 1.4892 1.4700 1.5107
1.4600 1.4204 1.4600 1.4204
1.4500 1.4385 1.4500 1.4775
1.4400 1.3947 1.4400 1.4166
1.4400 1.3687 1.4400 1.3823
1.4400 1.3876 1.4400 1.4273
1.4400 1.4186 1.4400 1.4634
1.4400 1.3845 1.4400 1.3960
1.4300 1.3778 1.4300 1.4008
1.4100 1.4114 1.4100 1.4634
1.3900 1.4873 1.3900 1.5560
1.3800 1.4728 1.3800 1.4992
1.3700 1.4835 1.3700 1.5156
1.3700 1.4263 1.3700 1.4446
1.3600 1.4115 1.3600 1.4426
1.3600 1.3988 1.3600 1.4369
1.3400 1.4201 1.3400 1.4635
1.3300 1.4193 1.3300 1.4514
1.3200 1.4205 1.3200 1.4503
1.3400 1.4243 1.3400 1.4604
1.3500 1.3898 1.3500 1.4108
1.3500 1.3415 1.3500 1.3539
1.3200 1.3206 1.3200 1.3474
1.3100 1.3361 1.3100 1.3780
1.3100 1.3259 1.3100 1.3511
1.3300 1.3535 1.3300 1.3894
1.3500 1.3245 1.3500 1.3436
1.3600 1.3527 1.3600 1.3923
1.3600 1.2863 1.3600 1.2955
1.3600 1.2989 1.3600 1.3307
1.3600 1.2937 1.3600 1.3305
1.3700 1.3908 1.3700 1.4592
1.3900 1.3809 1.3900 1.4105
1.4100 1.3548 1.4100 1.3665
1.4300 1.2524 1.4300 1.2480
1.4300 1.2912 1.4300 1.3465
1.4300 1.3172 1.4300 1.3739
1.4200 1.3828 1.4200 1.4325
1.4300 1.4084 1.4300 1.4471
1.4400 1.3987 1.4400 1.4253
1.4500 1.3762 1.4500 1.4067
1.4500 1.3757 1.4500 1.4210
1.4400 1.3707 1.4400 1.4121
1.4300 1.4012 1.4300 1.4509
1.4200 1.4474 1.4200 1.5046
1.4200 1.4685 1.4200 1.5133
1.4200 1.4897 1.4200 1.5356
1.4300 1.4382 1.4300 1.4590
1.4300 1.4330 1.4300 1.4712
1.4200 1.3938 1.4200 1.4251
1.4200 1.4481 1.4200 1.5084
1.4200 1.4579 1.4200 1.5031
1.4200 1.4646 1.4200 1.4957
1.4300 1.4411 1.4300 1.4673
1.4400 1.4050 1.4400 1.4277
1.4400 1.3921 1.4400 1.4264
1.4200 1.3790 1.4200 1.4127
1.3800 1.4018 1.3800 1.4441
1.3300 1.4033 1.3300 1.4369
1.2700 1.4413 1.2700 1.4872
1.2400 1.4200 1.2400 1.4472
1.2300 1.3831 1.2300 1.3988
1.2900 1.4106 1.2900 1.4616
1.3900 1.4115 1.3900 1.4538
1.5100 1.4067 1.5100 1.4347
1.6000 1.4451 1.6000 1.4958
1.6600 1.4591 1.6600 1.5035
1.7000 1.4315 1.7000 1.4528
1.7600 1.3582 1.7600 1.3624
1.8400 1.2629 1.8400 1.2595
1.9400 1.1913 1.9400 1.1830
2.0400 1.1590 2.0400 1.0809
2.1100 1.1606 2.1100 1.1683
2.1500 1.1841 2.1500 1.2187
2.1700 1.4350 2.1700 1.5387
2.1600 1.6141 2.1600 1.7245
2.1800 1.7134 2.1800 1.7437
2.2000 1.7448 2.2000 1.6971
2.2500 1.7773 2.2500 1.6994
2.2900 1.8291 2.2900 1.7730
2.3400 1.9356 2.3400 1.9193
2.3700 2.0261 2.3700 2.0046
2.4000 2.1074 2.4000 2.0384
2.4200 2.1650 2.4200 2.0296
2.4300 2.1689 2.4300 1.9664
2.4000 2.1772 2.4000 1.9566
2.3700 2.1654 2.3700 1.9915
2.3400 2.0415 2.3400 1.9561
2.3400 2.1226 2.3400 2.0933
2.3400 2.1319 2.3400 2.0780
2.3500 2.2549 2.3500 2.1214
2.3400 2.2712 2.3400 2.0690
2.3000 2.3264 2.3000 2.0901
2.2700 2.3260 2.2700 2.0689
2.2300 2.3481 2.2300 2.0990
2.1900 2.3324 2.1900 2.1143
2.1500 2.2994 2.1500 2.0994
2.1200 2.1373 2.1200 1.9652
2.0900 2.0958 2.0900 1.9753
2.0600 2.0620 2.0600 1.9689
2.0400 2.1398 2.0400 2.0844
2.0100 2.1403 2.0100 2.0537
1.9900 2.1833 1.9900 2.0575
1.9600 2.1264 1.9600 1.9963
1.9400 1.9992 1.9400 1.8539
1.9200 1.9991 1.9200 1.9224
1.9100 1.9296 1.9100 1.8419
1.8900 1.8779 1.8900 1.7829
1.8700 1.8421 1.8700 1.7683
1.8500 1.8475 1.8500 1.7989
1.8300 1.8240 1.8300 1.7686
1.8100 1.8006 1.8100 1.7459
1.7900 1.8193 1.7900 1.7925
1.7700 1.7696 1.7700 1.7200
1.7600 1.7816 1.7600 1.7558
1.7300 1.7329 1.7300 1.6953
1.7000 1.7431 1.7000 1.7259
1.6600 1.7309 1.6600 1.7164
1.6100 1.7527 1.6100 1.7487
1.5500 1.7110 1.5500 1.6848
1.5000 1.6946 1.5000 1.6772
1.4600 1.6812 1.4600 1.6768
1.4300 1.6633 1.4300 1.6565
1.3900 1.6447 1.3900 1.6380
1.3500 1.6286 1.3500 1.6259
1.3100 1.6124 1.3100 1.6120
1.2700 1.6343 1.2700 1.6530
1.2500 1.5537 1.2500 1.5302
1.2500 1.5235 1.2500 1.5160
1.3000 1.4634 1.3000 1.4597
1.3800 1.3849 1.3800 1.3662
1.4800 1.2987 1.4800 1.2784
1.5700 1.2795 1.5700 1.2906
1.5900 1.2731 1.5900 1.2907
1.5700 1.2771 1.5700 1.2903
1.5200 1.2235 1.5200 1.2127
1.4700 1.1957 1.4700 1.1969
1.4000 1.1705 1.4000 1.1804
1.3400 1.1542 1.3400 1.1392
1.2900 1.1744 1.2900 1.2032
1.2600 1.2382 1.2600 1.2802
1.2300 1.4296 1.2300 1.5216
1.2200 1.5857 1.2200 1.6874
1.2200 1.6780 1.2200 1.7231
1.2100 1.7367 1.2100 1.7244
1.2000 1.6660 1.2000 1.5915
1.1800 1.5462 1.1800 1.5323
1.1500 1.3968 1.1500 1.4027
1.1100 1.3124 1.1100 1.3278
1.0700 1.2349 1.0700 1.1361
1.0400 1.1961 1.0400 1.1120
1.0200 1.1666 1.0200 1.1136
1.0000 1.1541 1.0000 1.1493
0.9900 1.1315 0.9900 1.1136
0.9700 1.1758 0.9700 1.1995
0.9600 1.2211 0.9600 1.2554
0.9600 1.1964 0.9600 1.1989
0.9800 1.1936 0.9800 1.2094
0.9900 1.1569 0.9900 1.1710
1.0000 1.1056 1.0000 1.0986
1.0100 1.0847 1.0100 1.0258
1.0200 1.0670 1.0200 0.9899
1.0300 1.0588 1.0300 0.9929
1.0400 1.0602 1.0400 0.9978
1.0500 1.0495 1.0500 0.9707
1.0600 1.0511 1.0600 1.0104
1.0600 1.0327 1.0600 0.9636
1.0600 1.0386 1.0600 0.9975
1.0600 1.0707 1.0600 1.0447
1.0600 1.1412 1.0600 1.1283
1.0600 1.1191 1.0600 1.0942
1.0500 1.1161 1.0500 1.1174
1.0600 1.1269 1.0600 1.1525
1.0700 1.1354 1.0700 1.1574
1.0700 1.1411 1.0700 1.1605
1.0600 1.1489 1.0600 1.1705
1.0400 1.1566 1.0400 1.1795
1.0400 1.1644 1.0400 1.1884
1.0400 1.1373 1.0400 1.1479
1.0500 1.1334 1.0500 1.1519
1.0500 1.1319 1.0500 1.1547
1.0500 1.1284 1.0500 1.1443
1.0400 1.1262 1.0400 1.1406
1.0300 1.0913 1.0300 1.0925
1.0200 1.1495 1.0200 1.1863
1.0100 1.1636 1.0100 1.1899
1.0100 1.1356 1.0100 1.1334
1.0000 1.1019 1.0000 1.1051
0.9900 1.0583 0.9900 1.0625
0.9700 1.1037 0.9700 1.1374
0.9600 1.1042 0.9600 1.1177
0.9500 1.1362 0.9500 1.1484
0.9400 1.1179 0.9400 1.1227
0.9300 1.1198 0.9300 1.1325
0.9100 1.0872 0.9100 1.0941
0.9000 1.0742 0.9000 1.0825
0.9000 1.0629 0.9000 1.0715
0.8900 1.0516 0.8900 1.0533
0.8800 1.0824 0.8800 1.0894
0.8600 1.0532 0.8600 1.0380
0.8500 1.0450 0.8500 1.0303
0.8200 1.0298 0.8200 0.9860
0.7900 1.0389 0.7900 1.0133
0.7600 1.0382 0.7600 0.9981
0.7500 1.0336 0.7500 0.9772
0.7400 1.0297 0.7400 0.9750
0.7300 1.0158 0.7300 0.9232
0.7200 1.0243 0.7200 0.9550
0.7000 1.0489 0.7000 0.9920
0.7000 1.0192 0.7000 0.9285
0.6900 1.0148 0.6900 0.9274
0.6800 1.0020 0.6800 0.8889
0.6800 1.0119 0.6800 0.9131
0.6800 0.9925 0.6800 0.8336
0.7200 0.9917 0.7200 0.8299
0.7900 0.9925 0.7900 0.8542
0.9000 1.0064 0.9000 0.8903
1.0100 1.0034 1.0100 0.8733
1.0900 0.9916 1.0900 0.8637
1.1300 0.9846 1.1300 0.8682
1.1700 0.9752 1.1700 0.8564
1.2100 0.9973 1.2100 0.9188
1.2400 0.9843 1.2400 0.8695
1.3000 0.9818 1.3000 0.8735
1.4000 0.9965 1.4000 0.9156
1.5100 0.9985 1.5100 0.9000
1.6400 1.1075 1.6400 1.0259
1.7800 1.2326 1.7800 1.1329
1.9000 1.3295 1.9000 1.3802
1.9800 1.3315 1.9800 1.4303
2.0200 1.3493 2.0200 1.4045
2.0500 1.3550 2.0500 1.4018
2.1000 1.4114 2.1000 1.5071
2.1900 1.4283 2.1900 1.5204
2.3200 1.4037 2.3200 1.4508
2.4400 1.5244 2.4400 1.6251
2.5300 1.6668 2.5300 1.7676
2.5800 1.7474 2.5800 1.7867
2.6000 1.8690 2.6000 1.8575
2.6200 1.9975 2.6200 1.9346
2.6500 2.0732 2.6500 1.9414
2.6700 2.0956 2.6700 1.9140
2.6800 2.0941 2.6800 1.9062
2.6800 2.1150 2.6800 1.9868
2.6700 2.1924 2.6700 2.1057
2.6600 2.3297 2.6600 2.2116
2.6500 2.4579 2.6500 2.2777
2.6300 2.4999 2.6300 2.2025
2.6100 2.5214 2.6100 2.1381
2.6000 2.5315 2.6000 2.1227
2.6000 2.5389 2.6000 2.1547
2.6200 2.5292 2.6200 2.2480
2.6400 2.5623 2.6400 2.2999
2.6400 2.5277 2.6400 2.2428
2.6300 2.4943 2.6300 2.1949
2.6200 2.4623 2.6200 2.1785
2.6000 2.4157 2.6000 2.1715
2.5900 2.3974 2.5900 2.1889
2.5800 2.3824 2.5800 2.1870
2.5600 2.3268 2.5600 2.1413
2.5400 2.3054 2.5400 2.1363
2.5300 2.3296 2.5300 2.1680
2.5300 2.3613 2.5300 2.1819
2.5400 2.4450 2.5400 2.2174
2.5500 2.4723 2.5500 2.1906
2.5600 2.4139 2.5600 2.1221
2.5700 2.3772 2.5700 2.1234
2.5800 2.3692 2.5800 2.1612
2.5900 2.3107 2.5900 2.1373
2.6000 2.3237 2.6000 2.1694
2.6300 2.3159 2.6300 2.1538
2.6400 2.2635 2.6400 2.0934
2.6400 2.2459 2.6400 2.0956
2.6300 2.2721 2.6300 2.1354
2.6200 2.3035 2.6200 2.1536
2.6100 2.3458 2.6100 2.1593
2.6100 2.3620 2.6100 2.1392
2.6100 2.3773 2.6100 2.1369
2.6100 2.3918 2.6100 2.1495
2.6200 2.4021 2.6200 2.1608
2.6400 2.4102 2.6400 2.1691
2.6600 2.4185 2.6600 2.1732
2.6500 2.5093 2.6500 2.2369
2.6300 2.4574 2.6300 2.1679
2.6200 2.4197 2.6200 2.1422
2.6500 2.3827 2.6500 2.1468
2.6800 2.3671 2.6800 2.1671
2.7000 2.3493 2.7000 2.1754
2.7000 2.3762 2.7000 2.1882
2.6900 2.3771 2.6900 2.1704
2.6700 2.3778 2.6700 2.1555
2.6500 2.4231 2.6500 2.1866
2.6400 2.4779 2.6400 2.2127
2.6400 2.4978 2.6400 2.2038
2.6400 2.3953 2.6400 2.1132
2.6400 2.3435 2.6400 2.1153
2.6400 2.3654 2.6400 2.1868
2.6400 2.5122 2.6400 2.3027
2.6400 2.5384 2.6400 2.2512
2.6300 2.5264 2.6300 2.1764
2.6500 2.4762 2.6500 2.1393
2.6800 2.4373 2.6800 2.1571
2.7300 2.3789 2.7300 2.1712
2.7500 2.3485 2.7500 2.1706
2.7700 2.3642 2.7700 2.2000
2.7800 2.3941 2.7800 2.2023
2.7900 2.3956 2.7900 2.1738
2.7900 2.4004 2.7900 2.1602
2.7700 2.4068 2.7700 2.1645
2.7500 2.4089 2.7500 2.1717
2.7500 2.4088 2.7500 2.1760
2.7400 2.3676 2.7400 2.1462
2.7400 2.4801 2.7400 2.2424
2.7400 2.5464 2.7400 2.2589
2.7300 2.6489 2.7300 2.2868
2.7300 2.5879 2.7300 2.1861
2.7200 2.6079 2.7200 2.2104
2.7000 2.5913 2.7000 2.2388
2.7000 2.5885 2.7000 2.2595
2.7100 2.5475 2.7100 2.2442
2.7200 2.4580 2.7200 2.1807
2.7300 2.4330 2.7300 2.2020
2.7200 2.4945 2.7200 2.2695
2.7200 2.4483 2.7200 2.2126
2.7300 2.4754 2.7300 2.2179
2.7200 2.4864 2.7200 2.2119
2.6900 2.4459 2.6900 2.1758
2.6400 2.4777 2.6400 2.2195
2.5700 2.4411 2.5700 2.1881
2.4800 2.3849 2.4800 2.1574
2.3900 2.4495 2.3900 2.2290
2.3200 2.4945 2.3200 2.2453
2.2900 2.5002 2.2900 2.2174
2.2900 2.5152 2.2900 2.2063
2.2600 2.4494 2.2600 2.1533
2.2600 2.4787 2.2600 2.2121
2.2300 2.5218 2.2300 2.2569
2.2100 2.4423 2.2100 2.1771
2.1200 2.3460 2.1200 2.1174
2.0600 2.2391 2.0600 2.0276
1.9300 2.1034 1.9300 1.8926
1.7500 1.9455 1.7500 1.7383
1.5000 1.8530 1.5000 1.6921
1.2200 1.8464 1.2200 1.7448
1.0300 1.9434 1.0300 1.8962
0.9300 2.0492 0.9300 2.0074
0.9900 1.9505 0.9900 1.8166
1.1200 2.0591 1.1200 1.9877
1.0900 1.0787 1.0900 0.9593
1.1200 1.0775 1.1200 0.9463
1.1500 1.1830 1.1500 1.1136
1.1700 1.3008 1.1700 1.3592
1.2000 1.2917 1.2000 1.3926
1.2200 1.2394 1.2200 1.2605
1.2800 1.1557 1.2800 1.1707
1.3100 1.1384 1.3100 1.2014
1.3300 1.1482 1.3300 1.2031
1.3300 1.1350 1.3300 1.1476
1.3200 1.1703 1.3200 1.1931
1.3000 1.2283 1.3000 1.2717
1.2800 1.2242 1.2800 1.2461
1.2600 1.2764 1.2600 1.3241
1.2600 1.3085 1.2600 1.3636
1.2400 1.2967 1.2400 1.3284
1.2400 1.3460 1.2400 1.4062
1.2300 1.3387 1.2300 1.3847
1.2200 1.4934 1.2200 1.5979
1.2100 1.4480 1.2100 1.4848
1.2000 1.4282 1.2000 1.4518
1.2000 1.3766 1.2000 1.4151
1.1700 1.3292 1.1700 1.3617
1.1300 1.2685 1.1300 1.2884
1.0400 1.2380 1.0400 1.2613
1.0400 1.2128 1.0400 1.2327
1.0600 1.2630 1.0600 1.3077
1.1100 1.1966 1.1100 1.1934
1.1200 1.2476 1.1200 1.2826
1.0800 1.2241 1.0800 1.2497
1.0500 1.2122 1.0500 1.2254
1.0400 1.2060 1.0400 1.2311
1.0900 1.1988 1.0900 1.2221
1.1500 1.2245 1.1500 1.2581
1.1300 1.1217 1.1300 1.1031
1.1100 1.0897 1.1100 1.0376
1.0900 1.0248 1.0900 0.8562
1.0800 1.0933 1.0800 1.1431
1.0700 1.1782 1.0700 1.1929
1.0600 1.2929 1.0600 1.2742
1.0600 1.2025 1.0600 1.1827
1.0400 1.0511 1.0400 1.0091
1.0000 1.0671 1.0000 1.0831
0.9800 1.0846 0.9800 1.1343
0.9000 1.2665 0.9000 1.3400
0.7600 1.3601 0.7600 1.4023
0.6700 1.1460 0.6700 1.0666
0.6900 1.1270 0.6900 1.1439
0.8200 1.1166 0.8200 1.1821
1.0000 1.1097 1.0000 1.1286
1.2200 1.0884 1.2200 1.0840
1.3900 1.0820 1.3900 1.0823
1.4400 1.1128 1.4400 1.1332
1.4400 1.0519 1.4400 1.0345
1.4400 1.0264 1.4400 0.9235
1.4400 1.0415 1.4400 1.0090
1.4300 0.9800 1.4300 0.8198
1.4300 0.9467 1.4300 0.7847
1.3800 0.9924 1.3800 0.9704
1.3400 1.0802 1.3400 1.1603
1.2100 1.4419 1.2100 1.3496
1.1600 1.5088 1.1600 1.4914
1.1100 1.5513 1.1100 1.5985
1.1700 1.6405 1.1700 1.5840
1.2500 1.5674 1.2500 1.4272
1.3400 1.5849 1.3400 1.5291
1.4100 1.5439 1.4100 1.6581
1.4300 1.4828 1.4300 1.5404
1.4200 1.4006 1.4200 1.4012
1.4000 1.4148 1.4000 1.4520
1.3900 1.2347 1.3900 1.1955
1.3800 1.2104 1.3800 1.2201
1.3800 1.0853 1.3800 0.8713
1.4000 1.1251 1.4000 1.0435
1.4800 1.0907 1.4800 0.9823
1.5500 1.3315 1.5500 1.3770
1.5900 1.4681 1.5900 1.5388
1.5700 1.5112 1.5700 1.5582
1.6000 1.5657 1.6000 1.5775
1.6300 1.5378 1.6300 1.5190
1.6500 1.4491 1.6500 1.4688
1.6600 1.3821 1.6600 1.4258
1.6500 1.3722 1.6500 1.4234
1.6600 1.3443 1.6600 1.3694
1.6400 1.3637 1.6400 1.3966
1.6700 1.4423 1.6700 1.5079
1.6900 1.6879 1.6900 1.7929
1.6500 1.7088 1.6500 1.7400
1.5300 1.6863 1.5300 1.6509
1.5000 1.5306 1.5000 1.5010
1.5100 1.6862 1.5100 1.7992
1.5800 1.7085 1.5800 1.7902
1.6000 1.6707 1.6000 1.6674
1.6100 1.6514 1.6100 1.6674
1.5900 1.5908 1.5900 1.6019
1.5600 1.6460 1.5600 1.7023
1.5400 1.5396 1.5400 1.5309
1.5100 1.6941 1.5100 1.7759
1.4800 1.6985 1.4800 1.7431
1.3400 1.4833 1.3400 1.3942
1.2900 1.2361 1.2900 1.0112
1.2200 1.3531 1.2200 1.4904
1.2700 1.4764 1.2700 1.5946
1.2500 1.6907 1.2500 1.7621
1.2400 1.6023 1.2400 1.5730
1.2200 1.6055 1.2200 1.5944
1.1800 1.5240 1.1800 1.5463
1.1500 1.4526 1.1500 1.4630
1.1300 1.4435 1.1300 1.4788
1.1000 1.3792 1.1000 1.3838
1.0800 1.3424 1.0800 1.3438
1.0500 1.1281 1.0500 0.8799
1.0500 1.1828 1.0500 1.1713
1.0500 1.1320 1.0500 1.0176
1.0300 1.3397 1.0300 1.4347
0.9900 1.1788 0.9900 1.1254
0.9600 1.2011 0.9600 1.1776
0.9300 1.1921 0.9300 1.2418
0.9200 1.1098 0.9200 1.0966
0.9000 1.1196 0.9000 1.0956
0.9000 1.1045 0.9000 1.1245
0.8900 1.0804 0.8900 1.0237
0.8900 1.0735 0.8900 1.0528
0.8800 1.0508 0.8800 1.0013
0.8700 1.0948 0.8700 1.1153
0.8700 1.1065 0.8700 1.1114
0.8600 1.0425 0.8600 0.9998
0.8500 1.0179 0.8500 0.9192
0.8400 1.0263 0.8400 0.9576
0.8200 1.0288 0.8200 0.9075
0.7800 1.0430 0.7800 0.9445
0.7600 1.0224 0.7600 0.8861
0.7600 1.0507 0.7600 0.9676
0.7900 1.0235 0.7900 0.9358
0.8400 1.0465 0.8400 0.9699
0.9000 1.0151 0.9000 0.9367
1.0000 1.0109 1.0000 0.9270
1.0800 1.0362 1.0800 0.9716
1.1500 1.0100 1.1500 0.9156
1.1200 1.0084 1.1200 0.9029
1.1500 1.0058 1.1500 0.9074
1.2000 0.9948 1.2000 0.8451
1.3000 0.9812 1.3000 0.8154
1.3100 0.9970 1.3100 0.8667
1.2900 1.0141 1.2900 0.9215
1.2700 1.1077 1.2700 0.9827
1.2500 1.1954 1.2500 1.0828
1.2400 1.2506 1.2400 1.1982
1.2400 1.3359 1.2400 1.4546
1.3000 1.3536 1.3000 1.4457
1.4000 1.4024 1.4000 1.4697
1.5000 1.1774 1.5000 1.1336
1.5800 1.3277 1.5800 1.4485
1.6100 1.4259 1.6100 1.5623
1.6500 1.5995 1.6500 1.7297
1.6200 1.3993 1.6200 1.3465
1.6500 1.2926 1.6500 1.2756
1.6600 1.2764 1.6600 1.3564
1.7100 1.2343 1.7100 1.2763
1.7200 1.2236 1.7200 1.2413
1.7500 1.2488 1.7500 1.2807
1.7700 1.4713 1.7700 1.5866
1.7800 1.6391 1.7800 1.7479
1.7700 1.6929 1.7700 1.7175
1.7800 1.7281 1.7800 1.6933
1.8100 1.7046 1.8100 1.6385
1.8500 1.7947 1.8500 1.7848
1.8800 1.5537 1.8800 1.5157
1.9000 1.7084 1.9000 1.8023
1.9100 1.6635 1.9100 1.7093
1.9100 1.7987 1.9100 1.8620
1.9200 1.7065 1.9200 1.6995
1.9200 1.7870 1.9200 1.7948
1.9000 1.7873 1.9000 1.8268
1.8300 1.7573 1.8300 1.7602
1.7400 1.6832 1.7400 1.6678
1.6600 1.7443 1.6600 1.7918
1.7100 1.8283 1.7100 1.8914
1.8100 1.8905 1.8100 1.9014
1.9000 1.8935 1.9000 1.8545
1.8800 1.8895 1.8800 1.8393
1.8200 1.8711 1.8200 1.8553
1.7800 1.8344 1.7800 1.8232
1.8000 1.8626 1.8000 1.8764
1.8500 1.8282 1.8500 1.8151
1.8900 1.7422 1.8900 1.6939
1.9100 1.5283 1.9100 1.4298
1.9200 1.3757 1.9200 1.3096
1.9300 1.3493 1.9300 1.3166
1.9400 1.7257 1.9400 1.9220
1.9500 1.9739 1.9500 2.0405
1.9700 1.9566 1.9700 1.8585
1.9900 1.7666 1.9900 1.5598
2.0100 1.6072 2.0100 1.5407
2.0500 1.6160 2.0500 1.6770
2.1000 1.7714 2.1000 1.8752
2.1400 1.8861 2.1400 1.9341
2.1800 1.9038 2.1800 1.8497
2.2000 1.8871 2.2000 1.7874
2.2000 1.8823 2.2000 1.8268
2.1800 1.8877 2.1800 1.8947
2.1700 1.8846 2.1700 1.8846
2.1700 1.8844 2.1700 1.8773
2.1700 1.9296 2.1700 1.9330
2.1700 1.9495 2.1700 1.9277
2.1800 1.9669 2.1800 1.9266
2.1700 2.0663 2.1700 1.9953
2.1500 2.1481 2.1500 2.0250
2.1100 2.1548 2.1100 1.9915
2.0700 2.1932 2.0700 2.0115
2.0500 2.1548 2.0500 1.9875
2.0600 2.0831 2.0600 1.9682
2.1100 1.9932 2.1100 1.9056
2.1700 2.0004 2.1700 1.9578
2.2100 2.0210 2.2100 1.9883
2.2200 2.0127 2.2200 1.9548
2.1900 2.0132 2.1900 1.9565
2.1500 2.0595 2.1500 1.9988
2.1100 1.9936 2.1100 1.9165
2.1000 1.9400 2.1000 1.8595
2.0900 1.8439 2.0900 1.7613
2.0600 1.7981 2.0600 1.7391
2.0000 1.8336 2.0000 1.8205
1.9500 1.9319 1.9500 1.9452
1.9100 2.1059 1.9100 2.0635
1.8900 2.1849 1.8900 2.0373
1.8700 2.1779 1.8700 1.9632
1.8400 2.1348 1.8400 1.9247
1.8100 1.9855 1.8100 1.8722
1.7700 1.8997 1.7700 1.8172
1.7500 1.8438 1.7500 1.7862
1.7200 1.9061 1.7200 1.8938
1.6900 1.8949 1.6900 1.8512
1.6600 1.8091 1.6600 1.7203
1.6600 1.6734 1.6600 1.5766
1.6300 1.6583 1.6300 1.6327
1.5900 1.6488 1.5900 1.6411
1.5400 1.6816 1.5400 1.6790
1.5100 1.6706 1.5100 1.6515
1.5000 1.6245 1.5000 1.5903
1.4900 1.6068 1.4900 1.5966
1.4800 1.5478 1.4800 1.5303
1.4600 1.5841 1.4600 1.6054
1.4300 1.5337 1.4300 1.5260
1.4100 1.5044 1.4100 1.4928
1.3900 1.4847 1.3900 1.4925
1.3700 1.5743 1.3700 1.6321
1.3600 1.4697 1.3600 1.4451
1.3500 1.4012 1.3500 1.3741
1.3300 1.3365 1.3300 1.3400
1.3200 1.3610 1.3200 1.3997
1.3100 1.4067 1.3100 1.4517
1.3200 1.4024 1.3200 1.4153
1.3000 1.4023 1.3000 1.4174
1.2500 1.3696 1.2500 1.3848
1.1800 1.3177 1.1800 1.3251
1.1200 1.3254 1.1200 1.3608
1.1000 1.3082 1.1000 1.3335
1.1000 1.2876 1.1000 1.2999
1.1200 1.3097 1.1200 1.3441
1.1500 1.3077 1.1500 1.3357
1.1900 1.2649 1.1900 1.2702
1.1800 1.2852 1.1800 1.3209
1.1700 1.2820 1.1700 1.3149
1.1600 1.3441 1.1600 1.3950
1.1900 1.2526 1.1900 1.2448
1.2200 1.1354 1.2200 1.0865
1.2400 1.1036 1.2400 0.9882
1.2500 1.0910 1.2500 0.9770
1.2300 1.1036 1.2300 1.0815
1.1600 1.1233 1.1600 1.1130
1.0800 1.2008 1.0800 1.1999
1.0200 1.2659 1.0200 1.3029
0.9800 1.3481 0.9800 1.4041
0.9700 1.2188 0.9700 1.2009
0.9400 1.2013 0.9400 1.2251
0.9100 1.1924 0.9100 1.2449
0.9000 1.3113 0.9000 1.3904
0.8900 1.3393 0.8900 1.3786
0.8900 1.3325 0.8900 1.3471
0.8700 1.3234 0.8700 1.3582
0.8800 1.2275 0.8800 1.2348
0.9100 1.0969 0.9100 0.9670
0.9600 1.0665 0.9600 0.8984
1.0100 1.0541 1.0100 0.9102
1.0600 1.0603 1.0600 0.8988
1.1100 1.0706 1.1100 0.9416
1.1400 1.0270 1.1400 0.8509
1.1900 1.0115 1.1900 0.8485
1.2400 1.0265 1.2400 0.9573
1.2800 1.0248 1.2800 0.9286
1.3000 1.0475 1.3000 0.9516
1.3100 1.0032 1.3100 0.8777
1.3200 1.0692 1.3200 1.0125
1.3100 1.1505 1.3100 1.1193
1.3100 1.2331 1.3100 1.2129
1.3200 1.2546 1.3200 1.2718
1.3300 1.3006 1.3300 1.3474
1.3500 1.3522 1.3500 1.4176
1.3700 1.3257 1.3700 1.3665
1.3800 1.4137 1.3800 1.5003
1.4000 1.4591 1.4000 1.5416
1.4000 1.4586 1.4000 1.5054
1.4100 1.4176 1.4100 1.4526
1.4200 1.3931 1.4200 1.4396
1.4400 1.3912 1.4400 1.4475
1.4500 1.3157 1.4500 1.3316
1.4400 1.3283 1.4400 1.3696
1.4400 1.3636 1.4400 1.4236
1.4300 1.3691 1.4300 1.4041
1.4200 1.4142 1.4200 1.4640
1.4000 1.4399 1.4000 1.4921
1.3800 1.4229 1.3800 1.4541
1.3700 1.4677 1.3700 1.5285
1.3600 1.4151 1.3600 1.4414
1.3600 1.4419 1.3600 1.4889
1.3400 1.4527 1.3400 1.5065
1.3400 1.4936 1.3400 1.5482
1.3600 1.4758 1.3600 1.5076
1.3800 1.4100 1.3800 1.4169
1.3800 1.4339 1.3800 1.4852
1.3600 1.3968 1.3600 1.4286
1.3400 1.3765 1.3400 1.3970
1.3300 1.3300 1.3300 1.3453
1.3200 1.3088 1.3200 1.3309
1.3300 1.3259 1.3300 1.3664
1.3400 1.3179 1.3400 1.3444
1.3600 1.3455 1.3600 1.3811
1.3600 1.2803 1.3600 1.2835
1.3500 1.3330 1.3500 1.3809
1.3500 1.4148 1.3500 1.4920
1.3400 1.4355 1.3400 1.4737
1.3100 1.3840 1.3100 1.3894
1.2700 1.3157 1.2700 1.3245
1.2600 1.2941 1.2600 1.3304
1.2900 1.3045 1.2900 1.3514
1.3200 1.2884 1.3200 1.3107
1.3600 1.3499 1.3600 1.3985
1.4100 1.3692 1.4100 1.4100
1.4900 1.4184 1.4900 1.4665
1.5800 1.3727 1.5800 1.3922
1.6900 1.3346 1.6900 1.3528
1.8100 1.3605 1.8100 1.4171
1.9300 1.3212 1.9300 1.3469
1.9800 1.2304 1.9800 1.2176
2.0600 1.1636 2.0600 1.1650
2.0700 1.2319 2.0700 1.2936
2.1600 1.3692 2.1600 1.4549
2.1200 1.4039 2.1200 1.4342
2.1100 1.4786 2.1100 1.5278
2.0500 1.5731 2.0500 1.6373
2.0000 1.6919 2.0000 1.7526
1.9800 1.7794 1.9800 1.8050
1.9800 1.8896 1.9800 1.8750
2.0700 2.0018 2.0700 1.9419
2.1700 2.1009 2.1700 1.9849
1.7600 1.7284 1.7600 1.6332
1.7300 1.5888 1.7300 1.4718
1.6800 1.7937 1.6800 1.8503
1.7000 1.8841 1.7000 1.9141
1.6400 1.8949 1.6400 1.8460
1.6400 1.8113 1.6400 1.7372
1.5800 1.6538 1.5800 1.5631
1.5800 1.7085 1.5800 1.7262
1.5600 1.6012 1.5600 1.5649
1.5400 1.7270 1.5400 1.7585
1.5100 1.6297 1.5100 1.5928
1.5200 1.5994 1.5200 1.5622
1.4900 1.5110 1.4900 1.4839
1.4100 1.5390 1.4100 1.5606
1.2900 1.4373 1.2900 1.4101
1.2000 1.6494 1.2000 1.7442
1.1000 1.3898 1.1000 1.3050
1.0200 1.5427 1.0200 1.5890
0.9400 1.3534 0.9400 1.3275
0.9800 1.4991 0.9800 1.5593
1.0000 1.4442 1.0000 1.4667
1.1200 1.4185 1.1200 1.4088
1.2600 1.3726 1.2600 1.3795
1.4300 1.4992 1.4300 1.5853
1.5200 1.3678 1.5200 1.3456
1.5500 1.1936 1.5500 1.0575
1.5300 1.1293 1.5300 0.9113
1.4300 1.1221 1.4300 0.9469
1.2800 1.0669 1.2800 0.8944
1.2100 1.0595 1.2100 0.8690
1.2300 1.0321 1.2300 0.8405
1.3600 1.2051 1.3600 1.1629
1.4700 1.1911 1.4700 1.0577
1.5400 1.4574 1.5400 1.5463
1.5500 1.5386 1.5500 1.6387
1.5200 1.7067 1.5200 1.7272
1.5500 1.6876 1.5500 1.6121
2.3000 1.9381 2.3000 1.9476
2.3100 2.0796 2.3100 2.0200
2.3100 2.0634 2.3100 1.9371
2.3100 2.0966 2.3100 1.9399
