1.4300 1.3829 1.4300 1.3917
1.4200 1.4805 1.4200 1.4616
1.4400 1.5161 1.4400 1.5120
1.4600 1.5554 1.4600 1.5591
1.4400 1.5582 1.4400 1.5778
1.4000 1.4262 1.4000 1.5094
1.3500 1.4395 1.3500 1.5034
1.3200 1.5444 1.3200 1.5517
1.3400 1.5115 1.3400 1.5382
1.4100 1.4719 1.4100 1.5155
1.4600 1.4798 1.4600 1.5116
1.5100 1.4073 1.5100 1.4697
1.5600 1.3818 1.5600 1.4474
1.5800 1.3991 1.5800 1.4413
1.6100 1.5003 1.6100 1.4980
1.6800 1.5195 1.6800 1.5225
1.7000 1.3852 1.7000 1.4519
1.7000 1.2966 1.7000 1.3895
1.7200 1.2281 1.7200 1.3266
1.7200 1.2465 1.7200 1.3165
1.7400 1.3974 1.7400 1.3926
1.7400 1.5893 1.7400 1.5320
1.6700 1.6026 1.6700 1.5777
1.7100 1.6571 1.7100 1.6542
1.8000 1.7136 1.8000 1.7318
1.9400 1.6823 1.9400 1.7225
2.0100 1.7351 2.0100 1.7580
2.0200 1.8679 2.0200 1.8674
2.1000 1.7779 2.1000 1.8047
2.1800 1.7005 2.1800 1.7583
2.2500 1.7914 2.2500 1.7911
2.2800 1.7232 2.2800 1.7528
2.3000 1.7824 2.3000 1.7874
2.2900 1.7200 2.2900 1.7379
2.3100 1.4320 2.3100 1.5559
2.3400 1.8026 2.3400 1.7454
2.3300 1.9798 2.3300 1.9149
2.3200 2.1226 2.3200 2.1129
2.3300 2.0870 2.3300 2.1194
2.3000 1.9715 2.3000 2.0753
2.2500 2.2469 2.2500 2.2722
2.2200 2.3036 2.2200 2.3407
2.2200 2.3229 2.2200 2.3836
2.1800 2.2792 2.1800 2.3241
2.1700 2.2735 2.1700 2.3074
2.1400 2.2092 2.1400 2.2386
2.1900 2.3067 2.1900 2.2715
2.2500 2.3475 2.2500 2.2904
2.3300 2.1911 2.3300 2.1928
2.4300 2.1789 2.4300 2.1702
2.5000 2.2670 2.5000 2.2049
2.6300 2.0939 2.6300 2.1091
2.7200 1.9651 2.7200 2.0105
2.8600 2.0088 2.8600 1.9936
2.9600 2.1043 2.9600 2.0394
2.9100 1.9204 2.9100 1.9364
2.8600 2.0065 2.8600 1.9683
2.7800 1.9335 2.7800 1.9183
2.8000 2.2234 2.8000 2.1125
2.7900 2.2950 2.7900 2.2140
2.8400 2.3693 2.8400 2.3469
2.8400 2.5042 2.8400 2.5044
2.8700 2.5155 2.8700 2.5485
2.9500 2.7416 2.9500 2.7619
3.0300 2.7517 3.0300 2.8057
3.0000 2.9478 3.0000 2.9916
2.9800 2.9789 2.9800 3.0456
3.0700 2.5960 3.0700 2.7674
2.9000 2.5808 2.9000 2.6685
2.7500 2.3978 2.7500 2.4629
2.6500 2.7052 2.6500 2.5968
2.5900 2.5580 2.5900 2.4847
2.5900 2.7518 2.5900 2.6147
2.5800 2.6496 2.5800 2.5613
2.5900 2.7573 2.5900 2.6685
2.6300 2.9388 2.6300 2.8742
2.6500 2.9718 2.6500 2.9670
2.6200 2.7148 2.6200 2.7556
2.5400 2.7457 2.5400 2.7289
2.4400 3.0923 2.4400 3.0096
2.3800 2.1186 2.3800 2.3868
2.3900 2.0135 2.3900 2.4050
2.4300 2.1426 2.4300 2.1671
2.4700 2.1665 2.4700 2.0997
2.4900 2.3315 2.4900 2.1993
2.5000 2.2997 2.5000 2.1614
2.4900 2.4116 2.4900 2.2787
2.4600 2.5762 2.4600 2.4362
2.4200 2.5584 2.4200 2.4687
2.3900 2.3660 2.3900 2.3765
2.3500 2.1286 2.3500 2.2024
2.3000 1.9673 2.3000 2.0546
2.2700 2.0295 2.2700 2.0262
2.2400 2.2540 2.2400 2.1269
2.2100 2.3504 2.2100 2.2200
2.1900 2.4030 2.1900 2.2919
2.1900 2.4083 2.1900 2.3254
2.1700 2.4117 2.1700 2.3610
2.1800 2.3510 2.1800 2.3359
2.2000 2.2454 2.2000 2.2605
2.2100 2.1626 2.2100 2.1786
2.2200 2.1573 2.2200 2.1404
2.2200 2.0744 2.2200 2.0687
2.2300 1.9837 2.2300 1.9910
2.2400 2.0249 2.2400 1.9904
2.2500 2.0000 2.2500 1.9673
2.2400 1.9684 2.2400 1.9475
2.2300 1.9901 2.2300 1.9527
2.2400 2.0651 2.2400 1.9996
2.2500 1.9849 2.2500 1.9665
2.2700 2.0971 2.2700 2.0354
2.3000 2.1651 2.3000 2.0878
2.3200 2.1399 2.3200 2.0970
2.3300 2.1556 2.3300 2.1176
2.3500 2.1319 2.3500 2.1043
2.3900 2.1747 2.3900 2.1360
2.4200 2.1831 2.4200 2.1432
2.4300 2.1869 2.4300 2.1477
2.4500 2.1106 2.4500 2.1026
2.4900 2.1004 2.4900 2.0865
2.5000 2.1787 2.5000 2.1265
2.5500 2.1825 2.5500 2.1340
2.5800 2.2293 2.5800 2.1699
2.5900 2.2961 2.5900 2.2200
2.5900 2.2888 2.5900 2.2340
2.6300 2.2671 2.6300 2.2343
2.6400 2.3248 2.6400 2.2692
2.6000 2.4014 2.6000 2.3424
2.5800 2.4025 2.5800 2.3553
2.5600 2.3570 2.5600 2.3267
2.5800 2.4136 2.5800 2.3587
2.6100 2.4886 2.6100 2.4318
2.5600 2.4228 2.5600 2.3882
2.5200 2.5490 2.5200 2.4959
2.4700 2.5405 2.4700 2.4915
2.4300 2.4971 2.4300 2.4673
2.3500 2.4720 2.3500 2.4426
2.3200 2.6101 2.3200 2.5369
2.3500 2.5458 2.3500 2.4947
2.3300 2.3157 2.3300 2.3500
2.3000 2.3746 2.3000 2.3449
2.2400 2.3580 2.2400 2.3136
2.1600 2.4936 2.1600 2.3953
2.1300 2.5373 2.1300 2.4359
2.1200 2.2259 2.1200 2.2533
2.1000 2.2333 2.1000 2.2354
2.0400 2.1713 2.0400 2.1649
2.0000 2.1440 2.0000 2.1328
1.9700 1.9195 1.9700 1.9688
1.9300 2.0530 1.9300 1.9999
1.9000 2.2956 1.9000 2.1469
1.8800 2.1023 1.8800 2.0668
1.8600 2.0446 1.8600 2.0399
1.8300 1.9228 1.8300 1.9440
1.8100 1.7821 1.8100 1.8443
1.8000 1.9095 1.8000 1.8869
1.7700 1.9575 1.7700 1.8947
1.7400 1.8932 1.7400 1.8671
1.7200 1.7190 1.7200 1.7570
1.7400 1.7641 1.7400 1.7634
1.7200 1.7809 1.7200 1.7698
1.6900 1.6987 1.6900 1.7182
1.6700 1.7004 1.6700 1.7032
1.6300 1.7239 1.6300 1.7053
1.5600 1.7098 1.5600 1.7048
1.5300 1.6543 1.5300 1.6725
1.5000 1.6736 1.5000 1.6758
1.5200 1.7030 1.5200 1.6933
1.5300 1.6124 1.5300 1.6426
1.5300 1.5843 1.5300 1.6160
1.5200 1.6046 1.5200 1.6150
1.5100 1.7475 1.5100 1.7027
1.4900 1.6070 1.4900 1.6348
1.4900 1.5447 1.4900 1.5924
1.4700 1.5748 1.4700 1.5953
1.4400 1.4761 1.4400 1.5317
1.4100 1.3098 1.4100 1.4172
1.4500 1.3975 1.4500 1.4285
1.4800 1.3747 1.4800 1.4030
1.5000 1.5302 1.5000 1.5006
1.5000 1.5257 1.5000 1.5133
1.4700 1.5028 1.4700 1.5189
1.4500 1.4848 1.4500 1.5214
1.4300 1.4834 1.4300 1.5202
1.4200 1.4338 1.4200 1.4921
1.4400 1.4847 1.4400 1.5096
1.4500 1.4077 1.4500 1.4590
1.4600 1.3436 1.4600 1.4122
1.4500 1.3206 1.4500 1.3827
1.4500 1.5626 1.4500 1.5196
1.4700 1.5671 1.4700 1.5502
1.4800 1.5493 1.4800 1.5629
1.4700 1.5123 1.4700 1.5490
1.4700 1.4058 1.4700 1.4863
1.4600 1.4113 1.4600 1.4806
1.4800 1.3842 1.4800 1.4421
1.5400 1.3881 1.5400 1.4311
1.6100 1.4920 1.6100 1.4865
1.6800 1.4778 1.6800 1.4889
1.6700 1.4900 1.6700 1.5120
1.6000 1.4352 1.6000 1.4844
1.6800 1.4658 1.6800 1.5024
1.6400 1.5454 1.6400 1.5524
1.6000 1.5197 1.6000 1.5441
1.5500 1.4473 1.5500 1.5041
1.5200 1.4811 1.5200 1.5142
1.5000 1.4464 1.5000 1.4927
1.5100 1.5439 1.5100 1.5509
1.5600 1.7118 1.5600 1.6663
1.6100 1.7763 1.6100 1.7604
1.6500 1.8349 1.6500 1.8487
1.6700 1.6613 1.6700 1.7338
1.7100 1.4155 1.7100 1.5736
1.7300 1.9153 1.7300 1.8500
1.7300 1.5321 1.7300 1.6193
1.7400 1.4311 1.7400 1.5421
1.7400 1.3899 1.7400 1.4562
1.6700 1.4116 1.6700 1.4478
1.6400 1.4112 1.6400 1.4559
1.6200 1.4994 1.6200 1.4833
1.6000 1.6790 1.6000 1.6113
1.6000 1.7336 1.6000 1.6889
1.5900 1.7630 1.5900 1.7432
1.5600 1.7404 1.5600 1.7526
1.5400 1.8324 1.5400 1.8305
1.5200 1.8049 1.5200 1.8199
1.5000 1.7267 1.5000 1.7722
1.4800 1.7638 1.4800 1.7783
1.4400 1.7289 1.4400 1.7491
1.4100 1.4353 1.4100 1.5645
1.4200 1.5157 1.4200 1.5659
1.4300 1.5337 1.4300 1.5488
1.4300 1.4906 1.4300 1.5225
1.3900 1.5490 1.3900 1.5484
1.3500 1.5225 1.3500 1.5302
1.3200 1.4406 1.3200 1.4948
1.3000 1.4585 1.3000 1.4961
1.2700 1.4449 1.2700 1.4805
1.3000 1.4198 1.3000 1.4634
1.3600 1.4006 1.3600 1.4421
1.4000 1.3078 1.4000 1.3771
1.3900 1.3091 1.3900 1.3662
1.4000 1.4397 1.4000 1.4355
1.4000 1.4505 1.4000 1.4556
1.3900 1.4206 1.3900 1.4524
1.3900 1.2818 1.3900 1.3685
1.3800 1.2502 1.3800 1.3364
1.3800 1.2533 1.3800 1.3228
1.3700 1.2506 1.3700 1.3074
1.3500 1.1881 1.3500 1.2600
1.3500 1.3869 1.3500 1.3693
1.3000 1.5433 1.3000 1.4929
1.2500 1.5335 1.2500 1.5300
1.1900 1.3938 1.1900 1.4701
1.1200 1.4752 1.1200 1.5130
1.0900 1.4543 1.0900 1.5063
1.1300 1.3924 1.1300 1.4664
1.1200 1.4115 1.1200 1.4580
1.1000 1.3721 1.1000 1.4221
1.0600 1.3951 1.0600 1.4362
1.0400 1.3593 1.0400 1.4103
1.0300 1.3088 1.0300 1.3755
1.0200 1.3672 1.0200 1.4032
1.0400 1.1815 1.0400 1.2876
1.0900 1.1648 1.0900 1.2333
1.1300 1.1316 1.1300 1.1557
1.1600 1.0890 1.1600 1.0923
1.1700 1.0717 1.1700 1.1709
1.2000 1.3323 1.2000 1.3492
1.2400 1.1218 1.2400 1.2529
1.2800 1.0768 1.2800 1.1963
1.3100 1.0870 1.3100 1.1408
1.3200 1.0682 1.3200 1.1885
1.3200 1.0908 1.3200 1.2209
1.3300 1.0819 1.3300 1.2148
1.3400 1.1866 1.3400 1.2758
1.3600 1.3093 1.3600 1.3571
1.3700 1.3139 1.3700 1.3610
1.3900 1.3215 1.3900 1.3663
1.5000 1.2889 1.5000 1.3579
1.5300 1.3724 1.5300 1.4143
1.5500 1.4360 1.5500 1.4616
1.6100 1.4622 1.6100 1.4884
1.6500 1.4601 1.6500 1.4970
1.8000 1.4143 1.8000 1.4738
1.9000 1.3838 1.9000 1.4552
1.9700 1.4154 1.9700 1.4653
1.9900 1.4155 1.9900 1.4608
1.9500 1.4522 1.9500 1.4809
1.9700 1.4326 1.9700 1.4708
2.0900 1.4790 2.0900 1.5024
2.0000 1.7601 2.0000 1.7397
1.9500 1.6563 1.9500 1.6749
1.9600 1.6293 1.9600 1.6797
2.0300 1.7955 2.0300 1.7972
2.0500 1.7864 2.0500 1.8094
2.0400 2.0677 2.0400 2.0663
2.0100 2.0587 2.0100 2.0858
1.9700 2.0597 1.9700 2.1259
1.9500 2.0134 1.9500 2.1206
1.9500 1.8459 1.9500 1.9604
1.9900 2.0333 1.9900 2.0396
2.0700 2.2895 2.0700 2.2699
2.1800 1.6526 2.1800 1.8272
2.2500 1.7045 2.2500 1.7993
2.2400 1.9684 2.2400 1.8917
2.2600 2.1309 2.2600 2.0630
2.3100 2.0182 2.3100 2.0073
2.3100 1.9179 2.3100 1.9232
2.3000 1.8637 2.3000 1.8928
2.3200 1.7936 2.3200 1.8421
2.3100 1.8195 2.3100 1.8356
2.2400 1.8681 2.2400 1.8385
2.2500 2.0228 2.2500 1.9379
2.2800 2.1659 2.2800 2.1006
2.3300 2.2928 2.3300 2.2785
2.3600 2.2962 2.3600 2.3251
2.3200 2.1350 2.3200 2.2190
2.2800 2.2559 2.2800 2.2814
2.3000 2.3821 2.3000 2.3628
2.2900 2.2331 2.2900 2.2514
2.2600 2.1680 2.2600 2.1845
2.2100 2.3016 2.2100 2.2299
2.1200 2.1834 2.1200 2.1723
2.0200 1.8964 2.0200 1.9893
1.9900 2.1751 1.9900 2.1012
1.9300 2.2678 1.9300 2.1662
1.8800 2.3290 1.8800 2.2594
1.7500 2.3342 1.7500 2.2663
1.5800 2.0835 1.5800 2.1227
1.4100 2.0580 1.4100 2.0950
1.3300 2.2826 1.3300 2.1987
1.2500 2.1461 1.2500 2.1260
1.1800 2.0253 1.1800 2.0434
1.1000 1.9284 1.1000 1.9488
1.0500 1.7171 1.0500 1.7970
1.0300 1.5810 1.0300 1.6834
1.0200 1.7694 1.0200 1.7293
0.9800 1.6082 0.9800 1.6222
0.9800 1.5776 0.9800 1.5925
0.9800 1.3831 0.9800 1.4316
0.9700 1.3464 0.9700 1.4068
0.9200 1.2459 0.9200 1.2718
0.8200 1.1462 0.8200 1.1269
0.7200 1.0885 0.7200 1.1272
0.7000 1.0817 0.7000 1.1130
0.7800 1.0702 0.7800 1.0657
0.8600 1.0807 0.8600 1.1047
0.9500 1.0886 0.9500 1.1913
1.0600 1.1090 1.0600 1.2206
1.2200 1.0307 1.2200 1.1385
1.2500 1.0946 1.2500 1.2036
1.3700 1.1103 1.3700 1.2229
1.3900 1.0580 1.3900 1.2060
1.3600 1.0171 1.3600 1.1048
1.4100 1.0173 1.4100 1.0654
1.5600 1.0324 1.5600 1.0815
1.7300 1.0570 1.7300 1.1334
1.8800 1.2973 1.8800 1.3945
2.0000 1.2906 2.0000 1.4251
2.1900 1.3113 2.1900 1.4074
2.3400 1.3857 2.3400 1.4221
2.4100 1.5848 2.4100 1.5917
2.5200 1.4204 2.5200 1.5401
2.5500 1.6752 2.5500 1.7186
2.5200 1.5490 2.5200 1.6570
2.4900 1.3709 2.4900 1.5394
2.5000 1.6401 2.5000 1.6532
2.5000 1.8724 2.5000 1.8504
2.4500 2.0008 2.4500 2.0178
2.4000 2.0856 2.4000 2.1166
2.3800 2.1714 2.3800 2.2172
2.3200 2.4685 2.3200 2.4983
2.2600 2.5327 2.2600 2.6148
2.2000 2.4446 2.2000 2.5937
2.1300 2.6575 2.1300 2.7308
2.0800 2.5214 2.0800 2.6532
2.0300 2.3682 2.0300 2.4884
2.0100 2.3231 2.0100 2.3749
2.0000 2.4457 2.0000 2.3858
1.9800 2.3719 1.9800 2.3371
1.9700 2.1265 1.9700 2.1632
1.9600 2.0869 1.9600 2.0955
1.9400 2.1817 1.9400 2.1260
1.9000 1.9753 1.9000 2.0016
1.9000 1.9028 1.9000 1.9270
1.9000 1.8591 1.9000 1.8596
1.8900 1.7576 1.8900 1.7803
1.8700 1.7722 1.8700 1.7683
1.8600 1.7296 1.8600 1.7210
1.8200 1.8091 1.8200 1.7649
1.8000 1.8451 1.8000 1.7944
1.8300 1.8021 1.8300 1.7833
1.8600 1.8393 1.8600 1.8145
1.8800 1.8450 1.8800 1.8235
1.9000 1.7965 1.9000 1.8036
1.9100 1.6970 1.9100 1.7364
1.9700 1.8258 1.9700 1.7957
2.0200 1.8301 2.0200 1.8033
2.0600 1.7788 2.0600 1.7819
2.0700 1.7368 2.0700 1.7514
2.1400 1.7679 2.1400 1.7621
2.1900 1.6380 2.1900 1.6867
2.2100 1.6726 2.2100 1.6893
2.2300 1.8647 2.2300 1.7945
2.2700 1.8911 2.2700 1.8354
2.2900 1.8779 2.2900 1.8555
2.3600 1.9166 2.3600 1.8878
2.4000 1.9080 2.4000 1.8996
2.4400 2.0845 2.4400 2.0450
2.4800 2.1004 2.4800 2.0803
2.4900 2.1107 2.4900 2.1036
2.4900 2.0618 2.4900 2.0666
2.4000 2.2459 2.4000 2.2285
2.3600 2.2508 2.3600 2.2522
2.4200 2.1971 2.4200 2.2090
2.4800 2.2287 2.4800 2.2153
2.5200 2.3095 2.5200 2.2767
2.5400 2.2867 2.5400 2.2616
2.5400 2.4213 2.5400 2.3953
2.5600 2.4010 2.5600 2.3823
2.6100 2.4287 2.6100 2.4229
2.6300 2.4826 2.6300 2.4634
2.6300 2.4190 2.6300 2.4127
2.6200 2.3919 2.6200 2.3846
2.5700 1.9935 2.5700 2.1117
2.5600 2.1070 2.5600 2.1173
2.5500 2.4642 2.5500 2.3225
2.5300 2.4652 2.5300 2.3819
2.4700 2.4627 2.4700 2.4048
2.4000 2.4495 2.4000 2.4098
2.3200 2.4304 2.3200 2.4097
2.2500 2.5240 2.2500 2.4710
2.1900 2.6083 2.1900 2.5527
2.1100 2.5573 2.1100 2.5081
2.0400 2.4914 2.0400 2.4637
1.9700 2.4600 1.9700 2.4285
1.9100 2.2696 1.9100 2.3012
1.8700 2.3842 1.8700 2.3377
1.8500 2.3688 1.8500 2.3061
1.7800 2.2946 1.7800 2.2596
1.6700 2.1040 1.6700 2.1291
1.5800 2.0105 1.5800 2.0352
1.4800 1.9050 1.4800 1.9397
1.4300 1.8590 1.4300 1.8725
1.4200 1.8274 1.4200 1.8204
1.4300 1.6833 1.4300 1.7086
1.4700 1.6548 1.4700 1.6665
1.4300 1.6035 1.4300 1.6145
1.3400 1.5817 1.3400 1.5897
1.2600 1.6150 1.2600 1.5999
1.1700 1.6686 1.1700 1.6314
1.1000 1.4585 1.1000 1.5160
1.0400 1.3629 1.0400 1.4136
0.9800 1.3227 0.9800 1.3535
0.9200 1.2382 0.9200 1.2379
0.8800 1.1959 0.8800 1.2303
0.8500 1.3129 0.8500 1.2903
0.8300 1.3918 0.8300 1.3567
0.8300 1.5433 0.8300 1.4855
0.8200 1.3054 0.8200 1.3794
0.8100 1.2437 0.8100 1.2916
0.8200 1.2102 0.8200 1.2524
0.8100 1.1232 0.8100 1.1261
0.8200 1.0695 0.8200 1.0967
0.8300 1.0633 0.8300 1.1064
0.8500 1.0553 0.8500 1.0954
0.8600 1.0478 0.8600 1.0815
0.8800 1.0512 0.8800 1.1154
0.9000 1.0408 0.9000 1.1426
0.9300 1.0344 0.9300 1.1626
0.9100 1.0730 0.9100 1.2004
0.9100 1.0283 0.9100 1.1794
0.9700 1.0214 0.9700 1.1703
1.0000 1.0835 1.0000 1.2103
1.0000 1.0152 1.0000 1.1775
0.9800 1.0758 0.9800 1.2135
0.9800 1.0850 0.9800 1.2177
1.0200 1.1197 1.0200 1.2448
1.0800 1.0836 1.0800 1.2250
1.1300 1.1172 1.1300 1.2443
1.1400 1.1265 1.1400 1.2555
1.2100 1.1676 1.2100 1.2848
1.2800 1.0060 1.2800 1.1839
1.2900 1.0442 1.2900 1.2070
1.3000 1.3037 1.3000 1.3504
1.2100 1.2075 1.2100 1.3201
1.1800 1.0991 1.1800 1.2458
1.1900 1.0641 1.1900 1.1809
1.2100 1.0938 1.2100 1.2262
1.2300 1.2549 1.2300 1.3335
1.3000 1.3415 1.3000 1.3962
1.3600 1.3489 1.3600 1.3870
1.3400 1.2608 1.3400 1.3379
1.3500 1.4731 1.3500 1.4905
1.3900 1.5386 1.3900 1.5589
1.4500 1.4001 1.4500 1.4897
1.4600 1.4035 1.4600 1.4796
1.4400 1.1987 1.4400 1.2854
1.3900 1.1713 1.3900 1.2662
1.3400 1.2728 1.3400 1.3056
1.3200 1.2875 1.3200 1.3402
1.3400 1.3048 1.3400 1.3335
1.3600 1.5276 1.3600 1.4770
1.3200 1.5677 1.3200 1.5654
1.3300 1.3417 1.3300 1.4532
1.3300 1.4372 1.3300 1.4951
1.2800 1.5752 1.2800 1.5694
1.2400 1.6506 1.2400 1.6499
1.2100 1.5189 1.2100 1.5756
1.1900 1.4122 1.1900 1.4973
1.1600 1.2902 1.1600 1.4078
1.1300 1.2292 1.1300 1.3414
1.1100 1.2767 1.1100 1.3374
1.1000 1.3950 1.1000 1.3893
1.0800 1.4123 1.0800 1.4128
1.0700 1.2131 1.0700 1.3069
1.0400 1.3764 1.0400 1.3975
1.0800 1.3709 1.0800 1.4033
1.0700 1.1641 1.0700 1.2893
1.1300 1.1632 1.1300 1.2501
1.1600 1.1582 1.1600 1.2247
1.1900 1.1570 1.1900 1.2329
1.2200 1.0969 1.2200 1.1998
1.2500 1.0825 1.2500 1.1808
1.2500 1.0915 1.2500 1.1995
1.2500 1.1144 1.2500 1.2247
1.3100 1.0722 1.3100 1.2030
1.2800 1.0926 1.2800 1.2159
1.2100 1.0486 1.2100 1.1712
1.1800 1.2711 1.1800 1.3231
1.1500 1.1174 1.1500 1.2390
1.1700 1.3473 1.1700 1.3854
1.2100 1.3263 1.2100 1.3530
1.2500 1.3444 1.2500 1.3875
1.2600 1.3881 1.2600 1.4302
1.2800 1.4158 1.2800 1.4503
1.2700 1.3275 1.2700 1.4132
1.2500 1.3166 1.2500 1.3915
1.2500 1.5423 1.2500 1.5200
1.2600 1.2572 1.2600 1.3671
1.2800 1.1754 1.2800 1.2284
1.3200 1.1614 1.3200 1.2333
1.3300 1.1174 1.3300 1.2054
1.3700 1.2498 1.3700 1.3210
1.3900 1.3455 1.3900 1.3657
1.4000 1.3938 1.4000 1.3894
1.4100 1.3393 1.4100 1.3910
1.4200 1.3983 1.4200 1.4357
1.4300 1.3139 1.4300 1.3959
1.4300 1.2514 1.4300 1.3500
1.4300 1.3011 1.4300 1.3587
1.4500 1.3316 1.4500 1.3681
1.4600 1.3701 1.4600 1.3984
1.4800 1.4680 1.4800 1.4640
1.4800 1.4018 1.4800 1.4445
1.4800 1.5264 1.4800 1.5322
1.4900 1.5014 1.4900 1.5311
1.4900 1.4709 1.4900 1.5233
1.4900 1.4815 1.4900 1.5265
1.4900 1.4870 1.4900 1.5233
1.4800 1.4889 1.4800 1.5282
1.4700 1.4541 1.4700 1.5018
1.4800 1.4506 1.4800 1.4943
1.4800 1.5277 1.4800 1.5382
1.4700 1.5068 1.4700 1.5334
1.4800 1.5498 1.4800 1.5652
1.4800 1.4978 1.4800 1.5378
1.4800 1.4949 1.4800 1.5365
1.4700 1.5362 1.4700 1.5594
1.4600 1.5019 1.4600 1.5389
1.4500 1.4954 1.4500 1.5341
1.4600 1.4970 1.4600 1.5281
1.4600 1.4569 1.4600 1.5034
1.4500 1.4442 1.4500 1.4909
1.4400 1.5123 1.4400 1.5244
1.4400 1.4826 1.4400 1.5120
1.4300 1.4395 1.4300 1.4880
1.4300 1.5129 1.4300 1.5259
1.4300 1.4884 1.4300 1.5171
1.4500 1.4820 1.4500 1.5190
1.4500 1.4470 1.4500 1.4928
1.4600 1.4367 1.4600 1.4810
1.4700 1.4271 1.4700 1.4720
1.4500 1.4913 1.4500 1.5049
1.4400 1.4631 1.4400 1.4932
1.4300 1.4218 1.4300 1.4699
1.4200 1.4184 1.4200 1.4629
1.4000 1.4498 1.4000 1.4786
1.3900 1.4089 1.3900 1.4571
1.3800 1.4333 1.3800 1.4663
1.3600 1.4384 1.3600 1.4678
1.3400 1.5151 1.3400 1.5193
1.3400 1.4616 1.3400 1.4987
1.3800 1.4980 1.3800 1.5228
1.4700 1.5170 1.4700 1.5385
1.5100 1.4073 1.5100 1.4769
1.5600 1.4220 1.5600 1.4760
1.5800 1.4157 1.5800 1.4582
1.6000 1.3969 1.6000 1.4447
1.6300 1.3459 1.6300 1.4066
1.6300 1.3649 1.6300 1.4056
1.6200 1.3596 1.6200 1.4017
1.6400 1.3098 1.6400 1.3705
1.6600 1.2919 1.6600 1.3522
1.6900 1.3525 1.6900 1.3811
1.7000 1.5080 1.7000 1.4833
1.7100 1.6914 1.7100 1.6561
1.7400 1.6481 1.7400 1.6469
1.7500 1.7002 1.7500 1.7263
1.7400 1.6842 1.7400 1.7183
1.7500 1.6994 1.7500 1.7346
1.7400 1.7506 1.7400 1.7638
1.7500 1.6449 1.7500 1.6918
1.7500 1.5913 1.7500 1.6500
1.7400 1.7004 1.7400 1.6947
1.7000 1.7147 1.7000 1.7093
1.6700 1.7619 1.6700 1.7495
1.6400 1.7157 1.6400 1.7269
1.6000 1.7276 1.6000 1.7386
1.5600 1.8238 1.5600 1.8024
1.5400 1.7673 1.5400 1.7788
1.5200 1.6865 1.5200 1.7314
1.4900 1.7603 1.4900 1.7594
1.4500 1.6888 1.4500 1.7157
1.4000 1.7459 1.4000 1.7477
1.3800 1.7182 1.3800 1.7252
1.4200 1.6717 1.4200 1.6965
1.4900 1.5445 1.4900 1.6130
1.5100 1.5434 1.5100 1.5870
1.5400 1.5145 1.5400 1.5541
1.5800 1.4343 1.5800 1.4905
1.6700 1.3934 1.6700 1.4460
1.7500 1.4380 1.7500 1.4550
1.8800 1.4230 1.8800 1.4477
1.9300 1.3656 1.9300 1.4134
2.0100 1.3069 2.0100 1.3690
2.1000 1.2385 2.1000 1.3156
2.2300 1.3068 2.2300 1.3436
2.2600 1.5219 2.2600 1.4726
2.2900 1.6562 2.2900 1.6026
2.3400 1.5641 2.3400 1.5784
2.3800 1.6406 2.3800 1.6435
2.4300 1.7260 2.4300 1.7206
2.4700 1.8750 2.4700 1.8834
2.4700 1.9183 2.4700 1.9447
2.3900 2.0873 2.3900 2.0955
2.2700 2.0124 2.2700 2.0779
2.2200 2.1364 2.2200 2.1885
2.2300 2.2589 2.2300 2.2932
2.2800 2.3996 2.2800 2.4335
2.3000 2.2621 2.3000 2.3659
2.2500 2.2728 2.2500 2.3627
2.2000 2.4070 2.2000 2.4288
2.1700 2.4034 2.1700 2.4243
2.1600 2.4587 2.1600 2.4621
2.1200 2.4671 2.1200 2.4512
2.0500 2.3782 2.0500 2.3771
1.9100 2.0255 1.9100 2.1448
1.7200 1.7703 1.7200 2.0209
1.5200 1.9425 1.5200 1.9376
1.3800 2.1242 1.3800 2.0145
1.2600 2.2379 1.2600 2.1241
1.1900 2.2062 1.1900 2.1180
1.0700 1.9583 1.0700 1.9941
0.9100 1.9424 0.9100 1.9766
0.8100 1.9882 0.8100 1.9811
0.7400 2.0176 0.7400 1.9880
0.7200 1.8627 0.7200 1.8805
0.7300 1.6994 0.7300 1.7529
0.8300 1.5020 0.8300 1.6393
1.0500 1.4265 1.0500 1.5552
1.2800 1.3028 1.2800 1.3657
1.4000 1.1669 1.4000 1.1336
1.4900 1.1121 1.4900 1.1425
1.6300 1.1089 1.6300 1.1241
1.6100 1.0606 1.6100 1.0950
1.5400 1.0564 1.5400 1.1045
1.4500 1.0830 1.4500 1.1346
1.3200 1.0618 1.3200 1.1164
1.2900 1.0616 1.2900 1.1731
1.2700 1.0990 1.2700 1.2235
1.2500 1.3266 1.2500 1.4151
1.2700 1.6079 1.2700 1.6525
1.2500 1.6684 1.2500 1.6681
1.2400 1.6423 1.2400 1.7114
1.2700 1.6816 1.2700 1.8080
1.3500 1.9540 1.3500 2.0074
1.4800 1.6516 1.4800 1.8535
1.5700 1.4147 1.5700 1.6477
1.6200 1.3607 1.6200 1.5509
1.6500 1.2412 1.6500 1.3603
1.7100 1.1785 1.7100 1.2398
1.8000 1.1886 1.8000 1.2571
1.8700 1.1444 1.8700 1.2455
1.9300 1.3048 1.9300 1.3076
1.9400 1.2100 1.9400 1.2549
1.9300 1.2348 1.9300 1.2975
1.8700 1.3938 1.8700 1.3918
1.8100 1.5873 1.8100 1.5510
1.7300 1.7465 1.7300 1.7362
1.6400 1.7577 1.6400 1.7801
1.5600 1.7356 1.5600 1.8118
1.5300 1.7525 1.5300 1.8467
1.5100 1.8850 1.5100 1.9330
1.4800 1.9998 1.4800 2.0316
1.4000 2.0055 1.4000 2.0487
1.3100 2.0394 1.3100 2.0829
1.2500 1.9538 1.2500 2.0171
1.2500 1.8987 1.2500 1.9598
1.3200 1.6721 1.3200 1.7912
1.4200 1.5859 1.4200 1.6818
1.5200 1.4308 1.5200 1.5329
1.5600 1.3291 1.5600 1.3860
1.5600 1.2742 1.5600 1.3056
1.5700 1.3562 1.5700 1.3498
1.5600 1.3731 1.5600 1.3663
1.5300 1.3218 1.5300 1.3476
1.5300 1.2134 1.5300 1.2286
1.5400 1.2029 1.5400 1.2010
1.5600 1.1492 1.5600 1.1411
1.5900 1.2336 1.5900 1.2803
1.5900 1.4936 1.5900 1.4755
1.5800 1.6325 1.5800 1.5805
1.5800 1.7162 1.5800 1.7068
1.5500 1.6659 1.5500 1.7274
1.5800 1.6119 1.5800 1.7048
1.6300 1.6666 1.6300 1.7210
1.6700 1.5764 1.6700 1.6511
1.6800 1.4531 1.6800 1.5502
1.6800 1.5271 1.6800 1.5538
1.6800 1.5637 1.6800 1.5650
1.6900 1.6026 1.6900 1.6004
1.6900 1.6668 1.6900 1.6481
1.6800 1.5865 1.6800 1.6154
1.6800 1.5500 1.6800 1.5999
1.6900 1.5853 1.6900 1.6115
1.7000 1.4610 1.7000 1.5321
1.7300 1.6545 1.7300 1.6345
1.7300 1.7639 1.7300 1.7119
1.7100 1.7704 1.7100 1.7467
1.7000 1.7004 1.7000 1.7252
1.7100 1.6834 1.7100 1.7133
1.7300 1.6874 1.7300 1.7188
1.7600 1.7145 1.7600 1.7287
1.8000 1.6716 1.8000 1.6964
1.8300 1.6240 1.8300 1.6577
1.8600 1.6561 1.8600 1.6677
1.8100 1.6970 1.8100 1.6922
1.7800 1.7022 1.7800 1.7033
1.7700 1.7926 1.7700 1.7629
1.8500 1.7070 1.8500 1.7246
1.9000 1.6243 1.9000 1.6770
1.9200 1.6511 1.9200 1.6775
1.9200 1.7183 1.9200 1.7100
1.8600 1.7575 1.8600 1.7415
1.8900 1.8140 1.8900 1.7822
1.9300 1.8926 1.9300 1.8463
1.9700 1.8994 1.9700 1.8764
1.9900 1.9326 1.9900 1.9148
1.9900 1.6384 1.9900 1.7419
2.0200 1.6596 2.0200 1.7217
2.0400 1.7156 2.0400 1.7230
2.0400 2.0010 2.0400 1.9230
2.0700 1.9705 2.0700 1.9343
2.0700 1.9211 2.0700 1.9129
2.0600 1.8928 2.0600 1.9064
2.0700 1.6558 2.0700 1.7593
2.0600 1.9510 2.0600 1.9123
2.0300 2.0022 2.0300 1.9444
1.9900 2.0097 1.9900 1.9743
1.9800 1.9917 1.9800 1.9692
1.9400 1.9450 1.9400 1.9446
1.9000 2.0783 1.9000 2.0390
1.9000 2.0602 1.9000 2.0350
1.8800 1.9780 1.8800 1.9900
1.8400 2.1062 1.8400 2.0550
1.8400 2.0125 1.8400 2.0048
1.8100 1.9570 1.8100 1.9753
1.7500 2.0365 1.7500 2.0049
1.7000 1.9581 1.7000 1.9560
1.7200 1.8522 1.7200 1.8892
1.6700 1.7831 1.6700 1.8176
1.7000 1.8684 1.7000 1.8466
1.6900 1.7284 1.6900 1.7595
1.7100 1.6776 1.7100 1.7095
1.7600 1.8160 1.7600 1.7716
1.8000 1.7363 1.8000 1.7327
1.7800 1.6288 1.7800 1.6731
1.8000 1.7677 1.8000 1.7353
1.8100 1.6554 1.8100 1.6747
1.8200 1.4940 1.8200 1.5768
1.7600 1.4851 1.7600 1.5344
1.7300 1.7237 1.7300 1.6586
1.7700 1.4581 1.7700 1.5220
1.8000 1.7161 1.8000 1.6653
1.8300 1.6245 1.8300 1.6198
1.7700 1.7227 1.7700 1.7026
1.7100 1.8817 1.7100 1.8218
1.6400 1.8886 1.6400 1.8519
1.6000 1.6942 1.6000 1.7631
1.6500 1.8436 1.6500 1.8309
1.6600 1.8337 1.6600 1.8297
1.6600 1.8171 1.6600 1.8288
1.6900 1.5398 1.6900 1.6470
1.6600 1.5961 1.6600 1.6374
1.6500 1.8614 1.6500 1.7834
1.6800 1.8407 1.6800 1.7973
1.6800 1.8594 1.6800 1.8326
1.6700 1.5492 1.6700 1.6447
1.6300 1.4974 1.6300 1.5925
1.6600 1.4084 1.6600 1.5035
1.7400 1.4295 1.7400 1.4763
1.8700 1.7372 1.8700 1.6426
1.8600 1.6274 1.8600 1.5995
1.7700 1.5997 1.7700 1.6129
1.7500 1.7608 1.7500 1.7159
1.7400 1.5637 1.7400 1.6249
1.7300 1.5989 1.7300 1.6470
1.7500 1.7595 1.7500 1.7194
1.7500 1.6568 1.7500 1.6746
1.7400 1.6057 1.7400 1.6489
1.7000 1.4905 1.7000 1.5566
1.6900 1.7303 1.6900 1.6909
1.7000 1.9149 1.7000 1.8551
1.6900 2.0583 1.6900 2.0427
1.6900 1.8063 1.6900 1.8748
1.7400 1.5147 1.7400 1.7016
1.7400 1.7080 1.7400 1.7429
1.7600 1.7060 1.7600 1.7212
1.7700 1.6348 1.7700 1.6727
1.8300 1.7414 1.8300 1.6996
1.8500 1.6998 1.8500 1.6839
1.8500 1.6655 1.8500 1.6896
1.8600 1.5467 1.8600 1.6111
1.8600 1.6265 1.8600 1.6407
1.8600 1.6975 1.8600 1.6808
1.8600 1.6140 1.8600 1.6359
1.8500 1.6447 1.8500 1.6516
1.8300 1.8603 1.8300 1.7845
1.8200 1.7143 1.8200 1.7316
1.8200 1.7866 1.8200 1.7847
1.8100 1.7871 1.8100 1.7825
1.8100 1.9607 1.8100 1.9222
1.8000 1.8907 1.8000 1.8900
1.8000 1.8156 1.8000 1.8456
1.7900 1.8711 1.7900 1.8706
1.7800 1.8366 1.7800 1.8467
1.7900 1.8202 1.7900 1.8380
1.7800 1.8147 1.7800 1.8174
1.7800 1.7703 1.7800 1.7846
1.7600 1.7168 1.7600 1.7463
1.7500 1.7374 1.7500 1.7444
1.7400 1.7675 1.7400 1.7576
1.7200 1.7220 1.7200 1.7323
1.7100 1.7529 1.7100 1.7473
1.6900 1.7198 1.6900 1.7273
1.6900 1.7499 1.6900 1.7475
1.6900 1.7131 1.6900 1.7262
1.6900 1.7005 1.6900 1.7145
1.7000 1.7756 1.7000 1.7571
1.7300 1.7045 1.7300 1.7190
1.8700 1.7312 1.8700 1.7357
2.0600 1.6586 2.0600 1.6869
2.0800 1.6756 2.0800 1.6910
2.2000 1.6689 2.2000 1.6824
2.3600 1.6131 2.3600 1.6423
2.4000 1.6337 2.4000 1.6476
2.4100 1.5877 2.4100 1.6126
2.3900 1.6461 2.3900 1.6459
2.4000 1.6515 2.4000 1.6510
2.4000 1.6500 2.4000 1.6557
2.4000 1.6966 2.4000 1.6891
2.3900 1.7932 2.3900 1.7561
2.3600 2.0983 2.3600 2.0612
2.3100 2.3050 2.3100 2.2814
2.2700 2.0327 2.2700 2.1499
2.2600 2.3620 2.2600 2.3921
2.2400 2.5907 2.2400 2.5951
2.2300 2.3834 2.2300 2.5150
2.2200 2.3482 2.2200 2.4752
2.1700 2.2869 2.1700 2.3369
2.1600 2.3820 2.1600 2.3695
2.1500 2.3085 2.1500 2.3011
2.1300 2.2758 2.1300 2.2444
2.1100 2.2332 2.1100 2.2044
2.0800 2.1372 2.0800 2.1352
2.0200 2.0211 2.0200 2.0503
1.9600 2.0128 1.9600 2.0118
1.9200 2.0982 1.9200 2.0427
1.9000 2.0366 1.9000 2.0051
1.8800 2.0578 1.8800 2.0152
1.8900 2.0643 1.8900 2.0187
1.8600 1.8900 1.8600 1.9200
1.8500 2.0146 1.8500 1.9797
1.8300 2.0142 1.8300 1.9724
1.7900 1.9480 1.7900 1.9407
1.7500 1.9342 1.7500 1.9232
1.7000 1.8821 1.7000 1.8796
1.6700 1.7284 1.6700 1.7824
1.6500 1.6688 1.6500 1.7147
1.6400 1.6951 1.6400 1.6990
1.6200 1.7326 1.6200 1.7106
1.6200 1.7107 1.6200 1.6976
1.6300 1.8237 1.6300 1.7675
1.6400 1.6874 1.6400 1.7035
1.6400 1.7439 1.6400 1.7414
1.6400 1.7116 1.6400 1.7202
1.6300 1.6037 1.6300 1.6520
1.6000 1.5652 1.6000 1.6117
1.6000 1.4885 1.6000 1.5383
1.5700 1.5153 1.5700 1.5394
1.5500 1.5277 1.5500 1.5351
1.5400 1.5477 1.5400 1.5467
1.5200 1.5075 1.5200 1.5285
1.5100 1.5769 1.5100 1.5718
1.4900 1.6298 1.4900 1.6161
1.4800 1.6411 1.4800 1.6392
1.4600 1.6163 1.4600 1.6346
1.4500 1.6226 1.4500 1.6393
1.4900 1.5871 1.4900 1.6207
1.5300 1.4941 1.5300 1.5583
1.5100 1.5798 1.5100 1.5925
1.4900 1.4625 1.4900 1.5161
1.4600 1.4599 1.4600 1.5045
1.4500 1.4892 1.4500 1.5083
1.4000 1.4387 1.4000 1.4768
1.3400 1.4576 1.3400 1.4885
1.3000 1.4162 1.3000 1.4559
1.2400 1.4361 1.2400 1.4675
1.1600 1.3932 1.1600 1.4402
1.0700 1.4109 1.0700 1.4453
1.0000 1.6019 1.0000 1.5626
0.9600 1.6464 0.9600 1.6151
0.9400 1.4499 0.9400 1.5241
0.9500 1.4399 0.9500 1.5058
0.9700 1.3967 0.9700 1.4646
0.9800 1.4277 0.9800 1.4751
0.9900 1.2541 0.9900 1.3544
0.9900 1.2000 0.9900 1.2623
0.9900 1.1837 0.9900 1.2503
1.0400 1.1285 1.0400 1.1676
1.2600 1.0971 1.2600 1.0719
1.4400 1.0678 1.4400 1.0678
1.5300 1.0684 1.5300 1.0727
1.5500 1.0628 1.5500 1.1405
1.6700 1.0659 1.6700 1.1895
1.8300 1.1551 1.8300 1.2496
2.0200 1.1782 2.0200 1.2706
2.1500 1.1228 2.1500 1.2443
2.1700 1.1113 2.1700 1.2446
2.1900 1.0925 2.1900 1.2303
2.2200 1.0915 2.2200 1.2340
2.2600 1.2834 2.2600 1.3499
2.2300 1.7247 2.2300 1.7064
2.2700 1.7517 2.2700 1.7615
2.2600 1.6973 2.2600 1.7794
2.2400 1.6169 2.2400 1.7768
2.1800 1.9574 2.1800 1.9921
2.2000 2.1386 2.2000 2.1806
2.1800 2.2889 2.1800 2.3376
2.3500 2.3102 2.3500 2.3785
2.4600 2.1132 2.4600 2.2945
2.4500 2.1936 2.4500 2.3492
2.4300 2.2870 2.4300 2.3497
2.3500 2.3216 2.3500 2.3419
2.3300 2.0593 2.3300 2.1318
2.3300 2.3099 2.3300 2.2378
2.3000 2.1540 2.3000 2.1431
2.3200 2.0697 2.3200 2.0926
2.2700 1.8889 2.2700 1.9514
2.1900 2.1660 2.1900 2.0764
2.1000 2.0124 2.1000 2.0014
2.1300 2.5410 2.1300 2.4715
2.5700 2.4498 2.5700 2.4893
2.5300 1.9048 2.5300 2.3397
2.4900 2.6416 2.4900 2.4240
2.6500 2.5170 2.6500 2.3804
2.7200 2.1870 2.7200 2.2103
2.7200 2.4293 2.7200 2.3170
2.6800 2.7973 2.6800 2.6946
2.5600 3.4085 2.5600 3.3223
2.5700 2.6140 2.5700 2.8328
2.5500 2.4660 2.5500 2.7330
2.4600 2.7880 2.4600 2.7535
2.3200 2.2631 2.3200 2.4152
2.2400 1.8200 2.2400 2.2223
2.2200 2.1809 2.2200 2.0435
2.3200 2.1439 2.3200 2.0134
2.4900 2.7364 2.4900 2.5537
2.7200 2.6341 2.7200 2.5312
2.7800 2.4703 2.7800 2.4851
2.5700 2.4283 2.5700 2.4539
2.3500 2.0529 2.3500 2.2921
2.1700 2.4786 2.1700 2.3971
2.0400 2.3273 2.0400 2.2658
1.8900 1.9485 1.8900 2.0282
1.8200 1.7127 1.8200 1.9125
1.7400 1.8205 1.7400 1.8038
1.8000 1.9938 1.8000 1.9041
1.8600 2.3716 1.8600 2.2048
1.8000 2.6073 1.8000 2.5292
1.7600 2.8800 1.7600 2.8288
1.7500 2.6659 1.7500 2.7729
1.8500 2.0473 1.8500 2.6023
2.1200 2.0035 2.1200 2.5697
2.0400 1.7104 2.0400 2.0790
2.1300 1.4384 2.1300 1.5485
2.1200 1.3088 2.1200 1.2667
2.0200 1.3534 2.0200 1.2800
1.8700 1.3031 1.8700 1.2681
1.8200 1.8107 1.8200 1.6182
1.7800 1.8969 1.7800 1.7696
1.7300 1.5135 1.7300 1.5931
1.6800 1.5787 1.6800 1.6315
1.7100 1.7051 1.7100 1.6856
1.7200 2.0371 1.7200 1.9717
1.7700 2.4789 1.7700 2.4021
1.9300 1.7366 1.9300 1.9261
2.0800 2.2080 2.0800 2.2739
2.1500 2.1184 2.1500 2.1559
2.1700 1.6679 2.1700 1.8879
2.1500 1.5292 2.1500 1.7979
2.1300 1.5912 2.1300 1.5813
2.1700 1.5595 2.1700 1.5655
2.1700 1.4359 2.1700 1.4660
2.2000 1.4112 2.2000 1.4257
2.2400 1.7182 2.2400 1.6118
2.1800 1.6887 2.1800 1.6524
2.1600 1.8518 2.1600 1.7862
2.1900 2.1705 2.1900 2.1138
2.2600 2.2519 2.2600 2.2507
2.3000 2.2008 2.3000 2.2754
2.2100 2.1343 2.2100 2.2698
2.1300 2.0817 2.1300 2.1842
2.1200 2.0562 2.1200 2.1246
2.1000 2.2403 2.1000 2.1931
2.1200 2.0876 2.1200 2.0799
2.1500 2.1947 2.1500 2.1365
2.2600 2.2722 2.2600 2.1974
2.2100 1.8988 2.2100 1.9858
2.2000 2.0061 2.2000 2.0226
2.1300 2.2186 2.1300 2.1164
2.0600 2.3173 2.0600 2.2557
1.9600 2.2955 1.9600 2.2528
1.8500 1.8148 1.8500 1.9479
1.7700 1.7906 1.7700 1.9089
1.7200 2.0231 1.7200 1.9723
1.9000 1.9255 1.9000 1.9139
1.8700 2.0425 1.8700 1.9730
1.8400 2.1303 1.8400 2.0223
1.7500 2.3640 1.7500 2.3115
1.6900 1.9631 1.6900 2.0477
1.7000 2.0778 1.7000 2.0970
1.6300 1.8574 1.6300 1.9307
1.5800 1.7461 1.5800 1.8290
1.5600 1.5400 1.5600 1.6519
1.5700 1.4370 1.5700 1.5143
1.5700 1.3973 1.5700 1.4368
1.5900 1.4398 1.5900 1.4295
1.6000 2.1604 1.6000 1.9925
1.6100 1.6824 1.6100 1.7055
1.6500 1.6397 1.6500 1.7124
1.7200 1.4881 1.7200 1.6406
1.7700 1.4844 1.7700 1.5597
1.8100 1.6833 1.8100 1.6685
1.8400 1.3450 1.8400 1.4257
1.8400 1.3452 1.8400 1.4074
1.8600 1.4543 1.8600 1.4429
1.9000 1.5537 1.9000 1.5238
1.9400 1.5235 1.9400 1.5333
1.9400 1.6115 1.9400 1.5862
1.9400 1.6156 1.9400 1.6131
1.9600 1.6298 1.9600 1.6415
1.9900 1.7664 1.9900 1.7342
1.9900 1.8795 1.9900 1.8541
1.9600 1.8850 1.9600 1.8867
1.8900 1.8991 1.8900 1.9150
1.8700 1.9155 1.8700 1.9334
1.9000 1.8423 1.9000 1.8839
1.9500 1.9116 1.9500 1.9153
1.9900 2.0025 1.9900 1.9637
1.9800 2.0204 1.9800 1.9920
1.9900 1.8977 1.9900 1.9225
1.9900 1.9007 1.9900 1.9123
1.9400 1.9909 1.9400 1.9612
1.9600 2.0398 1.9600 2.0001
1.9400 1.9310 1.9400 1.9427
1.8800 1.8047 1.8800 1.8522
1.8800 1.6173 1.8800 1.7128
1.8700 1.7470 1.8700 1.7528
1.8600 1.9268 1.8600 1.8480
1.8500 1.9959 1.8500 1.9271
1.8300 2.0259 1.8300 1.9686
1.8000 1.8884 1.8000 1.9041
1.7700 1.9803 1.7700 1.9673
1.8100 1.9559 1.8100 1.9557
1.8600 1.7250 1.8600 1.8104
1.9200 1.9568 1.9200 1.9123
1.9900 1.8161 1.9900 1.8199
2.0400 1.6071 2.0400 1.6947
2.0800 1.8075 2.0800 1.7760
2.1100 1.7755 2.1100 1.7522
2.1500 1.7456 2.1500 1.7549
2.1600 1.7464 2.1600 1.7415
2.1700 1.7058 2.1700 1.7144
2.1800 1.6488 2.1800 1.6851
2.2000 1.6200 2.2000 1.6502
2.2300 1.8766 2.2300 1.7960
2.2700 1.9395 2.2700 1.8752
2.3000 2.0056 2.3000 1.9682
2.2600 2.0927 2.2600 2.0799
2.2300 2.1047 2.2300 2.1244
2.2300 2.1327 2.2300 2.1651
2.2300 2.1492 2.2300 2.1694
2.2400 2.2099 2.2400 2.2096
2.2300 2.1471 2.2300 2.1524
2.2300 2.1420 2.2300 2.1366
2.2100 2.1507 2.2100 2.1285
2.1700 2.1920 2.1700 2.1500
2.1900 2.2444 2.1900 2.1885
2.1900 2.2919 2.1900 2.2385
2.1700 2.3013 2.1700 2.2572
2.1600 2.0424 2.1600 2.1017
2.1400 2.0464 2.1400 2.0733
2.1300 2.1502 2.1300 2.1054
2.0800 2.1244 2.0800 2.0898
2.0500 2.1515 2.0500 2.1032
2.0400 2.0846 2.0400 2.0567
2.0100 2.1251 2.0100 2.0867
2.0100 2.0473 2.0100 2.0433
2.0000 1.9358 2.0000 1.9648
1.9800 2.1542 1.9800 2.0751
1.9800 2.0882 1.9800 2.0432
1.9800 1.9871 1.9800 1.9940
2.0200 2.0260 2.0200 2.0003
2.0500 1.9829 2.0500 1.9695
2.0700 1.9982 2.0700 1.9829
2.1500 1.8185 2.1500 1.8598
2.1400 1.8496 2.1400 1.8527
2.1000 1.9133 2.1000 1.8768
2.1000 1.8102 2.1000 1.8166
2.0800 1.9048 2.0800 1.8681
2.0500 1.8783 2.0500 1.8506
2.0600 1.8259 2.0600 1.8310
2.0800 1.8988 2.0800 1.8712
2.0800 1.9049 2.0800 1.8764
2.0400 2.0655 2.0400 1.9911
2.0000 2.0745 2.0000 2.0161
1.9600 2.0622 1.9600 2.0316
1.9500 2.2588 1.9500 2.2235
1.9300 2.0556 1.9300 2.0811
1.9000 1.9015 1.9000 1.9858
1.8600 2.0504 1.8600 2.0270
1.8500 1.9508 1.8500 1.9575
1.8200 1.8564 1.8200 1.8945
1.7700 1.9972 1.7700 1.9393
1.7100 2.0558 1.7100 1.9836
1.6800 1.9849 1.6800 1.9695
1.5900 1.8247 1.5900 1.8683
1.4800 1.7968 1.4800 1.8281
1.4400 1.7601 1.4400 1.7875
1.4200 1.8297 1.4200 1.8108
1.3600 1.7723 1.3600 1.7679
1.2900 1.7089 1.2900 1.7224
1.2200 1.6524 1.2200 1.6791
1.1500 1.7436 1.1500 1.7235
1.0900 1.6549 1.0900 1.6752
1.0600 1.5374 1.0600 1.5943
1.0300 1.4589 1.0300 1.5210
0.9400 1.5252 0.9400 1.5369
0.9100 1.2901 0.9100 1.3696
0.9400 1.2667 0.9400 1.2909
1.0000 1.2645 1.0000 1.2809
1.0200 1.3082 1.0200 1.3035
1.0100 1.1385 1.0100 1.2106
1.0200 1.1582 1.0200 1.1334
1.0200 1.1416 1.0200 1.0958
0.9900 1.0910 0.9900 1.0908
0.9400 1.0651 0.9400 1.1083
0.8900 1.0693 0.8900 1.1705
0.8400 1.0520 0.8400 1.1737
0.8300 1.0235 0.8300 1.0392
0.8300 1.0661 0.8300 1.1181
0.8100 1.2394 0.8100 1.2859
0.8000 1.3155 0.8000 1.3955
0.7900 1.1648 0.7900 1.2918
0.7400 1.0732 0.7400 1.2012
0.7200 1.1578 0.7200 1.2498
0.8400 1.1335 0.8400 1.2514
1.0200 1.0388 1.0200 1.1830
1.2300 1.0318 1.2300 1.1105
1.4800 1.0376 1.4800 1.0902
1.6800 1.0335 1.6800 1.0934
1.8600 1.0499 1.8600 1.1828
1.9300 1.0875 1.9300 1.2140
2.0000 1.0154 2.0000 1.1629
1.9700 1.0251 1.9700 1.1613
1.9300 1.0230 1.9300 1.1627
1.8700 1.0041 1.8700 1.0821
1.9200 1.0267 1.9200 1.1256
1.9900 1.3948 1.9900 1.4528
2.0000 1.5371 2.0000 1.6097
1.9500 1.6055 1.9500 1.6398
1.9100 1.8810 1.9100 1.8785
1.8500 2.0004 1.8500 2.0536
1.8500 2.1596 1.8500 2.2493
1.8300 2.0443 1.8300 2.2318
1.8100 2.1303 1.8100 2.2924
1.8300 1.9492 1.8300 2.1342
1.8000 1.8296 1.8000 1.9722
1.8300 1.6766 1.8300 1.7943
1.8100 2.0182 1.8100 1.9366
1.7900 2.0881 1.7900 2.0238
1.7900 1.9390 1.7900 1.9331
1.7800 1.7254 1.7800 1.8074
1.7900 1.7474 1.7900 1.7880
1.8400 1.6232 1.8400 1.7010
1.8500 1.7754 1.8500 1.7585
1.8600 1.6865 1.8600 1.6862
1.8500 1.6561 1.8500 1.6632
1.8500 1.8226 1.8500 1.7641
1.8100 1.6501 1.8100 1.6782
1.7500 1.8609 1.7500 1.8147
1.6900 1.7071 1.6900 1.7272
1.6600 1.6722 1.6600 1.7086
1.5700 1.7494 1.5700 1.7431
1.5900 1.7044 1.5900 1.7110
1.5600 1.7677 1.5600 1.7580
1.5000 1.9391 1.5000 1.8654
1.4600 1.8373 1.4600 1.8315
1.4300 1.8460 1.4300 1.8507
1.4000 1.7921 1.4000 1.8130
1.3700 1.8173 1.3700 1.8260
1.3500 1.6477 1.3500 1.7173
1.3600 1.5132 1.3600 1.6013
1.3800 1.4559 1.3800 1.5270
1.4100 1.5095 1.4100 1.5268
1.4500 1.2734 1.4500 1.3498
1.4800 1.5731 1.4800 1.5170
1.5100 1.4256 1.5100 1.4400
1.5400 1.2617 1.5400 1.3546
1.5500 1.3102 1.5500 1.3607
1.5500 1.3238 1.5500 1.3525
1.5400 1.2876 1.5400 1.3460
1.5400 1.2583 1.5400 1.3098
1.5300 1.2782 1.5300 1.3143
1.4600 1.3832 1.4600 1.3851
1.3900 1.4391 1.3900 1.4365
1.3100 1.5023 1.3100 1.4963
1.2300 1.5843 1.2300 1.5684
1.1600 1.5956 1.1600 1.6019
1.1300 1.6289 1.1300 1.6421
1.1200 1.6620 1.1200 1.6724
1.1100 1.6087 1.1100 1.6490
1.0800 1.5713 1.0800 1.6230
1.0700 1.5279 1.0700 1.5830
1.0500 1.5480 1.0500 1.5824
1.0500 1.5013 1.0500 1.5462
1.0500 1.2615 1.0500 1.3800
1.0700 1.2478 1.0700 1.2925
1.0700 1.1921 1.0700 1.2076
1.0600 1.1292 1.0600 1.1066
1.0800 1.0787 1.0800 1.0938
1.1000 1.0826 1.1000 1.1804
1.0400 1.1472 1.0400 1.2369
1.0200 1.1186 1.0200 1.2306
1.0500 1.0514 1.0500 1.1668
1.0800 1.0894 1.0800 1.2048
1.0800 1.0596 1.0800 1.1951
1.0600 1.1175 1.0600 1.2380
1.0500 1.1188 1.0500 1.2412
1.1100 1.1886 1.1100 1.2866
1.1500 1.1449 1.1500 1.2530
1.1300 1.1087 1.1300 1.2239
1.0600 1.2142 1.0600 1.2904
1.0800 1.2365 1.0800 1.3081
1.1100 1.0630 1.1100 1.1304
1.1100 1.0785 1.1100 1.1758
1.1500 1.2420 1.1500 1.3002
1.1000 1.2512 1.1000 1.3375
1.1000 1.1424 1.1000 1.2610
1.0800 1.0840 1.0800 1.1924
1.0900 1.1128 1.0900 1.2165
1.0900 1.3560 1.0900 1.3915
1.0700 1.3357 1.0700 1.3799
1.0900 1.1437 1.0900 1.2588
1.1100 1.1222 1.1100 1.1453
1.1300 1.2189 1.1300 1.2746
1.1500 1.2777 1.1500 1.3453
1.1900 1.1598 1.1900 1.2787
1.1800 1.3126 1.1800 1.3429
1.1700 1.0982 1.1700 1.1791
1.1400 1.1675 1.1400 1.2502
1.0900 1.1127 1.0900 1.2144
1.0800 1.1759 1.0800 1.2769
1.0600 1.1539 1.0600 1.2607
1.0500 1.0778 1.0500 1.2012
1.0500 1.2105 1.0500 1.2883
1.0600 1.2395 1.0600 1.3060
1.0700 1.2509 1.0700 1.3167
1.0300 1.2762 1.0300 1.3230
1.0200 1.3755 1.0200 1.3917
1.0100 1.2336 1.0100 1.3273
1.0100 1.2125 1.0100 1.3066
1.0100 1.1363 1.0100 1.2435
1.0100 1.0976 1.0100 1.1557
1.0400 1.1069 1.0400 1.2231
1.0800 1.0690 1.0800 1.2020
1.0700 1.0865 1.0700 1.2174
1.0600 1.1185 1.0600 1.2322
1.0700 1.1540 1.0700 1.2597
1.0900 1.1662 1.0900 1.2711
1.0700 1.0559 1.0700 1.1573
1.0800 1.0690 1.0800 1.2026
1.1100 1.0760 1.1100 1.2125
1.1200 1.1099 1.1200 1.2374
1.1400 1.1034 1.1400 1.2339
1.1500 1.0960 1.1500 1.2281
1.1000 1.2122 1.1000 1.3020
1.1000 1.2730 1.1000 1.3437
1.1000 1.1310 1.1000 1.2425
1.0900 1.1200 1.0900 1.2226
1.1100 1.1929 1.1100 1.2690
1.1600 1.2299 1.1600 1.3103
1.1900 1.0937 1.1900 1.2222
1.2100 1.1769 1.2100 1.2642
1.2100 1.2735 1.2100 1.3246
1.2300 1.2221 1.2300 1.2984
1.2600 1.2638 1.2600 1.3172
1.2800 1.2570 1.2800 1.3128
1.2900 1.1051 1.2900 1.1932
1.3100 1.1692 1.3100 1.2475
1.3000 1.1771 1.3000 1.2612
1.2900 1.1195 1.2900 1.2421
1.2900 1.2190 1.2900 1.2958
1.3100 1.3614 1.3100 1.3760
1.3300 1.3402 1.3300 1.3750
1.3800 1.3328 1.3800 1.3861
1.3300 1.2900 1.3300 1.3635
1.3200 1.3619 1.3200 1.4086
1.2900 1.4143 1.2900 1.4449
1.2700 1.3932 1.2700 1.4377
1.2600 1.3714 1.2600 1.4269
1.2800 1.4218 1.2800 1.4550
1.3000 1.3283 1.3000 1.4056
1.3200 1.3070 1.3200 1.3845
1.3200 1.3350 1.3200 1.3860
1.3200 1.4034 1.3200 1.4247
1.3300 1.4186 1.3300 1.4440
1.3900 1.5524 1.3900 1.5331
1.5200 1.2330 1.5200 1.3601
1.6300 1.3234 1.6300 1.3963
1.6300 1.2593 1.6300 1.3390
1.6600 1.2384 1.6600 1.3156
1.7200 1.2522 1.7200 1.3098
1.8200 1.3530 1.8200 1.3556
1.8000 1.3806 1.8000 1.3966
1.7400 1.4035 1.7400 1.4253
1.7000 1.3599 1.7000 1.4130
1.7200 1.3638 1.7200 1.4187
1.7500 1.4037 1.7500 1.4435
1.8100 1.5957 1.8100 1.5654
1.8100 1.7898 1.8100 1.7718
1.7800 1.8332 1.7800 1.8478
1.6900 1.6463 1.6900 1.7612
1.6400 1.7554 1.6400 1.8331
1.6200 1.9088 1.6200 1.9334
1.5500 2.0180 1.5500 2.0485
1.5300 1.7387 1.5300 1.8428
1.5000 1.5460 1.5000 1.6820
1.5200 1.5901 1.5200 1.6573
1.4900 1.7675 1.4900 1.7396
1.4900 1.7927 1.4900 1.7627
1.4900 1.9092 1.4900 1.8471
1.5100 1.7706 1.5100 1.7806
1.5600 1.6594 1.5600 1.7260
1.5800 1.4231 1.5800 1.5741
1.5900 1.4608 1.5900 1.5321
1.5600 1.5191 1.5600 1.5332
1.5500 1.2763 1.5500 1.3681
1.5500 1.3991 1.5500 1.4131
1.5300 1.3710 1.5300 1.3853
1.5300 1.5332 1.5300 1.5029
1.5100 1.3758 1.5100 1.4276
1.4900 1.4620 1.4900 1.4753
1.4900 1.4896 1.4900 1.5024
1.4900 1.5619 1.4900 1.5569
1.4700 1.7055 1.4700 1.6645
1.4500 1.6408 1.4500 1.6459
1.4300 1.6233 1.4300 1.6545
1.4300 1.4881 1.4300 1.5684
1.4900 1.5298 1.4900 1.5776
1.6000 1.5545 1.6000 1.5801
1.7100 1.4576 1.7100 1.5128
1.8400 1.5106 1.8400 1.5321
1.9400 1.4421 1.9400 1.4835
2.0700 1.4181 2.0700 1.4695
2.1600 1.4818 2.1600 1.4990
2.2100 1.4822 2.2100 1.5001
2.3100 1.4019 2.3100 1.4590
2.3100 1.3863 2.3100 1.4380
2.2500 1.3743 2.2500 1.4227
2.2000 1.4287 2.2000 1.4531
2.1600 1.6566 2.1600 1.5992
2.1000 1.8179 2.1000 1.7946
2.0500 1.8958 2.0500 1.8991
1.9600 2.0424 1.9600 2.0524
1.8800 2.1004 1.8800 2.1393
1.7800 2.2681 1.7800 2.3097
1.6900 2.2950 1.6900 2.3641
1.6100 2.2527 1.6100 2.3641
1.5300 2.4599 1.5300 2.5034
1.4400 2.2557 1.4400 2.3528
1.3600 1.9994 1.3600 2.1466
1.3300 1.9845 1.3300 2.0489
1.2800 1.9547 1.2800 1.9742
1.2000 1.7892 1.2000 1.8478
1.1400 1.7551 1.1400 1.7703
1.1000 1.5497 1.1000 1.6131
1.0600 1.5035 1.0600 1.5555
1.0100 1.3838 1.0100 1.4301
1.0100 1.3321 1.0100 1.3475
1.0000 1.2760 1.0000 1.3000
0.9500 1.2336 0.9500 1.2322
0.9000 1.1982 0.9000 1.1443
0.9500 1.1694 0.9500 1.1026
1.0200 1.1815 1.0200 1.2042
1.0800 1.1023 1.0800 1.1697
1.0800 1.0999 1.0800 1.0682
1.0700 1.0948 1.0700 1.0909
1.0400 1.0740 1.0400 1.1450
1.0100 1.0538 1.0100 1.1603
0.9300 1.0451 0.9300 1.1189
0.8400 1.1250 0.8400 1.2164
0.7700 1.0932 0.7700 1.2140
0.7200 1.0219 0.7200 1.1128
0.7400 1.0369 0.7400 1.0809
0.7000 1.2854 0.7000 1.3126
0.7100 1.3530 0.7100 1.4224
0.7900 1.3196 0.7900 1.3997
0.8800 1.1752 0.8800 1.2652
1.0000 1.1548 1.0000 1.2576
1.1300 1.1014 1.1300 1.2120
1.1200 1.0635 1.1200 1.1833
1.0600 1.0199 1.0600 1.0669
1.0500 1.0344 1.0500 1.0653
1.0800 1.0437 1.0800 1.0719
1.1500 1.0383 1.1500 1.0892
1.0500 1.1318 1.0500 1.2435
1.0200 0.9973 1.0200 1.1225
1.1800 1.0475 1.1800 1.1852
1.2700 1.2718 1.2700 1.3507
1.4400 1.3116 1.4400 1.4156
1.5200 1.3766 1.5200 1.4527
1.5200 1.4676 1.5200 1.4783
1.4400 1.2381 1.4400 1.3887
1.3700 1.1862 1.3700 1.3027
1.3400 1.1714 1.3400 1.2817
1.2700 1.2742 1.2700 1.3471
1.2000 1.4031 1.2000 1.4546
1.1100 1.0546 1.1100 1.0633
1.0200 1.1153 1.0200 1.1304
0.9500 1.6421 0.9500 1.5999
0.8800 1.5070 0.8800 1.5442
0.8300 1.7429 0.8300 1.7500
0.7800 1.7033 0.7800 1.7399
0.7400 1.5477 0.7400 1.7124
0.7400 1.3734 0.7400 1.5962
0.7700 1.3176 0.7700 1.4797
0.7800 1.2943 0.7800 1.3844
0.6900 1.1235 0.6900 1.1984
0.7200 1.1072 0.7200 1.1000
0.9000 1.0826 0.9000 1.0646
0.9300 1.0645 0.9300 1.0758
1.0300 1.0616 1.0300 1.0769
1.0900 1.0491 1.0900 1.0721
1.1100 1.0474 1.1100 1.0982
1.1300 1.0354 1.1300 1.0901
1.1200 1.0329 1.1200 1.1024
1.0400 1.0602 1.0400 1.1847
0.9100 1.1530 0.9100 1.2628
0.7500 1.0816 0.7500 1.2257
0.6800 0.9780 0.6800 0.9992
0.7200 1.0949 0.7200 1.1923
0.7600 1.5321 0.7600 1.5768
0.7700 1.1837 0.7700 1.3599
0.7400 1.3337 0.7400 1.4076
0.7600 1.3499 0.7600 1.3978
0.7900 1.2936 0.7900 1.4095
0.8300 1.3207 0.8300 1.4252
0.8600 1.2161 0.8600 1.3236
0.9900 1.1016 0.9900 1.1585
1.1300 1.0642 1.1300 1.1261
1.2200 1.0350 1.2200 1.1058
1.3300 1.0703 1.3300 1.1349
1.5100 1.2163 1.5100 1.3039
1.6600 1.1909 1.6600 1.3322
1.7300 1.0683 1.7300 1.2212
1.8200 1.0041 1.8200 1.0855
1.8000 1.0743 1.8000 1.1917
1.7200 1.1531 1.7200 1.2638
1.6800 1.1841 1.6800 1.3000
1.6100 1.1422 1.6100 1.2676
1.5100 1.4152 1.5100 1.4597
1.4700 1.4843 1.4700 1.5212
1.5200 1.4821 1.5200 1.5330
1.6300 1.6178 1.6300 1.6605
1.6700 1.8735 1.6700 1.8831
1.6700 1.9424 1.6700 2.0032
1.6500 1.8718 1.6500 1.9926
1.6300 2.0034 1.6300 2.0881
1.6400 1.7978 1.6400 1.9624
1.6300 1.5193 1.6300 1.7353
1.7300 1.5785 1.7300 1.6710
1.8500 1.3870 1.8500 1.4920
2.0100 1.2600 2.0100 1.3141
2.0300 1.2860 2.0300 1.3128
1.9700 1.6123 1.9700 1.4979
1.9100 1.8205 1.9100 1.7381
1.8700 1.7406 1.8700 1.7186
1.9000 1.6580 1.9000 1.6986
1.8500 1.6211 1.8500 1.6830
1.8500 1.5955 1.8500 1.6628
1.8400 1.6679 1.8400 1.6878
1.8400 1.5776 1.8400 1.6121
1.8500 1.9277 1.8500 1.8640
1.8000 2.0388 1.8000 2.0174
1.7500 2.2075 1.7500 2.2068
1.7700 2.0108 1.7700 2.1233
1.7800 1.7891 1.7800 1.9527
1.7900 1.7502 1.7900 1.8723
1.7800 1.7364 1.7800 1.8015
1.7400 1.9283 1.7400 1.8803
1.6900 1.6031 1.6900 1.6603
1.6300 1.7513 1.6300 1.7273
1.5800 1.7530 1.5800 1.7295
1.5500 1.7735 1.5500 1.7621
1.5300 1.8212 1.5300 1.8020
1.5200 1.5894 1.5200 1.6551
1.5200 1.5408 1.5200 1.6121
1.4500 1.7871 1.4500 1.7298
1.3500 1.7571 1.3500 1.7303
1.3600 1.7499 1.3600 1.7433
1.4000 1.6996 1.4000 1.7086
