1.2700 1.2907 1.2700 1.2676
1.2400 1.2740 1.2400 1.2866
1.2300 1.2706 1.2300 1.2893
1.2300 1.3260 1.2300 1.3268
1.2400 1.3280 1.2400 1.3109
1.2400 1.3336 1.2400 1.3048
1.2200 1.3458 1.2200 1.3125
1.2000 1.2958 1.2000 1.2606
1.1600 1.2490 1.1600 1.2262
1.1100 1.2496 1.1100 1.2438
1.0700 1.2574 1.0700 1.2494
1.0500 1.2733 1.0500 1.2554
1.0400 1.2753 1.0400 1.2513
1.0600 1.1951 1.0600 1.1748
1.0800 1.2276 1.0800 1.2196
1.0900 1.2528 1.0900 1.2411
1.0600 1.2772 1.0600 1.2442
1.0000 1.2588 1.0000 1.2216
0.9400 1.2059 0.9400 1.1779
0.8800 1.1913 0.8800 1.1773
0.8700 1.1169 0.8700 1.1224
0.9100 1.0464 0.9100 1.0952
0.9500 1.0298 0.9500 1.1352
1.0000 1.0604 1.0000 1.1595
1.0000 1.0725 1.0000 1.1422
0.9800 1.1406 0.9800 1.1858
0.9300 1.1601 0.9300 1.1558
0.8700 1.1604 0.8700 1.1238
0.8400 1.0682 0.8400 1.0424
0.8400 0.9615 0.8400 1.0304
0.8100 0.9772 0.8100 1.0849
0.8000 0.9880 0.8000 1.1015
0.7500 1.0603 0.7500 1.1734
0.7700 1.1448 0.7700 1.2123
0.8300 1.1397 0.8300 1.1430
0.9100 1.1707 0.9100 1.1449
0.9500 1.0932 0.9500 1.0378
0.9400 1.0440 0.9400 1.0178
0.9600 0.9575 0.9600 1.0234
0.9800 0.9594 0.9800 1.0496
0.9900 1.0191 0.9900 1.1254
0.9700 1.0543 0.9700 1.1496
0.9500 0.9786 0.9500 1.0532
0.9400 1.0001 0.9400 1.0909
0.9700 0.9393 0.9700 1.0311
1.0400 1.0582 1.0400 1.1488
1.1200 1.1646 1.1200 1.1884
1.1900 1.2141 1.1900 1.1596
1.2500 1.1295 1.2500 1.0536
1.3200 1.0427 1.3200 0.9804
1.3700 1.1213 1.3700 1.1031
1.3700 1.1354 1.3700 1.1014
1.3100 1.1045 1.3100 1.0591
1.2000 1.0215 1.2000 1.0267
1.0700 1.0216 1.0700 1.0681
0.9400 1.0480 0.9400 1.1015
0.8300 1.1437 0.8300 1.1658
0.7500 1.2466 0.7500 1.2211
0.7000 1.3368 0.7000 1.2415
0.6700 1.3963 0.6700 1.2672
0.6500 1.4476 0.6500 1.3049
0.6800 1.5392 0.6800 1.3830
0.7800 1.5434 0.7800 1.3755
0.9400 1.4317 0.9400 1.2823
1.1200 1.2456 1.1200 1.1623
1.2600 1.0531 1.2600 1.0835
1.3700 0.9562 1.3700 1.0804
1.4200 0.9605 1.4200 1.1325
1.4000 0.9863 1.4000 1.1697
1.3300 1.0062 1.3300 1.1861
1.2500 1.0144 1.2500 1.1772
1.1800 1.0063 1.1800 1.1462
1.1400 0.9909 1.1400 1.1103
1.1100 1.0516 1.1100 1.1510
1.0900 1.2225 1.0900 1.2360
1.0400 1.3953 1.0400 1.2867
0.9800 1.5690 0.9800 1.3614
0.9200 1.6563 0.9200 1.3881
0.8800 1.7228 0.8800 1.4377
0.8600 1.6572 0.8600 1.3919
0.8700 1.4762 0.8700 1.2675
0.9200 1.2762 0.9200 1.1763
1.0200 1.1496 1.0200 1.1672
1.1300 1.0958 1.1300 1.1521
1.2100 1.0829 1.2100 1.1957
1.2400 1.0635 1.2400 1.1728
1.2200 1.0597 1.2200 1.1567
1.1700 0.9871 1.1700 1.0868
1.1200 0.9737 1.1200 1.0867
1.0800 0.9852 1.0800 1.1100
1.0700 1.0170 1.0700 1.1376
1.0900 1.0337 1.0900 1.1413
1.1300 1.0611 1.1300 1.1505
1.1800 1.1596 1.1800 1.1937
1.2100 1.2971 1.2100 1.2570
1.2200 1.4169 1.2200 1.2883
1.1900 1.4534 1.1900 1.2819
1.1300 1.4002 1.1300 1.2346
1.0600 1.2866 1.0600 1.1623
0.9900 1.1664 0.9900 1.1092
0.9500 1.0947 0.9500 1.1088
0.9200 1.0535 0.9200 1.1315
0.9300 1.0903 0.9300 1.1705
0.9500 1.1548 0.9500 1.2031
0.9800 1.2324 0.9800 1.2096
1.0000 1.3124 1.0000 1.2521
1.0100 1.3183 1.0100 1.2343
1.0000 1.2985 1.0000 1.2132
0.9800 1.1971 0.9800 1.1361
0.9600 1.0755 0.9600 1.0773
0.9400 1.0044 0.9400 1.0845
0.9400 0.9950 0.9400 1.1144
0.9400 1.0397 0.9400 1.1640
0.9400 1.0340 0.9400 1.1465
0.9300 1.0793 0.9300 1.1743
0.9200 1.1028 0.9200 1.1533
0.9000 1.1284 0.9000 1.1392
0.8800 1.1133 0.8800 1.1046
0.8600 1.1138 0.8600 1.0842
0.8500 1.0723 0.8500 1.0512
0.8400 1.0314 0.8400 1.0569
0.8200 1.0295 0.8200 1.0812
0.8000 1.0232 0.8000 1.0885
0.7800 1.0653 0.7800 1.1194
0.7800 1.0616 0.7800 1.1007
0.7900 1.0569 0.7900 1.0863
0.7800 1.0327 0.7800 1.0704
0.7700 1.0327 0.7700 1.0780
0.7500 1.0070 0.7500 1.0669
0.7400 1.0013 0.7400 1.0749
0.7400 1.0001 0.7400 1.0810
0.7600 1.0147 0.7600 1.0944
0.8200 1.0098 0.8200 1.0832
0.9300 0.9852 0.9300 1.0599
1.0900 0.9857 1.0900 1.0674
1.2500 0.9878 1.2500 1.0715
1.3400 1.0177 1.3400 1.0973
1.3600 1.0375 1.3600 1.0922
1.3500 0.9856 1.3500 1.0388
1.3500 0.9833 1.3500 1.0498
1.3400 0.9720 1.3400 1.0471
1.3400 0.9918 1.3400 1.0663
1.3500 1.0060 1.3500 1.0780
1.3900 1.0490 1.3900 1.0921
1.4300 1.1515 1.4300 1.1510
1.4800 1.2917 1.4800 1.2263
1.5500 1.4940 1.5500 1.3361
1.5900 1.6649 1.5900 1.4292
1.6000 1.6333 1.6000 1.3652
1.5800 1.5223 1.5800 1.2907
1.5600 1.4446 1.5600 1.2820
1.5700 1.4352 1.5700 1.3200
1.5900 1.3672 1.5900 1.2799
1.6000 1.3552 1.6000 1.2943
1.5700 1.3755 1.5700 1.3296
1.5300 1.4710 1.5300 1.4072
1.4600 1.5124 1.4600 1.4189
1.4000 1.5821 1.4000 1.4655
1.3500 1.6977 1.3500 1.5582
1.3300 1.6789 1.3300 1.5141
1.3500 1.6235 1.3500 1.4673
1.3800 1.5418 1.3800 1.4278
1.4100 1.5135 1.4100 1.4332
1.4000 1.5704 1.4000 1.5015
1.3800 1.5956 1.3800 1.5135
1.3500 1.5767 1.3500 1.4843
1.2900 1.4709 1.2900 1.3971
1.2500 1.4180 1.2500 1.3775
1.2100 1.2936 1.2100 1.2866
1.2100 1.2467 1.2100 1.2757
1.2100 1.2151 1.2100 1.2628
1.2000 1.2497 1.2000 1.2888
1.1800 1.3519 1.1800 1.3628
1.1200 1.4108 1.1200 1.3779
1.0600 1.4532 1.0600 1.3855
0.9900 1.3821 0.9900 1.3097
0.9400 1.3513 0.9400 1.2957
0.8900 1.3060 0.8900 1.2733
0.8600 1.1812 0.8600 1.1810
0.8400 1.1707 0.8400 1.1986
0.8500 1.1316 0.8500 1.1765
0.8600 1.2032 0.8600 1.2275
0.8600 1.2097 0.8600 1.2149
0.8500 1.1874 0.8500 1.1772
0.8400 1.1625 0.8400 1.1577
0.8300 1.0402 0.8300 1.0695
0.8300 1.0026 0.8300 1.0984
0.8400 0.9876 0.8400 1.1083
0.8600 1.0182 0.8600 1.1416
0.8300 1.0048 0.8300 1.1245
0.8000 1.0189 0.8000 1.1359
0.7800 1.0183 0.7800 1.1259
0.7900 1.0536 0.7900 1.1424
0.8100 1.0535 0.8100 1.1003
0.8300 1.0277 0.8300 1.0608
0.8500 1.0069 0.8500 1.0521
0.9100 1.0101 0.9100 1.0650
1.0000 1.0094 1.0000 1.0680
1.0900 1.0298 1.0900 1.0827
1.1500 1.0528 1.1500 1.0894
1.1700 1.0779 1.1700 1.0932
1.1300 0.9567 1.1300 0.9977
1.0700 0.9597 1.0700 1.0366
0.9900 0.9945 0.9900 1.0851
0.9400 1.0453 0.9400 1.1150
0.9100 1.0640 0.9100 1.0956
0.9000 1.0624 0.9000 1.0746
0.9000 1.0696 0.9000 1.0741
0.8600 1.1813 0.8600 1.1620
0.8400 1.2756 0.8400 1.1985
0.8000 1.3613 0.8000 1.2226
0.7700 1.3679 0.7700 1.2140
0.7200 1.3168 0.7200 1.1792
0.7100 1.1629 0.7100 1.0686
0.7800 1.0499 0.7800 1.0470
0.8900 0.9620 0.8900 1.0608
1.0100 1.0237 1.0100 1.1417
1.0800 1.0433 1.0800 1.1571
1.1000 1.0456 1.1000 1.1448
1.1000 1.0432 1.1000 1.1251
1.1100 0.9568 1.1100 1.0376
1.1200 0.9952 1.1200 1.0910
1.1300 0.9709 1.1300 1.0646
1.1400 0.9852 1.1400 1.0759
1.1400 0.9524 1.1400 1.0496
1.1400 1.0123 1.1400 1.1174
1.1400 1.1701 1.1400 1.2253
1.1400 1.2769 1.1400 1.2279
1.1400 1.3266 1.1400 1.1958
1.1200 1.3284 1.1200 1.1699
1.1100 1.2719 1.1100 1.1226
1.1000 1.2345 1.1000 1.1220
1.1200 1.2431 1.1200 1.1585
1.1200 1.2250 1.1200 1.1529
1.1400 1.2117 1.1400 1.1536
1.1600 1.2137 1.1600 1.1680
1.1700 1.1943 1.1700 1.1527
1.1800 1.1929 1.1800 1.1558
1.1800 1.1919 1.1800 1.1599
1.1700 1.1889 1.1700 1.1572
1.1400 1.1865 1.1400 1.1568
1.1000 1.1295 1.1000 1.1077
1.0800 1.1368 1.0800 1.1267
1.0900 1.1290 1.0900 1.1265
1.1200 1.2001 1.1200 1.1824
1.1400 1.1651 1.1400 1.1355
1.1500 1.2206 1.1500 1.1844
1.1500 1.2493 1.1500 1.2057
1.1600 1.2404 1.1600 1.1828
1.2000 1.2503 1.2000 1.1956
1.2600 1.2321 1.2600 1.1846
1.3000 1.2003 1.3000 1.1588
1.3100 1.1302 1.3100 1.1095
1.3100 1.0687 1.3100 1.0879
1.3000 1.0829 1.3000 1.1428
1.2900 1.1451 1.2900 1.1876
1.2900 1.2093 1.2900 1.1919
1.2800 1.2151 1.2800 1.1730
1.2800 1.2162 1.2800 1.1686
1.2700 1.2077 1.2700 1.1633
1.2700 1.2370 1.2700 1.1918
1.2600 1.3280 1.2600 1.2697
1.2200 1.4192 1.2200 1.3305
1.1700 1.4182 1.1700 1.3054
1.1400 1.3733 1.1400 1.2677
1.1400 1.3581 1.1400 1.2761
1.1500 1.3255 1.1500 1.2595
1.1500 1.3021 1.1500 1.2497
1.1300 1.3101 1.1300 1.2708
1.1100 1.2755 1.1100 1.2406
1.1000 1.2917 1.1000 1.2601
1.0900 1.2664 1.0900 1.2381
1.0900 1.2851 1.0900 1.2545
1.1000 1.2591 1.1000 1.2298
1.1100 1.1629 1.1100 1.1452
1.1200 1.0963 1.1200 1.1208
1.1300 1.1061 1.1300 1.1611
1.1200 1.1597 1.1200 1.1972
1.0900 1.1853 1.0900 1.1810
1.0600 1.1716 1.0600 1.1550
1.0300 1.1271 1.0300 1.1151
1.0200 1.1172 1.0200 1.1148
1.0100 1.1291 1.0100 1.1359
0.9600 1.1157 0.9600 1.1195
0.9100 1.1311 0.9100 1.1365
0.8900 1.1626 0.8900 1.1541
0.9500 1.1763 0.9500 1.1487
1.0200 1.1894 1.0200 1.1536
1.0600 1.2029 1.0600 1.1639
1.0500 1.1582 1.0500 1.1205
1.0400 1.0906 1.0400 1.0730
1.0300 1.0597 1.0300 1.0966
1.0300 1.0309 1.0300 1.1086
1.0400 1.0703 1.0400 1.1368
1.0400 1.0622 1.0400 1.1168
1.0400 0.9625 1.0400 1.0397
1.0300 0.9722 1.0300 1.0769
1.0100 1.0330 1.0100 1.1467
0.9700 1.2083 0.9700 1.2566
0.9500 1.2325 0.9500 1.1965
0.9700 1.1995 0.9700 1.1162
0.9500 1.1196 0.9500 1.0525
0.9100 1.1206 0.9100 1.0788
0.8700 1.1077 0.8700 1.0863
0.9300 1.1060 0.9300 1.1033
0.9700 1.1214 0.9700 1.1259
0.9400 1.1008 0.9400 1.0984
0.8500 1.1026 0.8500 1.1023
0.8200 1.0792 0.8200 1.0873
0.8400 1.0414 0.8400 1.0737
0.9000 0.9856 0.9000 1.0590
0.9400 1.0268 0.9400 1.1156
0.9800 1.1243 0.9800 1.1774
0.9700 1.0160 0.9700 1.0518
0.9100 0.9587 0.9100 1.0332
0.8700 0.9776 0.8700 1.0823
0.9200 1.2065 0.9200 1.2657
1.0000 1.1576 1.0000 1.1308
1.0800 0.9699 1.0800 0.9546
1.0900 0.8643 1.0900 0.9522
1.0800 1.0116 1.0800 1.1423
1.0500 1.1012 1.0500 1.1881
1.0000 1.1784 1.0000 1.1757
0.9300 1.1280 0.9300 1.1011
0.9200 1.1420 0.9200 1.1118
0.9500 1.0634 0.9500 1.0115
1.0200 0.9190 1.0200 0.9638
1.0200 0.9831 1.0200 1.0775
1.0000 1.1897 1.0000 1.2452
0.9600 1.2589 0.9600 1.2194
0.9500 1.2898 0.9500 1.1891
0.9500 1.1929 0.9500 1.0946
0.9500 1.1609 0.9500 1.0882
0.9500 1.0998 0.9500 1.0628
0.9600 0.9979 0.9600 1.0445
0.9500 0.9601 0.9500 1.0519
0.9400 1.0651 0.9400 1.1830
0.9300 1.1419 0.9300 1.2046
0.9200 1.2321 0.9200 1.2209
0.9400 1.0845 0.9400 1.0321
1.0000 1.0421 1.0000 1.0239
1.0800 0.9853 1.0800 1.0486
1.1800 1.0580 1.1800 1.1194
1.2900 1.0744 1.2900 1.1179
1.3900 1.0614 1.3900 1.0925
1.4500 1.0586 1.4500 1.0919
1.5300 1.0874 1.5300 1.1157
1.5900 1.0400 1.5900 1.0592
1.6400 1.0371 1.6400 1.0703
1.6300 1.0391 1.6300 1.0852
1.6400 1.0358 1.6400 1.0827
1.6600 1.1077 1.6600 1.1363
1.7000 1.2133 1.7000 1.2049
1.6600 1.3036 1.6600 1.2191
1.5400 1.4444 1.5400 1.3129
1.4000 1.5829 1.4000 1.4086
1.3000 1.6693 1.3000 1.4559
1.2500 1.6498 1.2500 1.4272
1.2000 1.7591 1.2000 1.5470
1.1700 1.7678 1.1700 1.5546
1.1200 1.7713 1.1200 1.5581
1.0700 1.6242 1.0700 1.4505
1.0300 1.6588 1.0300 1.5314
0.9700 1.6906 0.9700 1.5773
0.9400 1.7488 0.9400 1.6153
0.8800 1.5351 0.8800 1.4160
0.8500 1.2538 0.8500 1.2311
0.8200 1.1445 0.8200 1.2138
0.8100 1.1432 0.8100 1.2556
0.8100 1.1472 0.8100 1.2861
0.8100 1.0760 0.8100 1.1946
0.8000 1.0677 0.8000 1.1957
0.7700 1.0200 0.7700 1.1369
0.7300 1.0074 0.7300 1.1264
0.7500 1.0259 0.7500 1.1458
0.8400 0.9857 0.8400 1.0953
1.0000 1.0295 1.0000 1.1466
1.1700 0.9716 1.1700 1.0818
1.3500 1.0117 1.3500 1.1261
1.5000 1.0046 1.5000 1.1142
1.6400 1.0201 1.6400 1.1153
1.7700 1.0218 1.7700 1.1067
1.8800 1.0166 1.8800 1.0809
1.9500 0.9917 1.9500 1.0541
1.9500 0.9568 1.9500 1.0312
1.8900 0.9514 1.8900 1.0372
1.8200 1.0562 1.8200 1.1459
1.7400 1.2326 1.7400 1.2369
1.6800 1.4189 1.6800 1.3090
1.6100 1.5838 1.6100 1.3828
1.5400 1.8037 1.5400 1.5289
1.4400 1.9189 1.4400 1.5941
1.3500 2.0389 1.3500 1.6856
1.2700 2.1353 1.2700 1.7740
1.2100 2.1750 1.2100 1.8115
1.1600 2.1288 1.1600 1.7864
1.1400 1.9513 1.1400 1.6682
1.1600 1.7391 1.1600 1.5505
1.2300 1.6262 1.2300 1.5362
1.3100 1.5020 1.3100 1.4761
1.3600 1.4594 1.3600 1.4695
1.3200 1.3624 1.3200 1.3982
1.2200 1.2958 1.2200 1.3499
1.0800 1.1807 1.0800 1.2517
0.9600 1.1420 0.9600 1.2283
0.8800 1.1071 0.8800 1.2136
0.8400 1.0846 0.8400 1.2128
0.8300 1.0559 0.8300 1.1903
0.8200 1.0828 0.8200 1.2107
0.8300 1.1885 0.8300 1.2558
0.8100 1.3672 0.8100 1.3421
0.7800 1.4813 0.7800 1.3868
0.7700 1.4884 0.7700 1.3546
0.7700 1.2927 0.7700 1.1805
0.8100 1.0843 0.8100 1.0785
0.8800 0.9569 0.8800 1.0364
0.9800 0.9776 0.9800 1.1460
0.9900 1.0381 0.9900 1.2091
1.0100 1.0590 1.0100 1.2094
1.0400 1.0555 1.0400 1.1828
1.1300 1.0153 1.1300 1.1209
1.1500 1.0383 1.1500 1.1239
1.1100 0.9730 1.1100 1.0467
1.0500 0.9587 1.0500 1.0364
0.9900 1.0027 0.9900 1.0923
0.9600 1.0171 0.9600 1.0912
0.9400 1.1074 0.9400 1.1303
0.9000 1.1899 0.9000 1.1704
0.9400 1.2803 0.9400 1.1983
0.9500 1.1274 0.9500 1.0141
0.9900 1.1640 0.9900 1.0752
0.9500 1.2200 0.9500 1.1506
0.9400 1.3989 0.9400 1.2893
0.9400 1.2745 0.9400 1.1471
0.9600 1.1118 0.9600 1.0301
1.0000 1.0225 1.0000 1.0374
1.0100 0.9903 1.0100 1.0934
1.0000 1.0467 1.0000 1.1463
0.9700 1.0422 0.9700 1.1364
0.9400 0.9856 0.9400 1.0763
0.9300 1.1501 0.9300 1.2302
0.9100 1.0846 0.9100 1.1066
0.8900 1.1509 0.8900 1.1379
0.8500 0.9668 0.8500 0.9821
0.8300 1.0370 0.8300 1.0837
0.8300 1.0753 0.8300 1.1193
0.8800 1.1159 0.8800 1.1224
1.0200 1.1639 1.0200 1.1513
1.2100 1.1056 1.2100 1.0740
1.3900 1.0651 1.3900 1.0419
1.4900 1.0055 1.4900 1.0448
1.5400 1.0037 1.5400 1.0747
1.5300 1.0465 1.5300 1.1178
1.5100 1.0133 1.5100 1.0843
1.4800 1.0011 1.4800 1.0803
1.4700 0.9690 1.4700 1.0577
1.5100 1.0052 1.5100 1.1017
1.5800 1.0345 1.5800 1.1222
1.6400 1.1528 1.6400 1.1802
1.6600 1.3911 1.6600 1.3350
1.6400 1.6479 1.6400 1.4683
1.5900 1.8246 1.5900 1.5441
1.5500 1.7911 1.5500 1.4806
1.5200 1.7509 1.5200 1.4713
1.4900 1.6127 1.4900 1.3937
1.4400 1.5349 1.4400 1.3818
1.4100 1.4464 1.4100 1.3566
1.4300 1.4419 1.4300 1.3865
1.5300 1.5643 1.5300 1.5079
1.6300 1.6879 1.6300 1.5867
1.7000 1.7285 1.7000 1.5794
1.7100 1.6776 1.7100 1.5227
1.6900 1.5874 1.6900 1.4610
1.6600 1.4780 1.6600 1.3964
1.6400 1.4466 1.6400 1.4065
1.6500 1.4216 1.6500 1.4018
1.7000 1.3785 1.7000 1.3654
1.7900 1.2890 1.7900 1.2934
1.8900 1.3063 1.8900 1.3276
1.5600 1.1018 1.5600 1.1666
1.6700 1.1817 1.6700 1.1952
1.7600 1.1252 1.7600 1.1022
1.4700 1.6449 1.4700 1.5610
1.4500 1.5142 1.4500 1.4647
1.4200 1.5241 1.4200 1.5072
1.3700 1.5179 1.3700 1.5037
1.3500 1.4793 1.3500 1.4562
1.3500 1.4808 1.3500 1.4646
1.3500 1.5012 1.3500 1.4812
1.3200 1.5295 1.3200 1.4892
1.2900 1.4760 1.2900 1.4274
1.2700 1.4025 1.2700 1.3685
1.2600 1.3707 1.2600 1.3615
1.2700 1.3932 1.2700 1.3891
1.3400 1.4301 1.3400 1.4102
1.4200 1.3703 1.4200 1.3400
1.4900 1.3269 1.4900 1.3085
1.4400 1.2512 1.4400 1.2549
1.3700 1.2937 1.3700 1.3046
1.3200 1.3340 1.3200 1.3310
1.3600 1.3306 1.3600 1.3045
1.4000 1.2492 1.4000 1.2273
1.4400 1.2299 1.4400 1.2286
1.4500 1.2390 1.4500 1.2432
1.4100 1.2463 1.4100 1.2394
1.3300 1.2916 1.3300 1.2735
1.2300 1.4793 1.2300 1.4291
1.1400 1.5858 1.1400 1.4730
1.0700 1.6399 1.0700 1.4798
1.0100 1.3697 1.0100 1.2335
0.9700 1.2623 0.9700 1.2063
0.9400 1.2534 0.9400 1.2677
0.9300 1.4413 0.9300 1.4273
0.9600 1.4571 0.9600 1.3925
0.9900 1.4896 0.9900 1.4020
1.0200 1.4651 1.0200 1.3811
1.0400 1.3438 1.0400 1.2722
1.0700 1.1897 1.0700 1.1798
1.0900 1.0823 1.0900 1.1363
1.0500 1.0358 1.0500 1.1596
1.0200 1.0420 1.0200 1.1886
1.0000 1.0315 1.0000 1.1698
1.0200 1.0365 1.0200 1.1707
1.0100 1.0292 1.0100 1.1518
0.9600 1.0428 0.9600 1.1494
0.9200 1.1319 0.9200 1.1944
0.9000 1.1351 0.9000 1.1443
0.9200 1.1436 0.9200 1.1198
0.9200 1.1582 0.9200 1.1069
0.9300 1.2112 0.9300 1.1498
0.9200 1.2126 0.9200 1.1427
0.9400 1.0582 0.9400 1.0145
0.9400 1.0389 0.9400 1.0735
0.9000 1.0510 0.9000 1.1238
0.8600 1.1405 0.8600 1.1713
0.8200 1.0560 0.8200 1.0742
0.8300 0.9462 0.8300 1.0166
0.8800 0.9848 0.8800 1.0913
0.9500 1.0306 0.9500 1.1332
1.0400 1.1069 1.0400 1.1589
1.1700 1.0489 1.1700 1.0786
1.3000 1.0691 1.3000 1.0969
1.4000 1.0294 1.4000 1.0614
1.4600 1.1061 1.4600 1.1252
1.5800 1.0621 1.5800 1.0679
1.7600 0.9557 1.7600 1.0033
1.9600 0.9676 1.9600 1.0573
2.1400 0.9841 2.1400 1.0838
2.3000 1.0617 2.3000 1.1519
2.4400 1.1546 2.4400 1.1832
2.5500 1.2055 2.5500 1.1736
2.5400 1.2912 2.5400 1.1978
2.5600 1.5098 2.5600 1.3619
2.5600 1.6510 2.5600 1.4371
2.6300 1.6930 2.6300 1.4426
2.6800 1.6726 2.6800 1.4338
2.6800 1.9016 2.6800 1.6677
2.6000 2.1898 2.6000 1.8953
2.4600 2.4020 2.4600 2.0101
2.3300 2.5266 2.3300 2.0803
2.2400 2.6455 2.2400 2.1775
2.1500 2.7380 2.1500 2.2526
2.0600 2.7558 2.0600 2.2670
1.9400 2.4319 1.9400 1.9978
1.8100 2.4920 1.8100 2.1671
1.6600 2.4264 1.6600 2.1577
1.5200 2.6170 1.5200 2.3284
1.4200 2.5935 1.4200 2.2879
1.3500 2.4577 1.3500 2.1542
1.3000 2.1991 1.3000 1.9732
1.2400 1.9317 1.2400 1.8181
1.2000 1.8287 1.2000 1.8136
1.1700 1.8210 1.1700 1.8487
1.1500 1.7154 1.1500 1.7415
1.1600 1.6289 1.1600 1.6734
1.1700 1.4726 1.1700 1.5494
1.2000 1.3778 1.2000 1.4684
1.2100 1.2673 1.2100 1.3678
1.2400 1.1933 1.2400 1.3109
1.2400 1.1766 1.2400 1.3140
1.2200 1.1535 1.2200 1.2921
1.1800 1.1306 1.1800 1.2482
1.1400 1.0768 1.1400 1.1795
1.1000 1.0881 1.1000 1.2008
1.0700 1.0947 1.0700 1.1885
1.0500 1.1071 1.0500 1.1669
1.0300 1.1842 1.0300 1.2122
1.0400 1.2066 1.0400 1.1982
1.0800 1.2815 1.0800 1.2446
1.1700 1.2659 1.1700 1.2147
1.2800 1.3367 1.2800 1.2733
1.3900 1.2866 1.3900 1.2203
1.5100 1.2238 1.5100 1.1696
1.6000 1.1464 1.6000 1.1292
1.6500 1.1019 1.6500 1.1219
1.6200 1.0588 1.6200 1.1228
1.5900 1.0425 1.5900 1.1373
1.5300 1.0546 1.5300 1.1412
1.5000 1.0443 1.5000 1.1210
1.4500 1.1143 1.4500 1.1710
1.4300 1.1997 1.4300 1.2107
1.4200 1.3866 1.4200 1.3157
1.4400 1.5427 1.4400 1.4071
1.4400 1.6609 1.4400 1.4692
1.4200 1.8107 1.4200 1.5804
1.4300 1.8457 1.4300 1.5882
1.4700 1.8051 1.4700 1.5505
1.5100 1.6003 1.5100 1.4031
1.5600 1.5489 1.5600 1.4304
1.6000 1.4102 1.6000 1.3527
1.6400 1.4095 1.6400 1.3833
1.6600 1.3075 1.6600 1.3106
1.6400 1.3388 1.6400 1.3504
1.6000 1.3583 1.6000 1.3644
1.5700 1.4414 1.5700 1.4170
1.5500 1.4124 1.5500 1.3641
1.5400 1.3609 1.5400 1.3144
1.5400 1.4407 1.5400 1.4029
1.5600 1.5438 1.5600 1.4783
1.5800 1.5766 1.5800 1.4687
1.6100 1.6447 1.6100 1.5213
1.6400 1.6729 1.6400 1.5379
1.6500 1.7145 1.6500 1.5645
1.6800 1.6919 1.6800 1.5427
1.7100 1.5831 1.7100 1.4558
1.7300 1.4957 1.7300 1.4153
1.7400 1.4795 1.7400 1.4383
1.7400 1.4689 1.7400 1.4356
1.7600 1.4681 1.7600 1.4335
1.7600 1.4877 1.7600 1.4507
1.7400 1.5540 1.7400 1.5006
1.7300 1.5811 1.7300 1.5024
1.7300 1.6353 1.7300 1.5366
1.7300 1.6713 1.7300 1.5582
1.7000 1.6419 1.7000 1.5202
1.6400 1.7116 1.6400 1.5925
1.6100 1.7411 1.6100 1.6132
1.6000 1.7314 1.6000 1.5903
1.6100 1.7168 1.6100 1.5874
1.5700 1.6950 1.5700 1.5800
1.5400 1.7524 1.5400 1.6399
1.5300 1.7050 1.5300 1.5891
1.5500 1.6354 1.5500 1.5331
1.5600 1.6474 1.5600 1.5736
1.5500 1.6684 1.5500 1.5944
1.5200 1.6615 1.5200 1.5748
1.5200 1.5676 1.5200 1.4926
1.5300 1.4509 1.5300 1.4116
1.5500 1.4881 1.5500 1.4803
1.5600 1.5195 1.5600 1.5017
1.5500 1.5611 1.5500 1.5139
1.5300 1.4245 1.5300 1.3787
1.5200 1.4243 1.5200 1.4039
1.5100 1.4708 1.5100 1.4576
1.5000 1.5482 1.5000 1.4997
1.4900 1.5345 1.4900 1.4613
1.4700 1.4881 1.4700 1.4188
1.4500 1.4302 1.4500 1.3809
1.4400 1.4952 1.4400 1.4549
1.4300 1.5233 1.4300 1.4659
1.4200 1.5539 1.4200 1.4755
1.4200 1.5460 1.4200 1.4641
1.4100 1.5019 1.4100 1.4246
1.4100 1.4670 1.4100 1.4048
1.3900 1.4771 1.3900 1.4278
1.3900 1.4625 1.3900 1.4128
1.3800 1.4466 1.3800 1.3986
1.3700 1.4376 1.3700 1.3965
1.3500 1.4015 1.3500 1.3644
1.3500 1.3840 1.3500 1.3539
1.3600 1.3964 1.3600 1.3706
1.3800 1.3873 1.3800 1.3557
1.3700 1.3776 1.3700 1.3438
1.3500 1.4010 1.3500 1.3670
1.3200 1.3761 1.3200 1.3364
1.2900 1.3969 1.2900 1.3547
1.2600 1.3426 1.2600 1.3048
1.2300 1.3809 1.2300 1.3455
1.1900 1.3555 1.1900 1.3199
1.1800 1.3426 1.1800 1.3046
1.1700 1.3066 1.1700 1.2795
1.1800 1.3465 1.1800 1.3223
1.2400 1.3781 1.2400 1.3406
1.3100 1.4154 1.3100 1.3588
1.3700 1.3511 1.3700 1.2914
1.3800 1.3155 1.3800 1.2725
1.3600 1.2725 1.3600 1.2507
1.3400 1.2395 1.3400 1.2292
1.3200 1.2051 1.3200 1.2069
1.2700 1.1732 1.2700 1.1857
1.2100 1.1175 1.2100 1.1434
1.1600 1.1675 1.1600 1.1926
1.1400 1.1649 1.1400 1.1762
1.1400 1.2133 1.1400 1.2044
1.1800 1.3754 1.1800 1.3383
1.2200 1.4723 1.2200 1.3795
1.2600 1.5170 1.2600 1.3820
1.2500 1.4406 1.2500 1.3110
1.2400 1.3666 1.2400 1.2691
1.2400 1.3427 1.2400 1.2820
1.2400 1.3072 1.2400 1.2653
1.2200 1.1830 1.2200 1.1719
1.1900 1.0989 1.1900 1.1386
1.1600 1.0775 1.1600 1.1568
1.1400 1.1070 1.1400 1.1943
1.1200 1.1446 1.1200 1.1920
1.1100 1.2633 1.1100 1.2564
1.0900 1.3171 1.0900 1.2697
1.0700 1.3680 1.0700 1.2881
1.0500 1.2777 1.0500 1.1983
1.0500 1.2696 1.0500 1.2119
1.0600 1.2886 1.0600 1.2470
1.0700 1.2757 1.0700 1.2287
1.0700 1.2077 1.0700 1.1715
1.0600 1.1576 1.0600 1.1488
1.0400 1.1316 1.0400 1.1411
0.9900 1.1296 0.9900 1.1423
0.9400 1.1080 0.9400 1.1276
0.9000 1.1169 0.9000 1.1431
0.8700 1.0853 0.8700 1.1107
0.8500 1.0704 0.8500 1.1092
0.8300 1.0571 0.8300 1.1127
0.8200 1.0988 0.8200 1.1474
0.8200 1.1268 0.8200 1.1484
0.8200 1.1385 0.8200 1.1277
0.8200 1.1258 0.8200 1.1026
0.8300 1.1035 0.8300 1.0891
0.8400 1.0684 0.8400 1.0784
0.8700 0.9706 0.8700 1.0468
0.8900 0.9834 0.8900 1.0822
0.9000 1.0077 0.9000 1.1170
0.9100 1.0157 0.9100 1.1171
0.9200 1.0163 0.9200 1.1127
0.9300 1.0019 0.9300 1.0946
0.9200 1.0088 0.9200 1.0977
0.9100 1.0238 0.9100 1.0984
0.9000 1.0221 0.9000 1.0776
0.9000 1.0210 0.9000 1.0683
0.9000 1.0478 0.9000 1.0826
0.8900 1.0513 0.8900 1.0709
0.8900 1.1031 0.8900 1.1056
0.8800 1.0859 0.8800 1.0734
0.8900 1.0645 0.8900 1.0506
0.9100 1.0721 0.9100 1.0696
0.9600 1.0786 0.9600 1.0760
1.0300 1.0806 1.0300 1.0747
1.1000 1.0314 1.1000 1.0423
1.1400 1.0300 1.1400 1.0637
1.1900 1.0313 1.1900 1.0785
1.2300 1.0524 1.2300 1.0923
1.2700 1.0493 1.2700 1.0834
1.2700 1.0213 1.2700 1.0626
1.2400 1.0452 1.2400 1.0870
1.2100 1.0220 1.2100 1.0682
1.1700 1.0682 1.1700 1.0993
1.1400 1.0965 1.1400 1.1120
1.1200 1.1743 1.1200 1.1590
1.1200 1.2474 1.1200 1.1810
1.1300 1.3200 1.1300 1.2099
1.1200 1.3095 1.1200 1.1855
1.1200 1.3779 1.1200 1.2574
1.1300 1.3972 1.1300 1.2743
1.1800 1.4215 1.1800 1.2933
1.2800 1.3346 1.2800 1.2255
1.3800 1.2369 1.3800 1.1670
1.4800 1.2003 1.4800 1.1737
1.5500 1.1321 1.5500 1.1399
1.6000 1.1076 1.6000 1.1330
1.6300 1.1024 1.6300 1.1485
1.6600 1.1402 1.6600 1.1743
1.6800 1.1744 1.6800 1.1708
1.6700 1.1351 1.6700 1.1192
1.6300 1.1609 1.6300 1.1459
1.5700 1.1978 1.5700 1.1774
1.5000 1.3205 1.5000 1.2701
1.4100 1.5139 1.4100 1.4139
1.3300 1.6154 1.3300 1.4543
1.2400 1.7200 1.2400 1.5177
1.1400 1.7411 1.1400 1.5260
1.0500 1.7491 1.0500 1.5344
0.9700 1.7282 0.9700 1.5334
0.9200 1.7381 0.9200 1.5648
0.8700 1.7176 0.8700 1.5606
0.8500 1.6280 0.8500 1.4947
0.8700 1.5164 0.8700 1.4277
0.9200 1.4114 0.9200 1.3743
1.0400 1.3160 1.0400 1.3215
1.1800 1.1947 1.1800 1.2489
1.3400 1.1508 1.3400 1.2250
1.4400 1.0758 1.4400 1.1703
1.5100 0.9947 1.5100 1.1473
1.5500 1.0052 1.5500 1.1728
1.5200 1.0092 1.5200 1.1735
1.4600 1.0362 1.4600 1.1878
1.4300 1.0073 1.4300 1.1407
1.4200 1.0310 1.4200 1.1552
1.4000 1.0831 1.4000 1.1826
1.3400 1.1582 1.3400 1.1857
1.2600 1.3461 1.2600 1.2937
1.1700 1.5247 1.1700 1.3736
1.1000 1.7343 1.1000 1.5008
1.0500 1.7355 1.0500 1.4653
1.0200 1.7463 1.0200 1.4821
0.9800 1.7207 0.9800 1.4907
0.9100 1.5250 0.9100 1.3415
0.9000 1.3728 0.9000 1.2762
0.9400 1.3795 0.9400 1.3537
1.0300 1.3872 1.0300 1.3661
1.1000 1.3280 1.1000 1.3012
1.1300 1.1920 1.1300 1.1950
1.1500 1.0964 1.1500 1.1525
1.1600 1.0417 1.1600 1.1327
1.1300 1.0337 1.1300 1.1777
1.0600 1.0513 1.0600 1.1870
0.9900 1.0548 0.9900 1.1768
0.9400 1.0110 0.9400 1.1215
0.9300 0.9507 0.9300 1.0648
0.9100 1.0541 0.9100 1.1855
0.9000 1.1608 0.9000 1.2308
0.8700 1.2805 0.8700 1.2519
0.8400 1.2922 0.8400 1.1974
0.8200 1.2664 0.8200 1.1575
0.8000 1.2838 0.8000 1.1868
0.7700 1.2757 0.7700 1.1880
0.7400 1.1556 0.7400 1.0896
0.7300 1.0008 0.7300 1.0192
0.7300 0.9751 0.7300 1.0887
0.7600 1.0215 0.7600 1.1444
0.7800 1.0712 0.7800 1.1799
0.8200 1.0220 0.8200 1.1101
0.8500 1.0185 0.8500 1.1062
0.8700 0.9800 0.8700 1.0702
0.8900 0.9825 0.8900 1.0732
0.9400 1.0032 0.9400 1.0960
1.0400 0.9979 1.0400 1.0827
1.2000 0.9744 1.2000 1.0576
1.3400 0.9729 1.3400 1.0659
1.4400 1.0044 1.4400 1.0981
1.4900 1.0108 1.4900 1.0896
1.5100 1.0678 1.5100 1.1090
1.5000 1.0490 1.5000 1.0611
1.4500 1.1026 1.4500 1.0956
1.3800 1.0940 1.3800 1.0702
1.3200 1.0774 1.3200 1.0448
1.2700 1.0876 1.2700 1.0631
1.2400 1.1735 1.2400 1.1400
1.2400 1.3305 1.2400 1.2324
1.2600 1.5947 1.2600 1.4261
1.3000 1.6996 1.3000 1.4601
1.3400 1.7271 1.3400 1.4603
1.3900 1.6871 1.3900 1.4427
1.4300 1.6378 1.4300 1.4301
1.5300 1.5426 1.5300 1.3816
1.6800 1.3811 1.6800 1.2839
1.8200 1.2473 1.8200 1.2337
1.9100 1.1944 1.9100 1.2356
1.9800 1.1554 1.9800 1.2132
2.0600 1.1551 2.0600 1.2035
2.0800 1.2170 2.0800 1.2510
2.0600 1.2861 2.0600 1.2855
2.0200 1.3762 2.0200 1.3345
2.0100 1.4299 2.0100 1.3542
2.0100 1.5088 2.0100 1.4054
1.9800 1.5364 1.9800 1.4140
1.9200 1.7529 1.9200 1.6012
1.8300 2.0043 1.8300 1.7857
1.7400 2.1143 1.7400 1.8124
1.6400 2.0981 1.6400 1.7738
1.5400 2.1303 1.5400 1.8301
1.4200 2.2277 1.4200 1.9346
1.2900 2.0899 1.2900 1.7997
1.1400 1.9508 1.1400 1.7204
1.0200 1.8552 1.0200 1.7107
0.9300 1.8954 0.9300 1.7856
0.9000 1.8972 0.9000 1.7831
0.8800 1.7859 0.8800 1.6768
0.8800 1.6646 0.8800 1.5978
0.8700 1.5248 0.8700 1.5112
0.8500 1.4414 0.8500 1.4685
0.8200 1.3301 0.8200 1.3941
0.7900 1.2560 0.7900 1.3330
0.7500 1.1482 0.7500 1.2390
0.7400 1.0529 0.7400 1.1810
0.7300 0.9615 0.7300 1.1618
0.7400 1.0071 0.7400 1.2215
0.8100 1.0330 0.8100 1.2330
0.9400 1.0855 0.9400 1.2548
1.0900 1.0477 1.0900 1.1774
1.2400 1.0417 1.2400 1.1501
1.2900 1.0071 1.2900 1.0983
1.2700 0.9859 1.2700 1.0656
1.1600 0.9730 1.1600 1.0579
1.0600 0.9799 1.0600 1.0691
0.9900 0.9663 0.9900 1.0564
0.9600 1.0120 0.9600 1.1079
0.9300 1.0015 0.9300 1.0852
0.9000 1.0188 0.9000 1.0909
0.8800 1.1706 0.8800 1.1900
0.8700 1.3394 0.8700 1.2680
0.8700 1.4741 0.8700 1.3040
0.8800 1.6363 0.8800 1.4040
0.8900 1.5159 0.8900 1.2721
0.9100 1.3606 0.9100 1.1715
0.9400 1.0740 0.9400 1.0328
0.9600 1.0072 0.9600 1.0694
0.9900 1.0395 0.9900 1.1748
1.0200 1.0783 1.0200 1.1977
1.0400 1.0328 1.0400 1.1387
1.0400 1.0029 1.0400 1.1126
1.0300 1.0112 1.0300 1.1206
1.0000 1.0231 1.0000 1.1147
0.9600 1.0389 0.9600 1.1047
0.9400 1.0617 0.9400 1.1020
0.9400 1.0634 0.9400 1.0866
0.9700 1.0917 0.9700 1.1016
0.9900 1.1244 0.9900 1.1169
1.0000 1.1063 1.0000 1.0822
1.0300 1.1400 1.0300 1.1109
1.0500 1.1711 1.0500 1.1157
1.0700 1.1692 1.0700 1.1009
1.0600 1.1293 1.0600 1.0713
1.0600 1.0972 1.0600 1.0652
1.0400 1.0273 1.0400 1.0528
1.0400 0.9868 1.0400 1.0644
1.0500 1.0276 1.0500 1.1200
1.0800 1.0690 1.0800 1.1369
1.1100 1.1363 1.1100 1.1640
1.1500 1.1118 1.1500 1.1124
1.1800 1.0916 1.1800 1.0852
1.1900 1.1672 1.1900 1.1464
1.1800 1.1733 1.1800 1.1179
1.1800 1.1867 1.1800 1.1226
1.1800 1.1213 1.1800 1.0727
1.1600 1.1348 1.1600 1.1036
1.1600 1.0777 1.1600 1.0706
1.1700 1.1037 1.1700 1.1195
1.2100 1.1298 1.2100 1.1411
1.2200 1.1917 1.2200 1.1661
1.2200 1.2240 1.2200 1.1718
1.1900 1.2848 1.1900 1.2164
1.1700 1.3018 1.1700 1.2200
1.1600 1.2742 1.1600 1.1913
1.1600 1.2250 1.1600 1.1610
1.1800 1.2380 1.1800 1.1936
1.2000 1.2307 1.2000 1.1905
1.1800 1.1635 1.1800 1.1308
1.1600 1.1959 1.1600 1.1794
1.1400 1.2273 1.1400 1.2069
1.1400 1.3197 1.1400 1.2711
1.1400 1.2758 1.1400 1.2115
1.1200 1.2580 1.1200 1.1997
1.1100 1.1808 1.1100 1.1466
1.1200 1.1761 1.1200 1.1596
1.1300 1.1800 1.1300 1.1714
1.1400 1.1894 1.1400 1.1756
1.1400 1.2443 1.1400 1.2202
1.1300 1.2688 1.1300 1.2284
1.0700 1.1802 1.0700 1.1359
1.0100 1.1642 1.0100 1.1430
0.9600 1.1496 0.9600 1.1449
0.9600 1.1796 0.9600 1.1679
0.9700 1.1745 0.9700 1.1575
1.0200 1.1170 1.0200 1.1037
1.0800 1.1304 1.0800 1.1305
1.1300 1.1834 1.1300 1.1762
1.0900 1.1927 1.0900 1.1628
1.0000 1.2011 1.0000 1.1639
0.9600 1.1878 0.9600 1.1540
0.9500 1.1631 0.9500 1.1329
0.9900 1.0153 0.9900 1.0302
1.0100 0.9778 1.0100 1.0807
1.0500 1.0116 1.0500 1.1300
1.0700 1.0849 1.0700 1.1899
1.0700 1.0935 1.0700 1.1484
1.0700 1.1867 1.0700 1.2039
1.0800 1.2503 1.0800 1.1989
1.0800 1.2941 1.0800 1.2022
1.0800 1.1025 1.0800 1.0225
1.0700 0.9336 1.0700 0.9606
1.0500 1.0257 1.0500 1.1511
1.0300 1.0793 1.0300 1.1754
1.0400 1.1682 1.0400 1.1964
1.0400 1.1122 1.0400 1.1198
1.0200 1.1796 1.0200 1.1608
0.9700 1.1858 0.9700 1.1323
0.9400 1.1527 0.9400 1.0914
0.9400 1.1515 0.9400 1.1064
0.9800 1.1742 0.9800 1.1369
0.9900 1.1476 0.9900 1.1069
0.9900 1.1399 0.9900 1.1083
0.9800 1.1122 0.9800 1.0950
0.9700 1.0734 0.9700 1.0796
0.9800 1.0525 0.9800 1.0958
1.0000 1.1208 1.0000 1.1609
1.0000 1.0964 1.0000 1.1099
1.0100 1.0390 1.0100 1.0593
1.0300 0.9597 1.0300 1.0422
1.0300 1.0110 1.0300 1.1129
1.0200 1.0743 1.0200 1.1543
1.0000 1.1650 1.0000 1.1893
0.9900 1.0866 0.9900 1.0808
1.0000 1.0618 1.0000 1.0686
1.0200 1.0498 1.0200 1.0747
1.0400 1.0531 1.0400 1.0799
1.0600 1.1012 1.0600 1.1197
1.0700 1.1253 1.0700 1.1306
1.0600 1.0730 1.0600 1.0695
1.0300 1.1020 1.0300 1.1085
0.9900 1.1457 0.9900 1.1370
0.9700 1.1081 0.9700 1.0723
0.9700 1.0761 0.9700 1.0640
1.0000 1.0394 1.0000 1.0724
1.0200 1.0602 1.0200 1.1021
1.0400 1.1075 1.0400 1.1363
1.0500 1.1296 1.0500 1.1376
1.0600 1.1410 1.0600 1.1221
1.0700 1.1659 1.0700 1.1231
1.0800 1.1630 1.0800 1.1154
1.0800 1.1174 1.0800 1.0755
1.0600 1.0491 1.0600 1.0509
1.0300 0.9945 1.0300 1.0700
1.0300 1.0368 1.0300 1.1237
1.0500 1.0786 1.0500 1.1403
1.0800 1.1458 1.0800 1.1718
1.0900 1.1210 1.0900 1.1197
1.0900 1.1435 1.0900 1.1147
1.0800 1.1465 1.0800 1.1041
1.0600 1.1582 1.0600 1.1119
1.0200 1.1656 1.0200 1.1196
0.9700 1.1698 0.9700 1.1253
0.9300 1.1476 0.9300 1.1073
0.9300 1.0888 0.9300 1.0629
0.9600 1.0393 0.9600 1.0725
0.9800 1.0979 0.9800 1.1466
1.0200 1.1462 1.0200 1.1671
1.0600 1.1870 1.0600 1.1548
1.1000 1.1651 1.1000 1.1199
1.1200 1.1541 1.1200 1.1141
1.1000 1.1321 1.1000 1.1015
1.0600 1.0910 1.0600 1.0767
1.0200 1.0102 1.0200 1.0627
0.9900 0.9829 0.9900 1.0755
0.9600 1.0072 0.9600 1.1133
0.9400 1.0686 0.9400 1.1680
0.9300 1.1357 0.9300 1.1781
0.9400 1.1060 0.9400 1.1108
0.9700 1.1618 0.9700 1.1537
1.0000 1.2162 1.0000 1.1575
1.0300 1.2589 1.0300 1.1736
1.0600 1.2422 1.0600 1.1548
1.1300 1.1460 1.1300 1.0798
1.1800 1.0644 1.1800 1.0492
1.2400 1.0178 1.2400 1.0900
1.2700 1.0275 1.2700 1.1177
1.2900 1.0189 1.2900 1.1075
1.2800 1.0238 1.2800 1.1169
1.2600 1.0370 1.2600 1.1209
1.2300 1.0827 1.2300 1.1342
1.2200 1.1337 1.2200 1.1531
1.2100 1.1381 1.2100 1.1262
1.1900 1.1644 1.1900 1.1182
1.1500 1.2006 1.1500 1.1376
1.0900 1.3439 1.0900 1.2582
1.0300 1.3559 1.0300 1.2408
1.0300 1.4253 1.0300 1.2950
1.0900 1.4015 1.0900 1.2771
1.2100 1.3953 1.2100 1.2781
1.3300 1.3220 1.3300 1.2299
1.4500 1.2692 1.4500 1.2088
1.5400 1.2101 1.5400 1.1811
1.6000 1.2259 1.6000 1.2138
1.6100 1.2102 1.6100 1.1989
1.5800 1.1678 1.5800 1.1582
1.5600 1.0958 1.5600 1.1074
1.5800 1.0148 1.5800 1.0839
1.6300 0.9975 1.6300 1.1127
1.6900 1.1056 1.6900 1.2171
1.7200 1.2509 1.7200 1.2860
1.7500 1.4608 1.7500 1.3824
1.7900 1.5969 1.7900 1.4408
1.8500 1.7373 1.8500 1.5247
1.9200 1.7887 1.9200 1.5467
1.9800 1.7883 1.9800 1.5414
2.0300 1.6847 2.0300 1.4705
2.0300 1.5511 2.0300 1.3986
2.0100 1.5280 2.0100 1.4367
1.9600 1.6062 1.9600 1.5318
1.9200 1.6948 1.9200 1.5913
1.8900 1.7646 1.8900 1.6278
1.8500 1.7388 1.8500 1.5874
1.8100 1.7781 1.8100 1.6286
1.7500 1.8450 1.7500 1.6911
1.6900 1.9376 1.6900 1.7572
1.6400 2.0166 1.6400 1.8095
1.6300 2.0474 1.6300 1.8223
1.6500 2.0733 1.6500 1.8432
1.6800 1.9629 1.6800 1.7484
1.6900 1.8913 1.6900 1.7189
1.6900 1.7695 1.6900 1.6512
1.6900 1.7362 1.6900 1.6579
1.6800 1.7167 1.6800 1.6611
1.6600 1.6462 1.6600 1.5980
1.6100 1.6072 1.6100 1.5758
1.5400 1.5159 1.5400 1.5050
1.4800 1.4641 1.4800 1.4704
1.4300 1.4432 1.4300 1.4641
1.4000 1.5191 1.4000 1.5282
1.3700 1.6049 1.3700 1.5760
1.3400 1.6612 1.3400 1.5884
1.3000 1.6436 1.3000 1.5486
1.2200 1.6377 1.2200 1.5432
1.1500 1.6477 1.1500 1.5570
1.0800 1.6152 1.0800 1.5250
1.0500 1.5679 1.0500 1.4908
1.0400 1.4548 1.0400 1.4074
1.0700 1.3445 1.0700 1.3369
1.1300 1.3065 1.1300 1.3355
1.1900 1.2764 1.1900 1.3162
1.2200 1.2839 1.2200 1.3183
1.2100 1.2604 1.2100 1.2885
1.1600 1.2416 1.1600 1.2640
1.0900 1.1976 1.0900 1.2216
1.0100 1.0680 1.0100 1.1186
0.9400 1.0447 0.9400 1.1429
0.9000 1.0171 0.9000 1.1547
0.8700 1.0706 0.8700 1.1984
0.8500 1.0762 0.8500 1.1836
0.8400 1.1641 0.8400 1.2224
0.8300 1.2709 0.8300 1.2449
0.8000 1.3465 0.8000 1.2673
0.7800 1.3347 0.7800 1.2310
0.7800 1.2595 0.7800 1.1716
0.8400 1.1368 0.8400 1.0933
0.9500 1.0269 0.9500 1.0613
1.0800 0.9771 1.0800 1.0898
1.2200 0.9996 1.2200 1.1281
1.3200 1.0372 1.3200 1.1684
1.3800 1.0268 1.3800 1.1422
1.3800 1.0165 1.3800 1.1211
1.3200 1.0163 1.3200 1.1151
1.2700 1.0067 1.2700 1.0910
1.2300 0.9675 1.2300 1.0469
1.2200 0.9870 1.2200 1.0761
1.2200 1.0213 1.2200 1.1064
1.2300 1.1638 1.2300 1.1865
1.2100 1.2994 1.2100 1.2440
1.1900 1.4144 1.1900 1.2732
1.1900 1.5869 1.1900 1.3851
1.1900 1.6273 1.1900 1.3903
1.1900 1.6116 1.1900 1.3747
1.1300 1.4866 1.1300 1.2940
1.0400 1.2878 1.0400 1.1710
0.9400 1.2281 0.9400 1.2024
0.8700 1.1834 0.8700 1.2028
0.8400 1.2036 0.8400 1.2133
0.8200 1.2152 0.8200 1.2204
0.8200 1.2491 0.8200 1.2389
0.8400 1.1873 0.8400 1.1689
0.8700 1.1764 0.8700 1.1662
0.9000 1.2220 0.9000 1.2150
0.8800 1.2205 0.8800 1.1972
0.8500 1.2162 0.8500 1.1865
0.8200 1.0510 0.8200 1.0584
0.8200 0.9514 0.8200 1.0384
0.8200 0.9493 0.8200 1.0923
0.8300 1.0097 0.8300 1.1593
0.8300 1.0547 0.8300 1.1888
0.8700 1.0303 0.8700 1.1403
0.9900 1.0299 0.9900 1.1295
1.1000 1.0669 1.1000 1.1348
1.2900 1.0978 1.2900 1.1188
1.4900 1.1056 1.4900 1.0955
1.7600 0.9901 1.7600 0.9917
2.0100 0.9662 2.0100 1.0218
2.2000 0.9811 2.2000 1.0650
2.3200 1.0357 2.3200 1.1134
2.3800 1.0288 2.3800 1.0863
2.3900 1.0438 2.3900 1.0845
2.3800 1.0226 2.3800 1.0614
2.3700 1.1253 2.3700 1.1403
2.3400 1.3437 2.3400 1.2921
2.3100 1.4024 2.3100 1.2559
2.2400 1.7405 2.2400 1.5226
2.1700 1.9840 2.1700 1.6882
2.1000 2.3997 2.1000 1.9854
2.0800 2.6214 2.0800 2.1092
2.1300 2.6733 2.1300 2.1057
2.2200 2.6302 2.2200 2.0897
2.3200 2.5300 2.3200 2.0582
2.3800 2.3834 2.3800 1.9919
2.4100 2.2774 2.4100 1.9773
2.4100 2.2252 2.4100 1.9946
2.3900 2.1164 2.3900 1.9293
2.3600 2.0675 2.3600 1.9217
2.3400 1.9042 2.3400 1.8008
2.3200 1.8347 2.3200 1.7751
2.3100 1.7722 2.3100 1.7487
2.2900 1.8629 2.2900 1.8362
2.2800 2.0699 2.2800 1.9942
2.2600 2.2498 2.2600 2.0818
2.2400 2.3816 2.2400 2.1300
2.2300 2.3708 2.2300 2.0793
2.2300 2.3487 2.2300 2.0586
2.2300 2.2856 2.2300 2.0240
2.2400 2.2071 2.2400 1.9805
2.2600 2.1362 2.2600 1.9531
2.2800 2.1240 2.2800 1.9744
2.2900 2.0938 2.2900 1.9564
2.2900 2.1010 2.2900 1.9675
2.2800 2.0608 2.2800 1.9308
2.2700 2.0778 2.2700 1.9496
2.2700 2.0417 2.2700 1.9143
2.2600 2.0236 2.2600 1.8988
2.2400 2.0408 2.2400 1.9216
2.2100 2.0652 2.2100 1.9364
2.1900 2.0653 2.1900 1.9232
2.1600 2.1005 2.1600 1.9520
2.1300 2.1482 2.1300 1.9859
2.1000 2.1695 2.1000 1.9869
2.0900 2.1574 2.0900 1.9677
2.0800 2.1369 2.0800 1.9548
2.0700 2.1054 2.0700 1.9357
2.0600 2.0931 2.0600 1.9357
2.0500 2.1118 2.0500 1.9601
2.0400 2.0746 2.0400 1.9220
2.0300 2.0298 2.0300 1.8879
2.0300 1.9815 2.0300 1.8612
2.0400 1.9869 2.0400 1.8787
2.0500 1.9348 2.0500 1.8300
2.0500 1.9033 2.0500 1.8083
2.0500 1.8784 2.0500 1.7974
2.0600 1.9166 2.0600 1.8334
2.0600 1.9098 2.0600 1.8127
2.0500 1.9018 2.0500 1.7970
2.0100 1.8996 2.0100 1.7967
1.9700 1.8961 1.9700 1.7905
1.9500 1.8893 1.9500 1.7810
1.9300 1.8811 1.9300 1.7741
1.9100 1.9047 1.9100 1.7959
1.9000 1.9381 1.9000 1.8188
1.8900 1.9484 1.8900 1.8147
1.8600 1.9283 1.8600 1.7911
1.8300 1.9321 1.8300 1.8005
1.8100 1.9665 1.8100 1.8334
1.8200 1.9421 1.8200 1.8010
1.8300 1.9069 1.8300 1.7727
1.8400 1.8039 1.8400 1.6955
1.8500 1.7652 1.8500 1.6877
1.8700 1.7897 1.8700 1.7277
1.8900 1.7645 1.8900 1.6935
1.9100 1.7415 1.9100 1.6700
1.9200 1.7603 1.9200 1.6948
1.9300 1.7585 1.9300 1.6829
1.9300 1.6901 1.9300 1.6123
1.9300 1.6652 1.9300 1.6058
1.9200 1.6729 1.9200 1.6231
1.9000 1.7460 1.9000 1.6799
1.8900 1.7551 1.8900 1.6645
1.8700 1.7667 1.8700 1.6628
1.8500 1.7863 1.8500 1.6795
1.8200 1.8335 1.8200 1.7144
1.7900 1.8540 1.7900 1.7190
1.7500 1.8711 1.7500 1.7280
1.6700 1.8593 1.6700 1.7169
1.6100 1.8682 1.6100 1.7298
1.5700 1.8452 1.5700 1.7121
1.5800 1.8405 1.5800 1.7146
1.5900 1.8063 1.5900 1.6908
1.6000 1.7614 1.6000 1.6595
1.5900 1.7717 1.5900 1.6841
1.5600 1.7297 1.5600 1.6465
1.5300 1.7069 1.5300 1.6298
1.5100 1.6590 1.5100 1.5969
1.5000 1.6315 1.5000 1.5802
1.4900 1.5742 1.4900 1.5349
1.4800 1.4148 1.4800 1.4011
1.4800 1.4004 1.4800 1.4258
1.4800 1.4097 1.4800 1.4450
1.4700 1.5184 1.4700 1.5196
1.4400 1.5327 1.4400 1.4970
1.4200 1.5523 1.4200 1.4930
1.4000 1.5219 1.4000 1.4594
1.4000 1.4634 1.4000 1.4080
1.3900 1.4375 1.3900 1.3999
1.3900 1.4354 1.3900 1.4089
1.3900 1.4401 1.3900 1.4097
1.3900 1.4284 1.3900 1.3947
1.3800 1.4225 1.3800 1.3885
1.3700 1.4493 1.3700 1.4112
1.3700 1.4544 1.3700 1.4055
1.3500 1.4265 1.3500 1.3733
1.3200 1.3606 1.3200 1.3212
1.2800 1.3630 1.2800 1.3407
1.2400 1.3450 1.2400 1.3265
1.2400 1.3798 1.2400 1.3542
1.2700 1.3520 1.2700 1.3217
1.3100 1.3735 1.3100 1.3394
1.3100 1.3815 1.3100 1.3436
1.2500 1.3841 1.2500 1.3372
1.1700 1.3573 1.1700 1.3112
1.1000 1.3486 1.1000 1.3103
1.0600 1.3696 1.0600 1.3325
1.0400 1.3105 1.0400 1.2728
1.0200 1.2597 1.0200 1.2372
1.0000 1.2050 1.0000 1.2072
1.0000 1.1662 1.0000 1.1847
1.0000 1.2408 1.0000 1.2561
1.0200 1.3284 1.0200 1.3138
1.0700 1.3883 1.0700 1.3313
1.1200 1.3223 1.1200 1.2529
1.1700 1.1618 1.1700 1.1229
1.2100 1.0571 1.2100 1.0995
1.2300 1.0367 1.2300 1.1412
1.2300 1.0636 1.2300 1.1835
1.2000 1.0686 1.2000 1.1742
1.1700 1.0373 1.1700 1.1325
1.1500 1.0287 1.1500 1.1173
1.1300 1.0788 1.1300 1.1481
1.1000 1.0792 1.1000 1.1195
1.0600 1.1269 1.0600 1.1455
1.0200 1.2256 1.0200 1.2003
0.9900 1.2802 0.9900 1.2049
0.9600 1.3324 0.9600 1.2331
0.9300 1.3592 0.9300 1.2533
0.8900 1.3419 0.8900 1.2351
0.8500 1.2985 0.8500 1.2081
0.8300 1.2037 0.8300 1.1459
0.8300 1.1623 0.8300 1.1404
0.8400 1.1519 0.8400 1.1509
0.8400 1.1225 0.8400 1.1264
0.8400 1.0706 0.8400 1.1028
0.8500 1.0169 0.8500 1.0983
0.8800 1.0094 0.8800 1.1115
0.9300 1.0261 0.9300 1.1282
0.9600 1.0176 0.9600 1.1132
0.9900 1.0076 0.9900 1.1027
1.0500 0.9861 1.0500 1.0845
1.1500 0.9852 1.1500 1.0887
1.2600 1.0159 1.2600 1.1199
1.3600 1.0361 1.3600 1.1256
1.4500 1.0491 1.4500 1.1041
1.5500 1.0230 1.5500 1.0652
1.6100 1.0251 1.6100 1.0660
1.6500 1.0556 1.6500 1.0854
1.6700 1.1093 1.6700 1.1142
1.7400 1.1649 1.7400 1.1386
1.8100 1.1236 1.8100 1.0767
1.8900 1.1467 1.8900 1.0897
1.9400 1.2639 1.9400 1.1863
1.9900 1.4332 1.9900 1.3121
2.0300 1.5541 2.0300 1.3801
2.0700 1.6315 2.0700 1.4260
2.1100 1.7049 2.1100 1.4859
2.1600 1.8227 2.1600 1.5882
2.2400 1.7908 2.2400 1.5462
2.3400 1.7687 2.3400 1.5452
2.4700 1.7338 2.4700 1.5505
2.6100 1.8871 2.6100 1.7113
2.7400 1.9381 2.7400 1.7349
2.7800 2.0169 2.7800 1.7866
2.7600 2.0011 2.7600 1.7708
2.7400 2.0484 2.7400 1.8216
2.7400 2.0635 2.7400 1.8396
2.7500 2.0882 2.7500 1.8638
2.7300 2.1145 2.7300 1.8939
2.6700 2.1746 2.6700 1.9512
2.5600 2.3129 2.5600 2.0672
2.4300 2.4497 2.4300 2.1595
2.2900 2.6408 2.2900 2.2935
2.1700 2.8012 2.1700 2.3942
2.0500 2.9021 2.0500 2.4425
1.9500 2.7187 1.9500 2.2600
1.8600 2.5457 1.8600 2.1665
1.7700 2.5205 1.7700 2.2366
1.6800 2.5435 1.6800 2.2867
1.5700 2.5403 1.5700 2.2803
1.4600 2.4277 1.4600 2.1873
1.3800 2.2745 1.3800 2.0823
1.3200 2.0598 1.3200 1.9386
1.2800 1.8931 1.2800 1.8498
1.2500 1.7357 1.2500 1.7606
1.2500 1.6633 1.2500 1.7319
1.2300 1.5544 1.2300 1.6426
1.2000 1.5086 1.2000 1.6125
1.1400 1.4653 1.1400 1.5700
1.0700 1.3999 1.0700 1.4946
1.0400 1.3376 1.0400 1.4313
1.0700 1.2456 1.0700 1.3329
1.1400 1.1826 1.1400 1.2778
1.2500 1.1742 1.2500 1.2811
1.3700 1.1526 1.3700 1.2497
1.4900 1.1391 1.4900 1.2263
1.5900 1.1403 1.5900 1.2118
1.6700 1.2189 1.6700 1.2607
1.7300 1.1820 1.7300 1.1944
1.7600 1.1454 1.7600 1.1522
1.7600 1.0461 1.7600 1.0897
1.7400 0.9952 1.7400 1.0973
1.7200 1.0597 1.7200 1.1850
1.7000 1.1833 1.7000 1.2587
1.6800 1.2908 1.6800 1.2677
1.6600 1.4845 1.6600 1.3884
1.6400 1.6455 1.6400 1.4819
1.6200 1.7834 1.6200 1.5591
1.6200 1.8540 1.6200 1.5964
1.6100 1.8902 1.6100 1.6243
1.5900 1.8967 1.5900 1.6416
1.5700 1.8440 1.5700 1.6136
1.5500 1.7586 1.5500 1.5696
1.5500 1.6770 1.5500 1.5395
1.5600 1.6395 1.5600 1.5428
1.5800 1.6041 1.5800 1.5305
1.6000 1.5725 1.6000 1.5129
1.6100 1.5492 1.6100 1.5019
1.6100 1.5314 1.6100 1.4904
1.6100 1.5151 1.6100 1.4764
1.5900 1.5592 1.5900 1.5166
1.5600 1.5328 1.5600 1.4791
1.4900 1.4942 1.4900 1.4410
1.3900 1.4812 1.3900 1.4425
1.3000 1.4659 1.3000 1.4308
1.2500 1.5056 1.2500 1.4646
1.2600 1.5362 1.2600 1.4822
1.2900 1.5770 1.2900 1.5032
1.3200 1.6022 1.3200 1.5138
1.3500 1.5971 1.3500 1.5003
1.3700 1.5803 1.3700 1.4863
1.3800 1.5808 1.3800 1.4951
1.3700 1.5177 1.3700 1.4415
1.3600 1.4623 1.3600 1.4073
1.3200 1.3127 1.3200 1.2944
1.2300 1.1666 1.2300 1.2138
1.0900 1.1291 1.0900 1.2070
0.9500 1.1412 0.9500 1.2485
0.8700 1.2364 0.8700 1.3064
0.8800 1.3102 0.8800 1.3167
0.9700 1.3562 0.9700 1.3192
1.0900 1.4112 1.0900 1.3498
1.2100 1.4305 1.2100 1.3489
1.2500 1.4255 1.2500 1.3359
1.2400 1.3742 1.2400 1.2976
1.1900 1.3579 1.1900 1.3011
1.1500 1.2557 1.1500 1.2215
1.1400 1.0741 1.1400 1.1069
1.1200 0.9347 1.1200 1.0392
1.1100 0.9373 1.1100 1.1225
1.0700 1.0436 1.0700 1.2378
1.0300 1.1477 1.0300 1.3007
1.0000 1.2640 1.0000 1.3314
0.9800 1.3433 0.9800 1.2946
0.9700 1.4890 0.9700 1.3500
0.9800 1.4178 0.9800 1.2450
1.0100 1.3268 1.0100 1.1810
1.0600 1.1991 1.0600 1.1189
1.1000 1.1516 1.1000 1.1386
1.1000 1.1685 1.1000 1.1692
1.0500 1.1089 1.0500 1.1177
1.0000 1.1111 1.0000 1.1343
0.9600 1.0285 0.9600 1.0803
0.9500 1.0019 0.9500 1.0966
0.9900 1.0256 0.9900 1.1289
1.0600 1.0361 1.0600 1.1284
1.1700 1.0494 1.1700 1.1229
1.3200 1.0942 1.3200 1.1455
1.4900 1.1461 1.4900 1.1653
1.6100 1.2166 1.6100 1.1810
1.6600 1.2457 1.6600 1.1711
1.6600 1.1786 1.6600 1.1025
1.7000 1.0420 1.7000 1.0134
1.7700 0.9893 1.7700 1.0677
1.8600 1.0169 1.8600 1.1159
1.9200 1.0584 1.9200 1.1492
1.9700 1.1688 1.9700 1.2130
1.9900 1.2457 1.9900 1.2291
1.9800 1.4317 1.9800 1.3297
1.9500 1.6745 1.9500 1.4992
1.9200 1.8976 1.9200 1.6373
1.9200 1.9267 1.9200 1.6126
1.9100 1.8348 1.9100 1.5359
1.9100 1.7255 1.9100 1.4932
1.9000 1.8240 1.9000 1.6414
1.9100 1.9214 1.9100 1.7296
1.9500 2.0132 1.9500 1.7869
1.9900 1.9957 1.9900 1.7610
2.0400 2.0254 2.0400 1.7987
2.0800 1.9853 2.0800 1.7708
2.1300 1.8994 2.1300 1.7086
2.1600 1.8127 2.1600 1.6696
2.1700 1.7695 2.1700 1.6694
2.1500 1.8214 2.1500 1.7345
2.1300 1.7796 2.1300 1.6853
2.1000 1.7958 2.1000 1.7006
2.0700 1.7733 2.0700 1.6839
2.0400 1.8306 2.0400 1.7320
2.0000 1.9388 2.0000 1.8167
