1.6900 1.4934 1.6900 1.5514
1.5900 1.5775 1.5900 1.6238
1.5000 1.5403 1.5000 1.5247
1.4400 1.5443 1.4400 1.5500
1.4100 1.5784 1.4100 1.6223
1.4300 1.6654 1.4300 1.7263
1.4500 1.6674 1.4500 1.6700
1.4600 1.7261 1.4600 1.7378
1.3900 1.7396 1.3900 1.7416
1.2700 1.7399 1.2700 1.7161
1.1200 1.7690 1.1200 1.7646
0.9900 1.6571 0.9900 1.5646
0.9000 1.4744 0.9000 1.3043
0.8600 1.2853 0.8600 1.0979
0.8400 1.2304 0.8400 1.0803
0.8200 1.2342 0.8200 1.0995
0.7800 1.2594 0.7800 1.0960
0.7500 1.3864 0.7500 1.2817
0.7500 1.4086 0.7500 1.2771
0.7400 1.4082 0.7400 1.2738
0.7900 1.1800 0.7900 0.9516
0.8800 1.0860 0.8800 0.9021
0.9900 1.0240 0.9900 0.8625
1.0700 0.9855 1.0700 0.8325
1.1300 1.0049 1.1300 0.8107
1.1700 1.0436 1.1700 0.7994
1.2000 1.0362 1.2000 0.8238
1.2300 1.0113 1.2300 0.8461
1.2600 0.9794 1.2600 0.8175
1.2800 0.9826 1.2800 0.8356
1.2900 0.9990 1.2900 0.9012
1.2900 0.9740 1.2900 0.8664
1.2800 1.1089 1.2800 1.1352
1.2500 1.2331 1.2500 1.3896
1.2200 1.3469 1.2200 1.4789
1.2000 1.3395 1.2000 1.3727
1.1800 1.3457 1.1800 1.3880
1.1800 1.3418 1.1800 1.4136
1.1800 1.3420 1.1800 1.4019
1.1800 1.3598 1.1800 1.4123
1.1800 1.3726 1.1800 1.3995
1.1800 1.3556 1.1800 1.3431
1.1700 1.3340 1.1700 1.3031
1.1700 1.3082 1.1700 1.2671
1.1800 1.2737 1.1800 1.2133
1.1900 1.1983 1.1900 1.0946
1.1900 1.1705 1.1900 1.0716
1.1900 1.1759 1.1900 1.0899
1.1800 1.1545 1.1800 1.0336
1.1500 1.1980 1.1500 1.1068
1.1300 1.1989 1.1300 1.0991
1.1300 1.2004 1.1300 1.0957
1.1500 1.2067 1.1500 1.1247
1.1900 1.2104 1.1900 1.1341
1.2300 1.1820 1.2300 1.0877
1.2400 1.2057 1.2400 1.1399
1.2300 1.2377 1.2300 1.1887
1.2100 1.2425 1.2100 1.1715
1.2100 1.2185 1.2100 1.1308
1.2000 1.2208 1.2000 1.1531
1.1800 1.1930 1.1800 1.1127
1.1600 1.1222 1.1600 0.9985
1.1300 1.1305 1.1300 1.0433
1.1300 1.1766 1.1300 1.1175
1.1300 1.2328 1.1300 1.1715
1.1000 1.3064 1.1000 1.2677
1.0900 1.3392 1.0900 1.2998
1.0700 1.2828 1.0700 1.2028
1.0700 1.2363 1.0700 1.1685
1.0600 1.2037 1.0600 1.1518
1.0500 1.2482 1.0500 1.2247
1.0400 1.2079 1.0400 1.1212
1.0300 1.1584 1.0300 1.0295
1.0200 1.1447 1.0200 1.0424
1.0100 1.1005 1.0100 0.9737
1.0000 1.1715 1.0000 1.1032
0.9700 1.1704 0.9700 1.0774
0.9200 1.0738 0.9200 0.8942
0.8800 1.1190 0.8800 1.0321
0.8500 1.0882 0.8500 0.9824
0.8300 1.1327 0.8300 1.0404
0.8200 1.1028 0.8200 0.9900
0.8100 1.0931 0.8100 0.9705
0.8000 1.0921 0.8000 0.9936
0.8000 1.0861 0.8000 0.9806
0.8600 1.0807 0.8600 0.9744
0.9600 1.0734 0.9600 0.9647
1.0600 1.0674 1.0600 0.9578
1.1200 1.0069 1.1200 0.8621
1.1200 0.9792 1.1200 0.8320
1.0900 0.9753 1.0900 0.8448
1.0500 0.9762 1.0500 0.8380
1.0000 0.9800 1.0000 0.8247
0.9500 0.9853 0.9500 0.8443
0.9100 0.9794 0.9100 0.8545
0.8500 0.9732 0.8500 0.8545
0.8000 0.9922 0.8000 0.8997
0.7600 1.1524 0.7600 1.2212
0.7600 1.3059 0.7600 1.4386
0.7900 1.3705 0.7900 1.4412
0.8300 1.3285 0.8300 1.3170
0.8600 1.2012 0.8600 1.1576
0.8700 1.1191 0.8700 1.0961
0.8600 1.0675 0.8600 1.0354
0.8300 1.0286 0.8300 0.8953
0.8000 1.0013 0.8000 0.8603
0.7800 0.9845 0.7800 0.8454
0.7800 0.9597 0.7800 0.7890
0.7900 0.9763 0.7900 0.7891
0.8200 0.9889 0.8200 0.8003
0.8500 1.0113 0.8500 0.8836
0.8900 1.0735 0.8900 1.0235
0.9100 1.0897 0.9100 1.0795
0.9400 1.0803 0.9400 1.0582
0.9900 1.0486 0.9900 0.9816
1.0300 1.0034 1.0300 0.9113
1.0400 0.9685 1.0400 0.8385
1.0200 0.9607 1.0200 0.8348
1.0100 0.9665 1.0100 0.8328
1.0100 0.9906 1.0100 0.8822
1.0100 1.0135 1.0100 0.9320
1.0100 1.0627 1.0100 1.0447
0.9900 1.0791 0.9900 1.0642
0.9900 1.1281 0.9900 1.1236
1.0000 1.0993 1.0000 1.0369
1.0100 1.1416 1.0100 1.1162
1.0100 1.2233 1.0100 1.2548
0.9900 1.2241 0.9900 1.2057
0.9400 1.1584 0.9400 1.0883
0.8700 1.0765 0.8700 0.9922
0.8000 1.0957 0.8000 1.0623
0.7400 1.1163 0.7400 1.0756
0.7000 1.1051 0.7000 1.0118
0.6900 1.0985 0.6900 0.9984
0.7000 1.0389 0.7000 0.9060
0.7500 1.0881 0.7500 1.0145
0.7900 1.1210 0.7900 1.0615
0.8200 1.1233 0.8200 1.0293
0.8400 1.0998 0.8400 0.9972
0.8400 1.0423 0.8400 0.9189
0.8600 0.9885 0.8600 0.8436
0.8900 0.9570 0.8900 0.8140
0.9400 0.9538 0.9400 0.7988
0.9900 0.9754 0.9900 0.7800
1.0300 0.9948 1.0300 0.8033
1.0700 1.0121 1.0700 0.8872
1.1100 1.0194 1.1100 0.9386
1.1500 1.1094 1.1500 1.1332
1.1900 1.0753 1.1900 1.1059
1.2300 1.0658 1.2300 1.0575
1.2800 1.0617 1.2800 1.0442
1.3100 1.0196 1.3100 0.9421
1.3400 1.0758 1.3400 1.0499
1.3700 1.1149 1.3700 1.0914
1.4000 1.1851 1.4000 1.1712
1.4300 1.2159 1.4300 1.1998
1.4500 1.2197 1.4500 1.1941
1.4700 1.2520 1.4700 1.2635
1.4800 1.2834 1.4800 1.3095
1.4800 1.3114 1.4800 1.3336
1.4900 1.3385 1.4900 1.3606
1.5000 1.3666 1.5000 1.3892
1.5100 1.4278 1.5100 1.4725
1.5100 1.4026 1.5100 1.3987
1.5100 1.4243 1.5100 1.4324
1.5100 1.4506 1.5100 1.4773
1.5000 1.4706 1.5000 1.4784
1.4800 1.4918 1.4800 1.4946
1.4600 1.4800 1.4600 1.4582
1.4400 1.4953 1.4400 1.4809
1.4100 1.4787 1.4100 1.4470
1.3900 1.4505 1.3900 1.3954
1.3600 1.4810 1.3600 1.4565
1.3100 1.4851 1.3100 1.4442
1.2700 1.4879 1.2700 1.4288
1.2300 1.4622 1.2300 1.3886
1.2200 1.4621 1.2200 1.3983
1.2200 1.4639 1.2200 1.4058
1.2400 1.4281 1.2400 1.3388
1.2800 1.3848 1.2800 1.2811
1.3100 1.3673 1.3100 1.2760
1.3300 1.3493 1.3300 1.2523
1.3400 1.2966 1.3400 1.1658
1.3600 1.3024 1.3600 1.1972
1.3900 1.2543 1.3900 1.1229
1.4000 1.1645 1.4000 0.9843
1.3900 1.1607 1.3900 1.0298
1.3800 1.1316 1.3800 0.9900
1.3700 1.1931 1.3700 1.0855
1.3700 1.2167 1.3700 1.1083
1.3800 1.2788 1.3800 1.1919
1.4000 1.3664 1.4000 1.3349
1.4200 1.3730 1.4200 1.3166
1.4400 1.3737 1.4400 1.3250
1.4400 1.3667 1.4400 1.3378
1.4400 1.4101 1.4400 1.4122
1.4300 1.4567 1.4300 1.4648
1.4200 1.4095 1.4200 1.3482
1.4200 1.3504 1.4200 1.2660
1.4200 1.3454 1.4200 1.2983
1.4300 1.3364 1.4300 1.2808
1.4300 1.3533 1.4300 1.2930
1.4200 1.3790 1.4200 1.3228
1.4100 1.4161 1.4100 1.3653
1.4000 1.4345 1.4000 1.3816
1.4100 1.4545 1.4100 1.4103
1.4100 1.4113 1.4100 1.3398
1.4000 1.4137 1.4000 1.3630
1.3900 1.3831 1.3900 1.3217
1.3800 1.3694 1.3800 1.2952
1.3700 1.3904 1.3700 1.3360
1.3600 1.3850 1.3600 1.3088
1.3600 1.4152 1.3600 1.3528
1.3600 1.3922 1.3600 1.3098
1.3700 1.3609 1.3700 1.2645
1.3700 1.3573 1.3700 1.2859
1.3700 1.3492 1.3700 1.2743
1.3600 1.4032 1.3600 1.3579
1.3500 1.3759 1.3500 1.2888
1.3500 1.3410 1.3500 1.2315
1.3600 1.3386 1.3600 1.2634
1.3800 1.3326 1.3800 1.2565
1.3900 1.3234 1.3900 1.2367
1.3900 1.3124 1.3900 1.2216
1.3700 1.3357 1.3700 1.2643
1.3600 1.3362 1.3600 1.2565
1.3500 1.3682 1.3500 1.3051
1.3400 1.3468 1.3400 1.2652
1.3300 1.3481 1.3300 1.2733
1.3200 1.3203 1.3200 1.2410
1.3000 1.3115 1.3000 1.2327
1.2700 1.3360 1.2700 1.2809
1.2400 1.3645 1.2400 1.3097
1.2100 1.4025 1.2100 1.3533
1.1700 1.3870 1.1700 1.3136
1.1100 1.3662 1.1100 1.2893
1.0400 1.3074 1.0400 1.2163
0.9800 1.3246 0.9800 1.2690
0.9500 1.3150 0.9500 1.2474
0.9300 1.2985 0.9300 1.2010
0.9000 1.2883 0.9000 1.1946
0.8700 1.2799 0.8700 1.1861
0.8500 1.2422 0.8500 1.1287
0.8400 1.1954 0.8400 1.0689
0.8400 1.1738 0.8400 1.0591
0.8500 1.1507 0.8500 1.0282
0.8500 1.0945 0.8500 0.9360
0.8400 1.0456 0.8400 0.8835
0.8400 1.0142 0.8400 0.8588
0.8400 0.9993 0.8400 0.8554
0.8300 1.0029 0.8300 0.8669
0.8200 0.9934 0.8200 0.8459
0.8100 0.9757 0.8100 0.8130
0.8000 0.9762 0.8000 0.8186
0.7900 0.9824 0.7900 0.8354
0.8000 0.9811 0.8000 0.8395
0.8100 0.9998 0.8100 0.8790
0.8200 1.0253 0.8200 0.9420
0.8300 1.0058 0.8300 0.8970
0.8300 0.9800 0.8300 0.8496
0.8300 1.0066 0.8300 0.9177
0.8200 1.0085 0.8200 0.9110
0.8100 0.9776 0.8100 0.8450
0.7900 0.9709 0.7900 0.8501
0.7600 0.9668 0.7600 0.8566
0.7400 0.9641 0.7400 0.8448
0.7100 0.9653 0.7100 0.8470
0.6900 1.0135 0.6900 0.9514
0.7300 1.0125 0.7300 0.9518
0.7900 1.0170 0.7900 0.9445
0.8700 1.0249 0.8700 0.9650
0.9200 1.0043 0.9200 0.9141
0.9700 1.0049 0.9700 0.9110
1.0200 0.9768 1.0200 0.8649
1.0900 0.9695 1.0900 0.8541
1.1900 0.9558 1.1900 0.8233
1.2600 0.9537 1.2600 0.8074
1.3000 0.9700 1.3000 0.8380
1.3200 0.9644 1.3200 0.8288
1.3300 0.9742 1.3300 0.8515
1.3200 1.0856 1.3200 1.1021
1.2700 1.1291 1.2700 1.1982
1.1900 1.2030 1.1900 1.2930
1.1600 1.1719 1.1600 1.1948
1.1600 1.2095 1.1600 1.2181
1.1600 1.2521 1.1600 1.3073
1.1400 1.3452 1.1400 1.4274
1.1000 1.4856 1.1000 1.6165
1.0700 1.4652 1.0700 1.5060
1.0500 1.4264 1.0500 1.4388
1.0500 1.4042 1.0500 1.4482
1.0800 1.3889 1.0800 1.4210
1.1400 1.3248 1.1400 1.2958
1.2200 1.1747 1.2200 1.0478
1.2900 1.0803 1.2900 0.9200
1.3200 1.1250 1.3200 1.0706
1.3000 1.1868 1.3000 1.1138
1.2300 1.1697 1.2300 1.0061
1.1300 1.1081 1.1300 0.9297
1.0300 1.0446 1.0300 0.8917
0.9800 1.0615 0.9800 0.9559
1.0000 1.0739 1.0000 0.9698
1.0200 1.1147 1.0200 1.0119
1.0200 1.2029 1.0200 1.1445
1.0100 1.3170 1.0100 1.3028
1.0200 1.4289 1.0200 1.4509
1.0600 1.4680 1.0600 1.4840
1.0800 1.4077 1.0800 1.3842
1.1000 1.2829 1.1000 1.2251
1.1400 1.1129 1.1400 1.0072
1.2200 1.0561 1.2200 0.9080
1.2900 1.0168 1.2900 0.8730
1.3200 1.0182 1.3200 0.8878
1.3100 1.1056 1.3100 1.0058
1.3000 1.1098 1.3000 0.9232
1.3100 1.0692 1.3100 0.8656
1.3400 1.0621 1.3400 0.9402
1.3500 1.1337 1.3500 1.0953
1.3400 1.2356 1.3400 1.2385
1.3200 1.1969 1.3200 1.1154
1.3400 1.2081 1.3400 1.1470
1.3700 1.2920 1.3700 1.3166
1.3900 1.4476 1.3900 1.5329
1.3900 1.4767 1.3900 1.5048
1.3600 1.4037 1.3600 1.3594
1.3300 1.3104 1.3300 1.2662
1.3100 1.3097 1.3100 1.3186
1.2700 1.3616 1.2700 1.3892
1.2000 1.4152 1.2000 1.4123
1.1200 1.3608 1.1200 1.2745
1.0700 1.3019 1.0700 1.1975
1.0800 1.2709 1.0800 1.1975
1.1100 1.3859 1.1100 1.3994
1.1000 1.4290 1.1000 1.4105
1.0800 1.4096 1.0800 1.3262
1.1000 1.3654 1.1000 1.2811
1.1600 1.2765 1.1600 1.1709
1.2100 1.2583 1.2100 1.1843
1.2300 1.2634 1.2300 1.2000
1.2400 1.1723 1.2400 1.0189
1.2300 1.0787 1.2300 0.9034
1.2200 1.0434 1.2200 0.8850
1.2100 1.0444 1.2100 0.9081
1.2000 1.1427 1.2000 1.0651
1.2100 1.2028 1.2100 1.0859
1.2300 1.1017 1.2300 0.8897
1.2500 1.0799 1.2500 0.9404
1.2600 1.2089 1.2600 1.2171
1.2700 1.3496 1.2700 1.3877
1.2600 1.3548 1.2600 1.3105
1.2500 1.2977 1.2500 1.2182
1.2300 1.2945 1.2300 1.2743
1.2300 1.2488 1.2300 1.2141
1.2200 1.2374 1.2200 1.1941
1.1900 1.2221 1.1900 1.1656
1.1400 1.2044 1.1400 1.1188
1.1000 1.2550 1.1000 1.2035
1.0800 1.2917 1.0800 1.2424
1.0800 1.3060 1.0800 1.2415
1.0700 1.2936 1.0700 1.2259
1.0600 1.3064 1.0600 1.2634
1.0400 1.2551 1.0400 1.1805
1.0100 1.2458 1.0100 1.1780
0.9900 1.2057 0.9900 1.1220
0.9800 1.2478 0.9800 1.1906
0.9700 1.2139 0.9700 1.1178
0.9600 1.1378 0.9600 0.9857
0.9600 1.0649 0.9600 0.9115
0.9700 1.0591 0.9700 0.9341
0.9800 1.0882 0.9800 0.9850
0.9900 1.1282 0.9900 1.0166
1.0100 1.0947 1.0100 0.9405
1.0300 1.0912 1.0300 0.9576
1.0300 1.0642 1.0300 0.9411
1.0100 1.0250 1.0100 0.8857
0.9900 1.0374 0.9900 0.9278
0.9700 1.0532 0.9700 0.9464
0.9200 1.0443 0.9200 0.9118
0.8500 1.0375 0.8500 0.9062
0.7800 1.0639 0.7800 0.9639
0.7100 1.0970 0.7100 1.0145
0.6700 1.1045 0.6700 1.0134
0.6300 1.1121 0.6300 1.0287
0.6100 1.1515 0.6100 1.1027
0.6000 1.1672 0.6000 1.1171
0.5800 1.1204 0.5800 1.0286
0.5500 1.0608 0.5500 0.9533
0.5300 1.0496 0.5300 0.9661
0.5500 1.0355 0.5500 0.9385
0.5700 0.9815 0.5700 0.8302
0.6000 0.9452 0.6000 0.7939
0.6500 0.9612 0.6500 0.7863
0.6900 0.9715 0.6900 0.7576
0.7200 0.9995 0.7200 0.8117
0.7500 0.9947 0.7500 0.8431
0.7900 1.0018 0.7900 0.8930
0.8500 0.9990 0.8500 0.9297
0.9000 0.9782 0.9000 0.9061
0.9400 0.9672 0.9400 0.8849
0.9900 0.9790 0.9900 0.9097
1.0300 1.0141 1.0300 1.0004
1.0700 1.0042 1.0700 0.9865
1.0800 1.0188 1.0800 1.0265
1.0500 1.0671 1.0500 1.1540
1.0300 1.0378 1.0300 1.0992
1.0200 1.0256 1.0200 1.0406
1.0600 1.0417 1.0600 1.0678
1.1000 1.0861 1.1000 1.1218
1.1500 1.1630 1.1500 1.2232
1.2100 1.1680 1.2100 1.1791
1.2500 1.1680 1.2500 1.1431
1.2800 1.2263 1.2800 1.2601
1.3100 1.2317 1.3100 1.2452
1.3400 1.2561 1.3400 1.2685
1.3100 1.1925 1.3100 1.1567
1.2600 1.0747 1.2600 0.9714
1.2200 1.0845 1.2200 1.0415
1.2200 1.0975 1.2200 1.0483
1.1900 1.2294 1.1900 1.2208
1.1200 1.2498 1.1200 1.1964
1.0800 1.3049 1.0800 1.2638
1.0700 1.3854 1.0700 1.4164
1.1000 1.3761 1.1000 1.3722
1.1300 1.3811 1.1300 1.3872
1.1400 1.4083 1.1400 1.4442
1.1400 1.4298 1.1400 1.4533
1.1700 1.2558 1.1700 1.1390
1.2100 1.1623 1.2100 1.0468
1.2700 1.1579 1.2700 1.1027
1.2900 1.2424 1.2900 1.2048
1.3100 1.1336 1.3100 0.9575
1.3400 1.0357 1.3400 0.8536
1.3800 1.0489 1.3800 0.9203
1.4200 1.1028 1.4200 1.0234
1.4700 1.2107 1.4700 1.1332
1.5100 1.2278 1.5100 1.1256
1.5400 1.1929 1.5400 1.0699
1.5700 1.1859 1.5700 1.1134
1.5900 1.2894 1.5900 1.3111
1.6000 1.3438 1.6000 1.3532
1.6000 1.4291 1.6000 1.4459
1.6000 1.3508 1.6000 1.2916
1.6000 1.3695 1.6000 1.3519
1.6000 1.4286 1.6000 1.4766
1.6000 1.4790 1.6000 1.5044
1.5900 1.5058 1.5900 1.5098
1.5800 1.5665 1.5800 1.5903
1.5800 1.5790 1.5800 1.5852
1.5700 1.5812 1.5700 1.5725
1.5600 1.6097 1.5600 1.6234
1.5400 1.6005 1.5400 1.5880
1.5100 1.5798 1.5100 1.5416
1.4900 1.5508 1.4900 1.5002
1.4800 1.5458 1.4800 1.4963
1.4700 1.5409 1.4700 1.4827
1.4700 1.5341 1.4700 1.4615
1.4600 1.5303 1.4600 1.4539
1.4400 1.4954 1.4400 1.3974
1.4300 1.4868 1.4300 1.3980
1.4300 1.5121 1.4300 1.4490
1.4300 1.4766 1.4300 1.3738
1.4200 1.4658 1.4200 1.3650
1.4200 1.4263 1.4200 1.3195
1.4100 1.3762 1.4100 1.2503
1.4100 1.3850 1.4100 1.2926
1.4100 1.3985 1.4100 1.3114
1.4200 1.3862 1.4200 1.2731
1.4200 1.4103 1.4200 1.3204
1.4200 1.3815 1.4200 1.2744
1.4100 1.3442 1.4100 1.2246
1.4100 1.3657 1.4100 1.2921
1.4200 1.3906 1.4200 1.3258
1.4200 1.3877 1.4200 1.2980
1.4300 1.3542 1.4300 1.2460
1.4100 1.3818 1.4100 1.3151
1.3900 1.3537 1.3900 1.2662
1.3600 1.3766 1.3600 1.3047
1.3500 1.3781 1.3500 1.3101
1.3500 1.4080 1.3500 1.3472
1.3500 1.3861 1.3500 1.3053
1.3600 1.3858 1.3600 1.3104
1.3600 1.3579 1.3600 1.2780
1.3500 1.3814 1.3500 1.3230
1.3400 1.4142 1.3400 1.3710
1.3300 1.3853 1.3300 1.2965
1.3300 1.4179 1.3300 1.3618
1.3300 1.3320 1.3300 1.2214
1.3400 1.3158 1.3400 1.2198
1.3400 1.2714 1.3400 1.1771
1.3400 1.3054 1.3400 1.2305
1.3500 1.3270 1.3500 1.2533
1.3600 1.3197 1.3600 1.2145
1.3500 1.3552 1.3500 1.2852
1.3400 1.3363 1.3400 1.2520
1.3200 1.3084 1.3200 1.2128
1.3000 1.3048 1.3000 1.2339
1.2800 1.2970 1.2800 1.2223
1.2600 1.3185 1.2600 1.2526
1.2500 1.3156 1.2500 1.2371
1.2500 1.3459 1.2500 1.2827
1.2700 1.3245 1.2700 1.2429
1.2900 1.3257 1.2900 1.2510
1.3000 1.3622 1.3000 1.3246
1.2800 1.3695 1.2800 1.3157
1.2500 1.3120 1.2500 1.2109
1.2400 1.3046 1.2400 1.2294
1.2400 1.2675 1.2400 1.1827
1.2400 1.2486 1.2400 1.1519
1.2400 1.2305 1.2400 1.1320
1.2400 1.2106 1.2400 1.0981
1.2400 1.2263 1.2400 1.1312
1.2300 1.2500 1.2300 1.1658
1.2300 1.3136 1.2300 1.2590
1.2300 1.3316 1.2300 1.2678
1.2200 1.3185 1.2200 1.2395
1.2100 1.2382 1.2100 1.1303
1.1900 1.1957 1.1900 1.1025
1.1800 1.2384 1.1800 1.1991
1.1600 1.2548 1.1600 1.1887
1.1300 1.2452 1.1300 1.1421
1.1000 1.2438 1.1000 1.1508
1.1100 1.2488 1.1100 1.1707
1.1200 1.2535 1.1200 1.1812
1.1300 1.2234 1.1300 1.1316
1.1000 1.2473 1.1000 1.1842
1.0500 1.2481 1.0500 1.1809
0.9900 1.2139 0.9900 1.1111
0.9000 1.2070 0.9000 1.1197
0.8000 1.1694 0.8000 1.0662
0.7200 1.1854 0.7200 1.1012
0.6800 1.1464 0.6800 1.0337
0.6600 1.0974 0.6600 0.9546
0.6500 1.0780 0.6500 0.9531
0.6200 1.1801 0.6200 1.1312
0.6000 1.1864 0.6000 1.0944
0.5900 1.1890 0.5900 1.0780
0.5900 1.0804 0.5900 0.9271
0.6100 1.0275 0.6100 0.8804
0.6300 1.0086 0.6300 0.8729
0.6400 0.9566 0.6400 0.8004
0.6800 0.9459 0.6800 0.7598
0.6800 0.9879 0.6800 0.7582
0.7600 1.0203 0.7600 0.8144
0.8100 1.0175 0.8100 0.8753
0.9200 1.0071 0.9200 0.9127
0.9800 0.9791 0.9800 0.8874
1.0000 0.9827 1.0000 0.9013
1.0200 0.9849 1.0200 0.9188
1.0600 0.9823 1.0600 0.9265
1.1300 1.0095 1.1300 0.9887
1.2000 1.0064 1.2000 0.9968
1.2700 0.9746 1.2700 0.9433
1.3200 1.0490 1.3200 1.1059
1.3400 0.9488 1.3400 0.9077
1.3400 1.1525 1.3400 1.2926
1.3000 1.1200 1.3000 1.1893
1.2700 1.3090 1.2700 1.4530
1.2600 1.2447 1.2600 1.2838
1.2700 1.1617 1.2700 1.0982
1.2900 1.1865 1.2900 1.2350
1.3000 1.2606 1.3000 1.3334
1.3200 1.3716 1.3200 1.4503
1.3300 1.4117 1.3300 1.4468
1.3200 1.4624 1.3200 1.5037
1.2900 1.4626 1.2900 1.5007
1.2500 1.4121 1.2500 1.4154
1.2200 1.3669 1.2200 1.3654
1.2200 1.2342 1.2200 1.1568
1.2400 1.2248 1.2400 1.1716
1.2500 1.2551 1.2500 1.2183
1.2700 1.2936 1.2700 1.2248
1.3000 1.3250 1.3000 1.2493
1.3400 1.3092 1.3400 1.2152
1.3700 1.3583 1.3700 1.3176
1.3700 1.3513 1.3700 1.3050
1.3500 1.2960 1.3500 1.2072
1.3400 1.2260 1.3400 1.1252
1.3400 1.1699 1.3400 1.0632
1.3600 1.1679 1.3600 1.0748
1.3600 1.2320 1.3600 1.1677
1.3400 1.2870 1.3400 1.2166
1.2900 1.2680 1.2900 1.1542
1.2400 1.3140 1.2400 1.2547
1.1800 1.3733 1.1800 1.3623
1.1100 1.4331 1.1100 1.4306
1.0400 1.4352 1.0400 1.4104
0.9900 1.3638 0.9900 1.2923
0.9400 1.3040 0.9400 1.2345
0.9000 1.3218 0.9000 1.2961
0.8500 1.3392 0.8500 1.3009
0.7800 1.3910 0.7800 1.3506
0.7200 1.3367 0.7200 1.2348
0.6700 1.2725 0.6700 1.1476
0.6400 1.1696 0.6400 1.0326
0.6400 1.1331 0.6400 1.0143
0.6400 1.0861 0.6400 0.9325
0.6500 1.0459 0.6500 0.8821
0.6600 1.0156 0.6600 0.8587
0.6600 1.0049 0.6600 0.8591
0.6600 0.9822 0.6600 0.8260
0.6400 0.9872 0.6400 0.8166
0.6100 0.9774 0.6100 0.7914
0.5800 0.9618 0.5800 0.7521
0.5700 0.9793 0.5700 0.7634
0.5700 0.9903 0.5700 0.8039
0.5700 0.9988 0.5700 0.8520
0.5700 1.0117 0.5700 0.9285
0.5700 0.9939 0.5700 0.9361
0.5800 0.9973 0.5800 0.9472
0.6100 0.9924 0.6100 0.9595
0.6300 0.9623 0.6300 0.9098
0.6500 0.9622 0.6500 0.9020
0.6600 0.9505 0.6600 0.8653
0.6900 0.9510 0.6900 0.8443
0.7100 0.9631 0.7100 0.8587
0.7400 0.9829 0.7400 0.9049
0.7600 0.9844 0.7600 0.9306
0.7700 0.9770 0.7700 0.9342
0.7600 0.9736 0.7600 0.9372
0.7500 0.9711 0.7500 0.9339
0.7600 0.9756 0.7600 0.9478
0.8000 1.0213 0.8000 1.0423
0.8500 0.9933 0.8500 0.9894
0.9100 0.9909 0.9100 0.9886
0.9700 0.9703 0.9700 0.9588
1.0300 1.0216 1.0300 1.0516
1.1000 0.9989 1.1000 1.0032
1.1700 1.0324 1.1700 1.0441
1.2300 1.0212 1.2300 1.0167
1.2900 1.0026 1.2900 0.9579
1.3400 0.9561 1.3400 0.8630
1.3800 0.9543 1.3800 0.8622
1.4300 0.9991 1.4300 0.9641
1.4700 1.0817 1.4700 1.1052
1.5000 1.1289 1.5000 1.1534
1.5300 1.1860 1.5300 1.2240
1.5800 1.2287 1.5800 1.2608
1.6500 1.2729 1.6500 1.3002
1.7200 1.3486 1.7200 1.4198
1.7600 1.4011 1.7600 1.4758
1.8000 1.4225 1.8000 1.4791
1.8200 1.4702 1.8200 1.5475
1.8700 1.4874 1.8700 1.5520
1.8900 1.4934 1.8900 1.5362
1.9100 1.5561 1.9100 1.6278
1.8800 1.5607 1.8800 1.5939
1.8700 1.5551 1.8700 1.5562
1.8900 1.5787 1.8900 1.5966
1.9500 1.6668 1.9500 1.7184
1.9800 1.7718 1.9800 1.8314
1.9400 1.8277 1.9400 1.8506
1.9200 1.7907 1.9200 1.7556
1.9400 1.8331 1.9400 1.8435
1.9200 1.8074 1.9200 1.7942
1.8200 1.9185 1.8200 1.9496
1.6800 1.8554 1.6800 1.7962
1.5700 1.8586 1.5700 1.7837
1.4900 1.7110 1.4900 1.5750
1.4300 1.7435 1.4300 1.6694
1.3400 1.8371 1.3400 1.8257
1.2800 1.9698 1.2800 1.9443
1.2600 1.9176 1.2600 1.7837
1.2900 1.7075 1.2900 1.4685
1.3000 1.7599 1.3000 1.6921
1.2800 1.8850 1.2800 1.8969
1.2200 1.7469 1.2200 1.5589
1.1500 1.4401 1.1500 1.1111
1.0400 1.2752 1.0400 1.0446
0.9400 1.2580 0.9400 1.0760
0.8500 1.2301 0.8500 1.0399
0.8000 1.1899 0.8000 0.9830
0.7800 1.1132 0.7800 0.8941
0.7700 1.1078 0.7700 0.9324
0.7600 1.1669 0.7600 1.0447
0.7700 1.3151 0.7700 1.2256
0.7900 1.2812 0.7900 1.1191
0.7900 1.2036 0.7900 1.0211
0.8000 1.0868 0.8000 0.9256
0.8300 1.0664 0.8300 0.9199
0.8500 1.0033 0.8500 0.8389
0.8800 0.9700 0.8800 0.8153
0.8800 0.9825 0.8800 0.7884
0.9000 1.0173 0.9000 0.7870
0.8900 1.0270 0.8900 0.8370
0.8700 1.0129 0.8700 0.8749
0.8500 0.9939 0.8500 0.8842
0.8000 1.0220 0.8000 0.9465
0.7400 1.0387 0.7400 1.0089
0.6800 0.9794 0.6800 0.8923
0.6400 1.0087 0.6400 0.9592
0.6300 1.0756 0.6300 1.0863
0.6200 1.0641 0.6200 1.0087
0.6200 1.1015 0.6200 1.0629
0.6400 1.0356 0.6400 0.9389
0.6700 1.0927 0.6700 1.0521
0.7000 1.0213 0.7000 0.9283
0.7200 0.9827 0.7200 0.8530
0.7300 0.9795 0.7300 0.8705
0.7200 0.9416 0.7200 0.7967
0.7100 0.9453 0.7100 0.7750
0.7100 0.9664 0.7100 0.7696
0.7300 0.9885 0.7300 0.8239
0.7600 1.0060 0.7600 0.8991
0.7800 0.9923 0.7800 0.9132
0.7800 0.9892 0.7800 0.9348
0.7600 1.0214 0.7600 1.0070
0.7100 1.0362 0.7100 1.0504
0.6700 1.0266 0.6700 1.0435
0.6500 1.0014 0.6500 1.0062
0.6400 0.9834 0.6400 0.9630
0.6600 0.9450 0.6600 0.8613
0.7000 0.9513 0.7000 0.8565
0.7600 0.9667 0.7600 0.9084
0.8200 1.0185 0.8200 0.9962
0.8700 1.0428 0.8700 1.0456
0.9100 1.0238 0.9100 0.9999
0.9400 0.9800 0.9400 0.9107
0.9800 0.9478 0.9800 0.8328
1.0200 0.9298 1.0200 0.7807
1.0600 0.9573 1.0600 0.8003
1.1100 0.9828 1.1100 0.8604
1.1700 0.9849 1.1700 0.8872
1.2300 1.0244 1.2300 0.9760
1.2800 1.0714 1.2800 1.0983
1.3100 1.1117 1.3100 1.1988
1.3100 1.1388 1.3100 1.2185
1.3200 1.1479 1.3200 1.1830
1.3400 1.1532 1.3400 1.1523
1.3500 1.1515 1.3500 1.1460
1.3600 1.1997 1.3600 1.2240
1.3500 1.2240 1.3500 1.2382
1.3600 1.2462 1.3600 1.2475
1.3700 1.3032 1.3700 1.3349
1.3800 1.3699 1.3800 1.4199
1.3900 1.4145 1.3900 1.4581
1.3900 1.4298 1.3900 1.4613
1.3900 1.4081 1.3900 1.4200
1.3900 1.3379 1.3900 1.3119
1.3900 1.3684 1.3900 1.3868
1.3900 1.4029 1.3900 1.4221
1.4000 1.3734 1.4000 1.3203
1.4000 1.3742 1.4000 1.3243
1.4000 1.3178 1.4000 1.2395
1.4000 1.3744 1.4000 1.3478
1.4000 1.3830 1.4000 1.3468
1.4000 1.3831 1.4000 1.3158
1.4000 1.3922 1.4000 1.3405
1.3800 1.3684 1.3800 1.2986
1.3600 1.3709 1.3600 1.3121
1.3300 1.3711 1.3300 1.3166
1.3200 1.3684 1.3200 1.3032
1.3000 1.3664 1.3000 1.2984
1.2900 1.3972 1.2900 1.3486
1.2700 1.3730 1.2700 1.2952
1.2600 1.3722 1.2600 1.2985
1.2500 1.3752 1.2500 1.3164
1.2600 1.3744 1.2600 1.3077
1.2700 1.3740 1.2700 1.3059
1.2900 1.3724 1.2900 1.3029
1.3000 1.3076 1.3000 1.1965
1.3000 1.2916 1.3000 1.1974
1.2800 1.2450 1.2800 1.1385
1.2600 1.2813 1.2600 1.2034
1.2500 1.2394 1.2500 1.1223
1.2300 1.2503 1.2300 1.1401
1.2200 1.2154 1.2200 1.0986
1.2100 1.2321 1.2100 1.1332
1.2100 1.2295 1.2100 1.1368
1.2000 1.2834 1.2000 1.2188
1.2000 1.2938 1.2000 1.2225
1.1900 1.3328 1.1900 1.2758
1.1900 1.3228 1.1900 1.2599
1.1800 1.3012 1.1800 1.2274
1.1500 1.2426 1.1500 1.1528
1.1300 1.2267 1.1300 1.1493
1.1100 1.2417 1.1100 1.1808
1.0900 1.1951 1.0900 1.0790
1.0800 1.2066 1.0800 1.1078
1.0700 1.2001 1.0700 1.1045
1.0600 1.2238 1.0600 1.1369
1.0500 1.1951 1.0500 1.0884
1.0400 1.2192 1.0400 1.1385
1.0300 1.1926 1.0300 1.0989
1.0200 1.2156 1.0200 1.1387
1.0100 1.1872 1.0100 1.0945
1.0000 1.1153 1.0000 0.9750
0.9900 1.1273 0.9900 1.0357
0.9800 1.1135 0.9800 1.0111
0.9700 1.0953 0.9700 0.9651
0.9400 1.1105 0.9400 1.0029
0.9100 1.1041 0.9100 0.9877
0.8900 1.0990 0.8900 0.9795
0.8700 1.0949 0.8700 0.9852
0.8500 1.0905 0.8500 0.9829
0.8400 1.0856 0.8400 0.9787
0.8200 1.0795 0.8200 0.9717
0.8100 1.0734 0.8100 0.9647
0.8000 1.0674 0.8000 0.9578
0.7900 1.0615 0.7900 0.9509
0.7900 1.0556 0.7900 0.9441
0.7800 1.0497 0.7800 0.9372
0.7700 0.9960 0.7700 0.8520
0.7600 0.9879 0.7600 0.8516
0.7500 0.9885 0.7500 0.8617
0.7400 0.9786 0.7400 0.8415
0.7300 0.9697 0.7300 0.8299
0.7200 0.9785 0.7200 0.8399
0.7300 0.9661 0.7300 0.8237
0.7300 0.9731 0.7300 0.8427
0.7300 0.9723 0.7300 0.8533
0.7200 0.9684 0.7200 0.8492
0.7000 0.9877 0.7000 0.8967
0.6700 0.9642 0.6700 0.8570
0.6100 0.9637 0.6100 0.8529
0.5700 0.9668 0.5700 0.8612
0.5500 0.9663 0.5500 0.8595
0.5400 0.9662 0.5400 0.8612
0.5400 0.9677 0.5400 0.8667
0.5300 0.9679 0.5300 0.8695
0.5300 1.0024 0.5300 0.9493
0.5400 0.9741 0.5400 0.8974
0.6300 0.9699 0.6300 0.8895
0.6700 0.9597 0.6700 0.8736
0.7100 0.9550 0.7100 0.8495
0.7600 0.9541 0.7600 0.8333
0.7800 0.9426 0.7800 0.7874
0.8000 0.9746 0.8000 0.8396
0.8700 0.9940 0.8700 0.9015
1.0100 0.9903 1.0100 0.9222
1.1400 0.9891 1.1400 0.9513
1.2000 0.9755 1.2000 0.9400
1.2500 0.9778 1.2500 0.9459
1.3200 0.9802 1.3200 0.9597
1.3900 1.1629 1.3900 1.3252
1.4300 1.0325 1.4300 1.0854
1.4500 1.0383 1.4500 1.0639
1.4700 1.0934 1.4700 1.2010
1.5000 1.0393 1.5000 1.0136
1.5400 1.0448 1.5400 0.9973
1.5400 1.1985 1.5400 1.3075
1.5100 1.4429 1.5100 1.6734
1.4400 1.5065 1.4400 1.6245
1.3800 1.3910 1.3800 1.3661
1.3500 1.4234 1.3500 1.5210
1.3200 1.5421 1.3200 1.7361
1.3100 1.5908 1.3100 1.7110
1.3200 1.5365 1.3200 1.5537
1.3600 1.4975 1.3600 1.5035
1.4100 1.5162 1.4100 1.5543
1.4600 1.5604 1.4600 1.5976
1.5200 1.6066 1.5200 1.6246
1.5500 1.4990 1.5500 1.4099
1.5500 1.3973 1.5500 1.2833
1.5000 1.2463 1.5000 1.1077
1.4800 1.2171 1.4800 1.1101
1.5000 1.2565 1.5000 1.1793
1.5400 1.2123 1.5400 1.0483
1.5700 1.2440 1.5700 1.1044
1.5900 1.3060 1.5900 1.2205
1.6000 1.4181 1.6000 1.3794
1.6000 1.4920 1.6000 1.4665
1.5900 1.5404 1.5900 1.5198
1.5700 1.6278 1.5700 1.6614
1.5300 1.5901 1.5300 1.5722
1.4500 1.5202 1.4500 1.4659
1.3700 1.3586 1.3700 1.2515
1.2900 1.4099 1.2900 1.3939
1.2400 1.5151 1.2400 1.5396
1.1800 1.5723 1.1800 1.5251
1.1400 1.5653 1.1400 1.4759
1.0900 1.5656 1.0900 1.4971
1.0500 1.5674 1.0500 1.5252
1.0100 1.5496 1.0100 1.4991
0.9600 1.5142 0.9600 1.4456
0.9100 1.4659 0.9100 1.3761
0.8600 1.3767 0.8600 1.2456
0.8100 1.2060 0.8100 1.0010
0.7600 1.1612 0.7600 0.9876
0.7100 1.1252 0.7100 0.9577
0.6700 1.1146 0.6700 0.9529
0.6500 1.0718 0.6500 0.8953
0.6500 1.0610 0.6500 0.8971
0.6700 1.0345 0.6700 0.8732
0.7000 1.0254 0.7000 0.8703
0.7100 1.0132 0.7100 0.8648
0.7300 0.9868 0.7300 0.8307
0.7600 0.9721 0.7600 0.8240
0.8200 0.9741 0.8200 0.8103
0.8700 0.9743 0.8700 0.7913
0.9300 0.9768 0.9300 0.7745
0.9900 0.9795 0.9900 0.7890
1.0500 0.9878 1.0500 0.8257
1.1000 0.9987 1.1000 0.8791
1.1500 1.0015 1.1500 0.9244
1.1800 1.0282 1.1800 0.9813
1.1900 1.0446 1.1900 1.0439
1.2100 0.9866 1.2100 0.9506
1.2400 1.0093 1.2400 1.0114
1.2900 1.0438 1.2900 1.0782
1.3400 1.1424 1.3400 1.2138
1.3700 1.1477 1.3700 1.1707
1.3900 1.2044 1.3900 1.2356
1.4200 1.2485 1.4200 1.2819
1.4300 1.2899 1.4300 1.3273
1.4600 1.3035 1.4600 1.3386
1.5100 1.3393 1.5100 1.3885
1.6000 1.3152 1.6000 1.3322
1.6800 1.2721 1.6800 1.2548
1.7200 1.3093 1.7200 1.3345
1.7400 1.3510 1.7400 1.3753
1.7600 1.4282 1.7600 1.4561
1.7800 1.4628 1.7800 1.4733
1.8300 1.4381 1.8300 1.4092
1.8900 1.4365 1.8900 1.4279
1.9300 1.4897 1.9300 1.5249
1.9500 1.4466 1.9500 1.4173
1.9500 1.5118 1.9500 1.5193
1.9400 1.6002 1.9400 1.6444
1.9500 1.7672 1.9500 1.8451
1.9400 1.8142 1.9400 1.8398
1.9400 1.7541 1.9400 1.7043
1.9200 1.7379 1.9200 1.7302
1.8900 1.7626 1.8900 1.7902
1.8500 1.7722 1.8500 1.7670
1.8100 1.8738 1.8100 1.8927
1.7800 1.9406 1.7800 1.9368
1.7700 1.9213 1.7700 1.8444
1.7700 1.8958 1.7700 1.8161
1.7700 1.8530 1.7700 1.7756
1.7800 1.8186 1.7800 1.7341
1.7700 1.8684 1.7700 1.8187
1.7500 1.7958 1.7500 1.6661
1.7300 1.8086 1.7300 1.6908
1.6800 1.7419 1.6800 1.6022
1.6200 1.6857 1.6200 1.5253
1.6000 1.6286 1.6000 1.4783
1.6200 1.5870 1.6200 1.4353
1.6200 1.5823 1.6200 1.4454
1.5700 1.6167 1.5700 1.4993
1.4700 1.6394 1.4700 1.5169
1.3700 1.6415 1.3700 1.5096
1.2400 1.6838 1.2400 1.5898
1.1600 1.6347 1.1600 1.5071
1.1000 1.5972 1.1000 1.4676
1.0600 1.5852 1.0600 1.4875
1.0300 1.4641 1.0300 1.2940
1.0200 1.3829 1.0200 1.2083
0.9800 1.4628 0.9800 1.3921
0.9200 1.5711 0.9200 1.5197
0.8600 1.5132 0.8600 1.3485
0.7900 1.3503 0.7900 1.1177
0.7400 1.1824 0.7400 0.9826
0.7300 1.1557 0.7300 0.9881
0.7800 1.0821 0.7800 0.8970
0.8300 1.0724 0.8300 0.9120
0.8400 1.0439 0.8400 0.8826
0.8200 1.0229 0.8200 0.8486
0.7900 1.0140 0.7900 0.8526
0.7700 1.0374 0.7700 0.8744
0.7500 0.9926 0.7500 0.8310
0.7300 0.9653 0.7300 0.8069
0.7300 0.9630 0.7300 0.8165
0.7500 0.9614 0.7500 0.7791
0.7600 0.9837 0.7600 0.7808
0.7800 1.0160 0.7800 0.8732
0.8100 1.1280 0.8100 1.1132
0.8800 1.1137 0.8800 1.1235
0.9600 1.0198 0.9600 0.9358
1.0400 0.9579 1.0400 0.8359
1.1100 0.9559 1.1100 0.8354
1.1600 0.9607 1.1600 0.8429
1.2000 0.9611 1.2000 0.8199
1.2000 0.9669 1.2000 0.8359
1.2000 0.9863 1.2000 0.8928
1.2000 1.0343 1.2000 0.9985
1.1900 0.9999 1.1900 0.9377
1.1300 1.0231 1.1300 1.0015
1.0400 1.0639 1.0400 1.0802
0.9500 1.1957 0.9500 1.2812
0.8700 1.2689 0.8700 1.3466
0.8400 1.3203 0.8400 1.3576
0.8000 1.3528 0.8000 1.4039
0.7700 1.3491 0.7700 1.3951
0.7200 1.3597 0.7200 1.4168
0.6900 1.2647 0.6900 1.2485
0.6700 1.2584 0.6700 1.2551
1.5500 1.0833 1.5500 0.9426
1.4600 1.0897 1.4600 0.9545
1.3200 1.0390 1.3200 0.8980
1.1800 1.1518 1.1800 1.1174
1.1200 1.3518 1.1200 1.4240
1.1500 1.5885 1.1500 1.7096
1.1800 1.7652 1.1800 1.9005
1.2000 1.7542 1.2000 1.8143
1.1800 1.6451 1.1800 1.6690
1.1400 1.5360 1.1400 1.5789
1.1000 1.5614 1.1000 1.6596
0.9800 1.5725 0.9800 1.6184
0.8700 1.5126 0.8700 1.4441
0.8200 1.1960 0.8200 0.9649
0.9000 1.1010 0.9000 0.9043
1.0000 1.0583 1.0000 0.9044
1.0700 1.0787 1.0700 0.9500
1.0900 1.2112 1.0900 1.1268
1.0800 1.2114 1.0800 0.9981
1.0400 1.2141 1.0400 1.0243
1.0100 1.1417 1.0100 0.9939
0.9900 1.0912 0.9900 0.9738
0.9700 1.0742 0.9700 0.9896
0.9800 0.9677 0.9800 0.7872
1.0100 0.9392 1.0100 0.7873
1.0700 1.0195 1.0700 0.8470
1.1100 1.2412 1.1100 1.2387
1.1100 1.2913 1.1100 1.3332
1.1100 1.2695 1.1100 1.2142
1.1000 1.1998 1.1000 1.1214
1.1000 1.1485 1.1000 1.1238
1.1000 1.0603 1.1000 1.0100
1.1000 1.0542 1.1000 1.0007
1.1100 1.0511 1.1100 0.9688
1.1100 1.0230 1.1100 0.8793
1.1100 1.0937 1.1100 1.0031
1.1100 1.1616 1.1100 1.0990
1.1100 1.2738 1.1100 1.2544
1.1200 1.2613 1.1200 1.2081
1.1200 1.1726 1.1200 1.0723
1.1200 1.1836 1.1200 1.1634
1.1100 1.1574 1.1100 1.1230
1.1000 1.1729 1.1000 1.1236
1.0800 1.1647 1.0800 1.0966
1.0500 1.1574 1.0500 1.0688
1.0300 1.1885 1.0300 1.1283
1.0000 1.1655 1.0000 1.0787
0.9700 1.1658 0.9700 1.0846
0.9000 1.1683 0.9000 1.1014
0.8300 1.1679 0.8300 1.0934
0.7700 1.1981 0.7700 1.1431
0.7500 1.1733 0.7500 1.0887
0.7400 1.1724 0.7400 1.0919
0.7400 1.1442 0.7400 1.0571
0.7400 1.1365 0.7400 1.0491
0.7400 1.0992 0.7400 0.9926
0.7300 1.0519 0.7300 0.9188
0.7000 1.0615 0.7000 0.9557
0.6600 1.0203 0.6600 0.8781
0.6500 1.0080 0.6500 0.8645
0.6500 0.9579 0.6500 0.7992
0.6700 0.9545 0.6700 0.7919
0.6500 0.9777 0.6500 0.7937
0.6000 1.0079 0.6000 0.8316
0.5600 1.0005 0.5600 0.8697
0.5300 0.9953 0.5300 0.8992
0.5200 0.9890 0.5200 0.9096
0.5300 0.9826 0.5300 0.9011
0.5200 0.9613 0.5200 0.8713
0.5200 0.9487 0.5200 0.8296
0.5200 0.9521 0.5200 0.8157
0.5400 0.9852 0.5400 0.8846
0.5600 0.9859 0.5600 0.9105
0.5700 1.0179 0.5700 0.9723
0.5800 0.9521 0.5800 0.8806
0.5900 0.9381 0.5900 0.8181
0.6300 0.9654 0.6300 0.8500
0.6700 0.9785 0.6700 0.8748
0.7200 0.9882 0.7200 0.9144
0.7700 0.9971 0.7700 0.9717
0.8200 0.9711 0.8200 0.9394
0.8900 0.9754 0.8900 0.9473
0.9700 0.9740 0.9700 0.9483
1.0200 0.9939 1.0200 0.9871
1.0900 0.9888 1.0900 0.9870
1.1800 0.9631 1.1800 0.9393
1.3000 0.9626 1.3000 0.9449
1.3900 0.9656 1.3900 0.9494
1.4100 1.0375 1.4100 1.0853
1.4100 1.0381 1.4100 1.0893
1.4000 1.0685 1.4000 1.1345
1.4500 1.0953 1.4500 1.1653
1.4900 1.1231 1.4900 1.1712
1.5400 1.2096 1.5400 1.2914
1.5400 1.2834 1.5400 1.3638
1.5000 1.2468 1.5000 1.2417
1.4200 1.3422 1.4200 1.4227
1.3400 1.4606 1.3400 1.6014
1.2900 1.6192 1.2900 1.7809
1.2500 1.6214 1.2500 1.7068
1.2300 1.4718 1.2300 1.4437
1.2000 1.4351 1.2000 1.4739
1.2000 1.4059 1.2000 1.4501
1.2100 1.5744 1.2100 1.6806
1.2200 1.5616 1.2200 1.5546
1.2200 1.6071 1.2200 1.5752
1.2100 1.4958 1.2100 1.4123
1.1900 1.3682 1.1900 1.2439
1.1800 1.2148 1.1800 1.0817
1.2000 1.1575 1.2000 1.0090
1.2400 1.1612 1.2400 1.0536
1.2700 1.1324 1.2700 0.9579
1.2900 1.1537 1.2900 0.9821
1.3100 1.1117 1.3100 0.9238
1.3300 1.1937 1.3300 1.0858
1.3700 1.2390 1.3700 1.1595
1.4000 1.2489 1.4000 1.1463
1.4100 1.2328 1.4100 1.1376
1.4200 1.2075 1.4200 1.1172
1.4200 1.1748 1.4200 1.0826
1.4100 1.1910 1.4100 1.1218
1.3900 1.2744 1.3900 1.2497
1.3600 1.3468 1.3600 1.3216
1.3200 1.3437 1.3200 1.2775
1.2700 1.3409 1.2700 1.2876
1.2100 1.3674 1.2100 1.3576
1.1500 1.3878 1.1500 1.3818
1.1000 1.4655 1.1000 1.4904
1.0500 1.4618 1.0500 1.4450
1.0000 1.4179 1.0000 1.3572
0.9400 1.4303 0.9400 1.4113
0.9000 1.4072 0.9000 1.3707
0.8800 1.3698 0.8800 1.2995
0.8900 1.3240 0.8900 1.2387
0.9000 1.2704 0.9000 1.1638
0.8900 1.2111 0.8900 1.0827
0.8700 1.1437 0.8700 0.9916
0.8500 1.0926 0.8500 0.9300
0.8400 1.0668 0.8400 0.9091
0.8700 1.0502 0.8700 0.8985
0.9400 1.0255 0.9400 0.8685
0.9700 1.0031 0.9700 0.8459
0.9600 0.9741 0.9600 0.8170
0.9200 0.9881 0.9200 0.8329
0.8800 0.9982 0.8800 0.8429
0.8700 1.0434 0.8700 0.9044
0.8800 1.0416 0.8800 0.9204
0.9400 0.9947 0.9400 0.8328
1.0300 0.9746 1.0300 0.8390
1.1200 0.9747 1.1200 0.8516
1.1800 0.9829 1.1800 0.8759
1.2200 1.0887 1.2200 1.0522
1.2400 1.2202 1.2400 1.2695
1.2500 1.1471 1.2500 1.0531
1.2400 1.0511 1.2400 0.9177
1.2500 0.9900 1.2500 0.8696
1.2800 0.9858 1.2800 0.8666
1.3400 1.0063 1.3400 0.9401
1.3900 1.0463 1.3900 0.9489
1.4400 1.1888 1.4400 1.1905
1.4800 1.3184 1.4800 1.3923
1.5200 1.3861 1.5200 1.4129
1.5600 1.3722 1.5600 1.3792
1.5800 1.3678 1.5800 1.4066
1.6100 1.3452 1.6100 1.3879
1.5900 1.3262 1.5900 1.3467
1.5700 1.2622 1.5700 1.2279
1.5300 1.3060 1.5300 1.3019
1.5400 1.3695 1.5400 1.3797
1.5700 1.4778 1.5700 1.4995
1.6100 1.4926 1.6100 1.4755
1.6400 1.5365 1.6400 1.5380
1.6400 1.5587 1.6400 1.5819
1.6500 1.5962 1.6500 1.6262
1.6900 1.6317 1.6900 1.6647
1.7100 1.5941 1.7100 1.5712
1.7300 1.6406 1.7300 1.6502
1.7300 1.4986 1.7300 1.4027
1.7400 1.4736 1.7400 1.3959
1.7300 1.3912 1.7300 1.3017
1.7200 1.5077 1.7200 1.4872
1.7100 1.5756 1.7100 1.5497
1.7000 1.6188 1.7000 1.5451
1.6800 1.6296 1.6800 1.5624
1.6300 1.5667 1.6300 1.4716
1.5900 1.6139 1.5900 1.5909
1.5500 1.7256 1.5500 1.7617
1.5200 1.6839 1.5200 1.6133
1.4900 1.6940 1.4900 1.6258
1.4800 1.6500 1.4800 1.5790
1.4800 1.6842 1.4800 1.6385
1.4800 1.6270 1.4800 1.5392
1.4500 1.6077 1.4500 1.5104
1.3900 1.5985 1.3900 1.5170
1.3100 1.5827 1.3100 1.4817
1.2100 1.5385 1.2100 1.4142
1.0900 1.4177 1.0900 1.2406
0.9700 1.4096 0.9700 1.2873
0.8600 1.3762 0.8600 1.2507
0.7800 1.3668 0.7800 1.2245
0.7200 1.3391 0.7200 1.1907
0.6800 1.3787 0.6800 1.2668
0.6500 1.4097 0.6500 1.3130
0.6400 1.4122 0.6400 1.3006
0.6300 1.3215 0.6300 1.1655
0.6400 1.2061 0.6400 1.0298
0.6600 1.1300 0.6600 0.9615
0.7000 1.0784 0.7000 0.9074
0.7300 1.0156 0.7300 0.8387
0.7400 0.9653 0.7400 0.7960
0.7200 0.9877 0.7200 0.7606
0.6900 1.0172 0.6900 0.7506
0.6800 1.0242 0.6800 0.7645
0.6600 1.0238 0.6600 0.8332
0.6700 1.0135 0.6700 0.8768
0.6900 1.0107 0.6900 0.9219
0.7500 0.9917 0.7500 0.9210
0.8000 1.0007 0.8000 0.9489
0.8800 1.0180 0.8800 1.0035
0.9700 1.0594 0.9700 1.0955
1.0600 1.0291 1.0600 1.0539
1.1800 0.9861 1.1800 0.9534
1.3100 0.9375 1.3100 0.8398
1.4600 0.9407 1.4600 0.8187
1.5500 0.9689 1.5500 0.8632
1.6100 0.9619 1.6100 0.8525
1.6800 0.9941 1.6800 0.9264
1.7400 1.0222 1.7400 1.0038
1.8000 1.1156 1.8000 1.1925
1.8200 1.1049 1.8200 1.1628
1.8100 1.2170 1.8100 1.3246
1.8100 1.3034 1.8100 1.4298
1.8400 1.3646 1.8400 1.4290
1.8700 1.5252 1.8700 1.6878
1.8800 1.6553 1.8800 1.8423
1.8700 1.8289 1.8700 2.0476
1.8300 1.7722 1.8300 1.8755
1.7800 1.7568 1.7800 1.8493
1.6800 1.8552 1.6800 2.0393
1.5800 1.8735 1.5800 1.9781
1.4600 1.9082 1.4600 1.9621
1.3900 1.8130 1.3900 1.7764
1.3500 1.7201 1.3500 1.6428
1.3700 1.7436 1.3700 1.7305
1.4000 1.8315 1.4000 1.8407
1.4500 1.8405 1.4500 1.7743
1.4700 1.7876 1.4700 1.6620
1.4900 1.7332 1.4900 1.6142
1.5300 1.6301 1.5300 1.4886
1.5500 1.5602 1.5500 1.4222
1.5600 1.3394 1.5600 1.1033
1.5700 1.2544 1.5700 1.0454
1.6100 1.1845 1.6100 0.9806
1.6600 1.1766 1.6600 0.9986
1.7300 1.1743 1.7300 0.9977
1.7800 1.3257 1.7800 1.1969
1.8100 1.3866 1.8100 1.2618
1.8100 1.4906 1.8100 1.4147
1.8000 1.4648 1.8000 1.3823
1.7600 1.4980 1.7600 1.4616
1.7000 1.5970 1.7000 1.6456
1.6600 1.5614 1.6600 1.5254
1.6500 1.5403 1.6500 1.4847
1.6500 1.5493 1.6500 1.5273
1.6600 1.6550 1.6600 1.6820
1.6600 1.7187 1.6600 1.7242
1.6600 1.8217 1.6600 1.8355
1.6700 1.8224 1.6700 1.7967
1.7200 1.8054 1.7200 1.7589
1.7600 1.7418 1.7600 1.6847
1.7900 1.7060 1.7900 1.6496
1.7700 1.5889 1.7700 1.4731
1.7600 1.4697 1.7600 1.3102
1.7500 1.4743 1.7500 1.3727
1.7600 1.5271 1.7600 1.4440
1.7800 1.5394 1.7800 1.4121
1.7900 1.5697 1.7900 1.4526
1.7800 1.5553 1.7800 1.4378
1.7700 1.5678 1.7700 1.4741
1.7500 1.6117 1.7500 1.5592
1.7400 1.7548 1.7400 1.7664
1.7400 1.7648 1.7400 1.7113
1.7400 1.7653 1.7400 1.6862
1.7500 1.6360 1.7500 1.5105
1.7600 1.6570 1.7600 1.6027
1.7700 1.6516 1.7700 1.6050
1.7900 1.6909 1.7900 1.6252
1.8000 1.7246 1.8000 1.6571
1.8100 1.7014 1.8100 1.5909
1.8000 1.6497 1.8000 1.5236
1.8000 1.6477 1.8000 1.5602
1.8000 1.6084 1.8000 1.5059
1.8000 1.6183 1.8000 1.5244
1.7900 1.6382 1.7900 1.5555
1.8000 1.6321 1.8000 1.5234
1.8100 1.6666 1.8100 1.5811
1.8300 1.6791 1.8300 1.5956
1.8400 1.6913 1.8400 1.6054
1.8400 1.7382 1.8400 1.6825
1.8500 1.7240 1.8500 1.6399
1.8600 1.7334 1.8600 1.6531
1.8700 1.6774 1.8700 1.5712
1.8700 1.7005 1.8700 1.6250
1.8800 1.7009 1.8800 1.6248
1.8800 1.6927 1.8800 1.5902
1.8900 1.6577 1.8900 1.5407
1.8900 1.7148 1.8900 1.6479
1.9000 1.7263 1.9000 1.6466
1.9000 1.7651 1.9000 1.6842
1.9100 1.7530 1.9100 1.6592
1.9200 1.7294 1.9200 1.6222
1.9300 1.7694 1.9300 1.7078
1.9400 1.7774 1.9400 1.7029
1.9400 1.7822 1.9400 1.6899
1.9400 1.7559 1.9400 1.6494
1.9300 1.7895 1.9300 1.7128
1.9200 1.7665 1.9200 1.6660
1.9000 1.7965 1.9000 1.7092
1.8900 1.7727 1.8900 1.6684
1.8800 1.8030 1.8800 1.7135
1.8700 1.7811 1.8700 1.6754
1.8600 1.8114 1.8600 1.7205
1.8400 1.8234 1.8400 1.7360
1.8200 1.8290 1.8200 1.7266
1.8100 1.8403 1.8100 1.7451
1.8100 1.8151 1.8100 1.7004
1.8100 1.8162 1.8100 1.7112
1.8000 1.7822 1.8000 1.6626
1.7900 1.7698 1.7900 1.6503
1.7800 1.7252 1.7800 1.5901
1.7600 1.7366 1.7600 1.6216
1.7500 1.7268 1.7500 1.6068
1.7500 1.7134 1.7500 1.5786
1.7500 1.7061 1.7500 1.5803
1.7400 1.6643 1.7400 1.5213
1.7500 1.6488 1.7500 1.5179
1.7700 1.6661 1.7700 1.5622
1.8000 1.6891 1.8000 1.5870
1.8100 1.6876 1.8100 1.5694
1.8100 1.6552 1.8100 1.5215
1.8000 1.6517 1.8000 1.5405
1.7900 1.6474 1.7900 1.5456
1.7800 1.6041 1.7800 1.4740
1.7800 1.6185 1.7800 1.5168
1.7800 1.6429 1.7800 1.5571
1.7800 1.6403 1.7800 1.5307
1.7600 1.6076 1.7600 1.4810
1.7600 1.6695 1.7600 1.6044
1.7600 1.7167 1.7600 1.6614
1.7700 1.7661 1.7700 1.7011
1.7500 1.7286 1.7500 1.6250
1.7200 1.7076 1.7200 1.6095
1.6900 1.6821 1.6900 1.5974
1.6500 1.6708 1.6500 1.5837
1.6100 1.6568 1.6100 1.5614
1.5700 1.6733 1.5700 1.5842
1.5300 1.6700 1.5300 1.5686
1.4900 1.6681 1.4900 1.5610
1.4600 1.6039 1.4600 1.4670
1.4300 1.6557 1.4300 1.5808
1.3900 1.6589 1.3900 1.5772
1.3500 1.6861 1.3500 1.5941
1.3000 1.5960 1.3000 1.4499
1.2400 1.5447 1.2400 1.4047
1.1800 1.5266 1.1800 1.4250
1.1200 1.4618 1.1200 1.3183
1.1000 1.4214 1.1000 1.2725
1.0700 1.3825 1.0700 1.2349
1.0600 1.3465 1.0600 1.1889
1.0200 1.3136 1.0200 1.1545
0.9700 1.3143 0.9700 1.1755
0.8800 1.2924 0.8800 1.1451
0.8000 1.2374 0.8000 1.0647
0.7500 1.2104 0.7500 1.0568
0.7300 1.1517 0.7300 0.9834
0.7200 1.1020 0.7200 0.9326
0.7200 1.0779 0.7200 0.9175
0.7300 1.0514 0.7300 0.8928
0.7500 1.0787 0.7500 0.9482
0.7700 1.0390 0.7700 0.8811
0.8000 1.0753 0.8000 0.9157
0.8300 1.0116 0.8300 0.8557
0.8700 0.9913 0.8700 0.8380
0.9100 0.9429 0.9100 0.7860
0.9700 0.9617 0.9700 0.7827
1.0400 0.9974 1.0400 0.7995
1.1300 1.0123 1.1300 0.8411
1.2100 1.0029 1.2100 0.8790
1.2700 0.9989 1.2700 0.9155
1.3000 1.0130 1.3000 0.9470
1.3000 1.0291 1.3000 1.0040
1.2800 1.0218 1.2800 1.0055
1.2500 1.0580 1.2500 1.0635
1.1800 1.0771 1.1800 1.0744
1.1000 1.1229 1.1000 1.1265
1.0000 1.1482 1.0000 1.1400
0.9300 1.2311 0.9300 1.2530
0.9000 1.3023 0.9000 1.3480
0.9200 1.4110 0.9200 1.4933
0.9500 1.4506 0.9500 1.5222
1.0000 1.4522 1.0000 1.5022
1.0500 1.4115 1.0500 1.4468
1.1000 1.3414 1.1000 1.3438
1.1300 1.2744 1.1300 1.2511
1.1600 1.2168 1.1600 1.1618
1.1800 1.0815 1.1800 0.9197
1.2100 1.0424 1.2100 0.8862
1.2500 0.9900 1.2500 0.8326
1.3000 0.9814 1.3000 0.8349
1.3400 1.0164 1.3400 0.8493
1.3900 1.0834 1.3900 0.9156
1.4300 1.1000 1.4300 0.9934
1.4800 1.1881 1.4800 1.1451
1.5100 1.2406 1.5100 1.2093
1.5000 1.2864 1.5000 1.2827
1.4900 1.2698 1.4900 1.2592
1.5100 1.2939 1.5100 1.3081
1.5400 1.2873 1.5400 1.2935
1.5900 1.3283 1.5900 1.3434
1.6200 1.3791 1.6200 1.4065
1.6100 1.4356 1.6100 1.4594
1.5700 1.4425 1.5700 1.4417
1.4900 1.5076 1.4900 1.5430
1.4100 1.5211 1.4100 1.5457
1.3500 1.5853 1.3500 1.6266
1.3000 1.5634 1.3000 1.5662
1.2600 1.4527 1.2600 1.3741
1.2300 1.4456 1.2300 1.4189
1.2000 1.5320 1.2000 1.5649
1.1800 1.5684 1.1800 1.5490
1.1600 1.6470 1.1600 1.6317
1.1500 1.6249 1.1500 1.5705
1.1500 1.5242 1.1500 1.4120
1.1700 1.4272 1.1700 1.3251
1.2100 1.2619 1.2100 1.1093
1.2500 1.1891 1.2500 1.0400
1.2900 1.1738 1.2900 1.0417
1.3500 1.1399 1.3500 0.9653
1.4100 1.1238 1.4100 0.9429
1.4600 1.1277 1.4600 0.9520
1.5200 1.1152 1.5200 0.9410
1.5700 1.1343 1.5700 0.9913
1.6200 1.1279 1.6200 0.9902
1.6500 1.1491 1.6500 1.0314
1.6700 1.1781 1.6700 1.0847
1.6800 1.2425 1.6800 1.1818
1.6800 1.3233 1.6800 1.2975
1.6900 1.3566 1.6900 1.3223
1.6900 1.3933 1.6900 1.3777
1.6800 1.4968 1.6800 1.5513
1.6700 1.5505 1.6700 1.5973
1.6400 1.5679 1.6400 1.5871
1.6100 1.6459 1.6100 1.7121
1.5600 1.6669 1.5600 1.7103
1.5100 1.7078 1.5100 1.7431
1.4600 1.6844 1.4600 1.6862
1.4200 1.6725 1.4200 1.6583
1.3700 1.6552 1.3700 1.6346
1.3300 1.6219 1.3300 1.5708
1.2900 1.6477 1.2900 1.6140
1.2500 1.6146 1.2500 1.5404
1.2100 1.5734 1.2100 1.4687
1.1600 1.5640 1.1600 1.4803
1.1200 1.4865 1.1200 1.3586
1.0700 1.4577 1.0700 1.3375
1.0100 1.3638 1.0100 1.2101
0.9600 1.3159 0.9600 1.1597
0.9300 1.2737 0.9300 1.1230
0.9200 1.2595 0.9200 1.1066
0.9200 1.1938 0.9200 1.0059
0.9000 1.1859 0.9000 1.0200
0.8900 1.1611 0.8900 1.0005
0.8900 1.1325 0.8900 0.9580
0.8800 1.1075 0.8800 0.9404
0.8900 1.0688 0.8900 0.9065
0.9300 1.0607 0.9300 0.9103
1.0400 1.0335 1.0400 0.8782
1.1800 1.0034 1.1800 0.8435
1.3100 0.9928 1.3100 0.8485
1.3900 0.9920 1.3900 0.8546
1.4500 1.0002 1.4500 0.8572
1.5000 1.0246 1.5000 0.8713
1.5300 0.9770 1.5300 0.8258
1.5700 0.9964 1.5700 0.8673
1.6100 1.0285 1.6100 0.9372
1.6900 1.0003 1.6900 0.8638
1.7500 1.0514 1.7500 0.9638
1.8200 1.1472 1.8200 1.1322
1.8700 1.3791 1.8700 1.5045
1.9100 1.5497 1.9100 1.6984
1.9000 1.6304 1.9000 1.7192
1.8800 1.5959 1.8800 1.6605
1.8500 1.6166 1.8500 1.7356
1.8400 1.6468 1.8400 1.7888
1.8400 1.6146 1.8400 1.6788
1.8300 1.6575 1.8300 1.7232
1.8300 1.6781 1.8300 1.7170
1.8300 1.8330 1.8300 1.9176
1.8500 1.8334 1.8500 1.8395
1.8500 1.9152 1.8500 1.9317
1.8300 1.9227 1.8300 1.9324
1.8200 1.9325 1.8200 1.9165
1.8000 1.8023 1.8000 1.7094
1.8000 1.7487 1.8000 1.6649
1.7900 1.6919 1.7900 1.6099
1.8000 1.7123 1.8000 1.6316
1.8200 1.7231 1.8200 1.6273
1.8600 1.6754 1.8600 1.5238
1.9200 1.7026 1.9200 1.5931
1.9800 1.7092 1.9800 1.6097
2.0400 1.7794 2.0400 1.7086
2.0800 1.7327 2.0800 1.6112
2.1200 1.6639 2.1200 1.5119
2.1700 1.6880 2.1700 1.6071
2.2500 1.6447 2.2500 1.5304
2.3400 1.6878 2.3400 1.5960
2.4200 1.6506 2.4200 1.5297
2.4700 1.7044 2.4700 1.6137
2.5000 1.7538 2.5000 1.6881
2.5300 1.8381 2.5300 1.7847
2.5400 1.9486 2.5400 1.9269
2.5300 2.0072 2.5300 1.9634
2.5200 2.0711 2.5200 2.0319
2.5200 2.0674 2.5200 2.0047
2.5100 2.1081 2.5100 2.0616
2.4800 2.1800 2.4800 2.1561
2.4300 2.3196 2.4300 2.3130
2.3800 2.4212 2.3800 2.3801
2.3300 2.4661 2.3300 2.3699
2.2900 2.4439 2.2900 2.3082
2.2000 2.4264 2.2000 2.2906
2.0700 2.4531 2.0700 2.3382
1.9000 2.3993 1.9000 2.2232
1.7700 2.3219 1.7700 2.0996
1.7000 2.3003 1.7000 2.1025
1.6500 2.3152 1.6500 2.1287
1.6000 2.2710 1.6000 2.0354
1.5400 2.1850 1.5400 1.9136
1.4900 2.0880 1.4900 1.8179
1.4700 2.0421 1.4700 1.8034
1.4400 1.9926 1.4400 1.7539
1.4000 1.9717 1.4000 1.7369
1.3700 1.7585 1.3700 1.4219
1.3300 1.5368 1.3300 1.1759
1.3000 1.3735 1.3000 1.0893
1.2700 1.3409 1.2700 1.1047
1.2300 1.3553 1.2300 1.1714
1.2000 1.3391 1.2000 1.0679
1.1700 1.2970 1.1700 1.0136
1.1100 1.2458 1.1100 1.0026
1.0500 1.2596 1.0500 1.0750
1.0000 1.3362 1.0000 1.2201
0.9700 1.2907 0.9700 1.1144
0.9600 1.2357 0.9600 1.0416
0.9700 1.2474 0.9700 1.1205
0.9900 1.1993 0.9900 1.0452
1.0100 1.2020 1.0100 1.0627
1.0200 1.1806 1.0200 1.0429
1.0100 1.1258 1.0100 0.9523
1.0000 1.1316 1.0000 0.9951
0.9900 1.1128 0.9900 0.9719
0.9900 1.0420 0.9900 0.8727
0.9800 1.0226 0.9800 0.8700
0.9800 1.0113 0.9800 0.8721
0.9700 1.0089 0.9700 0.8677
0.9600 1.0213 0.9600 0.8706
0.9400 1.0748 0.9400 0.9447
0.9100 1.1178 0.9100 1.0107
0.8900 1.1390 0.8900 1.0472
