2.0500 1.5394 2.0500 1.5663
2.0900 1.8656 2.0900 1.8446
2.0100 1.9649 2.0100 1.9367
1.9900 1.8874 1.9900 1.9010
2.0300 1.5647 2.0300 1.6252
2.1000 1.1538 2.1000 1.1908
2.1000 1.3212 2.1000 1.2285
2.1800 1.8045 2.1800 1.6174
2.2100 1.7199 2.2100 1.6406
2.1700 1.8167 2.1700 1.7455
2.2100 1.8803 2.2100 1.8211
2.2600 2.1831 2.2600 2.1020
2.2500 2.1620 2.2500 2.1221
2.2700 2.0809 2.2700 2.0630
2.3100 1.7631 2.3100 1.8444
2.3000 1.9204 2.3000 1.8854
2.2700 2.1083 2.2700 2.0096
2.2000 2.1960 2.2000 2.0891
2.1400 1.9615 2.1400 1.9769
2.1300 2.2473 2.1300 2.1507
2.1700 2.2091 2.1700 2.1426
2.1200 1.9461 2.1200 2.0105
2.0400 2.2393 2.0400 2.1395
1.9100 2.3002 1.9100 2.2045
1.8600 2.0857 1.8600 2.1161
1.8600 2.2066 1.8600 2.1586
1.8500 2.3163 1.8500 2.2254
1.8500 2.1390 1.8500 2.1590
1.8200 2.0438 1.8200 2.0810
1.8000 1.8532 1.8000 1.8973
1.7800 1.8168 1.7800 1.8222
1.8100 1.9478 1.8100 1.8964
1.7800 2.1200 1.7800 2.0512
1.7700 1.7830 1.7700 1.8178
1.6900 1.6357 1.6900 1.6568
1.7300 1.3882 1.7300 1.4033
1.6800 1.5818 1.6800 1.4942
1.6000 1.7127 1.6000 1.6051
1.5100 1.6416 1.5100 1.5769
1.4400 1.6930 1.4400 1.6231
1.3600 1.6094 1.3600 1.5664
1.3200 1.6452 1.3200 1.5887
1.3000 1.6347 1.3000 1.5749
1.2900 1.8088 1.2900 1.7175
1.3400 1.5940 1.3400 1.5664
1.3800 1.6478 1.3800 1.5876
1.3900 1.3780 1.3900 1.3569
1.3900 1.7769 1.3900 1.6475
1.3800 1.4527 1.3800 1.4217
1.3600 1.2678 1.3600 1.2590
1.3600 1.2059 1.3600 1.2427
1.4300 1.1901 1.4300 1.2267
1.5400 1.1657 1.5400 1.2080
1.6300 1.1591 1.6300 1.2005
1.6500 1.1922 1.6500 1.1947
1.7100 1.2221 1.7100 1.1838
1.7800 1.4543 1.7800 1.3454
1.8400 1.4787 1.8400 1.4058
1.9200 1.4128 1.9200 1.3625
1.9900 1.4043 1.9900 1.3396
2.0500 1.3787 2.0500 1.3105
2.1500 1.3267 2.1500 1.2583
2.1700 1.3724 2.1700 1.2865
2.1000 1.6294 2.1000 1.5159
2.1000 1.7859 2.1000 1.7129
2.0400 1.8001 2.0400 1.7524
2.0000 1.6984 2.0000 1.6747
2.0200 1.8263 2.0200 1.7685
2.5600 2.5334 2.5600 2.4950
2.4900 2.1763 2.4900 2.3256
2.4100 2.2366 2.4100 2.3090
2.4400 2.1374 2.4400 2.2027
2.4500 2.0298 2.4500 2.0849
2.4400 2.1681 2.4400 2.1586
2.4400 2.3604 2.4400 2.3247
2.4200 2.3232 2.4200 2.3254
2.4200 2.2414 2.4200 2.2818
2.4000 1.7231 2.4000 1.8748
2.3700 2.4855 2.3700 2.3321
2.3800 2.6874 2.3800 2.5436
2.3900 2.4000 2.3900 2.4056
2.3900 2.0980 2.3900 2.2348
2.3400 2.0389 2.3400 2.1176
2.3300 2.4128 2.3300 2.3226
2.2900 2.2982 2.2900 2.3085
2.2400 2.1904 2.2400 2.2360
2.1600 2.2530 2.1600 2.2665
2.1000 2.1886 2.1000 2.2307
2.0400 2.2554 2.0400 2.2592
1.9900 2.1671 1.9900 2.2044
1.9600 2.1001 1.9600 2.1385
1.9100 2.2422 1.9100 2.2323
1.8700 2.2465 1.8700 2.2452
1.8800 2.2113 1.8800 2.2309
1.8500 2.0148 1.8500 2.0762
1.8100 2.1428 1.8100 2.1412
1.7700 2.0075 1.7700 2.0368
1.7500 1.9091 1.7500 1.9357
1.7100 1.7397 1.7100 1.7655
1.6800 1.7419 1.6800 1.7235
1.6200 1.6818 1.6200 1.6545
1.6100 1.6546 1.6100 1.6128
1.6000 1.6939 1.6000 1.6322
1.5800 1.5916 1.5800 1.5524
1.5500 1.5984 1.5500 1.5425
1.5400 1.7780 1.5400 1.6845
1.5300 1.6282 1.5300 1.5913
1.3700 1.5663 1.3700 1.5254
1.3400 1.5492 1.3400 1.4892
1.3800 1.5949 1.3800 1.5202
1.4100 1.4917 1.4100 1.4364
1.4100 1.4906 1.4100 1.4183
1.3900 1.3535 1.3900 1.2968
1.3800 1.4987 1.3800 1.3970
1.3600 1.4936 1.3600 1.4083
1.3300 1.4392 1.3300 1.3716
1.3000 1.3952 1.3000 1.3251
1.2800 1.4580 1.2800 1.3701
1.2600 1.4544 1.2600 1.3756
1.2400 1.1233 1.2400 1.1762
1.2400 1.2275 1.2400 1.1948
1.0800 1.4830 1.0800 1.3367
1.1000 1.4398 1.1000 1.3690
1.0700 1.3537 1.0700 1.2958
1.0600 1.3148 1.0600 1.2502
1.0100 1.3675 1.0100 1.2876
1.0200 1.3183 1.0200 1.2458
1.0300 1.2488 1.0300 1.1797
1.0200 1.2186 1.0200 1.1734
1.0600 1.2305 1.0600 1.1706
1.0800 1.2128 1.0800 1.1653
1.0600 1.1951 1.0600 1.1583
0.8900 1.2563 0.8900 1.1701
0.9000 1.0352 0.9000 1.0894
0.9300 1.2016 0.9300 1.1294
0.9700 1.0877 0.9700 1.1282
0.9900 1.0792 0.9900 1.1125
1.0500 1.0471 1.0500 1.0957
1.1600 1.1275 1.1600 1.0995
1.1800 1.1563 1.1800 1.1095
1.1800 1.0843 1.1800 1.0949
1.1700 1.2544 1.1700 1.1784
1.1700 1.2292 1.1700 1.1775
1.1900 1.1011 1.1900 1.0952
1.2200 0.9743 1.2200 1.0297
1.3000 1.0646 1.3000 1.0748
1.2800 1.1669 1.2800 1.1075
1.2600 1.1798 1.2600 1.1512
1.3000 1.1299 1.3000 1.0947
1.3300 1.3104 1.3300 1.2492
1.3400 1.4960 1.3400 1.4760
1.3500 1.3244 1.3500 1.3074
1.3600 1.2628 1.3600 1.2171
1.3700 1.2446 1.3700 1.1735
1.3800 1.2661 1.3800 1.1912
1.3900 1.3175 1.3900 1.2380
1.4000 1.3532 1.4000 1.2812
1.4000 1.5569 1.4000 1.4700
1.3700 1.2638 1.3700 1.2419
1.2900 1.2481 1.2900 1.1892
1.2600 1.4730 1.2600 1.3618
1.2400 1.4564 1.2400 1.3877
1.2300 1.3849 1.2300 1.3295
1.2500 1.3965 1.2500 1.3253
1.2400 1.4168 1.2400 1.3434
1.2600 1.4228 1.2600 1.3509
1.2600 1.4238 1.2600 1.3513
1.2200 1.4291 1.2200 1.3563
1.1800 1.4369 1.1800 1.3641
1.1400 1.4068 1.1400 1.3391
1.1500 1.2924 1.1500 1.2349
1.1200 1.1155 1.1200 1.1569
1.1200 1.1955 1.1200 1.1644
1.1500 1.2031 1.1500 1.1678
1.1100 1.2047 1.1100 1.1624
1.1000 1.3069 1.1000 1.2160
1.1100 1.2261 1.1100 1.1652
1.1300 1.3386 1.1300 1.2568
1.1200 1.2952 1.1200 1.2285
1.1600 1.1477 1.1600 1.1375
1.1500 1.1173 1.1500 1.1319
1.1000 1.0875 1.1000 1.1268
1.1800 1.2280 1.1800 1.1419
1.2900 1.0853 1.2900 1.1262
1.4700 1.1632 1.4700 1.1247
1.5300 1.2878 1.5300 1.2030
1.5800 1.0660 1.5800 1.1106
1.5300 1.1388 1.5300 1.1125
1.4400 1.2177 1.4400 1.1347
1.4000 1.2570 1.4000 1.1907
1.5300 1.1582 1.5300 1.1194
1.7200 1.3311 1.7200 1.2476
1.8300 1.1970 1.8300 1.1487
1.8300 1.0541 1.8300 1.1009
1.6600 1.4717 1.6600 1.3442
1.4500 1.6100 1.4500 1.5626
1.2400 1.8062 1.2400 1.7655
1.0600 1.6557 1.0600 1.6542
0.9800 1.6706 0.9800 1.6554
0.9300 1.4596 0.9300 1.4453
0.8600 1.2374 0.8600 1.2078
0.8000 1.3214 0.8000 1.2158
0.7300 1.8560 0.7300 1.7180
0.7200 2.0581 0.7200 1.9606
0.6900 1.9597 0.6900 1.9280
0.7600 1.7843 0.7600 1.7854
0.8200 1.1906 0.8200 1.2784
0.8500 1.1509 0.8500 1.1873
0.8700 1.1294 0.8700 1.1642
0.8600 1.0940 0.8600 1.1397
0.9000 1.0945 0.9000 1.1442
1.0300 1.0671 1.0300 1.1265
1.1200 1.0180 1.1200 1.0832
1.1600 0.9974 1.1600 1.0559
1.2000 0.9774 1.2000 1.0338
1.2500 0.9890 1.2500 1.0444
1.2400 0.9751 1.2400 1.0360
1.2300 1.1385 1.2300 1.1043
1.2400 1.1702 1.2400 1.1617
1.4500 1.1075 1.4500 1.1065
1.4400 1.0971 1.4400 1.0663
1.3200 1.0261 1.3200 1.0474
1.3200 1.1836 1.3200 1.1217
1.3600 1.4525 1.3600 1.4401
1.4200 1.4362 1.4200 1.4456
1.4400 1.3544 1.4400 1.3319
1.3900 1.3995 1.3900 1.3443
1.3300 1.4715 1.3300 1.4173
1.2900 1.3021 1.2900 1.2607
1.2500 1.2730 1.2500 1.2075
1.2800 1.3355 1.2800 1.2496
1.3100 1.8742 1.3100 1.7850
1.3200 1.4222 1.3200 1.4542
1.3000 1.0704 1.3000 1.1254
1.3100 1.3943 1.3100 1.2438
1.3200 1.5395 1.3200 1.4275
1.3600 1.5808 1.3600 1.5043
1.4700 1.4621 1.4700 1.4101
1.5700 1.2428 1.5700 1.2131
1.6200 1.1902 1.6200 1.1647
1.7000 1.2132 1.7000 1.1699
1.7900 1.1555 1.7900 1.1657
1.8400 1.3595 1.8400 1.2466
1.8200 1.3845 1.8200 1.3030
1.8000 1.3400 1.8000 1.2822
1.9000 1.2581 1.9000 1.2012
1.9800 1.3699 1.9800 1.2824
2.0500 1.3821 2.0500 1.3046
2.0100 1.4881 2.0100 1.4037
1.9700 1.7314 1.9700 1.6592
1.9200 1.7757 1.9200 1.7269
1.8800 1.7238 1.8800 1.6941
1.8400 1.8416 1.8400 1.7899
1.7800 1.9450 1.7800 1.8875
1.7600 1.9204 1.7600 1.8767
1.7900 1.7498 1.7900 1.7567
1.8400 1.7298 1.8400 1.6941
1.7900 2.0892 1.7900 1.9713
1.7700 2.1079 1.7700 2.0218
1.7400 2.1136 1.7400 2.0480
1.8100 1.8212 1.8100 1.8686
1.7900 1.8034 1.7900 1.8019
1.7300 1.7232 1.7300 1.7010
1.6700 1.6679 1.6700 1.6285
1.6400 1.6009 1.6400 1.5490
1.6100 1.4686 1.6100 1.4231
1.5600 1.5796 1.5600 1.4910
1.4600 1.7667 1.4600 1.6598
1.2700 1.8727 1.2700 1.7902
1.1400 1.5314 1.1400 1.5375
1.0300 1.6329 1.0300 1.5733
1.0200 1.5976 1.0200 1.5376
1.0400 1.9469 1.0400 1.8273
1.0500 1.6376 1.0500 1.6206
0.9900 1.4549 0.9900 1.4418
0.9300 1.4349 0.9300 1.3742
1.0300 1.4931 1.0300 1.4065
1.1800 1.4436 1.1800 1.3669
1.2900 1.3200 1.2900 1.2617
1.2900 1.1770 1.2900 1.2223
1.2900 1.1053 1.2900 1.1561
1.2700 1.1016 1.2700 1.1411
1.3100 1.0854 1.3100 1.1287
1.3300 1.0923 1.3300 1.1405
1.3700 1.0957 1.3700 1.1416
1.4600 1.0937 1.4600 1.1177
1.5600 1.0241 1.5600 1.0779
1.6300 1.0142 1.6300 1.0609
1.6500 1.4171 1.6500 1.2933
1.7200 1.5949 1.7200 1.5668
1.6800 1.5613 1.6800 1.5618
1.6400 1.3366 1.6400 1.3344
1.5200 1.3784 1.5200 1.3135
1.4200 1.3216 1.4200 1.2484
1.4300 1.4919 1.4300 1.3915
1.4000 1.4209 1.4000 1.3532
1.3700 1.4914 1.3700 1.4174
1.3500 1.6898 1.3500 1.6248
1.3700 1.7704 1.3700 1.7182
1.3800 1.7697 1.3800 1.7315
1.4300 1.7102 1.4300 1.6784
1.4900 1.8590 1.4900 1.7940
1.5600 1.5733 1.5600 1.5764
1.5700 1.5090 1.5700 1.4710
1.5800 1.1911 1.5800 1.2285
1.5500 1.1719 1.5500 1.2094
1.4600 1.4176 1.4600 1.2599
1.3700 1.2415 1.3700 1.2245
1.3200 1.2069 1.3200 1.2024
1.2300 1.2519 1.2300 1.1949
1.1900 1.4107 1.1900 1.3092
1.2400 1.3964 1.2400 1.3224
1.2800 1.5545 1.2800 1.4635
1.3300 1.6527 1.3300 1.5706
1.4100 1.7267 1.4100 1.6697
1.4700 1.5970 1.4700 1.5640
1.5300 1.6148 1.5300 1.5569
1.6100 1.4753 1.6100 1.4293
1.6300 1.1981 1.6300 1.2037
1.6900 1.1541 1.6900 1.1906
1.7600 1.1633 1.7600 1.1933
1.8400 1.1185 1.8400 1.1642
1.8700 1.1157 1.8700 1.1591
1.9000 1.3651 1.9000 1.2316
1.9400 1.3771 1.9400 1.3061
1.9900 1.4551 1.9900 1.3883
2.0600 1.6215 2.0600 1.5578
2.1400 1.6379 2.1400 1.5996
2.1100 1.6845 2.1100 1.6413
2.1700 1.7823 2.1700 1.7280
2.1800 1.7050 2.1800 1.6708
2.1700 1.8196 2.1700 1.7558
2.1700 1.9030 2.1700 1.8333
2.1900 1.9704 2.1900 1.9050
2.2500 1.9158 2.2500 1.8667
2.3000 1.9393 2.3000 1.8809
2.3200 2.0060 2.3200 1.9328
2.3600 2.0618 2.3600 1.9846
2.4200 2.1472 2.4200 2.0649
2.4800 2.2199 2.4800 2.1433
2.5300 1.9418 2.5300 1.9856
2.5700 2.2196 2.5700 2.1314
2.5900 2.1439 2.5900 2.0999
2.6200 2.0335 2.6200 2.0465
2.6200 2.0684 2.6200 2.0537
2.6100 2.1374 2.6100 2.0948
2.6000 2.3025 2.6000 2.1983
2.6000 2.3130 2.6000 2.2290
2.6000 2.2525 2.6000 2.2079
2.6000 2.3441 2.6000 2.2687
2.6000 2.4337 2.6000 2.3518
2.6000 2.4780 2.6000 2.4041
2.5900 2.4972 2.5900 2.4328
2.5600 2.5134 2.5600 2.4546
2.5400 2.5035 2.5400 2.4494
2.5200 2.5510 2.5200 2.4844
2.5100 2.4732 2.5100 2.4484
2.5200 2.4168 2.5200 2.4191
2.5200 2.4007 2.5200 2.4083
2.5100 2.4190 2.5100 2.4160
2.4900 2.4084 2.4900 2.4147
2.4600 2.4026 2.4600 2.4112
2.4200 2.4057 2.4200 2.4115
2.3800 2.4085 2.3800 2.4124
2.3700 2.3682 2.3700 2.3928
2.3700 2.2751 2.3700 2.3421
2.3700 2.2880 2.3700 2.3339
2.3700 2.2645 2.3700 2.3115
2.3600 2.2785 2.3600 2.3152
2.3500 2.3516 2.3500 2.3503
2.3300 2.3215 2.3300 2.3404
2.2800 2.2874 2.2800 2.3200
2.2300 2.2467 2.2300 2.2930
2.1700 2.1882 2.1700 2.2401
2.0800 2.1140 2.0800 2.1628
2.0300 2.0687 2.0300 2.1028
2.0000 2.1493 2.0000 2.1481
1.9800 2.1759 1.9800 2.1769
1.9600 2.1762 1.9600 2.1873
1.9500 2.1895 1.9500 2.2023
1.9300 2.1610 1.9300 2.1843
1.9200 2.1587 1.9200 2.1782
1.9100 2.1086 1.9100 2.1328
1.9200 1.9615 1.9200 2.0028
1.9000 1.9121 1.9000 1.9287
1.8800 1.8183 1.8800 1.8274
1.8500 1.6267 1.8500 1.6431
1.8200 1.7018 1.8200 1.6535
1.7900 1.7328 1.7900 1.6721
1.7600 1.7386 1.7600 1.6846
1.7300 1.7320 1.7300 1.6823
1.7000 1.7731 1.7000 1.7188
1.6700 1.7406 1.6700 1.7007
1.6400 1.7705 1.6400 1.7206
1.6200 1.7675 1.6200 1.7191
1.6000 1.8399 1.6000 1.7796
1.5600 1.7310 1.5600 1.7019
1.5200 1.7154 1.5200 1.6750
1.4800 1.6650 1.4800 1.6223
1.4600 1.6322 1.4600 1.5832
1.4400 1.6004 1.4400 1.5440
1.4300 1.5672 1.4300 1.5065
1.4200 1.5396 1.4200 1.4753
1.4000 1.5137 1.4000 1.4463
1.3800 1.4894 1.3800 1.4196
1.3500 1.4652 1.3500 1.3931
1.3200 1.4806 1.3200 1.4005
1.2700 1.4655 1.2700 1.3892
1.2400 1.3723 1.2400 1.3089
1.2100 1.3427 1.2100 1.2672
1.1900 1.3129 1.1900 1.2335
1.1700 1.3533 1.1700 1.2604
1.1500 1.3344 1.1500 1.2499
1.1400 1.3560 1.1400 1.2703
1.1300 1.3566 1.1300 1.2753
1.1200 1.3175 1.1200 1.2446
1.1000 1.3074 1.1000 1.2296
1.0900 1.2568 1.0900 1.1871
1.0900 1.2315 1.0900 1.1795
1.0800 1.1317 1.0800 1.1639
1.0800 1.1632 1.0800 1.1600
1.0800 1.1413 1.0800 1.1540
1.0900 1.1511 1.0900 1.1477
1.1000 1.1393 1.1000 1.1412
1.1000 1.1294 1.1000 1.1326
1.1100 1.1573 1.1100 1.1310
1.1000 1.1549 1.1000 1.1272
1.0800 1.1498 1.0800 1.1230
1.0700 1.1101 1.0700 1.1154
1.0600 1.1336 1.0600 1.1145
1.0600 1.1651 1.0600 1.1175
1.0500 1.1290 1.0500 1.1117
1.0500 1.1562 1.0500 1.1122
1.0400 1.1615 1.0400 1.1120
1.0400 1.1984 1.0400 1.1327
1.0300 1.2075 1.0300 1.1449
1.0300 1.1804 1.0300 1.1227
1.0300 1.2179 1.0300 1.1507
1.0500 1.1575 1.0500 1.1121
1.0400 1.1112 1.0400 1.1054
1.0600 1.1313 1.0600 1.1080
1.0900 1.1229 1.0900 1.1073
1.1000 1.1455 1.1000 1.1092
1.1100 1.1095 1.1100 1.1040
1.1400 1.1381 1.1400 1.1040
1.1800 1.1080 1.1800 1.1004
1.2200 1.1353 1.2200 1.1012
1.2500 1.1027 1.2500 1.0981
1.2800 1.1289 1.2800 1.0988
1.3000 1.1313 1.3000 1.0999
1.3100 1.2006 1.3100 1.1357
1.3100 1.1125 1.3100 1.0982
1.3100 1.2078 1.3100 1.1398
1.3100 1.2667 1.3100 1.2002
1.3000 1.2158 1.3000 1.1672
1.2900 1.2214 1.2900 1.1615
1.2600 1.3065 1.2600 1.2339
1.2400 1.3672 1.2400 1.2996
1.2300 1.3938 1.2300 1.3318
1.2300 1.3906 1.2300 1.3308
1.2300 1.4203 1.2300 1.3536
1.2200 1.4112 1.2200 1.3465
1.2000 1.3869 1.2000 1.3228
1.1900 1.3535 1.1900 1.2874
1.1800 1.3478 1.1800 1.2756
1.1900 1.3417 1.1900 1.2678
1.2100 1.2974 1.2100 1.2284
1.2300 1.2848 1.2300 1.2108
1.2600 1.2016 1.2600 1.1566
1.2800 1.2113 1.2800 1.1544
1.2800 1.2315 1.2800 1.1563
1.2900 1.2557 1.2900 1.1764
1.2900 1.2549 1.2900 1.1815
1.2800 1.2218 1.2800 1.1545
1.2700 1.1838 1.2700 1.1397
1.2600 1.2084 1.2600 1.1403
1.2400 1.2009 1.2400 1.1394
1.2500 1.2613 1.2500 1.1821
1.2400 1.3064 1.2400 1.2312
1.1900 1.3241 1.1900 1.2568
1.1400 1.3825 1.1400 1.3106
1.1000 1.3776 1.1000 1.3133
1.0700 1.3230 1.0700 1.2646
1.0900 1.3617 1.0900 1.2864
1.1200 1.3323 1.1200 1.2631
1.1500 1.2870 1.1500 1.2207
1.1900 1.2743 1.1900 1.2002
1.2000 1.2638 1.2000 1.1886
1.2300 1.2152 1.2300 1.1532
1.2300 1.3060 1.2300 1.2179
1.2300 1.2419 1.2300 1.1749
1.2100 1.0874 1.2100 1.1321
1.1900 1.0815 1.1900 1.1223
1.1700 1.0791 1.1700 1.1192
1.1400 1.0728 1.1400 1.1166
1.1000 1.1986 1.1000 1.1300
1.0800 1.2533 1.0800 1.1848
1.0700 1.2813 1.0700 1.2241
1.0600 1.3552 1.0600 1.2898
1.0600 1.2937 1.0600 1.2426
1.0300 1.3784 1.0300 1.3054
1.0000 1.2970 1.0000 1.2391
0.9700 1.2882 0.9700 1.2224
0.9700 1.2133 0.9700 1.1486
0.9200 1.1898 0.9200 1.1358
0.8900 1.1695 0.8900 1.1354
0.8600 1.1106 0.8600 1.1265
0.8600 1.0719 0.8600 1.1157
0.8600 1.0889 0.8600 1.1156
0.8400 1.1121 0.8400 1.1160
0.8100 1.1029 0.8100 1.1109
0.8000 1.1331 0.8000 1.1100
0.8100 1.0478 0.8100 1.0949
0.8400 1.0408 0.8400 1.0871
0.8800 1.0384 0.8800 1.0840
0.9200 1.0837 0.9200 1.0911
0.9600 1.0183 0.9600 1.0705
0.9800 1.0137 0.9800 1.0639
1.0100 1.0130 1.0100 1.0622
1.0600 1.0161 1.0600 1.0673
1.1400 1.0163 1.1400 1.0680
1.2100 0.9981 1.2100 1.0534
1.2800 0.9902 1.2800 1.0441
1.3600 0.9963 1.3600 1.0482
1.4600 1.0287 1.4600 1.0576
1.5700 1.0978 1.5700 1.0660
1.6800 1.1496 1.6800 1.1182
1.7400 1.1803 1.7400 1.1480
1.7900 1.2132 1.7900 1.1739
1.8900 1.1781 1.8900 1.1387
2.0000 1.2266 2.0000 1.1721
2.0700 1.3198 2.0700 1.2565
2.1000 1.4418 2.1000 1.3931
2.1300 1.4672 2.1300 1.4310
2.2500 1.5062 2.2500 1.4832
2.3300 1.5822 2.3300 1.5539
2.3300 1.6886 2.3300 1.6525
2.3200 1.7866 2.3200 1.7476
2.3500 1.8671 2.3500 1.8288
2.3500 1.8389 2.3500 1.8116
2.3500 1.8721 2.3500 1.8323
2.3500 2.0490 2.3500 1.9789
2.3300 2.1527 2.3300 2.0863
2.3200 2.1327 2.3200 2.0875
2.2600 2.0944 2.2600 2.0561
2.1500 2.1358 2.1500 2.0802
2.0800 2.3933 2.0800 2.2949
2.0600 2.3847 2.0600 2.3194
2.0900 2.2304 2.0900 2.2062
2.1800 2.2123 2.1800 2.1808
2.2400 2.3413 2.2400 2.2578
2.2900 2.2351 2.2900 2.2228
2.3300 2.2046 2.3300 2.2057
2.3400 2.2045 2.3400 2.2036
2.3300 2.1179 2.3300 2.1508
2.3200 2.1377 2.3200 2.1497
2.2900 1.9155 2.2900 1.9653
2.2500 1.6456 2.2500 1.7067
2.3900 1.7061 2.3900 1.6795
2.4600 1.8282 2.4600 1.7586
2.3500 1.9901 2.3500 1.9101
2.2500 2.2684 2.2500 2.1530
2.0900 2.2597 2.0900 2.1784
1.9000 2.2784 1.9000 2.2146
1.7900 2.3116 1.7900 2.2505
1.7800 2.2799 1.7800 2.2269
1.7300 2.2022 1.7300 2.1911
1.6900 2.1764 1.6900 2.1756
1.6400 2.0644 1.6400 2.0972
1.6100 1.9765 1.6100 2.0011
1.5600 2.5593 1.5600 2.4012
1.5200 2.4829 1.5200 2.3980
1.5300 1.8293 1.5300 2.0166
1.5400 1.8260 1.5400 1.8870
1.5500 1.4883 1.5500 1.5581
1.5700 1.3334 1.5700 1.3884
1.5700 1.3395 1.5700 1.3824
1.5800 1.5338 1.5800 1.3907
1.5900 1.3532 1.5900 1.3500
1.6100 1.3754 1.6100 1.3191
1.6700 1.3604 1.6700 1.2939
1.6700 1.4249 1.6700 1.3366
1.6200 1.3302 1.6200 1.2631
1.5800 1.3235 1.5800 1.2493
1.5400 1.4922 1.5400 1.3784
1.4700 1.5026 1.4700 1.4181
1.3800 1.5150 1.3800 1.4418
1.2800 1.5809 1.2800 1.5012
1.1700 1.5361 1.1700 1.4763
1.0100 1.5809 1.0100 1.5089
0.9600 1.5923 0.9600 1.5206
0.9200 1.6356 0.9200 1.5620
0.9300 1.8098 0.9300 1.7166
0.9500 1.6276 0.9500 1.5952
0.9400 1.4349 0.9400 1.4142
0.9000 1.4420 0.9000 1.3731
0.8900 1.3967 0.8900 1.3224
0.9000 1.2196 0.9000 1.2276
0.9000 1.1584 0.9000 1.2011
0.8900 1.1324 0.8900 1.1745
0.9000 1.1016 0.9000 1.1462
0.9200 1.0471 0.9200 1.0988
0.9300 1.0658 0.9300 1.1091
0.9300 1.0542 0.9300 1.1045
0.9500 1.0455 0.9500 1.1013
0.9700 1.0785 0.9700 1.0979
0.9900 1.0210 0.9900 1.0747
1.0000 1.0057 1.0000 1.0575
1.0000 1.0174 1.0000 1.0639
1.0200 1.0852 1.0200 1.0764
1.0800 1.0497 1.0800 1.0728
1.2000 1.0119 1.2000 1.0646
1.3400 1.0761 1.3400 1.0693
1.4300 1.1254 1.4300 1.0773
1.5000 1.1027 1.5000 1.0757
1.5700 1.0729 1.5700 1.0714
1.6200 1.1447 1.6200 1.0891
1.6800 1.1631 1.6800 1.1135
1.7300 1.1721 1.7300 1.1245
1.7700 1.1509 1.7700 1.1029
1.8000 1.1249 1.8000 1.0855
1.8200 1.1947 1.8200 1.1309
1.8400 1.3493 1.8400 1.2781
1.8500 1.5409 1.8500 1.5132
1.8600 1.6508 1.8600 1.6312
1.8700 1.6252 1.8700 1.6202
1.8600 1.6502 1.8600 1.6348
1.8500 1.7265 1.8500 1.6926
1.8500 1.7486 1.8500 1.7092
1.8500 1.8156 1.8500 1.7612
1.8300 1.8418 1.8300 1.7849
1.8200 1.8558 1.8200 1.7979
1.8100 1.8691 1.8100 1.8066
1.8000 1.8536 1.8000 1.8068
1.7900 1.8636 1.7900 1.8157
1.7700 1.8312 1.7700 1.7893
1.7500 1.8305 1.7500 1.7844
1.7200 1.8337 1.7200 1.7854
1.6900 1.7559 1.6900 1.7223
1.6800 1.7430 1.6800 1.6983
1.6600 1.7714 1.6600 1.7139
1.6400 1.7637 1.6400 1.7115
1.6300 1.6783 1.6300 1.6408
1.6100 1.7016 1.6100 1.6447
1.6000 1.6949 1.6000 1.6378
1.5800 1.6806 1.5800 1.6258
1.5500 1.6705 1.5500 1.6132
1.5200 1.6222 1.5200 1.5703
1.4900 1.6062 1.4900 1.5481
1.4700 1.5489 1.4700 1.4928
1.4700 1.5194 1.4700 1.4559
1.4300 1.5705 1.4300 1.4891
1.3800 1.5190 1.3800 1.4525
1.3500 1.5008 1.3500 1.4322
1.3500 1.5297 1.3500 1.4508
1.3400 1.4851 1.3400 1.4180
1.3300 1.5081 1.3300 1.4315
1.2900 1.4635 1.2900 1.3942
1.2600 1.4075 1.2600 1.3412
1.2500 1.3843 1.2500 1.3087
1.2500 1.3578 1.2500 1.2792
1.2500 1.3679 1.2500 1.2827
1.2400 1.4261 1.2400 1.3340
1.2100 1.2745 1.2100 1.2155
1.2000 1.2068 1.2000 1.1937
1.2000 1.2510 1.2000 1.1928
1.1900 1.3374 1.1900 1.2381
1.1600 1.2924 1.1600 1.2164
1.1700 1.2840 1.1700 1.2078
1.1500 1.1783 1.1500 1.1653
1.1500 1.1906 1.1500 1.1591
1.1600 1.2441 1.1600 1.1644
1.1600 1.2665 1.1600 1.1847
1.1600 1.2633 1.1600 1.1892
1.1500 1.2320 1.1500 1.1634
1.1300 1.1601 1.1300 1.1408
1.1300 1.2141 1.1300 1.1437
1.1300 1.2440 1.1300 1.1634
1.1400 1.2012 1.1400 1.1418
1.1100 1.1198 1.1100 1.1289
1.0800 1.2464 1.0800 1.1571
1.0800 1.1524 1.0800 1.1300
1.0800 1.2007 1.0800 1.1304
1.0800 1.2431 1.0800 1.1662
1.0800 1.2161 1.0800 1.1543
1.0900 1.2170 1.0900 1.1504
1.0900 1.1852 1.0900 1.1259
1.0800 1.1433 1.0800 1.1198
1.0800 1.1982 1.0800 1.1260
1.0800 1.1972 1.0800 1.1278
1.0800 1.2282 1.0800 1.1593
1.0800 1.0950 1.0800 1.1132
1.0700 1.0731 1.0700 1.1046
1.0600 1.1639 1.0600 1.1158
1.0300 1.1615 1.0300 1.1165
1.0500 1.1527 1.0500 1.1139
1.0500 1.1554 1.0500 1.1112
1.0400 1.1985 1.0400 1.1321
1.0100 1.1746 1.0100 1.1158
0.9900 1.1379 0.9900 1.1070
0.9900 1.1673 0.9900 1.1101
1.0000 1.1689 1.0000 1.1114
0.9900 1.1652 0.9900 1.1111
0.9900 1.1639 0.9900 1.1108
1.0000 1.1300 1.0000 1.1058
1.0100 1.1230 1.0100 1.1039
1.0200 1.0489 1.0200 1.0944
1.0600 1.1970 1.0600 1.1156
1.1200 1.1450 1.1200 1.1078
1.1900 1.1017 1.1900 1.0977
1.2700 1.0417 1.2700 1.0879
1.3300 1.0482 1.3300 1.0858
1.3600 1.1051 1.3600 1.0947
1.3500 1.1346 1.3500 1.0980
1.3800 1.0695 1.3800 1.0885
1.4500 1.0988 1.4500 1.0875
1.4600 1.1432 1.4600 1.0931
1.4700 1.1515 1.4700 1.0978
1.4800 1.1560 1.4800 1.1020
1.4300 1.2698 1.4300 1.2034
1.4000 1.3754 1.4000 1.3117
1.4200 1.4563 1.4200 1.3982
1.4400 1.5185 1.4400 1.4909
1.4200 1.5295 1.4200 1.5037
1.4000 1.5056 1.4000 1.4549
1.3900 1.3855 1.3900 1.3369
1.3800 1.5217 1.3800 1.4302
1.3700 1.6710 1.3700 1.5881
1.3700 1.4959 1.3700 1.4585
1.3400 1.4994 1.3400 1.4381
1.2800 1.5244 1.2800 1.4485
1.2600 1.2981 1.2600 1.2608
1.2500 1.3177 1.2500 1.2375
1.2500 1.4760 1.2500 1.3651
1.2500 1.4766 1.2500 1.3976
1.2400 1.3329 1.2400 1.2817
1.2200 1.3279 1.2200 1.2550
1.2200 1.3651 1.2200 1.2805
1.2100 1.3515 1.2100 1.2744
1.2100 1.3332 1.2100 1.2565
1.2100 1.3614 1.2100 1.2787
1.2100 1.2526 1.2100 1.1900
1.2100 1.1174 1.2100 1.1590
1.2100 1.2198 1.2100 1.1655
1.2100 1.2398 1.2100 1.1679
1.1800 1.2565 1.1800 1.1772
1.1700 1.2581 1.1700 1.1825
1.1600 1.2322 1.1600 1.1636
1.1700 1.1979 1.1700 1.1453
1.2400 1.2592 1.2400 1.1761
1.2800 1.2233 1.2800 1.1529
1.3100 1.2464 1.3100 1.1718
1.2900 1.2492 1.2900 1.1759
1.2200 1.2509 1.2200 1.1807
1.1900 1.2535 1.1900 1.1825
1.2000 1.2550 1.2000 1.1841
1.2200 1.2562 1.2200 1.1854
1.2500 1.1471 1.2500 1.1317
1.2800 1.1945 1.2800 1.1339
1.2900 1.1895 1.2900 1.1349
1.2800 1.2473 1.2800 1.1702
1.3000 1.4729 1.3000 1.3781
1.2900 1.4240 1.2900 1.3710
1.2300 1.4237 1.2300 1.3691
1.2300 1.2828 1.2300 1.2363
1.2600 1.0870 1.2600 1.1270
1.2900 1.1714 1.2900 1.1388
1.2700 1.2799 1.2700 1.1791
1.2600 1.3006 1.2600 1.2248
1.2600 1.3456 1.2600 1.2732
1.2500 1.3858 1.2500 1.3169
1.2400 1.3536 1.2400 1.2952
1.2200 1.2954 1.2200 1.2359
1.2000 1.4002 1.2000 1.3136
1.1800 1.3017 1.1800 1.2404
1.1600 1.0964 1.1600 1.1389
1.1500 1.2671 1.1500 1.1624
1.1500 1.3806 1.1500 1.2845
1.1400 1.3883 1.1400 1.3205
1.1400 1.2280 1.1400 1.1824
1.1200 1.2629 1.1200 1.1887
1.0800 1.3076 1.0800 1.2247
1.0500 1.2610 1.0500 1.1928
1.0500 1.2423 1.0500 1.1696
0.9800 1.1975 0.9800 1.1470
0.9700 1.1831 0.9700 1.1422
0.9600 1.1673 0.9600 1.1389
0.9500 1.1495 0.9500 1.1340
1.0000 1.1693 1.0000 1.1334
1.0100 1.1989 1.0100 1.1344
0.9900 1.1648 0.9900 1.1278
0.9800 1.1953 0.9800 1.1277
0.9700 1.1302 0.9700 1.1190
1.0000 1.0599 1.0000 1.1048
1.0800 1.0602 1.0800 1.1029
1.1800 1.1357 1.1800 1.1116
1.3000 1.0298 1.3000 1.0813
1.3800 1.0424 1.3800 1.0878
1.4500 1.0480 1.4500 1.0911
1.5200 1.0373 1.5200 1.0830
1.5500 1.2354 1.5500 1.1628
1.5700 1.1464 1.5700 1.1109
1.5900 1.0485 1.5900 1.0777
1.5900 1.0769 1.5900 1.0805
1.5800 1.0791 1.5800 1.0823
1.5600 1.2014 1.5600 1.1330
1.5400 1.3926 1.5400 1.3224
1.5500 1.4917 1.5500 1.4683
1.5600 1.5866 1.5600 1.5709
1.5700 1.5798 1.5700 1.5714
1.5800 1.6199 1.5800 1.6006
1.5600 1.6915 1.5600 1.6564
1.5300 1.6621 1.5300 1.6287
1.5000 1.6634 1.5000 1.6079
1.4200 1.6704 1.4200 1.6032
1.3600 1.5924 1.3600 1.5389
1.3300 1.5367 1.3300 1.4790
1.3200 1.4790 1.3200 1.4164
1.3300 1.4524 1.3300 1.3819
1.3400 1.5428 1.3400 1.4515
1.2300 1.5442 1.2300 1.4671
1.1200 1.5501 1.1200 1.4795
1.0800 1.5682 1.0800 1.4968
1.0600 1.4682 1.0600 1.4160
1.0500 1.4146 1.0500 1.3533
1.0400 1.3875 1.0400 1.3130
1.0200 1.1637 1.0200 1.2046
1.0300 1.1589 1.0300 1.1949
1.0300 1.2205 1.0300 1.1973
0.9900 1.2609 0.9900 1.1948
0.9600 1.3251 0.9600 1.2329
0.8900 1.3450 0.8900 1.2659
0.8400 1.0835 0.8400 1.1334
0.8600 1.0648 0.8600 1.1073
0.8500 1.0932 0.8500 1.1260
0.8600 1.0848 0.8600 1.1290
0.8700 1.0711 0.8700 1.1220
0.8800 1.0602 0.8800 1.1090
0.8700 1.0480 0.8700 1.0953
0.8300 1.1474 0.8300 1.1029
0.8000 1.1286 0.8000 1.1013
0.7900 1.0309 0.7900 1.0810
0.8200 1.0310 0.8200 1.0771
0.8500 1.0090 0.8500 1.0582
0.9100 1.0039 0.9100 1.0542
0.9400 1.0645 0.9400 1.0788
0.9500 1.0112 0.9500 1.0674
0.9600 1.0310 0.9600 1.0643
0.9900 1.0527 0.9900 1.0641
0.9900 1.0712 0.9900 1.0631
1.0300 1.0122 1.0300 1.0587
1.0900 0.9896 1.0900 1.0430
1.1400 0.9912 1.1400 1.0428
1.2200 0.9983 1.2200 1.0503
1.2300 1.0853 1.2300 1.0657
1.2300 1.1022 1.2300 1.0763
1.2500 1.2196 1.2500 1.1842
1.2600 1.1711 1.2600 1.1448
1.2700 1.1260 1.2700 1.0919
1.2600 1.1380 1.2600 1.0850
1.2300 1.2157 1.2300 1.1549
1.1700 1.1274 1.1700 1.0858
1.1300 1.2538 1.1300 1.1882
1.0900 1.3597 1.0900 1.2948
1.0600 1.3666 1.0600 1.3191
1.0100 1.4858 1.0100 1.4436
1.0100 1.3362 1.0100 1.3023
1.0700 1.3066 1.0700 1.2508
1.0800 1.3865 1.0800 1.3010
1.0800 1.3539 1.0800 1.2873
1.0300 1.3432 1.0300 1.2750
0.9500 1.2716 0.9500 1.2087
0.8800 1.1895 0.8800 1.1429
0.8200 1.0852 0.8200 1.1267
0.7800 1.0856 0.7800 1.1250
0.7500 1.0783 0.7500 1.1204
0.7300 1.0684 0.7300 1.1138
0.6700 1.0488 0.6700 1.0969
0.6500 1.0857 0.6500 1.1035
0.7000 1.3100 0.7000 1.2254
0.7600 1.1812 0.7600 1.1486
0.8100 1.1528 0.8100 1.1057
0.8400 1.0379 0.8400 1.0827
0.8900 1.0161 0.8900 1.0627
1.0100 1.0147 1.0100 1.0606
1.1100 1.0063 1.1100 1.0561
1.2300 0.9995 1.2300 1.0540
1.3400 0.9903 1.3400 1.0476
1.4700 0.9822 1.4700 1.0408
1.5400 0.9562 1.5400 1.0179
1.6200 0.9620 1.6200 1.0208
1.6800 1.0744 1.6800 1.0506
1.7200 1.1438 1.7200 1.1432
1.7700 1.1360 1.7700 1.1353
1.8000 1.1069 1.8000 1.0910
1.8200 1.2042 1.8200 1.1624
1.8400 1.4104 1.8400 1.4115
1.8600 1.4407 1.8600 1.4509
1.8800 1.5282 1.8800 1.5291
1.9100 1.5939 1.9100 1.5875
1.9400 1.7199 1.9400 1.7016
1.9700 1.6943 1.9700 1.6816
2.0100 1.7726 2.0100 1.7412
2.0400 1.8100 2.0400 1.7694
2.0900 1.8116 2.0900 1.7681
2.1300 1.8771 2.1300 1.8154
2.1700 1.8711 2.1700 1.8112
2.2100 1.8544 2.2100 1.8079
2.2400 1.8649 2.2400 1.8160
2.2600 1.8730 2.2600 1.8246
2.2700 1.8815 2.2700 1.8346
2.2800 1.9335 2.2800 1.8804
2.3000 1.9586 2.3000 1.9076
2.3200 1.9856 2.3200 1.9315
2.3500 2.0567 2.3500 1.9776
2.3600 2.0543 2.3600 1.9922
2.3400 2.1393 2.3400 2.0570
2.3500 2.1572 2.3500 2.0824
2.3600 2.1857 2.3600 2.1131
2.3600 2.2230 2.3600 2.1490
2.3600 2.2311 2.3600 2.1616
2.3500 2.2254 2.3500 2.1653
2.3300 2.1980 2.3300 2.1594
2.2600 2.2001 2.2600 2.1653
2.1600 2.2417 2.1600 2.1926
2.1000 2.2510 2.1000 2.2082
2.0700 2.3068 2.0700 2.2438
2.0500 2.2536 2.0500 2.2299
2.0400 2.1402 2.0400 2.1742
2.0400 2.2486 2.0400 2.2165
2.0300 2.2497 2.0300 2.2290
1.9900 2.2027 1.9900 2.2117
1.9600 2.2040 1.9600 2.2095
1.9200 2.1654 1.9200 2.1892
1.8800 2.1142 1.8800 2.1420
1.8100 1.8844 1.8100 1.9428
1.7400 1.6892 1.7400 1.7355
1.6600 1.7538 1.6600 1.7241
1.5300 1.7999 1.5300 1.7471
1.4600 1.7935 1.4600 1.7469
1.4400 1.8236 1.4400 1.7743
1.4700 1.8785 1.4700 1.8304
1.4500 1.8583 1.4500 1.8288
1.4200 1.7391 1.4200 1.7305
1.3800 1.7513 1.3800 1.7147
1.3500 1.6827 1.3500 1.6481
1.3200 1.6351 1.3200 1.5926
1.3100 1.4737 1.3100 1.4413
1.2900 1.4085 1.2900 1.3528
1.2700 1.3078 1.2700 1.3009
1.2500 1.2058 1.2500 1.2541
1.2300 1.2072 1.2300 1.2461
1.2100 1.2910 1.2100 1.2501
1.2000 1.4570 1.2000 1.3361
1.1800 1.3035 1.1800 1.2415
1.1500 1.2768 1.1500 1.2082
1.1200 1.2517 1.1200 1.1934
1.1000 1.2618 1.1000 1.1886
1.0800 1.2294 1.0800 1.1845
1.0700 1.2701 1.0700 1.1836
1.0500 1.2273 1.0500 1.1745
1.0400 1.2142 1.0400 1.1652
1.0200 1.2070 1.0200 1.1597
1.0100 1.1954 1.0100 1.1535
1.0000 1.1812 1.0000 1.1485
0.9900 1.2025 0.9900 1.1471
0.9900 1.1606 0.9900 1.1394
0.9900 1.1098 0.9900 1.1284
0.9900 1.0905 0.9900 1.1218
0.9900 1.1063 0.9900 1.1199
0.9900 1.0909 0.9900 1.1154
0.9900 1.1100 0.9900 1.1133
1.0100 1.0714 1.0100 1.1051
1.0200 1.0951 1.0200 1.1027
1.0300 1.0589 1.0300 1.0966
1.0400 1.0801 1.0400 1.0949
1.0300 1.0763 1.0300 1.0937
0.9900 1.0696 0.9900 1.0897
0.9900 1.0988 0.9900 1.0916
1.0100 1.1020 1.0100 1.0906
1.0000 1.1031 1.0000 1.0893
0.9600 1.1051 0.9600 1.0886
0.9700 1.1075 0.9700 1.0882
0.9500 1.1085 0.9500 1.0884
0.9200 1.1778 0.9200 1.1159
0.8800 1.1591 0.8800 1.1082
0.8500 1.1638 0.8500 1.1106
0.8100 1.1745 0.8100 1.1168
0.7700 1.1140 0.7700 1.0927
0.7600 1.0316 0.7600 1.0792
0.7600 1.1073 0.7600 1.0905
0.7800 1.1795 0.7800 1.1117
0.9700 1.0804 0.9700 1.0914
1.0000 1.0224 1.0000 1.0727
0.9300 1.1175 0.9300 1.0864
0.8600 1.0325 0.8600 1.0808
0.8400 1.0172 0.8400 1.0691
0.8700 1.0107 0.8700 1.0604
0.9200 1.0068 0.9200 1.0567
0.9700 0.9971 0.9700 1.0505
1.0200 0.9861 1.0200 1.0414
1.0600 0.9923 1.0600 1.0467
1.1300 0.9919 1.1300 1.0485
1.0900 1.0292 1.0900 1.0530
1.0900 1.4881 1.0900 1.4877
1.1100 1.2249 1.1100 1.2524
1.1800 0.9725 1.1800 1.0331
1.2600 0.9906 1.2600 1.0320
1.3200 1.0140 1.3200 1.0552
1.3600 1.1303 1.3600 1.0872
1.3700 1.1868 1.3700 1.1502
1.3700 1.2178 1.3700 1.1871
1.3300 1.2695 1.3300 1.2295
1.2700 1.2879 1.2700 1.2415
1.2400 1.4130 1.2400 1.3615
1.2200 1.0971 1.2200 1.0930
1.2200 1.1938 1.2200 1.1193
1.2000 1.2762 1.2000 1.1905
1.1900 1.4519 1.1900 1.3726
1.1800 1.5298 1.1800 1.4651
1.1600 1.5194 1.1600 1.4748
1.1400 1.5206 1.1400 1.4657
1.1400 1.4568 1.1400 1.4029
1.1300 1.4265 1.1300 1.3620
1.1100 1.2642 1.1100 1.2111
1.1300 1.1376 1.1300 1.1532
1.1600 1.1870 1.1600 1.1591
1.2000 1.1870 1.2000 1.1593
1.2100 1.2307 1.2100 1.1602
1.2100 1.1591 1.2100 1.1471
1.2000 1.1884 1.2000 1.1411
1.2100 1.1945 1.2100 1.1394
1.2500 1.1529 1.2500 1.1311
1.2700 1.1376 1.2700 1.1269
1.3000 1.1960 1.3000 1.1310
1.3000 1.1617 1.3000 1.1264
1.3000 1.1156 1.3000 1.1172
1.3300 1.2475 1.3300 1.1627
1.3300 1.3055 1.3300 1.2339
1.3500 1.3617 1.3500 1.2969
1.3500 1.2903 1.3500 1.2390
1.3500 1.2696 1.3500 1.2096
1.3400 1.2412 1.3400 1.1742
1.3300 1.3011 1.3300 1.2215
1.2900 1.4110 1.2900 1.3260
1.2500 1.3620 1.2500 1.3029
1.2200 1.4144 1.2200 1.3448
1.2000 1.3397 1.2000 1.2822
1.2000 1.3412 1.2000 1.2733
1.1900 1.4535 1.1900 1.3641
1.1800 1.3585 1.1800 1.2997
1.1800 1.4242 1.1800 1.3469
1.1700 1.3714 1.1700 1.3048
1.1600 1.3687 1.1600 1.2993
1.1400 1.3322 1.1400 1.2617
1.0900 1.3188 1.0900 1.2449
1.0500 1.1960 1.0500 1.1641
1.0400 1.1575 1.0400 1.1550
1.0300 1.1617 1.0300 1.1534
1.0100 1.1687 1.0100 1.1506
1.0100 1.2215 1.0100 1.1530
0.9900 1.1875 0.9900 1.1447
0.9600 1.1856 0.9600 1.1379
0.9500 1.2242 0.9500 1.1475
0.9400 1.1933 0.9400 1.1342
0.9200 1.1850 0.9200 1.1312
0.9100 1.1433 0.9100 1.1250
0.8900 1.0626 0.8900 1.1074
0.8700 1.0592 0.8700 1.1024
0.8600 1.0958 0.8600 1.1098
0.8800 1.0853 0.8800 1.1069
0.9400 1.0471 0.9400 1.0960
1.0400 1.0998 1.0400 1.0970
1.1600 1.0427 1.1600 1.0880
1.3100 1.0290 1.3100 1.0779
1.5400 1.0444 1.5400 1.0818
1.6900 1.0423 1.6900 1.0806
1.8500 1.0221 1.8500 1.0731
1.9900 1.0223 1.9900 1.0718
2.0600 1.0151 2.0600 1.0656
2.0600 1.0095 2.0600 1.0611
1.9300 1.0113 1.9300 1.0622
1.8200 1.0901 1.8200 1.0723
1.7000 1.2406 1.7000 1.1904
1.6000 1.4029 1.6000 1.3721
1.5200 1.4935 1.5200 1.4929
1.4400 1.6268 1.4400 1.6206
1.3700 1.9181 1.3700 1.8859
1.2900 1.9014 1.2900 1.9058
1.2100 2.0451 1.2100 2.0289
1.1300 2.1595 1.1300 2.1343
1.0900 2.1081 1.0900 2.1043
1.0700 2.0209 1.0700 2.0109
1.0300 1.5500 1.0300 1.6484
1.0000 1.4687 1.0000 1.4596
0.9200 1.2811 0.9200 1.3152
0.8500 1.2506 0.8500 1.2942
0.7900 1.2321 0.7900 1.2768
0.7400 1.1960 0.7400 1.2442
0.7300 1.1715 0.7300 1.2180
0.7000 1.1412 0.7000 1.1875
0.7100 1.1147 0.7100 1.1606
0.7100 1.0923 0.7100 1.1380
0.7600 1.0889 0.7600 1.1328
0.8700 1.0829 0.8700 1.1287
1.0100 1.0560 1.0100 1.1068
1.1400 1.0474 1.1400 1.0955
1.1600 1.0155 1.1600 1.0662
1.1100 1.0026 1.1100 1.0529
1.0600 0.9988 1.0600 1.0494
1.0200 0.9861 1.0200 1.0420
0.9800 0.9913 0.9800 1.0484
0.9300 0.9731 0.9300 1.0342
0.8800 0.9790 0.8800 1.0384
0.8900 0.9766 0.8900 1.0362
0.9200 1.1065 0.9200 1.0829
0.9400 1.3197 0.9400 1.3087
0.9500 1.4274 0.9500 1.4532
0.9400 1.4769 0.9400 1.5001
0.9300 1.3251 0.9300 1.3175
0.9400 1.1044 0.9400 1.0784
0.9700 1.0732 0.9700 1.0853
0.9800 1.0548 0.9800 1.0942
1.0000 1.0460 1.0000 1.0927
1.0300 1.0283 1.0300 1.0785
1.0600 1.0146 1.0600 1.0653
1.0500 1.0453 1.0500 1.0801
1.0700 1.1305 1.0700 1.0898
1.0800 1.1152 1.0800 1.0835
1.1400 1.1006 1.1400 1.0765
1.1600 1.0544 1.1600 1.0685
1.1400 1.0531 1.1400 1.0696
1.1300 1.1135 1.1300 1.0801
1.1700 1.1848 1.1700 1.1290
1.1400 1.1324 1.1400 1.0927
1.1500 1.1712 1.1500 1.1193
1.1400 1.2293 1.1400 1.1710
1.1500 1.2532 1.1500 1.1999
1.1700 1.1327 1.1700 1.0944
1.2100 1.2279 1.2100 1.1576
1.2400 1.2143 1.2400 1.1532
1.2200 1.3892 1.2200 1.3125
1.1900 1.2926 1.1900 1.2461
1.1500 1.1598 1.1500 1.1197
1.1700 1.1886 1.1700 1.1155
1.2200 1.3646 1.2200 1.2721
1.2800 1.1325 1.2800 1.1217
1.3000 1.2340 1.3000 1.1565
1.3000 1.1843 1.3000 1.1260
1.2900 1.2432 1.2900 1.1721
1.3300 1.2865 1.3300 1.2124
1.3900 1.3720 1.3900 1.2993
1.5800 1.3723 1.5800 1.3110
1.5900 1.2170 1.5900 1.1747
1.6100 1.1699 1.6100 1.1273
1.6600 1.1133 1.6600 1.1231
1.7000 1.2875 1.7000 1.1881
1.7700 1.4012 1.7700 1.3156
1.8200 1.4675 1.8200 1.4012
1.8700 1.3810 1.8700 1.3355
1.9000 1.3419 1.9000 1.2868
1.9400 1.3195 1.9400 1.2515
1.9800 1.4909 1.9800 1.3933
2.0600 1.5861 2.0600 1.5009
2.0800 1.9247 2.0800 1.8463
2.1900 1.6115 2.1900 1.6344
2.2500 1.6568 2.2500 1.6281
2.2400 1.7979 2.2400 1.7291
2.2600 1.8116 2.2600 1.7515
2.2900 1.9148 2.2900 1.8373
2.3300 1.9098 2.3300 1.8458
2.3500 1.9455 2.3500 1.8826
2.3600 1.9479 2.3600 1.8865
2.3800 1.9981 2.3800 1.9276
2.4000 2.0380 2.4000 1.9634
2.4000 2.1618 2.4000 2.0751
2.3900 2.0693 2.3900 2.0226
2.3600 2.3070 2.3600 2.2139
2.3500 2.2855 2.3500 2.2235
2.3400 2.1222 2.3400 2.1156
2.3300 2.2380 2.3300 2.1671
2.3400 2.2894 2.3400 2.2083
2.3600 2.3344 2.3600 2.2501
2.3800 2.2813 2.3800 2.2374
2.3500 2.2599 2.3500 2.2282
2.3500 2.3185 2.3500 2.2606
2.3700 2.3307 2.3700 2.2787
2.3600 2.2572 2.3600 2.2522
2.3400 2.2128 2.3400 2.2272
2.3000 2.1189 2.3000 2.1622
2.2600 2.1658 2.2600 2.1771
2.2300 2.1460 2.2300 2.1583
2.2100 2.1252 2.2100 2.1391
2.1900 2.2016 2.1900 2.1954
2.1900 2.2562 2.1900 2.2310
2.1700 2.2797 2.1700 2.2506
2.1300 2.0994 2.1300 2.1556
2.1200 2.2045 2.1200 2.1981
2.0900 2.2895 2.0900 2.2478
2.0700 2.1662 2.0700 2.2003
2.0500 2.1154 2.0500 2.1467
2.0300 2.0208 2.0300 2.0539
2.0500 1.9801 2.0500 1.9987
2.0500 1.9745 2.0500 1.9723
2.0200 1.9749 2.0200 1.9625
1.9900 1.9526 1.9900 1.9419
1.9600 2.0210 1.9600 1.9930
1.9300 1.9472 1.9300 1.9446
1.9000 1.8528 1.9000 1.8599
1.8800 1.9487 1.8800 1.9128
1.8600 1.8545 1.8600 1.8436
1.8200 1.8603 1.8200 1.8349
1.7700 1.8463 1.7700 1.8151
1.7300 1.8274 1.7300 1.7978
1.6900 1.9773 1.6900 1.9150
1.6500 1.9154 1.6500 1.8889
1.6000 1.7971 1.6000 1.7936
1.5800 1.7845 1.5800 1.7578
1.5500 1.7585 1.5500 1.7242
1.5100 1.7201 1.5100 1.6823
1.4600 1.6833 1.4600 1.6382
1.4100 1.6945 1.4100 1.6375
1.3700 1.6785 1.3700 1.6241
1.3400 1.5823 1.3400 1.5415
1.3100 1.5116 1.3100 1.4635
1.2900 1.5107 1.2900 1.4420
1.2800 1.4713 1.2800 1.4017
1.2500 1.4302 1.2500 1.3581
1.2200 1.3572 1.2200 1.2865
1.1800 1.4360 1.1800 1.3399
1.1500 1.3847 1.1500 1.3063
1.1200 1.3203 1.1200 1.2486
1.1000 1.2572 1.1000 1.2259
1.0700 1.2213 1.0700 1.2112
1.0500 1.2192 1.0500 1.2030
1.0300 1.2212 1.0300 1.1956
1.0100 1.1973 1.0100 1.1844
0.9800 1.2157 0.9800 1.1772
0.9600 1.2460 0.9600 1.1736
0.9600 1.1711 0.9600 1.1589
0.9600 1.1521 0.9600 1.1492
0.9300 1.0996 0.9300 1.1384
0.9100 1.1057 0.9100 1.1331
0.8900 1.0844 0.8900 1.1271
0.8900 1.0943 0.8900 1.1222
0.8800 1.0665 0.8800 1.1119
0.8700 1.0641 0.8700 1.1066
0.8700 1.0569 0.8700 1.1021
0.8700 1.0490 0.8700 1.0957
0.8800 1.0387 0.8800 1.0865
0.8900 1.0361 0.8900 1.0833
0.9000 1.0756 0.9000 1.0884
0.9100 1.0774 0.9100 1.0868
0.9300 1.0193 0.9300 1.0710
0.9500 1.0186 0.9500 1.0673
0.9500 1.0178 0.9500 1.0665
0.9600 1.0402 0.9600 1.0713
0.9700 1.0150 0.9700 1.0673
0.9700 1.0089 0.9700 1.0613
0.9600 1.0293 0.9600 1.0638
0.9600 1.0344 0.9600 1.0635
0.9800 1.0671 0.9800 1.0671
1.0200 1.0754 1.0200 1.0681
1.0500 1.0831 1.0500 1.0684
1.0600 1.0913 1.0600 1.0702
1.0700 1.1333 1.0700 1.0855
1.0700 1.1481 1.0700 1.1024
1.0800 1.0921 1.0800 1.0751
1.0900 1.1245 1.0900 1.0792
1.0900 1.1352 1.0900 1.0837
1.0900 1.1043 1.0900 1.0817
1.0900 1.0655 1.0900 1.0780
1.0900 1.0925 1.0900 1.0808
1.0800 1.1622 1.0800 1.1018
1.0800 1.2428 1.0800 1.1856
1.0700 1.2356 1.0700 1.1896
1.0400 1.1896 1.0400 1.1448
0.9200 1.2035 0.9200 1.1446
0.8300 1.1798 0.8300 1.1211
0.7800 1.2089 0.7800 1.1434
0.7600 1.2113 0.7600 1.1483
0.7700 1.1783 0.7700 1.1213
0.8000 1.1767 0.8000 1.1140
0.8300 1.1780 0.8300 1.1137
0.8300 1.1767 0.8300 1.1131
0.8300 1.1388 0.8300 1.1087
0.8900 1.1649 0.8900 1.1108
1.0400 1.1310 1.0400 1.1076
1.0800 1.0504 1.0800 1.0960
1.0900 1.0007 1.0900 1.0528
1.1000 0.9964 1.1000 1.0434
1.1400 1.0078 1.1400 1.0550
1.1800 1.0021 1.1800 1.0587
1.2000 1.0023 1.2000 1.0617
1.2300 1.0474 1.2300 1.0607
1.2200 1.0832 1.2200 1.0640
1.2000 1.0138 1.2000 1.0482
1.1900 1.0183 1.1900 1.0473
1.2000 1.2256 1.2000 1.1667
1.2200 1.4818 1.2200 1.4777
1.2400 1.3029 1.2400 1.3067
1.2700 1.2183 1.2700 1.1889
1.3100 1.2562 1.3100 1.1830
1.3700 1.3737 1.3700 1.2931
1.4500 1.3829 1.4500 1.3175
1.5500 1.3226 1.5500 1.2705
1.6200 1.3760 1.6200 1.3068
1.6600 1.2611 1.6600 1.2096
1.7000 1.2107 1.7000 1.1483
1.7200 1.2281 1.7200 1.1485
1.7600 1.2841 1.7600 1.2025
1.8100 1.3182 1.8100 1.2435
1.8300 1.3298 1.8300 1.2619
1.8400 1.3888 1.8400 1.3164
1.8300 1.4591 1.8300 1.3850
1.8200 1.5712 1.8200 1.4927
1.8100 1.6615 1.8100 1.6113
1.7900 1.7602 1.7900 1.7105
1.7600 1.7639 1.7600 1.7263
1.7600 1.7499 1.7600 1.7137
1.7700 1.7965 1.7700 1.7446
1.8100 1.7914 1.8100 1.7372
1.9600 1.8599 1.9600 1.7872
2.1400 1.9166 2.1400 1.8390
2.3100 1.8440 2.3100 1.8113
2.3500 1.8224 2.3500 1.7846
2.3200 1.7541 2.3200 1.7196
2.2900 1.7363 2.2900 1.6914
2.2900 1.7144 2.2900 1.6627
2.1900 1.6504 2.1900 1.6035
2.0800 1.5856 2.0800 1.5366
1.9800 1.6762 1.9800 1.5971
1.8900 1.7136 1.8900 1.6404
1.7600 1.8386 1.7600 1.7580
1.6600 2.1890 1.6600 2.0707
1.6000 2.3619 1.6000 2.2748
1.4800 2.4569 1.4800 2.4084
1.5800 2.2827 1.5800 2.2935
1.5500 2.1694 1.5500 2.1790
1.4700 2.1958 1.4700 2.1553
1.4000 2.2284 1.4000 2.1801
1.3700 1.7464 1.3700 1.8363
1.3600 1.5774 1.3600 1.6094
1.3700 1.5161 1.3700 1.4887
1.3600 1.4392 1.3600 1.3936
1.3400 1.2945 1.3400 1.3482
1.2800 1.2707 1.2800 1.3186
1.1800 1.2654 1.1800 1.3049
1.0500 1.1966 1.0500 1.2502
0.9000 1.7476 0.9000 1.5311
0.7600 1.3535 0.7600 1.3097
0.6600 1.1537 0.6600 1.2094
0.5800 1.1704 0.5800 1.2035
0.5300 1.2731 0.5300 1.2021
0.5200 1.3069 0.5200 1.2101
0.5400 1.3513 0.5400 1.2579
0.5700 1.2967 0.5700 1.2257
0.6200 1.2702 0.6200 1.2004
0.8000 1.1213 0.8000 1.1585
1.0100 1.0849 1.0100 1.1282
1.1300 1.0536 1.1300 1.0982
1.1600 1.0185 1.1600 1.0666
1.1000 0.9931 1.1000 1.0450
1.0500 0.9810 1.0500 1.0376
1.0700 0.9618 1.0700 1.0261
1.1600 0.9483 1.1600 1.0170
1.2700 0.9481 1.2700 1.0174
1.4300 0.9508 1.4300 1.0208
1.5500 0.9631 1.5500 1.0213
1.6500 1.0427 1.6500 1.0600
1.7400 1.3639 1.7400 1.4111
1.6100 1.5207 1.6100 1.5696
1.4200 1.4348 1.4200 1.4893
1.2700 1.3184 1.2700 1.3383
1.2200 1.0926 1.2200 1.0703
1.3100 1.0793 1.3100 1.0827
1.3900 1.2654 1.3900 1.1552
1.5200 1.4888 1.5200 1.3982
1.5700 1.5769 1.5700 1.5426
1.5600 1.7326 1.5600 1.7024
1.5600 1.7573 1.5600 1.7443
1.5500 1.8043 1.5500 1.7891
1.5800 1.8834 1.5800 1.8533
1.5500 1.2834 1.5500 1.3684
1.6000 1.1238 1.6000 1.1660
1.6400 1.1406 1.6400 1.1663
1.6800 1.1568 1.6800 1.1883
1.7000 1.4993 1.7000 1.3331
1.6500 1.5142 1.6500 1.4308
1.5200 1.7528 1.5200 1.6950
1.3200 1.6749 1.3200 1.6515
1.1400 1.5539 1.1400 1.5376
1.0500 1.6086 1.0500 1.5384
0.9800 1.5506 0.9800 1.4863
0.9400 1.6600 0.9400 1.5709
0.9500 1.4298 0.9500 1.3891
1.1000 1.7058 1.1000 1.5971
1.1400 1.7243 1.1400 1.6465
1.1800 1.7494 1.1800 1.6908
1.1600 1.7231 1.1600 1.6707
1.0900 1.4729 1.0900 1.4599
1.0600 1.1763 1.0600 1.2185
1.0700 1.1212 1.0700 1.1655
1.2300 1.0970 1.2300 1.1375
1.2800 1.1056 1.2800 1.1453
1.2700 1.0767 1.2700 1.1306
1.1900 1.0516 1.1900 1.1105
1.1200 1.0545 1.1200 1.1072
1.0500 1.5229 1.0500 1.4508
1.0100 1.3070 1.0100 1.3047
0.9700 1.3415 0.9700 1.3044
0.9600 1.2043 0.9600 1.1565
0.9600 1.0440 0.9600 1.0868
0.9700 1.0909 0.9700 1.1049
0.9600 1.1934 0.9600 1.1221
0.9700 1.6438 0.9700 1.5801
0.9400 1.4437 0.9400 1.4310
0.9700 1.2690 0.9700 1.2546
1.0000 1.0704 1.0000 1.1085
1.0100 1.0691 1.0100 1.1041
1.0000 1.0675 1.0000 1.1075
0.9800 1.0619 0.9800 1.1068
0.9600 1.0483 0.9600 1.0975
0.9500 1.0448 0.9500 1.0941
0.9600 1.0544 0.9600 1.0925
0.9600 1.0992 0.9600 1.0902
0.9500 1.0480 0.9500 1.0807
0.9400 1.1162 0.9400 1.0841
0.9600 1.0219 0.9600 1.0715
0.9900 1.1759 0.9900 1.1046
1.0200 1.2055 1.0200 1.1507
1.0400 1.1498 1.0400 1.1125
1.1000 1.0878 1.1000 1.0837
1.1300 1.0540 1.1300 1.0774
1.1600 1.0419 1.1600 1.0786
1.2600 1.0557 1.2600 1.0817
1.3900 1.1114 1.3900 1.0886
1.4000 1.0824 1.4000 1.0846
1.4200 1.0472 1.4200 1.0768
1.5000 1.0455 1.5000 1.0746
1.5400 1.1462 1.5400 1.0865
1.5000 1.1957 1.5000 1.1426
1.3200 1.2126 1.3200 1.1660
1.1300 1.2023 1.1300 1.1548
0.9600 1.3640 0.9600 1.2936
0.8700 1.3107 0.8700 1.2635
0.9000 1.3270 0.9000 1.2714
0.9800 1.5529 0.9800 1.5116
0.9600 1.6867 0.9600 1.6512
0.9200 1.4687 0.9200 1.4670
0.8300 1.5235 0.8300 1.4624
0.7800 1.7140 0.7800 1.6485
0.7700 1.6845 0.7700 1.6382
0.7300 1.3907 0.7300 1.3780
0.7700 1.0945 0.7700 1.1418
0.9200 1.0665 0.9200 1.1055
1.0600 1.0539 1.0600 1.0924
1.1000 1.0506 1.1000 1.0980
1.2100 1.0759 1.2100 1.1283
1.3100 1.2256 1.3100 1.1654
1.3000 1.0175 1.3000 1.0815
1.2700 0.9995 1.2700 1.0521
1.2500 0.9834 1.2500 1.0310
1.2200 0.9908 1.2200 1.0394
1.2800 1.0068 1.2800 1.0587
1.3700 0.9789 1.3700 1.0400
1.3600 1.0563 1.3600 1.0580
1.3800 1.4105 1.3800 1.4166
1.3700 1.4618 1.3700 1.4900
1.3900 1.3075 1.3900 1.3146
1.4000 1.4858 1.4000 1.4789
1.4300 1.5780 1.4300 1.5632
1.5100 1.3639 1.5100 1.3537
1.6100 1.2698 1.6100 1.2149
1.7200 1.2851 1.7200 1.1988
1.8100 1.2077 1.8100 1.1460
1.8700 1.4809 1.8700 1.3663
1.9000 1.6320 1.9000 1.5412
1.9500 1.3320 1.9500 1.3182
1.9500 1.4538 1.9500 1.3783
1.9500 1.3886 1.9500 1.3218
1.9800 1.4789 1.9800 1.3971
2.0200 1.4448 2.0200 1.3720
2.0600 1.5145 2.0600 1.4349
2.0700 1.7207 2.0700 1.6355
2.0700 1.8152 2.0700 1.7513
2.0500 1.9031 2.0500 1.8485
2.0500 1.9390 2.0500 1.8961
2.0500 1.9450 2.0500 1.9081
2.0500 1.9381 2.0500 1.8967
