1.0100 1.2211 1.0100 1.1968
1.0000 1.2270 1.0000 1.2070
0.9900 1.2300 0.9900 1.2168
0.9900 1.1682 0.9900 1.1560
1.0100 1.1208 1.0100 1.1288
1.0200 1.0812 1.0200 1.0863
1.0400 1.0648 1.0400 1.0584
1.0500 1.0398 1.0500 1.0118
1.0600 1.0134 1.0600 0.9693
1.0700 1.0239 1.0700 0.9745
1.0600 1.0759 1.0600 1.0279
1.0500 1.1127 1.0500 1.0751
1.0500 1.0938 1.0500 1.0584
1.0600 1.0678 1.0600 1.0506
1.0700 1.0664 1.0700 1.0700
1.0800 1.0930 1.0800 1.1005
1.0800 1.1531 1.0800 1.1662
1.0700 1.1366 1.0700 1.1325
1.0400 1.1723 1.0400 1.1877
1.0400 1.1625 1.0400 1.1879
1.0700 1.1706 1.0700 1.1981
1.1000 1.1795 1.1000 1.2172
1.1100 1.1234 1.1100 1.1377
1.0900 1.1121 1.0900 1.1341
1.0800 1.1347 1.0800 1.1535
1.0900 1.1636 1.0900 1.1700
1.1100 1.1681 1.1100 1.1674
1.1200 1.1743 1.1200 1.1790
1.1000 1.1542 1.1000 1.1627
1.1000 1.1247 1.1000 1.1342
1.1100 1.0672 1.1100 1.0868
1.1300 1.1222 1.1300 1.1350
1.1600 1.2161 1.1600 1.2350
1.1800 1.2347 1.1800 1.2254
1.1800 1.1943 1.1800 1.1902
1.1400 1.1137 1.1400 1.1359
1.1100 1.1354 1.1100 1.1755
1.1100 1.1926 1.1100 1.2305
1.1200 1.2241 1.1200 1.2327
1.1600 1.2018 1.1600 1.1965
1.2000 1.1156 1.2000 1.1164
1.2200 1.1662 1.2200 1.1937
1.2100 1.2035 1.2100 1.2312
1.1900 1.2368 1.1900 1.2438
1.1700 1.2801 1.1700 1.3025
1.1400 1.2739 1.1400 1.2937
1.1200 1.2304 1.1200 1.2535
1.1200 1.1313 1.1200 1.1640
1.1100 1.1175 1.1100 1.1606
1.1000 1.1742 1.1000 1.1921
1.0900 1.1969 1.0900 1.1698
1.0800 1.2905 1.0800 1.2841
1.0900 1.3269 1.0900 1.3365
1.0900 1.3028 1.0900 1.3189
1.0900 1.2313 1.0900 1.2651
1.0800 1.1950 1.0800 1.2523
1.0800 1.1791 1.0800 1.2251
1.0600 1.1225 1.0600 1.1416
1.0400 1.1201 1.0400 1.1082
1.0300 1.1646 1.0300 1.1376
1.0300 1.1334 1.0300 1.0816
0.9900 1.1252 0.9900 1.0850
0.9600 1.1232 0.9600 1.1024
0.9500 1.1201 0.9500 1.0986
0.9700 1.1763 0.9700 1.1753
0.9700 1.1543 0.9700 1.1377
0.9700 1.1529 0.9700 1.1405
0.9600 1.1256 0.9600 1.1228
0.9400 1.1503 0.9400 1.1550
0.9100 1.0905 0.9100 1.0935
0.8900 1.0702 0.8900 1.0712
0.8600 1.0874 0.8600 1.0798
0.8300 1.1105 0.8300 1.0903
0.8000 1.0039 0.8000 0.9821
0.7900 0.9974 0.7900 0.9893
0.8000 1.0315 0.8000 1.0183
0.8200 1.1166 0.8200 1.0947
0.8500 1.0713 0.8500 1.0297
0.9000 1.0687 0.9000 1.0461
0.9600 1.0491 0.9600 1.0536
1.0100 1.0180 1.0100 1.0328
1.0600 0.9890 1.0600 1.0021
1.1100 0.9776 1.1100 0.9835
1.1400 0.9597 1.1400 0.9314
1.1600 0.9637 1.1600 0.9385
1.1700 0.9653 1.1700 0.9421
1.2000 0.9898 1.2000 0.9320
1.2500 1.0313 1.2500 0.9866
1.2900 1.0419 1.2900 1.0155
1.3200 1.0797 1.3200 1.0890
1.3600 1.1635 1.3600 1.2112
1.4000 1.2333 1.4000 1.3036
1.4400 1.2478 1.4400 1.3233
1.4800 1.2836 1.4800 1.3829
1.5100 1.3235 1.5100 1.4384
1.5200 1.2995 1.5200 1.3957
1.5100 1.2862 1.5100 1.3788
1.4700 1.2671 1.4700 1.3508
1.4400 1.3330 1.4400 1.4190
1.4500 1.4158 1.4500 1.4997
1.4900 1.4173 1.4900 1.4709
1.5500 1.4148 1.5500 1.4772
1.6200 1.4768 1.6200 1.5744
1.6600 1.5152 1.6600 1.6127
1.6700 1.5460 1.6700 1.6384
1.6700 1.5776 1.6700 1.6758
1.7000 1.5782 1.7000 1.6691
1.7600 1.5367 1.7600 1.6165
1.8300 1.4764 1.8300 1.5448
1.8800 1.3632 1.8800 1.4261
1.8900 1.3566 1.8900 1.3964
1.8900 1.4598 1.8900 1.4921
1.8900 1.5571 1.8900 1.5638
1.9300 1.6499 1.9300 1.6650
1.9700 1.7404 1.9700 1.7951
1.9700 1.7145 1.9700 1.7834
1.9200 1.6605 1.9200 1.7551
1.8600 1.6462 1.8600 1.7706
1.8100 1.7521 1.8100 1.8934
1.7900 1.8722 1.7900 1.9972
1.7900 1.9426 1.7900 2.0384
1.8200 1.9306 1.8200 2.0209
1.8300 1.8433 1.8300 1.9411
1.8400 1.8311 1.8400 1.9712
1.8400 1.8369 1.8400 1.9783
1.8600 1.9702 1.8600 2.1140
1.8700 1.9885 1.8700 2.0847
1.8700 1.8661 1.8700 1.9054
1.8600 1.6926 1.8600 1.7461
1.8200 1.6250 1.8200 1.7141
1.7700 1.6116 1.7700 1.6658
1.7500 1.6584 1.7500 1.6692
1.7300 1.6922 1.7300 1.6702
1.7300 1.7894 1.7300 1.7824
1.7400 1.7509 1.7400 1.7408
1.7500 1.7707 1.7500 1.8029
1.7600 1.7616 1.7600 1.8302
1.7600 1.8385 1.7600 1.9284
1.7500 1.8205 1.7500 1.8938
1.7300 1.7860 1.7300 1.8381
1.7000 1.7533 1.7000 1.8185
1.6700 1.6376 1.6700 1.6674
1.6300 1.5664 1.6300 1.6000
1.6000 1.6282 1.6000 1.6678
1.5700 1.6009 1.5700 1.5842
1.5400 1.6425 1.5400 1.6230
1.5200 1.6787 1.5200 1.6805
1.5000 1.6914 1.5000 1.6947
1.4800 1.7089 1.4800 1.7426
1.4800 1.6890 1.4800 1.7291
1.4700 1.6587 1.4700 1.7020
1.4500 1.6167 1.4500 1.6563
1.4200 1.5622 1.4200 1.5834
1.3800 1.5326 1.3800 1.5416
1.3500 1.4662 1.3500 1.4465
1.3200 1.4614 1.3200 1.4330
1.2400 1.4333 1.2400 1.3908
1.1700 1.4041 1.1700 1.3450
1.1300 1.4141 1.1300 1.3704
1.1600 1.3990 1.1600 1.3497
1.2200 1.3839 1.2200 1.3365
1.2800 1.4382 1.2800 1.4206
1.3200 1.4079 1.3200 1.3761
1.3200 1.3661 1.3200 1.3311
1.3000 1.3199 1.3000 1.3038
1.2900 1.2634 1.2900 1.2550
1.2800 1.2630 1.2800 1.2424
1.2700 1.2344 1.2700 1.1906
1.2700 1.0832 1.2700 1.0287
1.2900 1.0469 1.2900 1.0060
1.3300 1.0520 1.3300 1.0071
1.3700 1.2434 1.3700 1.1689
1.4200 1.3622 1.4200 1.3012
1.4500 1.4128 1.4500 1.3717
1.4600 1.4180 1.4600 1.4429
1.4600 1.3426 1.4600 1.3963
1.4700 1.2886 1.4700 1.3732
1.4800 1.3049 1.4800 1.3804
1.4900 1.2867 1.4900 1.3118
1.5000 1.2632 1.5000 1.2510
1.5100 1.2802 1.5100 1.2699
1.5000 1.3458 1.5000 1.3495
1.4900 1.4299 1.4900 1.4515
1.4900 1.4651 1.4900 1.4933
1.4700 1.5355 1.4700 1.5979
1.4800 1.5210 1.4800 1.5911
1.4600 1.4841 1.4600 1.5553
1.4800 1.4630 1.4800 1.5472
1.5000 1.4952 1.5000 1.5763
1.5200 1.4975 1.5200 1.5521
1.5500 1.4958 1.5500 1.5299
1.5600 1.5011 1.5600 1.5371
1.5500 1.5101 1.5500 1.5470
1.5300 1.4519 1.5300 1.4721
1.5200 1.4423 1.5200 1.4693
1.5000 1.4689 1.5000 1.5046
1.4500 1.3970 1.4500 1.3879
1.3600 1.4763 1.3600 1.4980
1.3300 1.3848 1.3300 1.3693
1.3800 1.4984 1.3800 1.5168
1.4600 1.5227 1.4600 1.5543
1.5100 1.5343 1.5100 1.5414
1.5300 1.5918 1.5300 1.6502
1.5400 1.5537 1.5400 1.5935
1.5500 1.4981 1.5500 1.5381
1.5600 1.4572 1.5600 1.5040
1.5600 1.4732 1.5600 1.5146
1.5500 1.4241 1.5500 1.4260
1.5400 1.2941 1.5400 1.2923
1.5200 1.1716 1.5200 1.1550
1.5000 1.2386 1.5000 1.2222
1.4500 1.4819 1.4500 1.4767
1.3700 1.6072 1.3700 1.5602
1.3100 1.5741 1.3100 1.5365
1.2700 1.5375 1.2700 1.5700
1.2600 1.5523 1.2600 1.6591
1.2400 1.5737 1.2400 1.6877
1.2200 1.5746 1.2200 1.6595
1.2200 1.5356 1.2200 1.5840
1.2200 1.4940 1.2200 1.5246
1.2200 1.4840 1.2200 1.5147
1.2100 1.4395 1.2100 1.4482
1.2000 1.4178 1.2000 1.4151
1.2000 1.2950 1.2000 1.2953
1.2000 1.1884 1.2000 1.1733
1.2000 1.1606 1.2000 1.1532
1.2000 1.1591 1.2000 1.0984
1.1700 1.2164 1.1700 1.1054
1.1400 1.1739 1.1400 1.0521
1.1100 1.1630 1.1100 1.0672
1.1200 1.2275 1.1200 1.1927
1.1400 1.2380 1.1400 1.2040
1.1800 1.2403 1.1800 1.2140
1.2200 1.2111 1.2200 1.1929
1.2500 1.2066 1.2500 1.1970
1.2800 1.2342 1.2800 1.2383
1.3200 1.2336 1.3200 1.2253
1.3700 1.2314 1.3700 1.2210
1.3900 1.2321 1.3900 1.2290
1.3800 1.1385 1.3800 1.1385
1.3800 1.1163 1.3800 1.1294
1.4000 1.0917 1.4000 1.0991
1.4200 1.1911 1.4200 1.1744
1.4100 1.2298 1.4100 1.2048
1.3700 1.3044 1.3700 1.2916
1.3200 1.3449 1.3200 1.3680
1.3000 1.3532 1.3000 1.3910
1.3000 1.3859 1.3000 1.4596
1.3300 1.4471 1.3300 1.5391
1.3500 1.5129 1.3500 1.6083
1.3500 1.4535 1.3500 1.5166
1.3200 1.3681 1.3200 1.4207
1.2900 1.3956 1.2900 1.4792
1.2600 1.4617 1.2600 1.5368
1.2600 1.4678 1.2600 1.5016
1.2700 1.3747 1.2700 1.3735
1.2700 1.2666 1.2700 1.2940
1.2700 1.2206 1.2700 1.2549
1.2600 1.2601 1.2600 1.2595
1.2700 1.3007 1.2700 1.2674
1.2600 1.3875 1.2600 1.3526
1.2500 1.3816 1.2500 1.3507
1.2400 1.3399 1.2400 1.3227
1.2200 1.2541 1.2200 1.2766
1.2100 1.2347 1.2100 1.2719
1.2100 1.2098 1.2100 1.2288
1.2100 1.2730 1.2100 1.2565
1.2400 1.2996 1.2400 1.2700
1.2600 1.2716 1.2600 1.2246
1.2600 1.2770 1.2600 1.2642
1.2400 1.2533 1.2400 1.2498
1.2300 1.3138 1.2300 1.3334
1.2400 1.2583 1.2400 1.2525
1.2900 1.2444 1.2900 1.2325
1.3300 1.2390 1.3300 1.2420
1.3400 1.1978 1.3400 1.1810
1.3000 1.2124 1.3000 1.1993
1.2700 1.2357 1.2700 1.2229
1.2700 1.2351 1.2700 1.2108
1.3100 1.3312 1.3100 1.3431
1.3600 1.3287 1.3600 1.3346
1.3900 1.2814 1.3900 1.2801
1.4000 1.2217 1.4000 1.2472
1.3900 1.2408 1.3900 1.2694
1.3600 1.2975 1.3600 1.3256
1.3200 1.4265 1.3200 1.4596
1.2600 1.4320 1.2600 1.4454
1.2400 1.3675 1.2400 1.3763
1.2300 1.2396 1.2300 1.2816
1.2300 1.2329 1.2300 1.3007
1.2500 1.3026 1.2500 1.3479
1.2700 1.4179 1.2700 1.4319
1.3000 1.4719 1.3000 1.4739
1.3400 1.4479 1.3400 1.4504
1.3700 1.4203 1.3700 1.4631
1.4000 1.3756 1.4000 1.4359
1.4300 1.3033 1.4300 1.3636
1.4900 1.2424 1.4900 1.2897
1.5500 1.1554 1.5500 1.1639
1.5800 1.1994 1.5800 1.1719
1.6000 1.2125 1.6000 1.1498
1.6200 1.2293 1.6200 1.1485
1.6300 1.2986 1.6300 1.2683
1.6200 1.3246 1.6200 1.3083
1.6100 1.3821 1.6100 1.4022
1.6400 1.4468 1.6400 1.4998
1.6800 1.4522 1.6800 1.5034
1.7300 1.4797 1.7300 1.5508
1.7800 1.5086 1.7800 1.5934
1.8200 1.6346 1.8200 1.7461
1.8500 1.6858 1.8500 1.7885
1.8700 1.6322 1.8700 1.7061
1.8900 1.6284 1.8900 1.7355
1.8900 1.6535 1.8900 1.7761
1.8700 1.6348 1.8700 1.7282
1.8300 1.5649 1.8300 1.6244
1.7800 1.5496 1.7800 1.6055
1.7400 1.6779 1.7400 1.7619
1.7100 1.7321 1.7100 1.7875
1.6900 1.7922 1.6900 1.8469
1.6700 1.8409 1.6700 1.9277
1.6400 1.8594 1.6400 1.9606
1.6100 1.8692 1.6100 1.9926
1.5600 1.8642 1.5600 1.9918
1.5100 1.8816 1.5100 2.0109
1.4500 1.8231 1.4500 1.9210
1.4100 1.7448 1.4100 1.8172
1.3800 1.6528 1.3800 1.7080
1.3500 1.5775 1.3500 1.6107
1.3200 1.5634 1.3200 1.5736
1.2800 1.5538 1.2800 1.5313
1.2300 1.5536 1.2300 1.5110
1.1800 1.5335 1.1800 1.4861
1.1400 1.4843 1.1400 1.4347
1.1200 1.4652 1.1200 1.4331
1.1000 1.3743 1.1000 1.3493
1.0700 1.3310 1.0700 1.3093
1.0200 1.2535 1.0200 1.2315
1.0000 1.2666 1.0000 1.2065
1.0100 1.2658 1.0100 1.1794
1.0300 1.2374 1.0300 1.1365
1.0300 1.2166 1.0300 1.1362
1.0200 1.1657 1.0200 1.1076
1.0100 1.1111 1.0100 1.0744
1.0000 1.0783 1.0000 1.0432
0.9700 1.0632 0.9700 1.0165
0.9500 1.0963 0.9500 1.0170
0.9300 1.0829 0.9300 0.9938
0.9300 1.0397 0.9300 0.9730
0.9300 0.9861 0.9300 0.9408
0.9500 1.0246 0.9500 0.9938
0.9700 1.1107 0.9700 1.0776
1.0000 1.1487 1.0000 1.1006
1.0200 1.1046 1.0200 1.0617
1.0400 1.0798 1.0400 1.0665
1.0500 1.0829 1.0500 1.0976
1.0600 1.0783 1.0600 1.0875
1.0500 1.0172 1.0500 1.0215
1.0600 1.0093 1.0600 1.0123
1.0900 0.9976 1.0900 0.9879
1.1400 1.0425 1.1400 1.0135
1.1900 1.0453 1.1900 1.0172
1.2100 1.1053 1.2100 1.0951
1.2300 1.1271 1.2300 1.1350
1.2300 1.1738 1.2300 1.1979
1.2200 1.1707 1.2200 1.2071
1.2200 1.1854 1.2200 1.2303
1.2200 1.1720 1.2200 1.2210
1.2400 1.1769 1.2400 1.2216
1.2700 1.1212 1.2700 1.1529
1.3000 1.1692 1.3000 1.2048
1.3000 1.2391 1.3000 1.2833
1.3000 1.3198 1.3000 1.3574
1.2900 1.3579 1.2900 1.4050
1.2800 1.3054 1.2800 1.3468
1.2700 1.3261 1.2700 1.4055
1.2600 1.2845 1.2600 1.3552
1.2700 1.2468 1.2700 1.2908
1.3000 1.2642 1.3000 1.3092
1.3200 1.2575 1.3200 1.2715
1.3400 1.3154 1.3400 1.3330
1.3700 1.3623 1.3700 1.3859
1.4100 1.3869 1.4100 1.4102
1.4400 1.3184 1.4400 1.3374
1.4600 1.3210 1.4600 1.3645
1.4700 1.2937 1.4700 1.3342
1.4800 1.2801 1.4800 1.2960
1.4900 1.2661 1.4900 1.2714
1.5100 1.2520 1.5100 1.2384
1.5400 1.3073 1.5400 1.3095
1.5500 1.3809 1.5500 1.3944
1.5300 1.3737 1.5300 1.3746
1.5200 1.3920 1.5200 1.4176
1.5500 1.4493 1.5500 1.5105
1.6000 1.5122 1.6000 1.5829
1.6700 1.5128 1.6700 1.5750
1.7200 1.5035 1.7200 1.5683
1.7600 1.4904 1.7600 1.5627
1.7600 1.5000 1.7600 1.5725
1.7500 1.5060 1.7500 1.5688
1.7200 1.5424 1.7200 1.6002
1.6900 1.5899 1.6900 1.6494
1.6400 1.5455 1.6400 1.5804
1.6000 1.4520 1.6000 1.4754
1.5600 1.4730 1.5600 1.5296
1.5200 1.6034 1.5200 1.6814
1.5100 1.6882 1.5100 1.7390
1.5000 1.7894 1.5000 1.8503
1.5000 1.7870 1.5000 1.8562
1.5000 1.8082 1.5000 1.9134
1.4900 1.7189 1.4900 1.8288
1.4500 1.6866 1.4500 1.7998
1.4100 1.6059 1.4100 1.6932
1.3600 1.5665 1.3600 1.6114
1.3300 1.4582 1.3300 1.4764
1.3000 1.4378 1.3000 1.4174
1.2700 1.3995 1.2700 1.3581
1.2300 1.3580 1.2300 1.2925
1.1900 1.4269 1.1900 1.3807
1.1700 1.4197 1.1700 1.3587
1.1500 1.4464 1.1500 1.3999
1.1300 1.4543 1.1300 1.4361
1.1200 1.4267 1.1200 1.4082
1.1200 1.3225 1.1200 1.3212
1.1300 1.2899 1.1300 1.3015
1.1500 1.2236 1.1500 1.2301
1.1500 1.2413 1.1500 1.2025
1.1500 1.2118 1.1500 1.1489
1.1200 1.1819 1.1200 1.1045
1.0900 1.1290 1.0900 1.0777
1.0700 1.1010 1.0700 1.0572
1.0700 1.1395 1.0700 1.0844
1.0700 1.1262 1.0700 1.0557
1.0600 1.1105 1.0600 1.0446
1.0300 1.1313 1.0300 1.0811
1.0100 1.1623 1.0100 1.1261
0.9900 1.1986 0.9900 1.1767
0.9800 1.2409 0.9800 1.2373
0.9900 1.1983 0.9900 1.1886
1.0000 1.2005 1.0000 1.2118
1.0100 1.1168 1.0100 1.1396
1.0100 1.0930 1.0100 1.1137
1.0000 1.0918 1.0000 1.1011
0.9900 1.1338 0.9900 1.1059
1.0000 1.1315 1.0000 1.0918
0.9900 1.0992 0.9900 1.0549
0.9600 1.0409 0.9600 1.0317
0.9200 1.0477 0.9200 1.0515
0.8900 1.0372 0.8900 1.0310
0.8900 1.0496 0.8900 1.0175
0.9200 1.1029 0.9200 1.0830
0.9400 1.1134 0.9400 1.0894
0.9200 1.1237 0.9200 1.1144
0.9200 1.1057 0.9200 1.1099
0.9400 1.0785 0.9400 1.0892
0.9700 1.0723 0.9700 1.0913
0.9600 1.1247 0.9600 1.1435
0.9400 1.0706 0.9400 1.0584
0.9200 1.0105 0.9200 1.0081
0.9100 0.9766 0.9100 0.9809
0.9000 0.9621 0.9000 0.9632
0.8900 1.0186 0.8900 0.9945
0.8700 1.1067 0.8700 1.0848
0.8600 1.1006 0.8600 1.0705
0.8600 1.0015 0.8600 0.9898
0.8800 1.0496 0.8800 1.0826
0.8800 1.1204 0.8800 1.1695
0.8700 1.1615 0.8700 1.1839
0.8500 1.0576 0.8500 1.0585
0.8300 1.0277 0.8300 1.0500
0.8100 1.0186 0.8100 1.0572
0.8000 1.0229 0.8000 1.0365
0.7900 1.0110 0.7900 1.0032
0.7900 0.9989 0.7900 0.9759
0.7900 0.9647 0.7900 0.9561
0.8000 0.9828 0.8000 0.9738
0.8200 1.0102 0.8200 1.0032
0.8200 1.0700 0.8200 1.0703
0.8200 1.0281 0.8200 1.0158
0.8100 0.9972 0.8100 1.0019
0.8000 0.9776 0.8000 1.0011
0.7900 0.9624 0.7900 0.9826
0.7600 0.9520 0.7600 0.9579
0.7500 0.9707 0.7500 0.9433
0.7700 0.9734 0.7700 0.9289
0.8200 0.9892 0.8200 0.9547
0.8800 0.9827 0.8800 0.9681
0.9400 1.0068 0.9400 1.0119
1.0000 1.0460 1.0000 1.0688
1.0800 1.0040 1.0800 1.0124
1.1400 1.0015 1.1400 1.0251
1.2100 0.9772 1.2100 1.0117
1.2800 0.9673 1.2800 0.9963
1.3600 0.9590 1.3600 0.9821
1.4300 0.9509 1.4300 0.9228
1.4800 0.9543 1.4800 0.9394
1.5000 1.0298 1.5000 1.0279
1.5300 1.1134 1.5300 1.1319
1.5700 1.1759 1.5700 1.2106
1.6300 1.2182 1.6300 1.2786
1.6800 1.2657 1.6800 1.3631
1.7200 1.3731 1.7200 1.5084
1.7600 1.3755 1.7600 1.4973
1.8100 1.4470 1.8100 1.5861
1.8600 1.5053 1.8600 1.6598
1.9200 1.5922 1.9200 1.7462
1.9800 1.6262 1.9800 1.7783
2.0100 1.6172 2.0100 1.7556
2.0300 1.5622 2.0300 1.6945
2.0000 1.6128 2.0000 1.7632
1.9800 1.6703 1.9800 1.8102
1.9700 1.7605 1.9700 1.8816
1.9700 1.7703 1.9700 1.8713
1.9800 1.7770 1.9800 1.8793
1.9700 1.8203 1.9700 1.9557
1.9700 1.8945 1.9700 2.0431
1.9500 1.9365 1.9500 2.0766
1.9300 2.0105 1.9300 2.1582
1.8800 2.0632 1.8800 2.2158
1.8300 2.0087 1.8300 2.1359
1.7800 2.0027 1.7800 2.1533
1.7300 1.8422 1.7300 1.9532
1.6800 1.8494 1.6800 1.9764
1.6500 1.8642 1.6500 1.9802
1.6300 1.8717 1.6300 1.9280
1.6200 1.8965 1.6200 1.9508
1.6100 1.8277 1.6100 1.8528
1.5900 1.8618 1.5900 1.9243
1.5800 1.7966 1.5800 1.8480
1.5700 1.7781 1.5700 1.8237
1.5600 1.6523 1.5600 1.6705
1.5300 1.6046 1.5300 1.6093
1.5100 1.5615 1.5100 1.5567
1.4800 1.5090 1.4800 1.4619
1.4700 1.4603 1.4700 1.4038
1.4900 1.4852 1.4900 1.4244
1.5100 1.4962 1.5100 1.4334
1.5200 1.5141 1.5200 1.4562
1.5500 1.5108 1.5500 1.4696
1.5900 1.4743 1.5900 1.4386
1.6200 1.4997 1.6200 1.4963
1.6300 1.4962 1.6300 1.4933
1.6200 1.4866 1.6200 1.4756
1.6200 1.4093 1.6200 1.3840
1.6300 1.4184 1.6300 1.4086
1.6400 1.3704 1.6400 1.3463
1.6400 1.4087 1.6400 1.3857
1.6300 1.5021 1.6300 1.5061
1.6300 1.5166 1.6300 1.4989
1.6300 1.5021 1.6300 1.4976
1.6400 1.5875 1.6400 1.6412
1.6400 1.6581 1.6400 1.7307
1.6200 1.6592 1.6200 1.7191
1.6100 1.6172 1.6100 1.6800
1.6000 1.5613 1.6000 1.6264
1.5900 1.5910 1.5900 1.6735
1.5800 1.6222 1.5800 1.6904
1.5700 1.6198 1.5700 1.6552
1.5500 1.5877 1.5500 1.6121
1.5400 1.5539 1.5400 1.5798
1.5300 1.5844 1.5300 1.6300
1.5200 1.5845 1.5200 1.6182
1.5000 1.6142 1.5000 1.6452
1.4800 1.5867 1.4800 1.6081
1.4600 1.5168 1.4600 1.5219
1.4500 1.5384 1.4500 1.5739
1.4400 1.5313 1.4400 1.5537
1.4300 1.5171 1.4300 1.5178
1.4000 1.5049 1.4000 1.5062
1.3600 1.4957 1.3600 1.4932
1.3200 1.4544 1.3200 1.4434
1.3000 1.4717 1.3000 1.4733
1.2800 1.4644 1.2800 1.4607
1.2500 1.4534 1.2500 1.4388
1.2000 1.4109 1.2000 1.3926
1.1500 1.3945 1.1500 1.3783
1.1000 1.3799 1.1000 1.3644
1.0600 1.3953 1.0600 1.3780
1.0300 1.3857 1.0300 1.3611
0.9900 1.3758 0.9900 1.3483
0.9400 1.3027 0.9400 1.2737
0.9000 1.2453 0.9000 1.2376
0.8600 1.2144 0.8600 1.2090
0.8400 1.2454 0.8400 1.2014
0.8200 1.2255 0.8200 1.1581
0.8000 1.1724 0.8000 1.1096
0.8000 1.0970 0.8000 1.0615
0.8200 1.0667 0.8200 1.0384
0.8500 1.0308 0.8500 0.9969
0.8800 1.0070 0.8800 0.9583
0.9400 1.0081 0.9400 0.9470
1.0100 0.9787 1.0100 0.9553
1.1000 0.9822 1.1000 0.9632
1.1500 0.9800 1.1500 0.9582
1.1800 0.9790 1.1800 0.9611
1.1900 0.9973 1.1900 0.9532
1.2100 0.9928 1.2100 0.9484
1.2400 0.9781 1.2400 0.9438
1.2800 1.0046 1.2800 0.9572
1.3200 1.0419 1.3200 1.0246
1.3600 1.0806 1.3600 1.0848
1.3800 1.1033 1.3800 1.1253
1.3600 1.2143 1.3600 1.2839
1.3400 1.2933 1.3400 1.3822
1.3400 1.4032 1.3400 1.5132
1.3500 1.3529 1.3500 1.4517
1.3800 1.3273 1.3800 1.4376
1.4000 1.2934 1.4000 1.4179
1.4100 1.3293 1.4100 1.4413
1.4100 1.3695 1.4100 1.4628
1.4000 1.4124 1.4000 1.4793
1.3900 1.4393 1.3900 1.5031
1.3800 1.4718 1.3800 1.5443
1.3800 1.4438 1.3800 1.5141
1.3800 1.3296 1.3800 1.3802
1.3800 1.3116 1.3800 1.3767
1.3700 1.3592 1.3700 1.4148
1.3500 1.3815 1.3500 1.3941
1.3400 1.4441 1.3400 1.4572
1.3300 1.4353 1.3300 1.4429
1.3100 1.4233 1.3100 1.4427
1.3000 1.4068 1.3000 1.4485
1.2900 1.3765 1.2900 1.4102
1.2800 1.3665 1.2800 1.3948
1.2800 1.3529 1.2800 1.3639
1.2800 1.3724 1.2800 1.3766
1.2700 1.3696 1.2700 1.3647
1.2600 1.3679 1.2600 1.3608
1.2600 1.3369 1.2600 1.3302
1.2500 1.2969 1.2500 1.2859
1.2400 1.3149 1.2400 1.3179
1.2200 1.3061 1.2200 1.2944
1.2000 1.2607 1.2000 1.2281
1.2000 1.2755 1.2000 1.2568
1.2100 1.2698 1.2100 1.2473
1.2200 1.2613 1.2200 1.2320
1.2100 1.2864 1.2100 1.2735
1.2000 1.2884 1.2000 1.2732
1.1700 1.2573 1.1700 1.2363
1.1600 1.2505 1.1600 1.2420
1.1500 1.2777 1.1500 1.2808
1.1300 1.2458 1.1300 1.2294
1.1100 1.2348 1.1100 1.2183
1.1000 1.1956 1.1000 1.1815
1.1000 1.1794 1.1000 1.1638
1.1000 1.2283 1.1000 1.2204
1.1000 1.2597 1.1000 1.2435
1.1200 1.2664 1.1200 1.2470
1.1400 1.2127 1.1400 1.1931
1.1500 1.2088 1.1500 1.2101
1.1500 1.1422 1.1500 1.1589
1.1400 1.1786 1.1400 1.1731
1.1400 1.1701 1.1400 1.1513
1.1500 1.1246 1.1500 1.0873
1.1500 1.1088 1.1500 1.0878
1.1500 1.1279 1.1500 1.1008
1.1400 1.1550 1.1400 1.1307
1.1200 1.1549 1.1200 1.1268
1.1200 1.1559 1.1200 1.1363
1.1300 1.2225 1.1300 1.2341
1.1500 1.2433 1.1500 1.2566
1.1600 1.2276 1.1600 1.2364
1.1600 1.2055 1.1600 1.2269
1.1600 1.1764 1.1600 1.1962
1.1400 1.1999 1.1400 1.2256
1.1300 1.2290 1.1300 1.2478
1.1200 1.2007 1.1200 1.1935
1.1300 1.1977 1.1300 1.1978
1.1200 1.1688 1.1200 1.1689
1.1100 1.1299 1.1100 1.1353
1.0900 1.1764 1.0900 1.1843
1.1000 1.2077 1.1000 1.2068
1.0900 1.2438 1.0900 1.2390
1.0600 1.2289 1.0600 1.2278
1.0300 1.2079 1.0300 1.2142
1.0100 1.2130 1.0100 1.2390
1.0200 1.1511 1.0200 1.1682
1.0200 1.1625 1.0200 1.1703
1.0200 1.1534 1.0200 1.1488
1.0000 1.2041 1.0000 1.1963
0.9900 1.1495 0.9900 1.1230
1.0000 1.1387 1.0000 1.1163
1.0300 1.1056 1.0300 1.1078
1.0700 1.1843 1.0700 1.1890
1.1200 1.1325 1.1200 1.1108
1.1800 1.0591 1.1800 1.0470
1.6300 1.8823 1.6300 1.9876
1.5300 1.8327 1.5300 1.9139
1.4900 1.7726 1.4900 1.8627
1.4700 1.7301 1.4700 1.8140
1.4900 1.6019 1.4900 1.6480
1.4800 1.4766 1.4800 1.5259
1.4300 1.5536 1.4300 1.5721
1.3400 1.7316 1.3400 1.7515
1.3200 1.8459 1.3200 1.8385
1.4000 1.8586 1.4000 1.8561
1.4200 1.7439 1.4200 1.7637
1.4100 1.5595 1.4100 1.6362
1.4000 1.3451 1.4000 1.4000
1.4000 1.3077 1.4000 1.3782
1.3300 1.3489 1.3300 1.2974
1.2600 1.3418 1.2600 1.1538
1.2300 1.4444 1.2300 1.3086
1.2100 1.3751 1.2100 1.2531
1.2000 1.2551 1.2000 1.2033
1.1900 1.1667 1.1900 1.1615
1.1900 1.2658 1.1900 1.2645
1.1800 1.5816 1.1800 1.6157
1.1700 1.4300 1.1700 1.3220
1.1800 1.3407 1.1800 1.2767
1.1900 1.3623 1.1900 1.4158
1.1700 1.4082 1.1700 1.4606
1.1700 1.2106 1.1700 1.2273
1.2100 1.1430 1.2100 1.1483
1.3000 1.1685 1.3000 1.1638
1.3300 1.1703 1.3300 1.0792
1.2400 1.1756 1.2400 1.0737
1.1200 1.1691 1.1200 1.0878
1.0600 1.2055 1.0600 1.1588
1.0600 1.1856 1.0600 1.1529
1.1300 1.1806 1.1300 1.1572
1.1600 1.2406 1.1600 1.2476
1.2000 1.2510 1.2000 1.2467
1.2000 1.1623 1.2000 1.1454
1.2000 1.2093 1.2000 1.2214
1.2000 1.3441 1.2000 1.3923
1.1900 1.5343 1.1900 1.5965
1.1600 1.4149 1.1600 1.4222
1.1000 1.1470 1.1000 1.1476
1.0600 1.0494 1.0600 1.1056
1.0500 1.0461 1.0500 1.1097
1.0800 1.1218 1.0800 1.0545
1.1300 1.3095 1.1300 1.2237
1.1400 1.2380 1.1400 1.1256
1.1200 1.3068 1.1200 1.2895
1.0700 1.2473 1.0700 1.2934
1.0200 1.2558 1.0200 1.3125
0.9700 1.2591 0.9700 1.3279
0.9400 1.2163 0.9400 1.2302
0.9600 1.1390 0.9600 1.1606
1.0100 1.0547 1.0100 1.0504
1.0500 1.0419 1.0500 1.0433
1.0600 1.0885 1.0600 1.0466
1.0300 1.2002 1.0300 1.1528
1.0100 1.2854 1.0100 1.2574
0.9800 1.2072 0.9800 1.1716
0.9500 1.1317 0.9500 1.1497
0.9200 1.0802 0.9200 1.1202
0.9400 1.0377 0.9400 1.0704
1.0100 0.9834 1.0100 0.9844
1.0600 0.9819 1.0600 0.9468
1.0400 1.1018 1.0400 1.0390
0.9700 1.2006 0.9700 1.1619
0.9100 1.2145 0.9100 1.1873
0.8900 1.1623 0.8900 1.1676
0.8800 1.0837 0.8800 1.1208
0.9000 1.0862 0.9000 1.1502
0.9200 1.0403 0.9200 1.0786
0.9500 0.9997 0.9500 1.0015
0.9800 0.9690 0.9800 0.9545
0.9800 1.0888 0.9800 1.0687
0.9700 1.2611 0.9700 1.2756
0.9400 1.2555 0.9400 1.2454
0.9100 1.0881 0.9100 1.0899
0.8900 1.0129 0.8900 1.0500
0.8800 0.9821 0.8800 1.0420
0.8800 0.9826 0.8800 1.0150
0.8700 1.0280 0.8700 0.9375
0.8600 1.0842 0.8600 1.0320
0.8700 1.0786 0.8700 1.0416
0.8800 1.1327 0.8800 1.1327
0.8900 1.1654 0.8900 1.2039
0.9000 1.1014 0.9000 1.1261
0.9100 1.0730 0.9100 1.1226
0.9300 1.0277 0.9300 1.0694
0.9600 0.9969 0.9600 1.0239
0.9900 0.9813 0.9900 0.9949
1.0200 0.9911 1.0200 0.9624
1.0400 1.0128 1.0400 0.9786
1.0800 0.9862 1.0800 0.9500
1.1200 0.9829 1.1200 0.9670
1.1700 1.0407 1.1700 1.0506
1.2200 1.0528 1.2200 1.0556
1.2600 1.0583 1.2600 1.0625
1.3000 1.0662 1.3000 1.0861
1.3300 1.0757 1.3300 1.1012
1.3600 1.1132 1.3600 1.1512
1.3800 1.1567 1.3800 1.2007
1.4000 1.1772 1.4000 1.2194
1.4100 1.1977 1.4100 1.2490
1.4200 1.1903 1.4200 1.2445
1.4200 1.2655 1.4200 1.3441
1.4200 1.2974 1.4200 1.3729
1.4200 1.3543 1.4200 1.4308
1.4200 1.3937 1.4200 1.4831
1.4200 1.4020 1.4200 1.4870
1.4300 1.4359 1.4300 1.5388
1.4300 1.4374 1.4300 1.5351
1.4200 1.4597 1.4200 1.5553
1.4000 1.4495 1.4000 1.5336
1.3800 1.4614 1.3800 1.5379
1.3700 1.4428 1.3700 1.5073
1.3600 1.4467 1.3600 1.5028
1.3500 1.4196 1.3500 1.4629
1.3300 1.4152 1.3300 1.4492
1.3200 1.4134 1.3200 1.4438
1.3000 1.4097 1.3000 1.4272
1.2800 1.4075 1.2800 1.4219
1.2700 1.4395 1.2700 1.4610
1.2500 1.4150 1.2500 1.4237
1.2300 1.3802 1.2300 1.3829
1.2100 1.3401 1.2100 1.3451
1.1900 1.3234 1.1900 1.3224
1.1700 1.3382 1.1700 1.3346
1.1300 1.3252 1.1300 1.3015
1.1000 1.3134 1.1000 1.2840
1.0700 1.2732 1.0700 1.2408
1.0500 1.2918 1.0500 1.2743
1.0300 1.2537 1.0300 1.2251
1.0100 1.2348 1.0100 1.2030
0.9800 1.2524 0.9800 1.2314
0.9600 1.2120 0.9600 1.1703
0.9400 1.1949 0.9400 1.1619
0.9300 1.1807 0.9300 1.1505
0.9000 1.1661 0.9000 1.1307
0.8600 1.1508 0.8600 1.1173
0.8300 1.0755 0.8300 1.0524
0.8100 1.0716 0.8100 1.0525
0.8100 1.0524 0.8100 1.0246
0.7900 1.0598 0.7900 1.0093
0.7700 1.0467 0.7700 0.9967
0.7600 1.0338 0.7600 0.9837
0.7500 0.9954 0.7500 0.9679
0.7300 1.0065 0.7300 0.9799
0.7100 0.9979 0.7100 0.9703
0.6800 1.0148 0.6800 0.9744
0.6600 0.9575 0.6600 0.9320
0.6500 0.9639 0.6500 0.9386
0.6500 0.9653 0.6500 0.9364
0.6800 0.9733 0.6800 0.9358
0.7300 1.0168 0.7300 0.9520
0.8400 0.9670 0.8400 0.9331
0.9600 0.9529 0.9600 0.9304
1.0700 0.9620 1.0700 0.9290
1.1600 0.9673 1.1600 0.9206
1.2700 0.9511 1.2700 0.9263
1.3900 0.9520 1.3900 0.9278
1.5000 0.9559 1.5000 0.9351
1.5700 0.9565 1.5700 0.9352
1.6200 0.9694 1.6200 0.9305
1.6400 0.9905 1.6400 0.9516
1.6600 1.0402 1.6600 1.0330
1.6900 1.0759 1.6900 1.1126
1.7300 1.2746 1.7300 1.3665
1.7600 1.3820 1.7600 1.4954
1.7800 1.4350 1.7800 1.5614
1.7900 1.4614 1.7900 1.6305
1.7800 1.6003 1.7800 1.8203
1.7700 1.7292 1.7700 1.9610
1.7500 1.7937 1.7500 2.0012
1.7500 1.7552 1.7500 1.9451
1.7400 1.7524 1.7400 1.9565
1.7300 1.7001 1.7300 1.8903
1.6900 1.7110 1.6900 1.8831
1.6600 1.7520 1.6600 1.9051
1.6200 1.7963 1.6200 1.9118
1.5900 1.7855 1.5900 1.8741
1.5600 1.7730 1.5600 1.8596
1.5400 1.7600 1.5400 1.8564
1.5500 1.6996 1.5500 1.7774
1.5800 1.6885 1.5800 1.7664
1.6200 1.6395 1.6200 1.6901
1.6700 1.6853 1.6700 1.7341
1.7000 1.6444 1.7000 1.6637
1.7200 1.6289 1.7200 1.6356
1.7100 1.5171 1.7100 1.5083
1.7000 1.5186 1.7000 1.5226
1.6700 1.4606 1.6700 1.4476
1.6500 1.4529 1.6500 1.4154
1.6300 1.4242 1.6300 1.3806
1.6100 1.4289 1.6100 1.3765
1.5800 1.5184 1.5800 1.5025
1.5600 1.5972 1.5600 1.5917
1.5500 1.6600 1.5500 1.6730
1.5400 1.7367 1.5400 1.7918
1.5300 1.7230 1.5300 1.7885
1.5000 1.7239 1.5000 1.8150
1.4600 1.6445 1.4600 1.7303
1.4100 1.6352 1.4100 1.7214
1.3800 1.5527 1.3800 1.6036
1.3400 1.5500 1.3400 1.5782
1.2900 1.5261 1.2900 1.5355
1.2100 1.4994 1.2100 1.4768
1.1400 1.4455 1.1400 1.4148
1.1000 1.4541 1.1000 1.4320
1.0700 1.4746 1.0700 1.4597
1.0500 1.4641 1.0500 1.4341
1.0400 1.4555 1.0400 1.4327
1.0400 1.3817 1.0400 1.3479
1.0300 1.3251 1.0300 1.3151
1.0300 1.2595 1.0300 1.2612
1.0200 1.2820 1.0200 1.2474
1.0200 1.2196 1.0200 1.1678
1.0200 1.1462 1.0200 1.0939
1.0200 1.0545 1.0200 0.9965
1.0300 1.0151 1.0300 0.9626
1.0300 1.0250 1.0300 0.9620
1.0100 1.0467 1.0100 0.9607
0.9800 1.0482 0.9800 0.9528
0.9700 1.0596 0.9700 0.9650
0.9600 1.0974 0.9600 1.0363
0.9700 1.0781 0.9700 1.0303
0.9600 1.1062 0.9600 1.0867
0.9500 1.0830 0.9500 1.0674
0.9400 1.1068 0.9400 1.0994
0.9300 1.1099 0.9300 1.1087
0.9500 1.1090 0.9500 1.0998
0.9700 1.1407 0.9700 1.1496
1.0100 1.1194 1.0100 1.1180
1.0400 1.0578 1.0400 1.0672
1.0800 1.0283 1.0800 1.0432
1.0900 1.0515 1.0900 1.0580
1.1000 1.0448 1.1000 1.0245
1.1000 1.0925 1.1000 1.0706
1.0900 1.0424 1.0900 1.0111
1.0900 1.0355 1.0900 1.0195
1.0600 1.0351 1.0600 1.0396
1.0300 1.0296 1.0300 1.0235
1.0100 1.1119 1.0100 1.1251
1.0300 1.1282 1.0300 1.1310
1.0400 1.2010 1.0400 1.2235
1.0300 1.2059 1.0300 1.2431
1.0100 1.2598 1.0100 1.3177
1.0100 1.2039 1.0100 1.2578
1.0100 1.2075 1.0100 1.2657
1.0300 1.1855 1.0300 1.2436
1.0300 1.1480 1.0300 1.1777
1.0200 1.1656 1.0200 1.1930
1.0100 1.0726 1.0100 1.0826
0.9900 1.0489 0.9900 1.0553
0.9800 1.0475 0.9800 1.0489
0.9700 1.1545 0.9700 1.1428
0.9700 1.1403 0.9700 1.1070
0.9700 1.0829 0.9700 1.0418
0.9900 1.0526 0.9900 1.0630
1.0200 1.1049 1.0200 1.1215
1.0600 1.1080 1.0600 1.1074
1.0800 1.1621 1.0800 1.1631
1.1100 1.1174 1.1100 1.1079
1.1400 1.0861 1.1400 1.0820
1.1700 1.0834 1.1700 1.1027
1.1800 1.0465 1.1800 1.0604
1.2100 1.0589 1.2100 1.0604
1.2400 1.0499 1.2400 1.0342
1.2600 1.0712 1.2600 1.0508
1.2700 1.0735 1.2700 1.0582
1.2800 1.1349 1.2800 1.1388
1.3000 1.1851 1.3000 1.2058
1.3000 1.2389 1.3000 1.2708
1.2800 1.2114 1.2800 1.2453
1.2700 1.2576 1.2700 1.3204
1.2700 1.2865 1.2700 1.3625
1.2900 1.3073 1.2900 1.3712
1.2800 1.2653 1.2800 1.3173
1.2700 1.3324 1.2700 1.4060
1.2500 1.3591 1.2500 1.4292
1.2500 1.3456 1.2500 1.3894
1.2400 1.3272 1.2400 1.3780
1.2400 1.3352 1.2400 1.3895
1.2300 1.3764 1.2300 1.4355
1.2200 1.3239 1.2200 1.3489
1.2200 1.2526 1.2200 1.2692
1.2100 1.2682 1.2100 1.2949
1.2100 1.2927 1.2100 1.3071
1.2000 1.3517 1.2000 1.3599
1.2000 1.2668 1.2000 1.2407
1.2100 1.2565 1.2100 1.2473
1.1900 1.2244 1.1900 1.2305
1.1700 1.2725 1.1700 1.2768
1.1500 1.2390 1.1500 1.2237
1.1600 1.2560 1.1600 1.2358
1.1700 1.2273 1.1700 1.2113
1.1800 1.2192 1.1800 1.1998
1.1900 1.2468 1.1900 1.2483
1.1900 1.2147 1.1900 1.1945
1.1900 1.2373 1.1900 1.2294
1.1700 1.2074 1.1700 1.1939
1.1500 1.2307 1.1500 1.2230
1.1200 1.2655 1.1200 1.2736
1.1000 1.1771 1.1000 1.1550
1.1000 1.1593 1.1000 1.1619
1.1000 1.1474 1.1000 1.1496
1.1000 1.2259 1.1000 1.2226
1.0900 1.2327 1.0900 1.2162
1.0900 1.2359 1.0900 1.2143
1.1100 1.2495 1.1100 1.2579
1.1400 1.2314 1.1400 1.2402
1.1600 1.2340 1.1600 1.2533
1.1800 1.1702 1.1800 1.1823
1.1200 1.1506 1.1200 1.1615
1.0200 1.1021 1.0200 1.1131
0.8900 1.1056 0.8900 1.0900
0.8200 1.1521 0.8200 1.1279
0.7900 1.1511 0.7900 1.1086
0.8300 1.1515 0.8300 1.1186
0.9400 1.1254 0.9400 1.1039
1.0700 1.1536 1.0700 1.1524
1.1700 1.2203 1.1700 1.2395
1.2100 1.2668 1.2100 1.2820
1.2000 1.2583 1.2000 1.2708
1.1500 1.2757 1.1500 1.3109
1.0900 1.0954 1.0900 1.1103
1.0500 0.9866 1.0500 0.9981
1.0400 1.0177 1.0400 0.9940
1.0600 1.0238 1.0600 1.0100
1.0900 1.0558 1.0900 1.0099
1.0900 1.2087 1.0900 1.1768
1.0800 1.3100 1.0800 1.3905
1.0500 1.4317 1.0500 1.4417
1.0500 1.4609 1.0500 1.5332
1.0800 1.3727 1.0800 1.4905
1.1300 1.2839 1.1300 1.4215
1.1400 1.1997 1.1400 1.3313
1.1400 1.1138 1.1400 1.2048
1.1400 1.0626 1.1400 1.1028
1.1700 1.0830 1.1700 1.0359
1.1900 1.1579 1.1900 1.0947
1.1800 1.2055 1.1800 1.1560
1.1700 1.1456 1.1700 1.1050
1.1400 1.1242 1.1400 1.1262
1.1300 1.0792 1.1300 1.1094
1.1100 1.1343 1.1100 1.1559
1.0800 1.2256 1.0800 1.2496
1.0400 1.3030 1.0400 1.3113
1.0300 1.2183 1.0300 1.2096
1.0700 1.1965 1.0700 1.2219
1.1000 1.2085 1.1000 1.2691
1.1300 1.3037 1.1300 1.3665
1.1400 1.2907 1.1400 1.3208
1.1600 1.2014 1.1600 1.1957
1.1900 1.1938 1.1900 1.2208
1.2200 1.1306 1.2200 1.1611
1.2500 1.1621 1.2500 1.1679
1.2500 1.1188 1.2500 1.1066
1.2600 1.0638 1.2600 1.0410
1.2700 1.0257 1.2700 1.0093
1.2700 1.0744 1.2700 1.0394
1.2600 1.2267 1.2600 1.2231
1.2400 1.2271 1.2400 1.1928
1.2100 1.2491 1.2100 1.2451
1.1900 1.2226 1.1900 1.2545
1.1900 1.2699 1.1900 1.3292
1.1800 1.3219 1.1800 1.3961
1.1600 1.3402 1.1600 1.3916
1.1300 1.3602 1.1300 1.4162
1.1100 1.2882 1.1100 1.3245
1.1000 1.3199 1.1000 1.3796
1.1000 1.3307 1.1000 1.3886
1.1000 1.2998 1.1000 1.3200
1.1000 1.2618 1.1000 1.2758
1.0900 1.2184 1.0900 1.2263
1.0900 1.1689 1.0900 1.1820
1.0900 1.1732 1.0900 1.1664
1.0900 1.2186 1.0900 1.1989
1.0800 1.1840 1.0800 1.1352
1.0700 1.1422 1.0700 1.1050
1.0600 1.0994 1.0600 1.0901
1.0800 1.1118 1.0800 1.0968
1.0900 1.1297 1.0900 1.0994
1.1200 1.1506 1.1200 1.1128
1.1400 1.1513 1.1400 1.1171
1.1600 1.1545 1.1600 1.1321
1.1800 1.1289 1.1800 1.1134
1.2100 1.1549 1.2100 1.1565
1.2400 1.1580 1.2400 1.1590
1.2600 1.1561 1.2600 1.1485
1.2600 1.1250 1.2600 1.1150
1.2500 1.1171 1.2500 1.1099
1.2400 1.1115 1.2400 1.1057
1.2300 1.1959 1.2300 1.2073
1.2200 1.1819 1.2200 1.1751
1.2100 1.2478 1.2100 1.2613
1.1900 1.2469 1.1900 1.2751
1.1900 1.2636 1.1900 1.2955
1.1800 1.2837 1.1800 1.3385
1.1700 1.3307 1.1700 1.3890
1.1500 1.3549 1.1500 1.4132
1.1400 1.3441 1.1400 1.3918
1.1300 1.2957 1.1300 1.3376
1.1300 1.2630 1.1300 1.3035
1.1200 1.2538 1.1200 1.2880
1.1100 1.2402 1.1100 1.2503
1.1100 1.2249 1.1100 1.2157
1.1000 1.2124 1.1000 1.1942
1.0900 1.1715 1.0900 1.1496
1.0800 1.2195 1.0800 1.2097
1.0800 1.1906 1.0800 1.1656
1.0800 1.1799 1.0800 1.1491
1.0700 1.1429 1.0700 1.1290
1.0500 1.1596 1.0500 1.1400
1.0200 1.1548 1.0200 1.1342
1.0100 1.1760 1.0100 1.1530
1.0000 1.1463 1.0000 1.1190
0.9900 1.1385 0.9900 1.1149
0.9700 1.1663 0.9700 1.1635
0.9500 1.1369 0.9500 1.1161
0.9400 1.1277 0.9400 1.1107
0.9200 1.1214 0.9200 1.1094
0.9100 1.1459 0.9100 1.1363
0.9000 1.1471 0.9000 1.1351
0.9000 1.1149 0.9000 1.0925
0.9000 1.0774 0.9000 1.0762
0.9300 1.0412 0.9300 1.0452
0.9800 1.0725 0.9800 1.0635
1.0400 1.0659 1.0400 1.0352
1.1100 1.0550 1.1100 1.0151
1.1700 1.0192 1.1700 0.9995
1.2100 1.0077 1.2100 0.9955
1.2500 1.0283 1.2500 1.0136
1.2800 0.9930 1.2800 0.9753
1.3000 1.0074 1.3000 0.9856
1.3300 1.0045 1.3300 0.9823
1.3400 1.0293 1.3400 1.0093
1.3500 1.0331 1.3500 1.0208
1.3500 1.1229 1.3500 1.1380
1.3700 1.2097 1.3700 1.2475
1.3900 1.2769 1.3900 1.3235
1.4200 1.3544 1.4200 1.4367
1.4400 1.3830 1.4400 1.4804
1.4600 1.3717 1.4600 1.4762
1.4600 1.4053 1.4600 1.5325
1.4500 1.4065 1.4500 1.5218
1.4400 1.3925 1.4400 1.4844
1.4300 1.4348 1.4300 1.5317
1.4400 1.3901 1.4400 1.4511
1.4400 1.3916 1.4400 1.4474
1.4500 1.3657 1.4500 1.4153
1.4400 1.4274 1.4400 1.4804
1.4300 1.4427 1.4300 1.4862
1.4200 1.4862 1.4200 1.5259
1.4300 1.4803 1.4300 1.5250
1.4500 1.4984 1.4500 1.5512
1.4800 1.4531 1.4800 1.5026
1.5200 1.4179 1.5200 1.4579
1.5300 1.4090 1.5300 1.4508
1.5300 1.3954 1.5300 1.4127
1.5100 1.4481 1.5100 1.4686
1.5100 1.4189 1.5100 1.4142
1.5000 1.4495 1.5000 1.4565
1.4900 1.3960 1.4900 1.4002
1.4700 1.3881 1.4700 1.3950
1.4600 1.3836 1.4600 1.4015
1.4400 1.4391 1.4400 1.4562
1.4300 1.4794 1.4300 1.4971
1.4200 1.5263 1.4200 1.5467
1.4200 1.5894 1.4200 1.6382
1.4200 1.5283 1.4200 1.5623
1.4200 1.5075 1.4200 1.5628
1.4200 1.4457 1.4200 1.4998
1.4100 1.4942 1.4100 1.5505
1.4100 1.4546 1.4100 1.4756
1.4100 1.4337 1.4100 1.4262
1.4000 1.3902 1.4000 1.3829
1.3800 1.4063 1.3800 1.4011
1.3600 1.3660 1.3600 1.3485
1.3500 1.3788 1.3500 1.3606
1.3400 1.3718 1.3400 1.3563
1.3300 1.3956 1.3300 1.3799
1.3200 1.3980 1.3200 1.3894
1.3100 1.3985 1.3100 1.3907
1.3000 1.4023 1.3000 1.4077
1.3000 1.3710 1.3000 1.3696
1.3000 1.3970 1.3000 1.4112
1.3200 1.3982 1.3200 1.4084
1.3300 1.3622 1.3300 1.3529
1.3300 1.3198 1.3300 1.3102
1.3300 1.3038 1.3300 1.2956
1.3200 1.3208 1.3200 1.3131
1.2700 1.3094 1.2700 1.2847
1.2600 1.2977 1.2600 1.2673
1.2300 1.2907 1.2300 1.2673
1.2300 1.2852 1.2300 1.2645
1.2000 1.2789 1.2000 1.2607
1.1800 1.3040 1.1800 1.2952
1.1500 1.3052 1.1500 1.2937
1.1200 1.3705 1.1200 1.3792
1.0900 1.3579 1.0900 1.3621
1.0500 1.3336 1.0500 1.3361
1.0300 1.3384 1.0300 1.3660
1.0300 1.3079 1.0300 1.3212
1.0500 1.1841 1.0500 1.1975
1.0500 1.2504 1.0500 1.2604
1.0300 1.1790 1.0300 1.1575
1.0300 1.2403 1.0300 1.1951
1.0400 1.1463 1.0400 1.1088
1.0600 1.1508 1.0600 1.1042
1.0500 1.1136 1.0500 1.1015
1.0300 1.0881 1.0300 1.0579
1.0300 1.0670 1.0300 1.0465
1.0600 1.0174 1.0600 0.9824
1.1100 1.0445 1.1100 1.0043
1.1500 1.0960 1.1500 1.0486
1.1600 1.1603 1.1600 1.1206
1.1600 1.1190 1.1600 1.0775
1.1400 1.0612 1.1400 1.0491
1.1400 1.1158 1.1400 1.1367
1.1300 1.1530 1.1300 1.1687
1.1300 1.1870 1.1300 1.1915
1.1300 1.1076 1.1300 1.0929
1.1400 1.0691 1.1400 1.0833
1.1400 1.1202 1.1400 1.1483
1.1400 1.2138 1.1400 1.2402
1.1000 1.2940 1.1000 1.3176
1.0700 1.2991 1.0700 1.3198
1.0400 1.2410 1.0400 1.2706
1.0300 1.2241 1.0300 1.2843
1.0300 1.1668 1.0300 1.2297
1.0500 1.2063 1.0500 1.2481
1.0600 1.1684 1.0600 1.1727
1.0800 1.1811 1.0800 1.1682
1.0900 1.1812 1.0900 1.1759
1.1100 1.2122 1.1100 1.2081
1.1300 1.1922 1.1300 1.1891
1.1400 1.1914 1.1400 1.1919
1.1600 1.0869 1.1600 1.0943
1.1700 1.0757 1.1700 1.0919
1.1700 1.0482 1.1700 1.0572
1.1700 1.0786 1.1700 1.0367
1.1600 1.1006 1.1600 1.0585
1.1600 1.1614 1.1600 1.1304
1.1500 1.1539 1.1500 1.1343
1.1500 1.1959 1.1500 1.2052
1.1500 1.1889 1.1500 1.2137
1.1500 1.2284 1.1500 1.2643
1.1600 1.2463 1.1600 1.2906
1.1900 1.2280 1.1900 1.2552
1.2000 1.2659 1.2000 1.3136
1.2100 1.2511 1.2100 1.2871
1.2200 1.2245 1.2200 1.2477
1.2400 1.2228 1.2400 1.2542
1.2400 1.1898 1.2400 1.2017
1.2500 1.2101 1.2500 1.2231
1.2600 1.1764 1.2600 1.1710
1.2700 1.1960 1.2700 1.1904
1.2500 1.1975 1.2500 1.1954
1.2400 1.1962 1.2400 1.1858
1.2500 1.2291 1.2500 1.2374
1.2800 1.3018 1.2800 1.3267
1.3000 1.2648 1.3000 1.2705
1.3100 1.2710 1.3100 1.2931
1.3200 1.2846 1.3200 1.3279
1.3400 1.3257 1.3400 1.3679
1.3600 1.2764 1.3600 1.2969
1.3800 1.3030 1.3800 1.3336
1.4000 1.3142 1.4000 1.3506
1.4000 1.3197 1.4000 1.3406
1.4000 1.2294 1.4000 1.2375
1.4000 1.2419 1.4000 1.2556
1.4100 1.3022 1.4100 1.3322
1.4400 1.3705 1.4400 1.3853
1.4300 1.3589 1.4300 1.3619
1.4300 1.3425 1.4300 1.3553
1.4200 1.3592 1.4200 1.4033
1.4300 1.4051 1.4300 1.4604
1.4000 1.4205 1.4000 1.4662
1.3700 1.4326 1.3700 1.4739
1.3500 1.4493 1.3500 1.4985
1.3500 1.4012 1.3500 1.4351
1.3600 1.4008 1.3600 1.4442
1.3600 1.4015 1.3600 1.4438
1.3600 1.4306 1.3600 1.4628
1.3700 1.5020 1.3700 1.5450
1.3900 1.3911 1.3900 1.3843
1.4100 1.4145 1.4100 1.4417
1.4400 1.3895 1.4400 1.4246
1.5100 1.4447 1.5100 1.4716
1.5700 1.3168 1.5700 1.3127
1.5800 1.2825 1.5800 1.2792
1.5700 1.2965 1.5700 1.2993
1.5700 1.3425 1.5700 1.3225
1.6200 1.3715 1.6200 1.3498
1.6500 1.3433 1.6500 1.3096
1.6800 1.3489 1.6800 1.3427
1.7000 1.3903 1.7000 1.4127
1.7100 1.4353 1.7100 1.4636
1.7300 1.4513 1.7300 1.4776
1.7500 1.5010 1.7500 1.5457
1.7700 1.6642 1.7700 1.7587
1.7800 1.6945 1.7800 1.7733
1.7900 1.5772 1.7900 1.6269
1.8000 1.5255 1.8000 1.6183
1.8100 1.5615 1.8100 1.6779
1.8000 1.7291 1.8000 1.8518
1.8000 1.6862 1.8000 1.7325
1.8300 1.6981 1.8300 1.7445
1.9000 1.7010 1.9000 1.7867
1.9400 1.6910 1.9400 1.7708
1.9500 1.7383 1.9500 1.8432
1.9500 1.7510 1.9500 1.8374
1.9700 1.7628 1.9700 1.8378
1.9700 1.7432 1.9700 1.8137
1.9700 1.7523 1.9700 1.8291
1.9800 1.7632 1.9800 1.8443
2.0200 1.7693 2.0200 1.8414
2.0400 1.7042 2.0400 1.7531
2.0500 1.7297 2.0500 1.7963
2.0200 1.8386 2.0200 1.9331
1.9800 2.0006 1.9800 2.1029
1.9600 1.9485 1.9600 2.0042
1.9700 1.8787 1.9700 1.9467
2.0000 1.8716 2.0000 2.0017
2.0300 1.9538 2.0300 2.1056
2.0500 1.8906 2.0500 1.9836
2.0600 1.8751 2.0600 1.9525
2.0600 1.9112 2.0600 2.0107
2.0200 2.0267 2.0200 2.1363
1.9700 1.9846 1.9700 2.0556
1.9100 1.9620 1.9100 2.0380
1.8600 1.8354 1.8600 1.9100
1.8300 1.7780 1.8300 1.8564
1.8200 1.8196 1.8200 1.9189
1.8100 1.8980 1.8100 1.9668
1.8000 1.9631 1.8000 2.0105
1.7900 1.9815 1.7900 2.0229
1.7600 1.9796 1.7600 2.0435
1.7300 1.9755 1.7300 2.0706
1.6800 1.9577 1.6800 2.0646
1.6200 1.8119 1.6200 1.8775
1.5600 1.7377 1.5600 1.8022
1.4900 1.6553 1.4900 1.6965
1.4300 1.6293 1.4300 1.6294
1.3800 1.6481 1.3800 1.6332
1.3700 1.6834 1.3700 1.6502
1.3600 1.6724 1.3600 1.6317
1.3500 1.6687 1.3500 1.6474
1.3300 1.6716 1.3300 1.6788
1.3100 1.5994 1.3100 1.5949
1.3100 1.5769 1.3100 1.5847
1.2800 1.4812 1.2800 1.4767
1.2400 1.3983 1.2400 1.3932
1.2100 1.3440 1.2100 1.3303
1.2000 1.2517 1.2000 1.2156
1.2000 1.2217 1.2000 1.1639
1.1900 1.2033 1.1900 1.1171
1.1700 1.2961 1.1700 1.1909
1.1600 1.2925 1.1600 1.1847
1.1400 1.2878 1.1400 1.1950
1.1200 1.2603 1.1200 1.2064
1.1000 1.2541 1.1000 1.2179
1.0800 1.3108 1.0800 1.3042
1.0800 1.2123 1.0800 1.1786
1.0900 1.1521 1.0900 1.1415
1.1100 1.1546 1.1100 1.1461
1.1100 1.1965 1.1100 1.1555
1.1100 1.2185 1.1100 1.1693
1.1000 1.1839 1.1000 1.1241
1.1000 1.1485 1.1000 1.1117
1.0900 1.1723 1.0900 1.1571
1.0600 1.1378 1.0600 1.1186
1.0300 1.1194 1.0300 1.0995
1.0000 1.1039 1.0000 1.0834
1.0000 1.0889 1.0000 1.0595
1.0000 1.1372 1.0000 1.1116
1.0000 1.1708 1.0000 1.1479
0.9900 1.2109 0.9900 1.1975
0.9700 1.1687 0.9700 1.1561
0.9600 1.1714 0.9600 1.1800
0.9400 1.1466 0.9400 1.1622
0.9200 1.1687 0.9200 1.1818
0.9100 1.1362 0.9100 1.1334
0.9000 1.0655 0.9000 1.0655
0.9000 1.0458 0.9000 1.0519
0.9000 1.0192 0.9000 1.0155
0.8800 1.0837 0.8800 1.0550
0.8700 1.0847 0.8700 1.0422
0.8700 1.0832 0.8700 1.0397
0.8900 1.0591 0.8900 1.0367
0.9100 1.0267 0.9100 1.0264
0.9400 1.0460 0.9400 1.0503
0.9800 1.0099 0.9800 1.0077
1.0400 0.9922 1.0400 0.9852
1.1100 1.0088 1.1100 0.9928
1.2200 1.0046 1.2200 0.9767
1.3300 1.0285 1.3300 1.0078
1.4100 1.0318 1.4100 1.0170
1.4600 0.9759 1.4600 0.9706
1.4700 0.9918 1.4700 0.9990
1.4900 1.0195 1.4900 1.0247
1.5200 1.0788 1.5200 1.0841
1.5300 1.0932 1.5300 1.0993
1.5300 1.1360 1.5300 1.1593
1.5000 1.1921 1.5000 1.2447
1.4800 1.2837 1.4800 1.3590
1.4600 1.3608 1.4600 1.4530
1.4600 1.5367 1.4600 1.6722
1.4900 1.6305 1.4900 1.7769
1.5300 1.6274 1.5300 1.7652
1.5600 1.6050 1.5600 1.7710
1.5800 1.5239 1.5800 1.6821
1.5900 1.5661 1.5900 1.7357
1.5900 1.6089 1.5900 1.7505
1.5900 1.5477 1.5900 1.6128
1.6100 1.5096 1.6100 1.5632
1.6400 1.4057 1.6400 1.4370
1.6600 1.4129 1.6600 1.4456
1.6900 1.3931 1.6900 1.4051
1.7200 1.4324 1.7200 1.4238
1.7500 1.5294 1.7500 1.5427
1.7800 1.5866 1.7800 1.5960
1.8000 1.5915 1.8000 1.6138
1.8000 1.5928 1.8000 1.6471
1.7800 1.5873 1.7800 1.6618
1.7700 1.5659 1.7700 1.6369
1.7600 1.5632 1.7600 1.6284
1.7600 1.6270 1.7600 1.6970
1.7600 1.6732 1.7600 1.7304
1.7400 1.6593 1.7400 1.6984
1.7000 1.7132 1.7000 1.7856
1.6500 1.7465 1.6500 1.8328
1.5900 1.7745 1.5900 1.8617
1.5300 1.8019 1.5300 1.9014
1.4700 1.7931 1.4700 1.8848
1.4400 1.7408 1.4400 1.8215
1.4100 1.6699 1.4100 1.7405
1.3800 1.6876 1.3800 1.7683
1.3500 1.6736 1.3500 1.7250
1.3000 1.6892 1.3000 1.7207
1.2400 1.6839 1.2400 1.7092
1.1800 1.6113 1.1800 1.6120
1.1300 1.5267 1.1300 1.5267
1.0700 1.4601 1.0700 1.4756
1.0100 1.3801 1.0100 1.3881
0.9400 1.3208 0.9400 1.3043
0.8900 1.2616 0.8900 1.2172
0.8300 1.3086 0.8300 1.2150
0.7700 1.2829 0.7700 1.1708
0.7300 1.2572 0.7300 1.1514
0.7200 1.2409 0.7200 1.1652
0.7100 1.1577 0.7100 1.1113
0.7200 1.1080 0.7200 1.0726
0.7300 1.0633 0.7300 1.0242
0.7400 1.0313 0.7400 0.9782
0.7600 0.9978 0.7600 0.9713
0.7900 1.0012 0.7900 0.9839
0.8100 1.0057 0.8100 0.9968
0.8300 1.0007 0.8300 0.9923
0.8500 1.0018 0.8500 1.0016
0.8700 1.0018 0.8700 1.0082
0.8900 0.9934 0.8900 0.9941
0.9100 1.0358 0.9100 0.9844
0.9400 1.0207 0.9400 0.9720
0.9800 1.0314 0.9800 1.0105
1.0200 1.0080 1.0200 0.9927
1.0600 0.9863 1.0600 0.9874
1.0900 1.0202 1.0900 1.0576
1.1100 1.0640 1.1100 1.1123
1.1400 1.0553 1.1400 1.0975
1.1700 1.0642 1.1700 1.1164
1.2000 1.0773 1.2000 1.1390
1.2300 1.0891 1.2300 1.1459
1.2800 1.0991 1.2800 1.1542
1.3200 1.1091 1.3200 1.1614
1.3600 1.1499 1.3600 1.2097
1.3900 1.1995 1.3900 1.2648
1.4200 1.2263 1.4200 1.2894
1.4400 1.2536 1.4400 1.3256
1.4600 1.2534 1.4600 1.3282
1.4700 1.2445 1.4700 1.3181
1.5000 1.2891 1.5000 1.3759
1.5400 1.3105 1.5400 1.3853
1.5800 1.3284 1.5800 1.3920
1.6100 1.3491 1.6100 1.4171
1.6300 1.4362 1.6300 1.5236
1.6400 1.4464 1.6400 1.5224
1.6500 1.4761 1.6500 1.5572
1.6700 1.4798 1.6700 1.5714
1.7000 1.5055 1.7000 1.5985
1.7100 1.4980 1.7100 1.5851
1.6900 1.5104 1.6900 1.5901
1.6500 1.4917 1.6500 1.5596
1.6400 1.5632 1.6400 1.6429
1.6600 1.6216 1.6600 1.7021
1.6900 1.6509 1.6900 1.7174
1.6700 1.6523 1.6700 1.7279
1.6400 1.6481 1.6400 1.7330
1.6100 1.6360 1.6100 1.7256
1.5700 1.6442 1.5700 1.7325
1.5300 1.6839 1.5300 1.7707
1.4700 1.7300 1.4700 1.8084
1.4000 1.6815 1.4000 1.7310
1.3400 1.5844 1.3400 1.6200
1.3100 1.5015 1.3100 1.5483
1.2600 1.5740 1.2600 1.6364
1.2100 1.6630 1.2100 1.7080
1.1800 1.6986 1.1800 1.7071
1.2000 1.5464 1.2000 1.5176
1.2200 1.5025 1.2200 1.5177
1.2400 1.4929 1.2400 1.5372
1.2400 1.4286 1.2400 1.4290
1.2500 1.3827 1.2500 1.3677
1.2600 1.2705 1.2600 1.2478
1.2600 1.1961 1.2600 1.1631
1.2800 1.1588 1.2800 1.1231
1.3000 1.2060 1.3000 1.1138
1.3100 1.1130 1.3100 1.0161
1.2900 1.0704 1.2900 0.9904
1.2700 1.1066 1.2700 1.0317
1.2700 1.2532 1.2700 1.1954
1.2900 1.2756 1.2900 1.2128
1.3000 1.2923 1.3000 1.2501
1.3100 1.2587 1.3100 1.2551
1.3100 1.3016 1.3100 1.3341
1.3400 1.3177 1.3400 1.3599
1.3800 1.2887 1.3800 1.3029
1.4500 1.3500 1.4500 1.3896
1.5200 1.3673 1.5200 1.3987
1.5700 1.3492 1.5700 1.3661
1.5700 1.2600 1.5700 1.2743
1.5500 1.2438 1.5500 1.2694
1.5200 1.2950 1.5200 1.3251
1.5100 1.3540 1.5100 1.3645
1.5000 1.3310 1.5000 1.3166
1.5000 1.3372 1.5000 1.3390
1.5100 1.3211 1.5100 1.3393
1.5100 1.4233 1.5100 1.4752
1.5300 1.4838 1.5300 1.5392
1.5400 1.6107 1.5400 1.6815
1.5600 1.6742 1.5600 1.7630
1.5600 1.6715 1.5600 1.7597
1.5600 1.5564 1.5600 1.6464
1.5600 1.4940 1.5600 1.5973
1.5600 1.4446 1.5600 1.5354
1.5400 1.4744 1.5400 1.5281
1.5400 1.4490 1.5400 1.4521
1.5400 1.4597 1.5400 1.4423
1.5300 1.4938 1.5300 1.4949
1.5100 1.4712 1.5100 1.4629
1.4900 1.5437 1.4900 1.5760
