1.2100 1.5800 1.2100 1.5196
1.1500 1.5739 1.1500 1.4938
1.1300 1.5437 1.1300 1.4650
1.1400 1.5642 1.1400 1.4668
1.1300 1.4847 1.1300 1.4011
1.1000 1.4206 1.1000 1.3449
1.0400 1.3458 1.0400 1.2705
1.0100 1.2786 1.0100 1.2031
1.0800 1.2595 1.0800 1.1752
1.0900 1.4742 1.0900 1.3490
1.0400 1.3123 1.0400 1.2469
1.0100 1.2438 1.0100 1.1985
0.9800 1.0858 0.9800 1.0916
0.9900 1.0958 0.9900 1.0657
0.9600 1.1469 0.9600 1.0736
0.9500 1.1802 0.9500 1.1655
0.9400 1.1030 0.9400 1.1106
0.9900 1.0739 0.9900 1.0927
1.0000 1.0490 1.0000 1.0707
0.9900 1.0552 0.9900 1.0691
1.0100 1.3829 1.0100 1.3137
1.0300 1.1880 1.0300 1.2130
1.0600 1.0436 1.0600 1.0923
1.1000 1.0670 1.1000 1.0884
1.1300 1.0703 1.1300 1.0868
1.1500 1.1237 1.1500 1.1550
1.1900 1.0335 1.1900 1.0636
1.2100 1.0447 1.2100 1.0975
1.2400 1.0599 1.2400 1.0983
1.2900 1.2472 1.2900 1.2593
1.3400 1.1279 1.3400 1.1745
1.4000 1.0702 1.4000 1.1290
1.4900 1.1691 1.4900 1.1913
1.5500 1.1969 1.5500 1.2157
1.5800 1.2256 1.5800 1.2421
1.6200 1.2898 1.6200 1.2865
1.6500 1.2860 1.6500 1.2870
1.6900 1.2684 1.6900 1.2688
1.6000 1.3701 1.6000 1.3362
1.7000 1.3322 1.7000 1.3099
1.6900 1.3737 1.6900 1.3426
1.7200 1.4890 1.7200 1.4050
1.7400 1.5146 1.7400 1.4368
1.8200 1.5731 1.8200 1.4911
1.8700 1.6832 1.8700 1.6009
1.8800 1.6746 1.8800 1.6133
1.8800 1.6539 1.8800 1.5908
1.9200 1.7222 1.9200 1.6319
1.9900 1.7326 1.9900 1.6378
2.0900 1.7795 2.0900 1.6713
2.1500 1.3823 2.1500 1.3530
2.2200 1.8902 2.2200 1.7148
2.3100 1.7054 2.3100 1.5924
2.4200 1.7370 2.4200 1.6238
2.5100 1.7868 2.5100 1.6466
2.5800 1.9149 2.5800 1.7953
2.6800 1.9495 2.6800 1.8315
2.6000 1.8622 2.6000 1.7647
2.8300 1.8589 2.8300 1.7526
2.8000 1.9795 2.8000 1.8349
2.8300 2.0814 2.8300 1.9412
2.8400 2.1880 2.8400 2.0724
2.8300 2.1672 2.8300 2.0853
2.7800 2.2380 2.7800 2.1682
2.7400 2.3646 2.7400 2.3008
2.6500 2.4727 2.6500 2.4363
2.6000 2.5196 2.6000 2.4957
2.5500 2.5447 2.5500 2.5224
2.5200 2.6894 2.5200 2.6613
2.4600 2.3263 2.4600 2.3072
2.4300 3.0348 2.4300 2.9289
2.3800 2.6361 2.3800 2.5829
2.3800 2.6450 2.3800 2.5727
2.2900 2.7708 2.2900 2.6065
2.2300 2.6239 2.2300 2.5054
2.2500 2.4635 2.2500 2.2777
2.3200 2.4171 2.3200 2.1662
2.1100 2.1875 2.1100 1.9619
2.3100 2.1968 2.3100 1.9192
2.2800 2.1649 2.2800 1.8621
2.3100 2.1802 2.3100 1.8692
2.3000 2.0389 2.3000 1.7706
2.1300 2.1037 2.1300 1.8097
2.2400 2.0258 2.2400 1.7656
2.1500 2.1756 2.1500 1.8886
1.9000 1.8588 1.9000 1.6470
2.1000 1.8425 2.1000 1.6080
2.0600 2.1470 2.0600 1.8335
2.0700 2.3313 2.0700 2.1042
2.1400 1.4586 2.1400 1.4554
2.1400 2.5373 2.1400 2.2516
2.1700 2.2135 2.1700 2.0304
2.2100 2.1745 2.2100 2.0510
2.2000 2.1889 2.2000 1.9803
2.1500 1.6386 2.1500 1.5333
2.0000 2.3708 2.0000 2.1195
0.9300 1.2459 0.9300 1.1389
0.8600 1.4221 0.8600 1.1586
0.8700 1.2320 0.8700 1.1031
0.9300 1.0785 0.9300 1.0081
0.9100 1.1867 0.9100 1.0520
0.9300 1.4934 0.9300 1.2762
0.9200 1.5146 0.9200 1.3975
0.8500 1.4698 0.8500 1.3956
0.8300 1.2767 0.8300 1.2564
0.8700 1.1191 0.8700 1.1499
0.9100 1.0341 0.9100 1.0433
0.9600 1.0239 0.9600 0.9851
1.0000 1.0346 1.0000 0.9813
1.0200 0.9701 1.0200 0.9633
1.0300 1.0351 1.0300 1.0701
1.0300 1.2245 1.0300 1.2411
1.0600 0.9966 1.0600 1.0944
1.1300 1.0862 1.1300 1.1607
1.2000 1.0727 1.2000 1.1164
1.2100 0.9695 1.2100 1.0333
1.1900 1.0215 1.1900 1.0480
1.1700 1.1858 1.1700 1.2115
1.1700 1.1573 1.1700 1.2195
1.1700 1.1909 1.1700 1.2500
1.2000 1.2088 1.2000 1.2524
1.2200 1.1767 1.2200 1.2147
1.2000 1.1620 1.2000 1.1852
1.2100 1.1464 1.2100 1.1651
1.2400 1.2399 1.2400 1.2408
1.2600 1.4194 1.2600 1.3487
1.3200 1.4425 1.3200 1.3860
1.4100 1.2778 1.4100 1.2938
1.4800 1.2055 1.4800 1.2127
1.5100 1.2100 1.5100 1.1901
1.5100 1.2433 1.5100 1.2145
1.5000 1.2222 1.5000 1.2077
1.4700 1.3246 1.4700 1.2920
1.4600 1.3201 1.4600 1.2933
1.4400 1.1942 1.4400 1.1977
1.4000 1.2759 1.4000 1.2501
1.4000 1.3882 1.4000 1.3331
1.4000 1.3576 1.4000 1.3259
1.4200 1.5245 1.4200 1.4262
1.4800 1.6269 1.4800 1.5364
1.5800 1.6288 1.5800 1.5672
1.6000 1.5981 1.6000 1.5373
1.6100 1.5326 1.6100 1.4915
1.6300 1.5020 1.6300 1.4382
1.6700 1.4081 1.6700 1.3475
1.8700 1.4201 1.8700 1.3364
2.0300 1.3667 2.0300 1.2875
2.1200 1.2763 2.1200 1.2123
2.1700 1.3709 2.1700 1.2779
2.1900 1.3926 2.1900 1.3051
2.1800 1.4593 2.1800 1.3754
2.1800 1.6479 2.1800 1.5088
2.1700 1.7652 2.1700 1.6544
2.1600 1.6499 2.1600 1.5795
2.1600 1.6240 2.1600 1.5639
2.1300 1.7163 2.1300 1.5990
2.0900 1.7659 2.0900 1.6489
2.0100 2.1698 2.0100 2.0435
2.0200 2.1987 2.0200 2.1716
2.0000 2.1221 2.0000 2.1577
1.9200 2.1649 1.9200 2.1712
1.8900 2.1479 1.8900 2.1368
1.8100 2.1281 1.8100 2.0516
1.7900 2.1409 1.7900 2.0082
1.6600 2.0726 1.6600 1.9154
1.5500 2.0271 1.5500 1.8521
1.4800 2.0505 1.4800 1.8542
1.4700 1.9243 1.4700 1.7441
1.4800 1.8344 1.4800 1.6623
1.4700 1.6710 1.4700 1.4987
1.4700 1.9057 1.4700 1.6576
1.4700 1.8286 1.4700 1.6117
1.4600 1.5588 1.4600 1.4049
1.4700 1.6420 1.4700 1.4384
1.4500 1.5076 1.4500 1.3286
1.4200 1.5791 1.4200 1.3903
1.4000 1.2919 1.4000 1.2256
1.3600 1.2369 1.3600 1.1568
1.2800 1.2477 1.2800 1.1384
1.2200 1.3358 1.2200 1.1572
1.2000 1.4104 1.2000 1.2546
1.1800 1.3504 1.1800 1.2432
1.1900 1.4119 1.1900 1.3138
1.1900 1.4523 1.1900 1.3596
1.1700 1.4151 1.1700 1.3415
1.1300 1.4834 1.1300 1.3911
1.1600 1.3806 1.1600 1.3131
1.2100 1.3217 1.2100 1.2617
1.2100 1.3310 1.2100 1.2548
1.1900 1.2594 1.1900 1.1968
1.1700 1.1313 1.1700 1.1200
1.1400 1.1226 1.1400 1.0943
1.1100 1.1717 1.1100 1.1062
1.1100 1.1460 1.1100 1.1098
1.1200 1.2179 1.1200 1.1902
1.1100 1.2103 1.1100 1.1935
1.1000 1.1592 1.1000 1.1589
1.0900 1.0980 1.0900 1.1055
1.0900 1.3038 1.0900 1.2630
1.0900 1.4208 1.0900 1.3484
1.1000 1.2357 1.1000 1.2472
1.1100 1.1750 1.1100 1.1805
1.1100 1.1946 1.1100 1.1777
1.0900 1.1505 1.0900 1.1399
1.0000 1.1085 1.0000 1.1057
1.0200 1.1678 1.0200 1.1609
1.0000 1.2063 1.0000 1.2015
0.9900 1.1407 0.9900 1.1530
1.0800 1.1378 1.0800 1.1481
1.1200 1.1480 1.1200 1.1513
1.1200 1.1675 1.1200 1.1726
1.1000 1.1624 1.1000 1.1718
1.0900 1.1911 1.0900 1.2016
1.0800 1.2025 1.0800 1.2101
1.0800 1.1783 1.0800 1.1882
1.0700 1.1240 1.0700 1.1394
1.0700 1.0215 1.0700 1.0593
1.0700 1.1772 1.0700 1.1749
1.0700 1.0853 1.0700 1.0978
1.0700 1.0508 1.0700 1.1062
1.0700 1.4251 1.0700 1.3479
1.0700 1.3112 1.0700 1.3013
1.0800 1.1643 1.0800 1.2044
1.0900 1.1409 1.0900 1.1545
1.1100 1.1794 1.1100 1.1739
1.1600 1.1519 1.1600 1.1486
1.1900 1.1554 1.1900 1.1653
1.1600 1.1254 1.1600 1.1390
1.1600 1.1471 1.1600 1.1620
1.2100 1.1528 1.2100 1.1652
1.3100 1.1514 1.3100 1.1676
1.3100 1.1507 1.3100 1.1657
1.3300 1.1539 1.3300 1.1680
1.4100 1.1538 1.4100 1.1677
1.4600 1.1821 1.4600 1.1962
1.5100 1.1907 1.5100 1.2037
1.5200 1.2334 1.5200 1.2373
1.5200 1.3704 1.5200 1.3302
1.5100 1.3367 1.5100 1.3207
1.4800 1.1520 1.4800 1.1738
1.4500 1.2205 1.4500 1.2055
1.4200 1.4369 1.4200 1.3550
1.4000 1.5738 1.4000 1.4818
1.3700 1.3370 1.3700 1.3399
1.3500 1.3916 1.3500 1.3687
1.3300 1.6402 1.3300 1.5293
1.3100 1.5938 1.3100 1.5243
1.3000 1.6390 1.3000 1.5537
1.2800 1.5704 1.2800 1.5084
1.2500 1.5381 1.2500 1.4809
1.2200 1.4979 1.2200 1.4232
1.2200 1.4001 1.2200 1.3360
1.2000 1.3536 1.2000 1.2787
1.1900 1.3227 1.1900 1.2412
1.1800 1.3185 1.1800 1.2364
1.1700 1.2693 1.1700 1.1979
1.1600 1.2718 1.1600 1.2024
1.1500 1.2647 1.1500 1.1997
1.1500 1.2504 1.1500 1.1956
1.1500 1.2653 1.1500 1.2124
1.1400 1.2355 1.1400 1.1917
1.1300 1.1903 1.1300 1.1580
1.1200 1.1723 1.1200 1.1398
1.1200 1.2425 1.1200 1.2029
1.1400 1.1831 1.1400 1.1597
1.1400 1.1861 1.1400 1.1682
1.1300 1.1930 1.1300 1.1706
1.1000 1.1898 1.1000 1.1756
1.0700 1.1801 1.0700 1.1674
1.0300 1.1767 1.0300 1.1667
1.0200 1.1985 1.0200 1.1910
1.0100 1.2002 1.0100 1.1957
1.0000 1.1706 1.0000 1.1695
1.0000 1.1653 1.0000 1.1629
0.9900 1.1640 0.9900 1.1603
0.8900 1.1829 0.8900 1.1818
0.8400 1.2556 0.8400 1.2421
0.8600 1.1953 0.8600 1.2014
0.9200 1.1634 0.9200 1.1709
0.9700 1.1119 0.9700 1.1214
1.0000 1.0940 1.0000 1.1039
1.0300 1.0543 1.0300 1.0709
1.0200 1.0944 1.0200 1.1081
1.0900 1.0874 1.0900 1.1102
1.1700 1.0733 1.1700 1.1098
1.2300 1.0998 1.2300 1.1339
1.2500 1.0830 1.2500 1.1194
1.2500 0.9796 1.2500 1.0319
1.2500 1.0035 1.2500 1.0285
1.2800 1.1317 1.2800 1.1553
1.3200 1.2336 1.3200 1.2499
1.3300 1.1931 1.3300 1.2520
1.3400 1.1595 1.3400 1.2262
1.3200 1.2059 1.3200 1.2391
1.2800 1.1231 1.2800 1.1548
1.2900 1.3816 1.2900 1.3306
1.2900 1.4605 1.2900 1.3889
1.2800 1.4278 1.2800 1.3900
1.2900 1.3438 1.2900 1.3391
1.2800 1.3086 1.2800 1.2957
1.2800 1.3111 1.2800 1.2771
1.2700 1.4228 1.2700 1.3607
1.2600 1.4816 1.2600 1.4016
1.2500 1.3830 1.2500 1.3496
1.2500 1.3863 1.2500 1.3443
1.2500 1.3034 1.2500 1.2697
1.2700 1.2202 1.2700 1.1929
1.2800 1.3416 1.2800 1.2748
1.2700 1.3193 1.2700 1.2668
1.2800 1.2522 1.2800 1.2260
1.2900 1.3282 1.2900 1.2761
1.2900 1.2778 1.2900 1.2428
1.3000 1.2935 1.3000 1.2589
1.2700 1.2659 1.2700 1.2297
1.2600 1.2562 1.2600 1.2235
1.2700 1.2471 1.2700 1.2124
1.2800 1.2734 1.2800 1.2384
1.3600 1.2745 1.3600 1.2417
1.3600 1.3515 1.3600 1.3049
1.2700 1.3369 1.2700 1.2980
1.2700 1.2645 1.2700 1.2429
1.2000 1.3342 1.2000 1.2896
1.2200 1.3563 1.2200 1.3076
1.1400 1.3118 1.1400 1.2799
1.1500 1.3485 1.1500 1.3022
1.0900 1.2307 1.0900 1.2073
1.0200 1.2541 1.0200 1.2186
1.0200 1.3337 1.0200 1.2754
1.0400 1.3331 1.0400 1.2914
1.0100 1.5896 1.0100 1.4682
0.9800 1.3918 0.9800 1.3606
0.9500 1.1140 0.9500 1.1571
0.9500 1.2946 0.9500 1.2266
0.9300 1.1283 0.9300 1.1004
0.9400 1.2750 0.9400 1.2355
0.9600 1.0863 0.9600 1.0848
0.9400 1.1859 0.9400 1.1757
0.9400 1.0795 0.9400 1.0806
0.9800 1.0155 0.9800 1.0395
0.9000 1.1079 0.9000 1.1055
0.8400 1.1952 0.8400 1.2002
0.8200 1.0394 0.8200 1.0745
0.7900 1.0458 0.7900 1.0739
0.8100 1.0326 0.8100 1.0688
0.8300 1.0902 0.8300 1.1264
0.8600 1.0280 0.8600 1.0743
0.8600 1.0860 0.8600 1.1445
0.8400 1.1360 0.8400 1.1794
0.8200 1.0316 0.8200 1.0975
0.8100 1.0708 0.8100 1.1196
0.8100 1.2246 0.8100 1.2371
0.8300 0.9801 0.8300 1.0448
0.8300 0.9964 0.8300 1.0386
0.8300 1.0188 0.8300 1.0536
0.8200 0.9683 0.8200 1.0409
0.8600 1.0397 0.8600 1.1369
0.8800 1.0618 0.8800 1.1529
0.8100 1.0904 0.8100 1.1863
0.8100 1.0314 0.8100 1.1115
0.8400 0.9981 0.8400 1.0784
0.9100 1.0039 0.9100 1.0651
0.8300 1.0107 0.8300 1.0805
0.8500 1.0190 0.8500 1.1008
0.8900 1.0637 0.8900 1.1513
0.8700 1.0200 0.8700 1.1066
0.7900 1.0200 0.7900 1.1058
0.7700 1.0061 0.7700 1.0847
0.7900 1.1462 0.7900 1.2075
0.8300 1.0923 0.8300 1.1648
0.8600 0.9643 0.8600 1.0390
0.9100 1.0251 0.9100 1.0951
0.9700 1.1467 0.9700 1.1847
1.0100 1.2476 1.0100 1.2662
1.0500 0.9749 1.0500 1.0511
1.1100 1.0744 1.1100 1.1515
1.1300 1.2128 1.1300 1.2167
1.2000 0.9944 1.2000 1.0899
1.2300 0.9843 1.2300 1.0411
1.2200 0.9965 1.2200 1.0608
1.2000 1.0941 1.2000 1.1524
1.1900 1.1114 1.1900 1.1972
1.1700 1.0759 1.1700 1.1767
1.1600 1.1783 1.1600 1.2424
1.1500 1.2618 1.1500 1.2775
1.1400 1.2207 1.1400 1.2605
1.1500 1.2472 1.1500 1.2688
1.1400 1.3687 1.1400 1.3320
1.1200 1.2650 1.1200 1.2711
1.0900 1.4541 1.0900 1.3852
1.0600 1.3885 1.0600 1.3541
1.0700 1.2482 1.0700 1.2537
1.1000 1.2134 1.1000 1.1982
1.1400 1.2392 1.1400 1.2104
1.1400 1.1846 1.1400 1.1665
1.2100 1.1796 1.2100 1.1645
1.2300 1.1750 1.2300 1.1612
1.3500 1.1675 1.3500 1.1611
1.3700 1.2255 1.3700 1.2138
1.4800 1.1737 1.4800 1.1719
1.5300 1.1329 1.5300 1.1414
1.5500 1.1002 1.5500 1.1076
1.6200 1.0841 1.6200 1.0951
1.7500 1.1745 1.7500 1.1765
1.8100 1.2590 1.8100 1.2491
1.8700 1.3071 1.8700 1.2996
1.9300 1.1919 1.9300 1.2096
1.8900 1.4620 1.8900 1.3821
1.8800 1.3607 1.8800 1.3334
1.9000 1.6155 1.9000 1.5354
1.9500 1.4836 1.9500 1.4353
1.9600 1.6744 1.9600 1.6128
2.0400 1.6776 2.0400 1.6008
2.0500 1.5902 2.0500 1.5492
2.0400 1.7899 2.0400 1.6769
2.0000 1.9484 2.0000 1.8682
1.9200 1.8776 1.9200 1.8328
1.8400 1.9247 1.8400 1.8682
1.7600 2.0028 1.7600 1.9327
1.6900 1.7824 1.6900 1.7447
1.6400 1.8131 1.6400 1.7120
1.5800 1.9470 1.5800 1.7800
1.5300 2.0066 1.5300 1.8469
1.4800 1.9317 1.4800 1.7991
1.4200 2.1199 1.4200 1.9616
1.3800 2.0328 1.3800 1.9082
1.3100 1.9462 1.3100 1.8479
1.2500 1.8217 1.2500 1.6978
1.1500 1.6419 1.1500 1.5176
1.1200 1.5334 1.1200 1.3704
1.1000 1.4434 1.1000 1.2780
1.0700 1.3805 1.0700 1.2267
1.0600 1.3692 1.0600 1.2035
1.0600 1.3041 1.0600 1.1782
1.0100 1.2884 1.0100 1.1698
0.9800 1.2672 0.9800 1.1596
0.9800 1.2073 0.9800 1.1385
1.0000 1.2214 1.0000 1.1344
1.0400 1.1451 1.0400 1.1043
1.0700 1.1251 1.0700 1.0871
1.1000 1.0768 1.1000 1.0481
1.1500 1.0884 1.1500 1.0503
1.1900 1.0962 1.1900 1.0640
1.2000 1.0535 1.2000 1.0549
1.2400 1.0825 1.2400 1.0944
1.4700 1.1361 1.4700 1.1480
1.4900 1.0332 1.4900 1.0656
1.4800 1.0444 1.4800 1.0655
1.4200 1.1089 1.4200 1.1277
1.4400 1.1598 1.4400 1.1916
1.3800 1.2324 1.3800 1.2506
1.2200 1.2267 1.2200 1.2508
1.0800 1.2523 1.0800 1.2666
1.0100 1.3673 1.0100 1.3318
1.1000 1.3723 1.1000 1.3399
1.1300 1.2801 1.1300 1.2785
1.1200 1.4094 1.1200 1.3621
1.1300 1.8921 1.1300 1.7814
0.9600 1.5443 0.9600 1.5407
0.9900 1.2713 0.9900 1.2611
0.9800 1.2955 0.9800 1.2594
0.9700 1.3273 0.9700 1.2912
0.9800 1.2477 0.9800 1.2250
0.9800 1.2053 0.9800 1.1880
0.9900 1.1673 0.9900 1.1489
0.9900 1.1451 0.9900 1.1290
1.0100 1.1183 1.0100 1.1071
1.0300 1.0712 1.0300 1.0777
1.0800 1.0669 1.0800 1.0729
1.1100 1.0790 1.1100 1.0887
1.1600 1.0649 1.1600 1.0885
1.2300 1.0414 1.2300 1.0639
1.2600 1.0686 1.2600 1.0996
1.2600 1.0703 1.2600 1.1045
1.2600 1.1119 1.2600 1.1569
1.2400 1.0934 1.2400 1.1357
1.2300 1.1215 1.2300 1.1651
1.2100 1.1071 1.2100 1.1418
1.2100 1.1637 1.2100 1.1978
1.2000 1.1828 1.2000 1.2069
1.2100 1.3048 1.2100 1.2963
1.2100 1.2711 1.2100 1.2752
1.2100 1.3621 1.2100 1.3347
1.2000 1.4764 1.2000 1.4049
1.1900 1.3952 1.1900 1.3680
1.1900 1.2976 1.1900 1.2903
1.2000 1.3108 1.2000 1.2805
1.2500 1.2551 1.2500 1.2281
1.3200 1.2449 1.3200 1.2140
1.3800 1.2037 1.3800 1.1769
1.4200 1.2377 1.4200 1.2132
1.4600 1.2098 1.4600 1.1874
1.4800 1.2661 1.4800 1.2421
1.4800 1.2462 1.4800 1.2259
1.4700 1.2401 1.4700 1.2279
1.4600 1.2161 1.4600 1.1984
1.4300 1.2112 1.4300 1.1939
1.4100 1.2321 1.4100 1.2127
1.3900 1.2710 1.3900 1.2463
1.3700 1.4355 1.3700 1.3663
1.3400 1.5354 1.3400 1.4433
1.3100 1.5457 1.3100 1.4748
1.2800 1.5488 1.2800 1.4800
1.2600 1.5873 1.2600 1.5093
1.2400 1.5750 1.2400 1.4959
1.2300 1.5055 1.2300 1.4485
1.2100 1.4533 1.2100 1.3889
1.1900 1.4353 1.1900 1.3618
1.1800 1.3474 1.1800 1.2841
1.1600 1.3361 1.1600 1.2637
1.1600 1.3208 1.1600 1.2455
1.1700 1.2981 1.1700 1.2307
1.1800 1.2505 1.1800 1.1911
1.1800 1.2292 1.1800 1.1734
1.1900 1.2103 1.1900 1.1581
1.1800 1.2155 1.1800 1.1659
1.1800 1.2008 1.1800 1.1595
1.1700 1.2143 1.1700 1.1786
1.1500 1.1847 1.1500 1.1585
1.1300 1.1719 1.1300 1.1522
1.1200 1.1920 1.1200 1.1674
1.1300 1.1600 1.1300 1.1476
1.1100 1.1968 1.1100 1.1860
1.1000 1.2448 1.1000 1.2250
1.1000 1.2489 1.1000 1.2387
1.0900 1.2179 1.0900 1.2148
1.0800 1.2620 1.0800 1.2462
1.0700 1.2110 1.0700 1.2003
1.0700 1.2247 1.0700 1.2133
1.0700 1.2010 1.0700 1.1862
1.1000 1.1607 1.1000 1.1571
1.1700 1.1441 1.1700 1.1382
1.2200 1.1614 1.2200 1.1524
1.2400 1.2148 1.2400 1.2064
1.2400 1.1272 1.2400 1.1375
1.2400 1.1371 1.2400 1.1453
1.2300 1.1743 1.2300 1.1722
1.2100 1.1446 1.2100 1.1533
1.2000 1.1283 1.2000 1.1399
1.1800 1.1300 1.1800 1.1400
1.1700 1.1522 1.1700 1.1633
1.1800 1.1502 1.1800 1.1646
1.1900 1.2547 1.1900 1.2515
1.1800 1.4415 1.1800 1.3626
1.1500 1.4124 1.1500 1.3665
1.1000 1.3305 1.1000 1.3291
1.0700 1.2898 1.0700 1.2765
1.0700 1.2989 1.0700 1.2700
1.0100 1.2602 1.0100 1.2322
1.0600 1.2079 1.0600 1.1880
0.9500 1.2148 0.9500 1.1881
0.9500 1.1800 0.9500 1.1615
0.9600 1.1853 0.9600 1.1680
0.9400 1.2502 0.9400 1.2247
0.9200 1.2593 0.9200 1.2418
0.8700 1.1937 0.8700 1.1893
0.7900 1.1360 0.7900 1.1382
0.7100 1.0737 0.7100 1.0913
0.6300 1.0893 0.6300 1.0879
0.5800 1.1488 0.5800 1.1480
0.5400 1.0290 0.5400 1.0548
0.5300 1.2679 0.5300 1.2569
0.5400 0.9917 0.5400 1.0376
0.5700 1.0549 0.5700 1.1083
0.6100 1.1475 0.6100 1.1436
0.6500 1.0268 0.6500 1.0999
0.6800 1.0463 0.6800 1.0740
0.7300 0.9932 0.7300 1.0381
0.7700 0.9641 0.7700 1.0117
0.8300 0.9582 0.8300 0.9961
0.9100 0.9365 0.9100 0.9777
1.0100 0.9413 1.0100 0.9846
1.0800 0.9368 1.0800 0.9894
1.2200 0.9419 1.2200 1.0502
1.3000 0.9555 1.3000 1.0905
1.4300 1.0081 1.4300 1.1408
1.5100 1.0443 1.5100 1.1678
1.5900 1.0549 1.5900 1.1828
1.6900 1.0356 1.6900 1.1836
1.7200 1.1199 1.7200 1.2230
1.9300 1.1018 1.9300 1.2145
2.0100 1.1772 2.0100 1.2506
2.1200 1.2853 2.1200 1.2960
2.2100 1.3650 2.2100 1.3535
2.3500 1.3487 2.3500 1.3416
2.4500 1.5496 2.4500 1.5051
2.4200 1.5138 2.4200 1.4828
2.6400 1.6648 2.6400 1.6272
2.5900 1.6829 2.5900 1.6391
2.6700 1.7130 2.6700 1.6873
2.6600 1.8666 2.6600 1.8055
2.7200 1.7605 2.7200 1.7294
2.7000 2.2171 2.7000 2.1490
2.8000 2.0811 2.8000 2.0842
2.8000 2.1607 2.8000 2.1829
2.6500 2.2970 2.6500 2.2772
0.7000 1.2893 0.7000 1.1153
0.6800 1.2366 0.6800 1.1102
0.6800 1.2098 0.6800 1.1390
0.6900 1.1024 0.6900 1.0723
0.6800 1.2436 0.6800 1.1410
0.7000 1.0558 0.7000 1.0372
0.7300 1.0201 0.7300 1.0043
0.7500 1.0770 0.7500 1.0242
0.7500 0.9445 0.7500 0.9571
0.7500 0.9658 0.7500 0.9748
0.6700 0.9988 0.6700 1.0045
0.7200 0.9451 0.7200 0.9987
0.6800 0.9784 0.6800 1.0584
0.6500 0.9700 0.6500 1.0427
0.6200 0.9724 0.6200 1.0983
0.6100 0.9958 0.6100 1.1144
0.6200 0.9612 0.6200 1.0737
0.6800 1.0178 0.6800 1.1428
0.7100 1.0604 0.7100 1.1713
0.6900 1.0293 0.6900 1.1518
0.6700 0.9899 0.6700 1.1018
0.6600 1.0014 0.6600 1.1054
0.6100 0.9350 0.6100 1.0113
0.5900 1.1451 0.5900 1.2158
0.5900 0.9540 0.5900 1.0170
0.6900 0.9407 0.6900 1.0297
0.7800 0.9791 0.7800 1.0239
0.8500 0.9606 0.8500 1.0819
0.9000 0.9745 0.9000 1.1061
1.0200 1.1288 1.0200 1.2070
1.0700 1.0293 1.0700 1.1681
1.1700 0.9572 1.1700 1.0648
1.2300 0.9717 1.2300 1.0646
1.3000 0.9776 1.3000 1.0910
1.3800 0.9353 1.3800 1.0067
1.4500 0.9578 1.4500 1.0487
1.5000 0.9689 1.5000 1.0891
1.4600 1.2567 1.4600 1.2612
1.5600 1.2333 1.5600 1.2636
1.8400 1.1695 1.8400 1.2581
2.1100 1.1699 2.1100 1.2545
2.2600 1.4073 2.2600 1.3917
2.3300 1.3077 2.3300 1.3184
2.4200 1.4542 2.4200 1.4195
2.4700 1.4604 2.4700 1.4077
2.5900 1.4894 2.5900 1.4512
2.6500 1.6017 2.6500 1.5244
2.6100 1.6096 2.6100 1.5576
2.5200 1.6301 2.5200 1.5661
2.4600 1.3948 2.4600 1.3875
2.4400 1.7781 2.4400 1.6519
2.3900 2.2718 2.3900 2.1700
2.3600 2.3795 2.3600 2.3618
2.3600 2.3015 2.3600 2.3635
2.3800 2.2777 2.3800 2.3711
2.4100 2.4402 2.4100 2.5121
2.3600 2.4506 2.3600 2.4967
2.3200 2.6550 2.3200 2.6421
2.2600 2.6182 2.2600 2.5862
2.1800 2.4027 2.1800 2.3449
2.1500 2.1522 2.1500 2.0563
2.2400 2.1547 2.2400 1.9681
2.2200 2.2226 2.2200 1.9535
2.2200 2.0310 2.2200 1.7833
2.2100 2.0345 2.2100 1.7516
2.2000 2.1727 2.2000 1.8789
2.0500 2.2814 2.0500 2.0228
1.7400 2.3468 1.7400 2.1259
1.2800 1.3323 1.2800 1.2376
1.2600 1.2939 1.2600 1.2234
1.2400 1.2802 1.2400 1.2162
1.2300 1.3078 1.2300 1.2408
1.2200 1.2461 1.2200 1.1963
1.2100 1.3107 1.2100 1.2497
1.2500 1.2884 1.2500 1.2349
1.2600 1.2129 1.2600 1.1814
1.2500 1.1625 1.2500 1.1313
1.2300 1.1717 1.2300 1.1350
1.2000 1.2039 1.2000 1.1660
1.1900 1.4219 1.1900 1.3489
1.1700 1.3938 1.1700 1.3479
1.1400 1.2221 1.1400 1.2237
1.1200 1.2242 1.1200 1.2037
1.1100 1.2616 1.1100 1.2223
1.1100 1.2371 1.1100 1.2064
1.1200 1.2111 1.1200 1.1881
1.1200 1.3962 1.1200 1.3352
1.1200 1.3259 1.1200 1.2943
1.1200 1.2412 1.1200 1.2320
1.1200 1.2199 1.1200 1.1975
1.1000 1.1875 1.1000 1.1668
1.1000 1.2089 1.1000 1.1784
1.1100 1.1689 1.1100 1.1497
1.1400 1.1162 1.1400 1.1140
1.1800 1.1274 1.1800 1.1193
1.2100 1.1503 1.2100 1.1417
1.2700 1.1661 1.2700 1.1697
1.2900 1.2002 1.2900 1.2025
1.2700 1.1773 1.2700 1.1861
1.2600 1.1801 1.2600 1.1863
1.2500 1.1878 1.2500 1.1883
1.2500 1.1884 1.2500 1.1898
1.2600 1.1296 1.2600 1.1400
1.2600 1.1699 1.2600 1.1717
1.2800 1.2104 1.2800 1.2068
1.2900 1.2861 1.2900 1.2737
1.2900 1.3495 1.2900 1.3237
1.2700 1.3448 1.2700 1.3269
1.2700 1.4840 1.2700 1.4056
1.2600 1.3984 1.2600 1.3687
1.2500 1.2618 1.2500 1.2571
1.2200 1.2788 1.2200 1.2448
1.1800 1.2789 1.1800 1.2385
1.1400 1.2803 1.1400 1.2461
1.1000 1.3130 1.1000 1.2705
1.1400 1.2817 1.1400 1.2533
1.1600 1.3601 1.1600 1.3139
1.1600 1.3509 1.1600 1.3086
1.1600 1.3111 1.1600 1.2827
1.1600 1.2486 1.1600 1.2220
1.1200 1.2958 1.1200 1.2553
1.1000 1.2651 1.1000 1.2282
1.0900 1.2434 1.0900 1.2139
1.0800 1.1795 1.0800 1.1572
1.0900 1.1305 1.0900 1.1163
1.1000 1.1034 1.1000 1.0942
1.1100 1.0755 1.1100 1.0760
1.1100 1.3063 1.1100 1.2624
1.1000 1.2700 1.1000 1.2520
1.1000 1.1831 1.1000 1.2035
1.1300 1.2049 1.1300 1.2004
1.1300 1.2294 1.1300 1.2163
1.1500 1.1060 1.1500 1.1166
1.1200 1.1240 1.1200 1.1238
1.1200 1.1497 1.1200 1.1398
1.1100 1.1304 1.1100 1.1385
1.1200 1.1759 1.1200 1.1853
1.1200 1.1922 1.1200 1.2023
1.1500 1.1962 1.1500 1.2104
1.2100 1.1777 1.2100 1.1866
1.2700 1.1549 1.2700 1.1642
1.3000 1.1768 1.3000 1.1780
1.3000 1.2880 1.3000 1.2679
1.2700 1.1935 1.2700 1.2032
1.2400 1.2525 1.2400 1.2509
1.2200 1.1318 1.2200 1.1429
1.2100 1.1868 1.2100 1.1839
1.2000 1.1682 1.2000 1.1586
1.1800 1.2063 1.1800 1.2110
1.1500 1.1789 1.1500 1.1836
1.1300 1.2896 1.1300 1.2759
1.1100 1.4451 1.1100 1.3687
1.0800 1.4732 1.0800 1.4060
1.0700 1.4171 1.0700 1.3868
1.0500 1.3366 1.0500 1.3191
1.0000 1.2557 1.0000 1.2356
0.9600 1.2251 0.9600 1.1935
0.9500 1.2191 0.9500 1.1800
0.9400 1.2160 0.9400 1.1832
0.9400 1.1982 0.9400 1.1751
0.9000 1.1639 0.9000 1.1499
0.8600 1.1277 0.8600 1.1212
0.8300 1.1405 0.8300 1.1295
0.8000 1.1290 0.8000 1.1234
0.8600 1.0815 0.8600 1.0926
0.9400 1.1171 0.9400 1.1212
0.9700 1.0916 0.9700 1.1063
0.9600 1.0332 0.9600 1.0608
0.9100 1.0352 0.9100 1.0543
0.8800 1.0665 0.8800 1.0937
0.9100 1.0495 0.9100 1.0966
0.9200 1.0580 0.9200 1.1175
0.9800 1.0097 0.9800 1.0526
1.0300 0.9995 1.0300 1.0414
1.0500 1.0033 1.0500 1.0390
1.1100 0.9845 1.1100 1.0376
1.1100 1.2078 1.1100 1.2422
1.0900 1.3064 1.0900 1.2903
1.2400 1.1352 1.2400 1.2217
1.2600 1.0559 1.2600 1.1270
1.3500 1.0118 1.3500 1.0676
1.4100 1.0145 1.4100 1.0573
1.4600 1.1649 1.4600 1.1868
1.5300 1.0831 1.5300 1.1483
1.5500 1.2421 1.5500 1.2722
1.5600 1.2711 1.5600 1.2821
1.6200 1.1864 1.6200 1.2301
1.6700 1.3580 1.6700 1.3293
1.7200 1.2102 1.7200 1.2209
1.7200 1.1283 1.7200 1.1534
1.7500 1.6395 1.7500 1.5161
1.7800 1.3955 1.7800 1.3630
1.7700 1.5464 1.7700 1.4915
1.6400 1.6062 1.6400 1.5213
1.7700 1.5609 1.7700 1.5270
1.7500 1.7094 1.7500 1.6137
1.7500 1.6195 1.7500 1.5556
1.7000 1.6040 1.7000 1.5356
1.6900 1.7693 1.6900 1.6452
1.6700 1.7746 1.6700 1.6717
1.6300 1.8054 1.6300 1.7040
1.6000 1.7171 1.6000 1.6353
1.5800 1.8098 1.5800 1.6885
1.5400 1.8547 1.5400 1.7203
1.5200 1.7196 1.5200 1.6322
1.5000 1.2948 1.5000 1.2940
1.5500 2.0036 1.5500 1.7816
1.4200 1.7229 1.4200 1.5957
1.3800 1.6216 1.3800 1.5423
1.3300 1.4981 1.3300 1.3837
1.2900 1.6069 1.2900 1.4809
1.2600 1.5681 1.2600 1.4352
1.2300 1.4457 1.2300 1.3345
1.2300 1.4334 1.2300 1.3093
1.2400 1.4555 1.2400 1.3249
1.2200 1.3736 1.2200 1.2677
1.1100 1.3895 1.1100 1.2765
1.1300 1.3896 1.1300 1.2786
1.1000 1.6567 1.1000 1.5076
1.0800 1.1639 1.0800 1.1714
1.0600 1.2209 1.0600 1.1630
1.0600 1.2305 1.0600 1.1389
1.0500 1.1816 1.0500 1.1220
0.9900 1.1587 0.9900 1.1165
0.9800 1.1529 0.9800 1.1029
0.9700 1.2287 0.9700 1.1851
0.9900 1.2845 0.9900 1.2398
1.0200 1.1899 1.0200 1.1760
1.0700 1.0526 1.0700 1.0781
1.1000 1.2359 1.1000 1.1919
1.0800 1.1277 1.0800 1.1082
1.0600 1.0726 1.0600 1.1012
1.0600 1.0906 1.0600 1.0918
1.1000 1.1473 1.1000 1.1577
1.1600 1.1096 1.1600 1.1268
1.2200 1.0253 1.2200 1.0609
1.2600 1.0729 1.2600 1.0957
1.2700 1.0857 1.2700 1.1068
1.3300 1.1406 1.3300 1.1847
1.3900 1.1932 1.3900 1.2179
1.5100 1.2904 1.5100 1.2901
1.5400 1.2568 1.5400 1.2699
1.6300 1.1238 1.6300 1.1585
1.5200 1.1165 1.5200 1.1328
1.6600 1.1715 1.6600 1.1647
1.7100 1.3020 1.7100 1.2806
1.8100 1.3979 1.8100 1.3437
1.8900 1.4328 1.8900 1.3779
1.9800 1.4106 1.9800 1.3782
2.0300 1.3423 2.0300 1.3298
2.0600 1.5361 2.0600 1.4454
2.0500 1.5781 2.0500 1.4905
2.0900 1.7355 2.0900 1.6540
2.0800 1.6248 2.0800 1.5707
2.0600 1.7702 2.0600 1.7063
2.1000 1.3259 2.1000 1.3319
2.1300 1.9019 2.1300 1.7622
2.1900 1.8627 2.1900 1.7369
2.1800 1.8858 2.1800 1.8301
2.0600 2.0272 2.0600 1.9218
2.2300 2.0290 2.2300 2.0019
2.2100 2.0707 2.2100 2.0202
2.1700 2.0498 2.1700 1.9908
2.2100 2.0127 2.2100 1.9119
2.2100 2.1240 2.2100 1.9848
2.2200 2.0213 2.2200 1.8949
2.0300 1.9075 2.0300 1.7739
2.1200 2.1311 2.1200 1.9405
2.0500 2.1270 2.0500 1.9594
2.1100 2.2181 2.1100 2.0573
2.2400 2.0866 2.2400 1.9554
2.3700 1.6653 2.3700 1.5800
2.4600 2.4659 2.4600 2.2315
2.4700 2.1389 2.4700 1.9975
2.5700 1.8628 2.5700 1.7760
2.5900 2.2445 2.5900 2.0000
2.6000 2.1344 2.6000 1.9801
2.5800 2.1390 2.5800 1.9832
2.5400 1.4650 2.5400 1.4475
2.5200 2.2004 2.5200 1.9110
2.4800 1.7952 2.4800 1.6074
2.4200 2.0793 2.4200 1.8701
2.4100 2.4306 2.4100 2.1930
2.2800 2.3981 2.2800 2.3314
2.3100 2.4702 2.3100 2.4290
2.2400 2.3474 2.2400 2.3229
2.1400 2.6048 2.1400 2.5538
2.0500 2.5173 2.0500 2.4621
1.9200 2.4831 1.9200 2.3882
1.8300 2.4301 1.8300 2.2731
1.9100 2.2948 1.9100 2.1204
1.7800 2.3098 1.7800 2.0861
1.7300 2.1908 1.7300 1.9559
1.6500 2.0352 1.6500 1.8210
1.6000 2.1813 1.6000 1.8923
1.5100 1.7712 1.5100 1.5584
1.4600 2.1656 1.4600 1.8434
1.3600 1.8809 1.3600 1.6449
1.2400 1.6653 1.2400 1.4603
1.1000 1.6190 1.1000 1.4189
1.0500 1.4477 1.0500 1.2989
0.7500 1.4118 0.7500 1.2628
0.8400 1.9704 0.8400 1.6053
0.7000 1.3281 0.7000 1.2409
0.7200 1.3813 0.7200 1.2582
0.7800 1.3653 0.7800 1.2380
0.8300 1.3787 0.8300 1.2202
0.9400 1.2486 0.9400 1.1712
1.0400 1.2313 1.0400 1.1298
1.1300 1.1637 1.1300 1.0989
1.2200 1.0951 1.2200 1.0419
1.2800 1.0550 1.2800 0.9972
1.2800 1.0595 1.2800 0.9923
1.2500 0.8662 1.2500 0.8714
1.2200 1.3094 1.2200 1.2605
1.1800 0.9205 1.1800 0.9378
1.1300 0.9439 1.1300 1.1395
1.0600 1.1889 1.0600 1.1963
0.9700 1.1161 0.9700 1.2037
0.8700 1.3461 0.8700 1.3386
0.7800 1.3595 0.7800 1.3614
0.6900 1.3967 0.6900 1.3907
0.4800 1.4799 0.4800 1.4416
0.3900 1.4689 0.3900 1.4351
0.3900 1.3326 0.3900 1.3306
0.3900 1.2490 0.3900 1.2340
0.3900 1.2275 0.3900 1.1941
0.5200 1.1593 0.5200 1.1346
0.7600 1.0856 0.7600 1.0879
1.1900 1.0539 1.1900 1.0560
1.3900 1.0146 1.3900 1.0208
1.5500 0.9840 1.5500 0.9922
1.6000 0.9649 1.6000 0.9761
1.5600 0.9427 1.5600 0.9658
1.6400 0.8490 1.6400 0.9110
1.7700 0.9282 1.7700 0.9467
1.8700 1.0203 1.8700 1.0008
1.9000 0.8833 1.9000 0.9307
1.9100 0.9161 1.9100 0.9730
1.9400 1.2530 1.9400 1.2225
1.9600 1.4448 1.9600 1.4568
1.9900 1.8952 1.9900 1.8496
1.9600 1.6956 1.9600 1.7304
1.8700 1.7428 1.8700 1.8057
1.8000 1.7183 1.8000 1.7591
1.6800 1.5455 1.6800 1.5560
1.5700 1.8628 1.5700 1.7222
1.4200 2.0027 1.4200 1.9041
1.3200 1.9769 1.3200 1.9303
1.3600 1.9072 1.3600 1.8558
1.3300 1.8951 1.3300 1.8284
1.3200 1.9833 1.3200 1.8812
1.3100 1.9853 1.3100 1.8637
1.3300 2.0160 1.3300 1.8746
1.3200 1.8185 1.3200 1.7068
1.3200 1.5643 1.3200 1.4654
1.3100 1.5332 1.3100 1.3771
1.2900 1.3188 1.2900 1.2430
1.2700 1.2553 1.2700 1.1653
1.2600 1.1822 1.2600 1.0767
1.2500 1.1439 1.2500 1.0271
1.2600 1.3859 1.2600 1.1697
1.2700 1.1794 1.2700 1.0817
1.2600 1.1888 1.2600 1.1359
1.2500 1.2619 1.2500 1.1884
1.2300 1.3985 1.2300 1.3320
1.2200 1.3019 1.2200 1.2609
1.1600 1.3171 1.1600 1.2757
1.1000 1.2982 1.1000 1.2522
1.0700 1.2593 1.0700 1.2234
1.0500 1.2375 1.0500 1.1977
1.0000 1.2528 1.0000 1.2088
0.6600 1.2420 0.6600 1.2055
0.6500 1.3044 0.6500 1.2605
0.7500 1.3213 0.7500 1.2788
0.7500 1.2519 0.7500 1.2295
0.8500 1.2467 0.8500 1.2187
0.9100 1.2211 0.9100 1.1932
0.8700 1.2286 0.8700 1.1981
0.8700 1.0901 0.8700 1.1019
0.8700 1.0701 0.8700 1.0756
0.8700 1.0824 0.8700 1.0695
0.8700 1.0862 0.8700 1.0878
0.8800 1.0346 0.8800 1.0507
0.8900 0.8429 0.8900 0.9046
0.9100 1.0863 0.9100 1.1075
0.9300 1.3932 0.9300 1.2719
0.9700 0.9174 0.9700 1.0787
1.0200 1.1909 1.0200 1.2938
1.0700 1.2139 1.0700 1.2551
1.1300 0.9714 1.1300 1.0834
1.1400 1.0484 1.1400 1.1039
1.0700 1.0933 1.0700 1.1261
1.0700 1.0441 1.0700 1.1133
1.2000 1.0307 1.2000 1.1016
1.2700 1.0735 1.2700 1.1406
1.3000 1.0755 1.3000 1.1408
1.2900 1.1041 1.2900 1.1690
1.2900 1.1166 1.2900 1.1752
1.2900 1.1976 1.2900 1.2359
1.3100 1.2651 1.3100 1.2780
1.3400 1.2967 1.3400 1.2979
1.3300 1.3712 1.3300 1.3398
1.3200 1.2398 1.3200 1.2527
1.3500 1.0521 1.3500 1.1070
1.3500 1.1730 1.3500 1.1564
1.3400 1.5892 1.3400 1.4648
1.3200 1.4777 1.3200 1.4247
1.3200 1.3711 1.3200 1.3838
1.3200 1.3069 1.3200 1.3003
1.3100 1.3564 1.3100 1.3174
1.3200 1.3446 1.3200 1.2931
1.3000 1.3997 1.3000 1.3428
1.2800 1.4534 1.2800 1.3866
1.2800 1.3158 1.2800 1.2889
1.2000 1.3010 1.2000 1.2661
1.1800 1.4692 1.1800 1.3863
1.1800 1.3788 1.1800 1.3301
1.2500 1.3075 1.2500 1.2749
1.2600 1.2820 1.2600 1.2374
1.2400 1.3366 1.2400 1.2803
1.2200 1.3370 1.2200 1.2813
1.2000 1.2840 1.2000 1.2462
1.1600 1.3557 1.1600 1.2976
1.0900 1.2678 1.0900 1.2310
0.9800 1.2418 0.9800 1.2084
0.9200 1.2996 0.9200 1.2463
0.9500 1.0904 0.9500 1.1052
1.0700 1.1535 1.0700 1.1222
1.0900 1.2332 1.0900 1.1830
1.0600 1.4807 1.0600 1.3783
1.0400 1.3111 1.0400 1.2901
1.0500 1.2058 1.0500 1.2132
1.0500 1.2226 1.0500 1.1970
1.0500 1.2209 1.0500 1.1926
1.0100 1.1241 1.0100 1.1138
0.9900 1.0633 0.9900 1.0728
0.9400 1.0123 0.9400 1.0239
0.9200 1.0190 0.9200 1.0131
0.9000 1.1778 0.9000 1.1750
0.8500 1.4547 0.8500 1.3741
0.8800 1.1831 0.8800 1.2421
0.8600 1.0615 0.8600 1.1271
0.9800 1.1243 0.9800 1.1319
1.1100 1.2061 1.1100 1.1956
1.1700 1.1423 1.1700 1.1588
1.2200 1.1251 1.2200 1.1537
1.2600 1.0452 1.2600 1.0796
1.2800 1.0645 1.2800 1.0951
1.3200 1.0221 1.3200 1.0506
1.3700 1.0230 1.3700 1.0682
1.4600 1.0253 1.4600 1.0611
1.5200 0.9840 1.5200 1.0287
1.5900 1.1201 1.5900 1.1750
1.5800 1.0024 1.5800 1.0740
1.4600 1.4009 1.4600 1.3560
1.6000 1.4886 1.6000 1.4335
1.6900 1.3455 1.6900 1.3637
1.7400 1.3864 1.7400 1.3806
1.7600 1.4395 1.7600 1.3910
1.8000 1.4041 1.8000 1.3674
1.8100 1.4902 1.8100 1.4141
1.8100 1.5505 1.8100 1.4587
1.8500 1.6631 1.8500 1.5738
1.6600 1.6579 1.6600 1.5860
1.4800 1.7158 1.4800 1.6496
1.5200 1.5790 1.5200 1.5403
1.4700 1.2158 1.4700 1.2427
1.6000 1.9061 1.6000 1.7107
1.7500 1.8764 1.7500 1.7495
1.6500 1.4521 1.6500 1.3384
1.7700 1.4364 1.7700 1.3528
1.9000 1.5263 1.9000 1.3645
1.9400 1.5603 1.9400 1.4454
1.9700 1.5146 1.9700 1.4072
1.9200 1.5816 1.9200 1.4570
1.8400 1.5697 1.8400 1.4581
1.9500 1.4789 1.9500 1.3895
1.9400 1.4997 1.9400 1.3934
1.9500 1.5418 1.9500 1.4260
1.9000 1.4538 1.9000 1.3614
1.9400 1.5459 1.9400 1.4291
1.8800 1.8359 1.8800 1.6653
1.8400 1.9457 1.8400 1.8308
1.8800 2.0420 1.8800 1.9807
1.8900 1.9400 1.8900 1.9173
1.9000 1.9646 1.9000 1.9232
1.8100 1.7984 1.8100 1.7612
1.6800 1.6142 1.6800 1.5399
1.7800 2.1382 1.7800 1.9243
1.7000 1.8927 1.7000 1.7530
1.6200 1.8444 1.6200 1.7200
1.5800 1.6805 1.5800 1.5462
1.5500 1.9694 1.5500 1.7945
1.5000 1.6557 1.5000 1.5454
1.4600 1.6015 1.4600 1.4685
1.4100 1.9252 1.4100 1.6957
1.4300 1.8606 1.4300 1.6951
1.3400 1.8310 1.3400 1.6865
1.2800 1.5012 1.2800 1.3986
1.2400 1.2993 1.2400 1.2734
1.1800 1.9724 1.1800 1.7180
1.0800 1.4527 1.0800 1.3320
1.0600 1.2652 1.0600 1.2278
1.0000 1.3824 1.0000 1.2377
0.9700 1.4227 0.9700 1.2806
0.9200 1.2902 0.9200 1.1908
0.9500 1.2726 0.9500 1.1670
0.8200 1.2393 0.8200 1.1505
0.7800 1.4400 0.7800 1.3124
0.6900 1.1459 0.6900 1.1309
0.6700 1.1362 0.6700 1.1121
0.6400 1.1609 0.6400 1.1065
0.5900 1.0797 0.5900 1.0639
0.5900 1.0531 0.5900 1.0405
0.6500 1.0784 0.6500 1.0473
0.7300 1.0285 0.7300 1.0263
0.7900 1.0277 0.7900 1.0359
0.8000 1.0243 0.8000 1.0358
0.8400 1.1508 0.8400 1.1897
0.8900 0.9474 0.8900 1.0052
0.9400 0.9843 0.9400 1.0179
1.0000 0.9610 1.0000 0.9905
1.0700 0.9443 1.0700 1.0620
1.1200 0.9774 1.1200 1.0202
1.1800 0.9165 1.1800 0.9914
1.2300 0.9752 1.2300 1.0837
1.3200 1.1482 1.3200 1.1996
1.1300 1.1842 1.1300 1.2375
1.3300 1.1271 1.3300 1.2295
1.2300 1.0249 1.2300 1.1478
1.2700 1.1313 1.2700 1.2262
1.2900 1.2057 1.2900 1.2507
1.3700 1.2062 1.3700 1.2570
1.4700 1.2704 1.4700 1.2892
1.5100 1.3559 1.5100 1.3300
1.5400 1.3344 1.5400 1.3254
1.6300 1.4110 1.6300 1.3671
1.7100 1.4371 1.7100 1.3825
1.8200 1.5570 1.8200 1.4885
1.8800 1.0210 1.8800 1.1095
1.9400 1.7786 1.9400 1.6129
1.8800 1.1576 1.8800 1.1442
2.0100 1.3089 2.0100 1.3330
1.8900 1.4226 1.8900 1.3063
2.0500 1.5118 2.0500 1.4676
2.1200 1.7268 2.1200 1.6011
2.0900 1.5825 2.0900 1.5418
2.0800 1.6291 2.0800 1.5564
1.8800 1.8067 1.8800 1.7124
1.8500 1.8417 1.8500 1.7717
1.9700 1.9635 1.9700 1.8995
1.7900 1.9431 1.7900 1.8950
1.6800 1.9816 1.6800 1.9372
1.5300 1.7222 1.5300 1.7105
1.3500 2.1863 1.3500 2.0516
1.1100 1.6133 1.1100 1.5758
1.0300 2.2301 1.0300 2.0585
0.7400 2.2469 0.7400 2.0950
0.4600 1.8952 0.4600 1.8564
0.5900 1.9763 0.5900 1.8405
0.5900 1.4011 0.5900 1.3812
0.6800 1.6332 0.6800 1.4348
1.2500 1.0347 1.2500 1.1677
1.3000 1.1600 1.3000 1.2378
1.2400 1.3182 1.2400 1.3190
1.1600 1.1644 1.1600 1.2508
1.1100 1.2273 1.1100 1.2846
1.1000 1.3419 1.1000 1.3234
1.1300 1.3745 1.1300 1.3476
1.1200 1.3966 1.1200 1.3609
1.1300 1.3728 1.1300 1.3523
1.1200 1.3389 1.1200 1.3209
1.0900 1.3598 1.0900 1.3256
1.0800 1.2977 1.0800 1.2739
1.0900 1.3231 1.0900 1.2903
1.0800 1.4951 1.0800 1.4028
1.0900 1.1545 1.0900 1.1631
1.1000 1.0874 1.1000 1.1098
1.0900 1.0973 1.0900 1.0858
1.1100 1.1583 1.1100 1.1301
1.1100 1.2593 1.1100 1.2329
1.1400 1.1274 1.1400 1.1445
1.2000 1.1859 1.2000 1.2006
1.1800 1.1715 1.1800 1.1710
1.1600 1.1056 1.1600 1.1238
1.0700 1.1362 1.0700 1.1353
1.0600 1.1977 1.0600 1.1961
1.0600 1.1308 1.0600 1.1460
1.0700 1.1738 1.0700 1.1903
1.0800 1.2003 1.0800 1.2060
1.0600 1.1448 1.0600 1.1617
1.0400 1.2306 1.0400 1.2282
1.0300 1.1892 1.0300 1.1932
1.0200 1.2827 1.0200 1.2738
1.0100 1.4398 1.0100 1.3657
1.0100 1.1942 1.0100 1.2113
0.9900 1.1625 0.9900 1.1707
0.9800 1.0548 0.9800 1.0832
0.9700 1.1345 0.9700 1.1211
0.9800 1.1585 0.9800 1.1470
0.9900 1.1490 0.9900 1.1809
1.0000 1.1571 1.0000 1.1787
0.9800 1.1011 0.9800 1.1316
1.0400 1.0913 1.0400 1.1152
1.0500 1.1164 1.0500 1.1277
1.0500 1.1039 1.0500 1.1244
1.0500 1.0869 1.0500 1.1154
1.0600 1.1115 1.0600 1.1405
1.0800 1.0611 1.0800 1.1004
1.0900 1.0735 1.0900 1.1102
1.1000 1.0758 1.1000 1.1090
1.1000 1.1202 1.1000 1.1602
1.1100 1.1229 1.1100 1.1638
1.1000 1.1274 1.1000 1.1701
1.1000 1.0563 1.1000 1.1038
1.0900 1.3114 1.0900 1.2931
1.0500 1.1793 1.0500 1.2030
1.0300 1.1274 1.0300 1.1682
1.0200 1.1475 1.0200 1.1588
1.0100 1.1897 1.0100 1.2001
1.0100 1.2181 1.0100 1.2228
1.0100 1.1887 1.0100 1.2072
1.0100 1.1936 1.0100 1.2092
1.0200 1.1798 1.0200 1.1864
1.0100 1.2074 1.0100 1.2131
1.0200 1.1578 1.0200 1.1648
1.0300 1.1723 1.0300 1.1782
1.0400 1.1492 1.0400 1.1537
1.0500 1.0553 1.0500 1.0846
1.0700 1.0819 1.0700 1.0977
1.1000 1.1069 1.1000 1.1176
1.1200 1.0871 1.1200 1.1156
1.1700 1.1025 1.1700 1.1358
1.1800 1.1125 1.1800 1.1440
1.2000 1.1132 1.2000 1.1458
1.2400 1.1426 1.2400 1.1732
1.3000 1.0977 1.3000 1.1309
1.3500 1.1423 1.3500 1.1720
1.3900 1.1566 1.3900 1.1804
1.4300 1.1563 1.4300 1.1861
1.4500 1.1609 1.4500 1.1860
1.4600 1.2083 1.4600 1.2228
1.4500 1.2635 1.4500 1.2623
1.4400 1.2452 1.4400 1.2512
1.4200 1.3761 1.4200 1.3374
1.4000 1.2729 1.4000 1.2690
1.3800 1.3025 1.3800 1.2913
1.3300 1.4195 1.3300 1.3624
1.3000 1.5038 1.3000 1.4238
1.2900 1.5237 1.2900 1.4450
1.2700 1.5302 1.2700 1.4569
1.2400 1.5689 1.2400 1.4861
1.2100 1.5430 1.2100 1.4715
1.1900 1.5162 1.1900 1.4551
1.1700 1.4394 1.1700 1.3812
1.1600 1.4166 1.1600 1.3514
1.1100 1.3646 1.1100 1.3003
1.1000 1.3354 1.1000 1.2695
1.0700 1.3133 1.0700 1.2451
1.0500 1.2077 1.0500 1.1575
1.0400 1.2184 1.0400 1.1586
1.0200 1.2629 1.0200 1.1962
1.0200 1.2207 1.0200 1.1758
1.0200 1.1692 1.0200 1.1382
1.0100 1.1605 1.0100 1.1297
0.9900 1.1761 0.9900 1.1453
0.9600 1.1596 0.9600 1.1381
0.9400 1.1697 0.9400 1.1530
0.9600 1.0731 0.9600 1.0862
0.9400 1.1329 0.9400 1.1264
0.9600 1.0877 0.9600 1.0910
0.9600 1.0805 0.9600 1.1005
0.9600 1.0996 0.9600 1.1117
0.9900 1.0734 0.9900 1.1020
1.0100 1.1102 1.0100 1.1376
1.0300 1.1201 1.0300 1.1460
1.0500 1.0891 1.0500 1.1242
1.1000 1.0574 1.1000 1.0965
1.1500 1.0326 1.1500 1.0721
1.1800 1.0383 1.1800 1.0794
1.1800 1.1407 1.1800 1.1750
1.2200 1.0298 1.2200 1.0876
1.2300 1.1151 1.2300 1.1733
1.2100 1.0959 1.2100 1.1344
1.2100 1.0871 1.2100 1.1368
1.0200 1.1844 1.0200 1.2086
1.1600 1.1712 1.1600 1.2070
1.1600 1.1683 1.1600 1.2064
1.2700 1.1927 1.2700 1.2153
1.2500 1.3282 1.2500 1.3067
1.2800 1.3701 1.2800 1.3329
1.3300 1.3214 1.3300 1.3173
1.1700 1.2390 1.1700 1.2408
1.2900 1.3979 1.2900 1.3501
1.2800 1.3270 1.2800 1.2979
1.3300 1.2081 1.3300 1.2075
1.4200 1.2511 1.4200 1.2249
1.4700 0.9828 1.4700 1.0331
1.4200 1.5785 1.4200 1.4326
1.4400 1.2911 1.4400 1.2389
1.3800 1.4831 1.3800 1.4401
1.4000 1.2315 1.4000 1.2254
1.3900 1.3661 1.3900 1.3541
1.3400 1.5534 1.3400 1.4408
1.3200 1.0263 1.3200 1.0963
1.3000 1.6231 1.3000 1.4713
1.2700 1.3689 1.2700 1.2958
1.2300 1.4373 1.2300 1.3921
1.2300 1.6951 1.2300 1.5440
1.1800 1.5551 1.1800 1.5197
1.2100 1.3097 1.2100 1.3118
1.1900 1.5117 1.1900 1.4279
1.1900 1.2990 1.1900 1.2499
1.1600 1.4406 1.1600 1.3616
0.8600 1.3730 0.8600 1.2881
1.0900 1.2099 1.0900 1.1791
1.0600 1.2526 1.0600 1.1879
1.0900 1.2665 1.0900 1.2025
1.1000 1.2016 1.1000 1.1620
1.0500 1.1432 1.0500 1.1184
1.1700 1.2408 1.1700 1.1941
1.2400 1.1058 1.2400 1.0993
1.3300 1.3073 1.3300 1.2622
1.1900 1.1865 1.1900 1.1648
1.1500 1.2076 1.1500 1.2048
0.8300 1.0792 0.8300 1.1220
0.6700 1.2812 0.6700 1.2565
0.8100 0.9888 0.8100 1.0642
0.7800 0.9797 0.7800 1.0389
0.8200 1.0350 0.8200 1.0797
0.8200 0.9584 0.8200 1.0058
0.8600 1.0265 0.8600 1.1390
0.8900 0.9698 0.8900 1.0231
0.9400 1.1235 0.9400 1.2120
0.9900 1.0930 0.9900 1.1695
1.0000 1.0471 1.0000 1.1618
0.9400 1.0207 0.9400 1.0979
0.9400 1.0645 0.9400 1.1394
0.8600 0.8991 0.8600 0.9878
1.0200 1.4269 1.0200 1.3612
0.9900 0.9766 0.9900 1.0484
0.9600 1.0377 0.9600 1.1999
0.8100 1.0581 0.8100 1.0895
1.0000 1.1512 1.0000 1.2119
1.0300 1.1202 1.0300 1.1806
1.1500 1.2037 1.1500 1.2505
1.3400 1.2401 1.3400 1.2673
1.3400 1.1403 1.3400 1.1859
1.2800 1.0168 1.2800 1.0764
1.3100 1.0992 1.3100 1.1202
1.3500 0.9823 1.3500 1.0265
1.3500 1.5139 1.3500 1.4253
1.3500 1.0552 1.3500 1.1107
1.3300 1.0049 1.3300 1.0874
1.3000 0.9872 1.3000 1.0295
1.2800 1.5745 1.2800 1.4667
1.2600 1.2673 1.2600 1.2545
1.2500 1.4049 1.2500 1.4122
1.2500 1.7594 1.2500 1.6601
1.2400 1.3637 1.2400 1.4028
1.2200 1.1692 1.2200 1.2251
1.2000 1.4850 1.2000 1.3769
0.9100 1.5357 0.9100 1.4309
0.7100 1.3586 0.7100 1.3300
0.9300 1.3415 0.9300 1.2980
0.9200 1.3071 0.9200 1.2643
1.0500 1.2544 1.0500 1.2166
1.2200 1.2479 1.2200 1.1990
1.3100 1.2297 1.3100 1.1848
1.2400 1.2329 1.2400 1.1936
1.0500 1.2628 1.0500 1.2230
