1.6000 1.6119 1.6000 1.7346
1.6100 1.5869 1.6100 1.7050
1.6200 1.5607 1.6200 1.6792
1.6500 1.5767 1.6500 1.7285
1.6700 1.6033 1.6700 1.7699
1.6700 1.6395 1.6700 1.8125
1.6700 1.6066 1.6700 1.7364
1.6500 1.6028 1.6500 1.7589
1.6200 1.5206 1.6200 1.6284
1.5900 1.4913 1.5900 1.6096
1.5900 1.4618 1.5900 1.5955
1.6300 1.4689 1.6300 1.5996
1.6800 1.4880 1.6800 1.6389
1.7100 1.5582 1.7100 1.7554
1.7000 1.5763 1.7000 1.7477
1.6900 1.6707 1.6900 1.9100
1.7000 1.6735 1.7000 1.8760
1.7000 1.6202 1.7000 1.7481
1.6800 1.6221 1.6800 1.8277
1.6800 1.5442 1.6800 1.6735
1.7200 1.4770 1.7200 1.5668
1.7500 1.4387 1.7500 1.5705
1.7700 1.5197 1.7700 1.7291
1.7900 1.6734 1.7900 1.9528
1.8200 1.7477 1.8200 1.9780
1.8500 1.7313 1.8500 1.8925
1.8700 1.6235 1.8700 1.7276
1.8900 1.6210 1.8900 1.8276
1.9000 1.6891 1.9000 1.9574
1.9300 1.6477 1.9300 1.7706
1.9700 1.5536 1.9700 1.6253
2.0000 1.6085 2.0000 1.8446
2.0400 1.7678 2.0400 2.1036
2.0700 1.7716 2.0700 1.9407
2.0800 1.7612 2.0800 1.9085
2.0700 1.7909 2.0700 2.0253
2.0900 1.8521 2.0900 2.0881
2.1100 1.8782 2.1100 2.0734
2.1500 1.8678 2.1500 2.0181
2.2000 1.8842 2.2000 2.0726
2.2800 1.8697 2.2800 2.0304
2.3600 1.9425 2.3600 2.1703
2.4200 2.0017 2.4200 2.2274
2.4300 2.0023 2.4300 2.1312
2.4000 2.0601 2.4000 2.2485
2.3200 2.0645 2.3200 2.2280
2.2400 2.0288 2.2400 2.1084
2.1600 1.9590 2.1600 2.0507
2.1000 2.0526 2.1000 2.3041
2.0500 2.0653 2.0500 2.2530
2.0300 2.1423 2.0300 2.3115
2.0000 2.2147 2.0000 2.4180
1.9700 2.3344 1.9700 2.5645
1.9200 2.3925 1.9200 2.5767
1.8700 2.3847 1.8700 2.4821
1.8000 2.2872 1.8000 2.3263
1.7400 2.1902 1.7400 2.1953
1.6700 1.9332 1.6700 1.9185
1.6200 1.8118 1.6200 1.9170
1.5900 1.6970 1.5900 1.8129
1.5800 1.6771 1.5800 1.7649
1.5700 1.6571 1.5700 1.7550
1.5400 1.7488 1.5400 1.9184
1.4900 1.7101 1.4900 1.8142
1.4300 1.6997 1.4300 1.8078
1.3700 1.6070 1.3700 1.7055
1.3300 1.5689 1.3300 1.6684
1.3100 1.4433 1.3100 1.4794
1.3300 1.4150 1.3300 1.4814
1.3900 1.3211 1.3900 1.3520
1.4400 1.3363 1.4400 1.4093
1.5100 1.3769 1.5100 1.5139
1.5600 1.4371 1.5600 1.5703
1.6300 1.4417 1.6300 1.5586
1.7300 1.3697 1.7300 1.4346
1.8700 1.2776 1.8700 1.3334
1.9800 1.2143 1.9800 1.2595
2.0400 1.1709 2.0400 1.1936
2.0500 1.1624 2.0500 1.3216
1.9900 1.1999 1.9900 1.3938
1.9100 1.3289 1.9100 1.5591
1.8400 1.5034 1.8400 1.7634
1.8400 1.5414 1.8400 1.7154
1.8600 1.6603 1.8600 1.9143
1.9000 1.6648 1.9000 1.8874
1.9300 1.7578 1.9300 2.0109
1.9500 1.9027 1.9500 2.2103
1.9200 2.0844 1.9200 2.3807
1.8500 2.1040 1.8500 2.2734
1.8000 2.0464 1.8000 2.1133
1.7900 1.9781 1.7900 2.0763
1.8200 1.7840 1.8200 1.7215
1.8600 1.6146 1.8600 1.6719
1.8900 1.5289 1.8900 1.6569
1.8700 1.7137 1.8700 1.9679
1.8500 1.7823 1.8500 1.9529
1.8300 1.8769 1.8300 2.0714
1.8600 1.9007 1.8600 2.1231
1.8800 1.9179 1.8800 2.0821
1.9000 1.7555 1.9000 1.8036
1.9100 1.5527 1.9100 1.5820
1.9200 1.5549 1.9200 1.7508
1.9500 1.6561 1.9500 1.8890
1.9600 1.7945 1.9600 2.0091
1.9500 1.8576 1.9500 2.0701
1.9300 1.8709 1.9300 2.0537
1.9400 1.7291 1.9400 1.7926
1.9600 1.7192 1.9600 1.8928
2.0100 1.7006 2.0100 1.9144
2.0400 1.8659 2.0400 2.1586
2.0700 1.8508 2.0700 2.0271
2.0700 1.8618 2.0700 2.0033
2.0700 1.8581 2.0700 2.0587
2.0700 1.8767 2.0700 2.0516
2.1200 1.9555 2.1200 2.2042
2.1700 1.9124 2.1700 2.0349
2.2100 1.8341 2.2100 1.9130
2.2200 1.7808 2.2200 1.9462
2.2300 1.8817 2.2300 2.1485
2.2700 1.9252 2.2700 2.1463
2.2900 2.0390 2.2900 2.2720
2.2900 2.0214 2.2900 2.1726
2.3100 2.0551 2.3100 2.1922
2.3800 1.9897 2.3800 2.1024
2.5300 1.9893 2.5300 2.1110
2.7200 1.9799 2.7200 2.1591
2.8700 2.1472 2.8700 2.4240
2.9400 2.1891 2.9400 2.3689
2.9500 2.1845 2.9500 2.2684
2.9500 2.1311 2.9500 2.2319
2.9700 2.1505 2.9700 2.2990
2.9600 2.2652 2.9600 2.5041
2.8900 2.2243 2.8900 2.3089
2.8000 2.1563 2.8000 2.1892
2.7200 2.2278 2.7200 2.4572
2.6900 2.4164 2.6900 2.6971
2.7000 2.7003 2.7000 2.9961
2.7100 2.9076 2.7100 3.1433
2.7300 2.9008 2.7300 2.9880
2.7400 2.7772 2.7400 2.7844
2.7600 2.6882 2.7600 2.7518
2.8000 2.7080 2.8000 2.8501
2.8000 2.7842 2.8000 2.9509
2.8000 2.6886 2.8000 2.6971
2.7800 2.3870 2.7800 2.2953
2.8000 2.2034 2.8000 2.2986
2.8400 2.1425 2.8400 2.3529
2.8900 2.2624 2.8900 2.5377
2.9700 2.3978 2.9700 2.6740
3.0600 2.4191 3.0600 2.5689
3.1700 2.4952 3.1700 2.6938
3.2400 2.5136 3.2400 2.6873
3.2600 2.5787 3.2600 2.7330
3.2200 2.6663 3.2200 2.8715
3.1600 2.5623 3.1600 2.5940
3.1200 2.5630 3.1200 2.6608
3.1300 2.4935 3.1300 2.6183
3.1700 2.6131 3.1700 2.8188
3.2300 2.6980 3.2300 2.9170
3.2300 2.7447 3.2300 2.8733
3.1800 2.8746 3.1800 3.1076
3.1000 2.9626 3.1000 3.1774
3.0500 3.0896 3.0500 3.2982
3.0300 3.0511 3.0300 3.1538
3.0000 2.9521 3.0000 2.9753
2.9500 2.8086 2.9500 2.8355
2.8800 2.7258 2.8800 2.7542
2.8200 2.7003 2.8200 2.8709
2.7900 2.8199 2.7900 3.0807
2.7700 2.9190 2.7700 3.1484
2.7700 3.0290 2.7700 3.2063
2.7800 2.8807 2.7800 2.9128
2.7700 2.7237 2.7700 2.6918
2.7500 2.5481 2.7500 2.6356
2.7000 2.5704 2.7000 2.7701
2.6600 2.6136 2.6600 2.8443
2.6300 2.5229 2.6300 2.6226
2.6200 2.4046 2.6200 2.5054
2.6000 2.2860 2.6000 2.4283
2.5900 2.2741 2.5900 2.4727
2.5800 2.3519 2.5800 2.6061
2.5700 2.3652 2.5700 2.5496
2.5500 2.4454 2.5500 2.6429
2.5400 2.5087 2.5400 2.7257
2.5300 2.4616 2.5300 2.5534
2.5300 2.4263 2.5300 2.5305
2.5300 2.2797 2.5300 2.3610
2.5300 2.2675 2.5300 2.4142
2.5200 2.2660 2.5200 2.4636
2.5200 2.3144 2.5200 2.4918
2.5100 2.2617 2.5100 2.3914
2.5100 2.2964 2.5100 2.4584
2.5200 2.3070 2.5200 2.4846
2.5200 2.3052 2.5200 2.4325
2.5200 2.2563 2.5200 2.3741
2.4900 2.2845 2.4900 2.4476
2.4600 2.2791 2.4600 2.4342
2.4200 2.3103 2.4200 2.4617
2.3800 2.3128 2.3800 2.4671
2.3300 2.3170 2.3300 2.4502
2.2800 2.2844 2.2800 2.3981
2.2300 2.3150 2.2300 2.4782
2.1900 2.2792 2.1900 2.4006
2.1500 2.3044 2.1500 2.4474
2.1200 2.3422 2.1200 2.5399
2.0600 2.3165 2.0600 2.4183
2.0100 2.3163 2.0100 2.4454
1.9600 2.1944 1.9600 2.2641
1.9200 2.1599 1.9200 2.2723
1.8900 2.0819 1.8900 2.2240
1.8600 2.0288 1.8600 2.1499
1.8400 1.9379 1.8400 2.0719
1.8200 1.8849 1.8200 2.0369
1.8000 1.8399 1.8000 1.9994
1.7700 1.8390 1.7700 2.0031
1.7500 1.8073 1.7500 1.9459
1.7300 1.8204 1.7300 1.9798
1.7100 1.6730 1.7100 1.7216
1.6900 1.6653 1.6900 1.7886
1.6700 1.6295 1.6700 1.7717
1.6600 1.6261 1.6600 1.7202
1.6500 1.6348 1.6500 1.7688
1.6500 1.6144 1.6500 1.7209
1.6300 1.6384 1.6300 1.7878
1.6100 1.6317 1.6100 1.7776
1.5900 1.6214 1.5900 1.7511
1.5700 1.5686 1.5700 1.6791
1.5600 1.5846 1.5600 1.7449
1.5500 1.5707 1.5500 1.7163
1.5500 1.5524 1.5500 1.6677
1.5400 1.5355 1.5400 1.6723
1.5300 1.5203 1.5300 1.6555
1.5200 1.5445 1.5200 1.7104
1.5000 1.5388 1.5000 1.6852
1.4700 1.5709 1.4700 1.7425
1.4500 1.4983 1.4500 1.6009
1.4400 1.4801 1.4400 1.6065
1.4300 1.4646 1.4300 1.6226
1.4200 1.4456 1.4200 1.5619
1.4100 1.4627 1.4100 1.6142
1.4000 1.4544 1.4000 1.5921
1.3800 1.4852 1.3800 1.6472
1.3700 1.4527 1.3700 1.5808
1.3600 1.4456 1.3600 1.5791
1.3500 1.4397 1.3500 1.5954
1.3400 1.3944 1.3400 1.4953
1.3300 1.3365 1.3300 1.4192
1.3300 1.3431 1.3300 1.4836
1.3300 1.3630 1.3300 1.5076
1.3300 1.3546 1.3300 1.4581
1.3300 1.3459 1.3300 1.4609
1.3300 1.3411 1.3300 1.4707
1.3300 1.3371 1.3300 1.4600
1.3200 1.2948 1.3200 1.3813
1.3100 1.3113 1.3100 1.4425
1.3100 1.3051 1.3100 1.4260
1.3200 1.2968 1.3200 1.3922
1.3400 1.2882 1.3400 1.3990
1.3600 1.2815 1.3600 1.3902
1.3800 1.3100 1.3800 1.4451
1.4000 1.3133 1.4000 1.4323
1.4300 1.3147 1.4300 1.4256
1.4600 1.3164 1.4600 1.4421
1.4700 1.3189 1.4700 1.4424
1.4700 1.3202 1.4700 1.4415
1.4700 1.2855 1.4700 1.3760
1.4700 1.2744 1.4700 1.3784
1.4800 1.2998 1.4800 1.4401
1.4900 1.3360 1.4900 1.4766
1.4800 1.3808 1.4800 1.5328
1.4500 1.4019 1.4500 1.5518
1.4300 1.4238 1.4300 1.5831
1.4300 1.4461 1.4300 1.6207
1.4400 1.5027 1.4400 1.7092
1.4400 1.5328 1.4400 1.7269
1.4400 1.4873 1.4400 1.6141
1.4500 1.4558 1.4500 1.6016
1.4600 1.4533 1.4600 1.6307
1.4600 1.4492 1.4600 1.5996
1.4400 1.4785 1.4400 1.6500
1.4300 1.4844 1.4300 1.6480
1.4300 1.4190 1.4300 1.5124
1.4400 1.3335 1.4400 1.4107
1.4400 1.3394 1.4400 1.4937
1.4500 1.3934 1.4500 1.5736
1.4400 1.4276 1.4400 1.5702
1.4300 1.3993 1.4300 1.5037
1.4400 1.4015 1.4400 1.5493
1.4600 1.4453 1.4600 1.6430
1.4900 1.4601 1.4900 1.6188
1.5200 1.4321 1.5200 1.5514
1.5500 1.3569 1.5500 1.4469
1.5700 1.3721 1.5700 1.5314
1.5800 1.3998 1.5800 1.5708
1.5800 1.4337 1.5800 1.5817
1.5500 1.4054 1.5500 1.5211
1.5200 1.4419 1.5200 1.6173
1.4900 1.3853 1.4900 1.5002
1.4600 1.3744 1.4600 1.4921
1.4200 1.4369 1.4200 1.6506
1.3900 1.4847 1.3900 1.6663
1.3500 1.5399 1.3500 1.7261
1.3100 1.5715 1.3100 1.7753
1.2700 1.6069 1.2700 1.8189
1.2200 1.6040 1.2200 1.7965
1.1800 1.5855 1.1800 1.7597
1.1500 1.5540 1.1500 1.7194
1.1100 1.4336 1.1100 1.5062
1.0800 1.3932 1.0800 1.5099
1.0400 1.3575 1.0400 1.4842
1.0000 1.3221 1.0000 1.3984
0.9700 1.2519 0.9700 1.3021
0.9200 1.2494 0.9200 1.3518
0.8900 1.1923 0.8900 1.2493
0.8700 1.1587 0.8700 1.2179
0.8800 1.1269 0.8800 1.2366
0.9000 1.0813 0.9000 1.1489
0.9300 1.0676 0.9300 1.2269
0.9800 1.0646 0.9800 1.2577
1.0200 1.0253 1.0200 1.1413
1.0700 1.0222 1.0700 1.2054
1.1100 0.9975 1.1100 1.1330
1.1800 0.9838 1.1800 1.1350
1.2600 0.9764 1.2600 1.1684
1.3400 0.9419 1.3400 1.0877
1.4000 0.9686 1.4000 1.1714
1.4400 0.9681 1.4400 1.1631
1.4600 1.0334 1.4600 1.2370
1.5100 1.0661 1.5100 1.2291
1.5400 1.1182 1.5400 1.2162
1.5700 1.2057 1.5700 1.2897
1.5900 1.2226 1.5900 1.2792
1.6200 1.2825 1.6200 1.3841
1.6600 1.2922 1.6600 1.4009
1.6900 1.4154 1.6900 1.6147
1.7200 1.4955 1.7200 1.7301
1.7400 1.5422 1.7400 1.7534
1.7800 1.5489 1.7800 1.7406
1.8100 1.5441 1.8100 1.7292
1.8400 1.5354 1.8400 1.6998
1.8500 1.6449 1.8500 1.9278
1.8400 1.6286 1.8400 1.8127
1.8500 1.6416 1.8500 1.8066
1.8900 1.6308 1.8900 1.8477
1.9500 1.6832 1.9500 1.9117
1.9900 1.7395 1.9900 1.9962
2.0100 1.7410 2.0100 1.9200
2.0000 1.7656 2.0000 1.9661
2.0400 1.7618 2.0400 1.9530
2.0900 1.8445 2.0900 2.0872
2.1400 1.8473 2.1400 2.0409
2.1500 1.8704 2.1500 2.0350
2.1500 1.8298 2.1500 1.9782
2.1400 1.7554 2.1400 1.8632
2.1500 1.8184 2.1500 2.0645
2.1900 1.9283 2.1900 2.2242
2.2600 2.0268 2.2600 2.2462
2.3100 2.0110 2.3100 2.1282
2.3100 1.9810 2.3100 2.0954
2.2900 1.9093 2.2900 2.0045
2.2500 2.0741 2.2500 2.3564
2.2200 2.1395 2.2200 2.3644
2.1900 2.1580 2.1900 2.2557
2.1600 2.0749 2.1600 2.1433
2.1300 2.0589 2.1300 2.1688
2.1100 2.0220 2.1100 2.1680
2.0900 2.0737 2.0900 2.2550
2.0900 2.1747 2.0900 2.4248
2.0900 2.3092 2.0900 2.5230
2.0800 2.2860 2.0800 2.3883
2.0300 2.1648 2.0300 2.1696
1.9600 2.1236 1.9600 2.2067
1.8800 2.0093 1.8800 2.1070
1.8200 1.9844 1.8200 2.1154
1.7900 1.9283 1.7900 2.0815
1.7700 1.8813 1.7700 2.0162
1.7500 1.8513 1.7500 2.0150
1.7300 1.8717 1.7300 2.0672
1.7300 1.8602 1.7300 2.0292
1.7600 1.9329 1.7600 2.1527
1.8100 1.9433 1.8100 2.1336
1.9100 1.9067 1.9100 2.0282
2.0400 1.7317 2.0400 1.7946
2.1700 1.5980 2.1700 1.6713
2.2600 1.4855 2.2600 1.5640
2.3400 1.4820 2.3400 1.5793
2.3800 1.5421 2.3800 1.6835
2.4100 1.5560 2.4100 1.6495
2.4100 1.5480 2.4100 1.6441
2.4000 1.5475 2.4000 1.6917
2.4100 1.6268 2.4100 1.8464
2.4000 1.7605 2.4000 2.0363
2.3800 1.8629 2.3800 2.1344
2.3600 2.0692 2.3600 2.3670
2.3700 2.2208 2.3700 2.5047
2.4100 2.3080 2.4100 2.5065
2.4300 2.2933 2.4300 2.4079
2.4500 2.3530 2.4500 2.5300
2.4300 2.3196 2.4300 2.4309
2.4100 2.3326 2.4100 2.4262
2.3700 2.2793 2.3700 2.3597
2.3200 2.2499 2.3200 2.2977
2.2500 2.2902 2.2500 2.4933
2.2100 2.2107 2.2100 2.2788
2.2100 2.1366 2.2100 2.1975
2.2100 2.1148 2.2100 2.2826
2.2500 2.2195 2.2500 2.4512
2.3200 2.3352 2.3200 2.5803
2.4100 2.3001 2.4100 2.3868
2.4400 2.3245 2.4400 2.4506
2.4300 2.2108 2.4300 2.2736
2.3700 2.1875 2.3700 2.2792
2.3100 2.0701 2.3100 2.1822
2.2300 1.9621 2.2300 2.0361
2.1400 1.8094 2.1400 1.9169
2.0600 1.8637 2.0600 2.0832
1.9800 2.0032 1.9800 2.2977
1.9200 2.0066 1.9200 2.1543
1.8900 2.1728 1.8900 2.4456
1.8800 2.3431 1.8800 2.6270
1.8900 2.4515 1.8900 2.6471
1.8900 2.3293 1.8900 2.3439
1.9100 2.2375 1.9100 2.2618
1.9400 2.0637 1.9400 2.0904
1.9800 1.9726 1.9800 2.0639
2.0100 1.7850 2.0100 1.8816
2.0500 1.6215 2.0500 1.6497
2.1000 1.5645 2.1000 1.6576
2.1900 1.4891 2.1900 1.5244
2.2500 1.5065 2.2500 1.5764
2.2900 1.5930 2.2900 1.7522
2.3100 1.6690 2.3100 1.8177
2.3200 1.7647 2.3200 1.9575
2.3100 1.7576 2.3100 1.9155
2.2800 1.8613 2.2800 2.1081
2.2300 1.9309 2.2300 2.1944
2.1700 1.9999 2.1700 2.1935
2.1000 2.0058 2.1000 2.1624
2.0400 2.0666 2.0400 2.2548
1.9700 2.1327 1.9700 2.3474
1.9100 2.2871 1.9100 2.5388
1.8400 2.2586 1.8400 2.3689
1.7800 2.2373 1.7800 2.3078
1.7300 2.2289 1.7300 2.3776
1.6800 2.2252 1.6800 2.3403
1.6200 2.1717 1.6200 2.2299
1.5500 2.0528 1.5500 2.1023
1.4900 1.9134 1.4900 1.9942
1.4500 1.8019 1.4500 1.9192
1.4300 1.6847 1.4300 1.7711
1.4200 1.6493 1.4200 1.7567
1.4200 1.5463 1.4200 1.5867
1.4100 1.5235 1.4100 1.5877
1.4000 1.4357 1.4000 1.4730
1.3800 1.4209 1.3800 1.4765
1.3500 1.4189 1.3500 1.5166
1.3300 1.3835 1.3300 1.4288
1.3100 1.3080 1.3100 1.3277
1.2900 1.2268 1.2900 1.2444
1.2600 1.2088 1.2600 1.3138
1.2400 1.2387 1.2400 1.4036
1.2100 1.2848 1.2100 1.4455
1.1900 1.3133 1.1900 1.4298
1.1700 1.3532 1.1700 1.4946
1.1600 1.3326 1.1600 1.4416
1.1600 1.3330 1.1600 1.4549
1.1600 1.2953 1.1600 1.4000
1.1400 1.2429 1.1400 1.3084
1.1200 1.2489 1.1200 1.3645
1.1100 1.2322 1.1100 1.3227
1.1000 1.2144 1.1000 1.2799
1.1000 1.1630 1.1000 1.2128
1.1000 1.1725 1.1000 1.2610
1.1000 1.1279 1.1000 1.1751
1.1000 1.1365 1.1000 1.2319
1.0900 1.1236 1.0900 1.2235
1.0900 1.1439 1.0900 1.2472
1.0800 1.1737 1.0800 1.2825
1.0800 1.1801 1.0800 1.2449
1.0800 1.1195 1.0800 1.1320
1.0800 1.1015 1.0800 1.1463
1.0800 1.1203 1.0800 1.2099
1.0800 1.1167 1.0800 1.1704
1.0800 1.1391 1.0800 1.2253
1.0800 1.1417 1.0800 1.2073
1.0700 1.1455 1.0700 1.1924
1.0600 1.1477 1.0600 1.2048
1.0500 1.1181 1.0500 1.1471
1.0300 1.1403 1.0300 1.2042
1.0200 1.1112 1.0200 1.1424
1.0100 1.1327 1.0100 1.1875
1.0000 1.1340 1.0000 1.1897
0.9900 1.1356 0.9900 1.1729
0.9800 1.1356 0.9800 1.1842
0.9700 1.1365 0.9700 1.1854
0.9700 1.1376 0.9700 1.1850
0.9600 1.1376 0.9600 1.1850
0.9600 1.1063 0.9600 1.1273
0.9700 1.0957 0.9700 1.1312
0.9700 1.0877 0.9700 1.1409
0.9700 1.0497 0.9700 1.0807
0.9700 1.0619 0.9700 1.1585
0.9600 1.0572 0.9600 1.1461
0.9500 1.0522 0.9500 1.1266
0.9400 1.0451 0.9400 1.1322
0.9300 1.0400 0.9300 1.1221
0.9300 1.0354 0.9300 1.1160
0.9200 1.0596 0.9200 1.1636
0.9100 1.0342 0.9100 1.0897
0.9100 1.0556 0.9100 1.1460
0.9000 1.0890 0.9000 1.1898
0.9100 1.0722 0.9100 1.0980
0.9200 1.0691 0.9200 1.1141
0.9300 1.0689 0.9300 1.1232
0.9200 1.0412 0.9200 1.0609
0.9100 1.0302 0.9100 1.0853
0.8900 1.0218 0.8900 1.0959
0.8600 1.0157 0.8600 1.0909
0.8400 1.0380 0.8400 1.1450
0.8300 1.0122 0.8300 1.0759
0.8300 1.0039 0.8300 1.0894
0.8300 1.0265 0.8300 1.1396
0.8200 1.0034 0.8200 1.0684
0.8100 1.0527 0.8100 1.1700
0.8000 1.0653 0.8000 1.1474
0.7900 1.0754 0.7900 1.1176
0.7800 1.0221 0.7800 1.0413
0.7600 1.0098 0.7600 1.0724
0.7500 0.9863 0.7500 1.0599
0.7500 0.9614 0.7500 1.0552
0.7700 0.9573 0.7700 1.1144
0.8200 0.9649 0.8200 1.1232
0.9000 0.9884 0.9000 1.1278
0.9900 0.9862 0.9900 1.1044
1.0400 0.9608 1.0400 1.0695
1.0500 0.9540 1.0500 1.0822
1.0200 0.9515 1.0200 1.0821
0.9900 0.9481 0.9900 1.0802
0.9800 0.9474 0.9800 1.0847
0.9800 0.9369 0.9800 1.0636
0.9900 0.9516 0.9900 1.1024
1.0100 0.9712 1.0100 1.1109
1.0100 1.0214 1.0100 1.1569
1.0200 1.1139 1.0200 1.2616
1.0200 1.2429 1.0200 1.3397
1.0100 1.3296 1.0100 1.4382
0.9900 1.2808 0.9900 1.3198
0.9600 1.1870 0.9600 1.2059
0.9500 1.0919 0.9500 1.1260
0.9400 1.0681 0.9400 1.0942
0.9500 1.0518 0.9500 1.1314
0.9500 1.0709 0.9500 1.1636
0.9500 1.0971 0.9500 1.2061
0.9400 1.1364 0.9400 1.2371
0.9400 1.0983 0.9400 1.0961
0.9200 1.1264 0.9200 1.1738
0.9000 1.1068 0.9000 1.1422
0.8800 1.0751 0.8800 1.0667
0.8800 1.0307 0.8800 1.0656
0.8700 1.0060 0.8700 1.0645
0.8700 1.0171 0.8700 1.1548
0.8600 1.0153 0.8600 1.1275
0.8500 1.0691 0.8500 1.2073
0.8400 1.0526 0.8400 1.1284
0.8300 1.0541 0.8300 1.1105
0.8300 1.0258 0.8300 1.0723
0.8300 1.0484 0.8300 1.1242
0.8300 0.9926 0.8300 1.0456
0.8300 0.9840 0.8300 1.0804
0.8400 0.9707 0.8400 1.0992
0.8500 1.0049 0.8500 1.1525
0.8600 0.9834 0.8600 1.0833
0.8600 1.0039 0.8600 1.1186
0.8700 0.9790 0.8700 1.0788
0.8700 0.9740 0.8700 1.0796
0.8700 0.9678 0.8700 1.0896
0.8600 0.9635 0.8600 1.0839
0.8500 0.9864 0.8500 1.1097
0.8300 0.9906 0.8300 1.0909
0.8300 0.9924 0.8300 1.0840
0.8300 0.9926 0.8300 1.0843
0.8300 1.0226 0.8300 1.1184
0.8200 1.0332 0.8200 1.1013
0.8100 1.0399 0.8100 1.0924
0.8000 1.0164 0.8000 1.0540
0.7900 1.0418 0.7900 1.1095
0.7800 1.0222 0.7800 1.0555
0.7700 1.0188 0.7700 1.0677
0.7900 0.9870 0.7900 1.0581
0.8100 0.9777 0.8100 1.0726
0.8500 0.9566 0.8500 1.0609
0.8700 0.9830 0.8700 1.1242
0.9200 0.9897 0.9200 1.1002
0.9900 0.9923 0.9900 1.0837
1.1200 0.9628 1.1200 1.0677
1.2900 0.9570 1.2900 1.0770
1.4900 0.9522 1.4900 1.0811
1.6900 0.9481 1.6900 1.0802
1.8600 0.9474 1.8600 1.0847
2.0000 0.9466 2.0000 1.0849
2.1200 1.0239 2.1200 1.1814
2.1700 1.0388 2.1700 1.1336
2.1700 1.1096 2.1700 1.1984
2.1600 1.0825 2.1600 1.0796
2.1500 1.1779 2.1500 1.2425
2.1500 1.2798 2.1500 1.4079
2.1500 1.4777 2.1500 1.7141
2.1700 1.6422 2.1700 1.9352
2.1900 1.8132 2.1900 2.1012
2.2100 1.9602 2.2100 2.2314
2.2200 2.0486 2.2200 2.2661
2.1900 2.1331 2.1900 2.3282
2.1400 2.2268 2.1400 2.4198
2.1100 2.1457 2.1100 2.1878
2.1100 2.0629 2.1100 2.0743
2.1600 2.0694 2.1600 2.2124
2.1900 2.0612 2.1900 2.1711
2.2200 2.0466 2.2200 2.1742
2.2200 2.0208 2.2200 2.1611
2.1900 2.0883 2.1900 2.2997
2.1300 2.1109 2.1300 2.2970
2.0900 2.1331 2.0900 2.2779
2.1100 2.1206 2.1100 2.2615
2.1500 1.9698 2.1500 1.9952
2.1800 1.8457 2.1800 1.9210
2.1800 1.8752 2.1800 2.1086
2.1400 1.9621 2.1400 2.2130
2.1000 2.1408 2.1000 2.4412
2.0400 2.1204 2.0400 2.2549
2.0000 2.1600 2.0000 2.2835
1.9900 2.1025 1.9900 2.2290
2.0300 1.9840 2.0300 2.0109
2.0900 1.8126 2.0900 1.8774
2.1100 1.8206 2.1100 2.0239
2.0900 2.0185 2.0900 2.3777
2.0200 2.1049 2.0200 2.3382
1.9400 2.1059 1.9400 2.2188
1.8800 2.0411 1.8800 2.1377
1.8100 1.8940 1.8100 1.9457
1.7300 1.8557 1.7300 2.0060
1.6400 1.7150 1.6400 1.8158
1.5900 1.7180 1.5900 1.8484
1.5600 1.7992 1.5600 2.0304
1.5500 1.9936 1.5500 2.2996
1.5200 2.1083 1.5200 2.3610
1.4800 2.0360 1.4800 2.0921
1.4300 1.9226 1.4300 1.9599
1.4000 1.7016 1.4000 1.7502
1.3500 1.5776 1.3500 1.6693
1.3100 1.5604 1.3100 1.7023
1.2700 1.4371 1.2700 1.4226
1.2400 1.3164 1.2400 1.2824
1.2100 1.2433 1.2100 1.2317
1.1900 1.2952 1.1900 1.5020
1.1700 1.3428 1.1700 1.4970
1.1600 1.4017 1.1600 1.5032
1.1500 1.3327 1.1500 1.3896
1.1500 1.2830 1.1500 1.3505
1.1400 1.2243 1.1400 1.3083
1.1300 1.2578 1.1300 1.3825
1.1300 1.1635 1.1300 1.1769
1.1600 1.1506 1.1600 1.2549
1.1900 1.1211 1.1900 1.2670
1.2300 1.1287 1.2300 1.2687
1.2700 1.1106 1.2700 1.2456
1.3200 1.1243 1.3200 1.2731
1.3600 1.1172 1.3600 1.2360
1.4200 1.1402 1.4200 1.2599
1.5000 1.1398 1.5000 1.2280
1.6100 1.1693 1.6100 1.2564
1.7300 1.1434 1.7300 1.1879
1.8200 1.1365 1.8200 1.1827
1.8900 1.1626 1.8900 1.2509
1.9800 1.2642 1.9800 1.4078
2.0600 1.2975 2.0600 1.4022
2.0900 1.3567 2.0900 1.4915
2.0600 1.3972 2.0600 1.5681
2.0600 1.4720 2.0600 1.6716
2.0900 1.4879 2.0900 1.6645
2.1200 1.5816 2.1200 1.8352
2.0900 1.6787 2.0900 1.9673
2.0900 1.8104 2.0900 2.0996
2.0700 1.9168 2.0700 2.1817
2.0800 1.9246 2.0800 2.0962
2.0900 1.9514 2.0900 2.1323
2.1200 2.0878 2.1200 2.3562
2.1500 2.1419 2.1500 2.3392
2.0900 2.0578 2.0900 2.0784
2.0500 1.9134 2.0500 1.8778
2.0300 2.0060 2.0300 2.2439
2.0300 2.0957 2.0300 2.3777
1.9800 2.0964 1.9800 2.2010
1.8700 1.8727 1.8700 1.8366
1.8700 1.9737 1.8700 2.2096
1.9900 1.9019 1.9900 2.0853
2.2100 1.9932 2.2100 2.1510
2.4500 1.9943 2.4500 2.2101
2.6700 2.0758 2.6700 2.2717
2.8400 2.1089 2.8400 2.3068
2.9400 1.7777 2.9400 1.6589
2.9700 1.8010 2.9700 1.9745
2.9100 1.8511 2.9100 2.1799
2.9000 1.8976 2.9000 2.0337
2.9300 1.6686 2.9300 1.6413
3.0000 1.4150 3.0000 1.3853
3.0000 1.7267 3.0000 2.1803
2.9800 2.1789 2.9800 2.6875
2.9800 2.5679 2.9800 2.8734
3.0400 2.7440 3.0400 2.9579
3.1200 2.8509 3.1200 3.0206
3.2000 2.9031 3.2000 3.0415
3.2200 2.8583 3.2200 2.9295
3.1800 2.7581 3.1800 2.7696
3.1100 2.5308 3.1100 2.4463
3.0600 2.6695 3.0600 2.8688
3.0100 2.7935 3.0100 3.0548
2.9900 2.8945 2.9900 3.0325
2.9600 2.7046 2.9600 2.6756
2.9300 2.6349 2.9300 2.6797
2.8700 2.7235 2.8700 2.9894
2.8100 2.9153 2.8100 3.1851
2.7400 3.0059 2.7400 3.1888
2.6900 3.0392 2.6900 3.1701
2.7000 2.9152 2.7000 2.9620
2.7400 2.7576 2.7400 2.7525
2.7900 2.6412 2.7900 2.6830
2.8300 2.6107 2.8300 2.7768
2.8100 2.5097 2.8100 2.6388
2.7400 2.5544 2.7400 2.7429
2.6100 2.4918 2.6100 2.6611
2.5100 2.4724 2.5100 2.6075
2.5000 2.3293 2.5000 2.4433
2.5800 2.2744 2.5800 2.4172
2.6900 2.1738 2.6900 2.3394
2.8200 2.1854 2.8200 2.3821
2.9800 2.4074 2.9800 2.7586
3.1200 2.5474 3.1200 2.8239
3.1900 2.6381 3.1900 2.7939
3.2000 2.6611 3.2000 2.8049
3.2100 2.5053 3.2100 2.5065
3.2500 2.2929 3.2500 2.2608
3.2800 1.9734 3.2800 1.9956
3.3000 1.9044 3.3000 2.0967
3.2700 2.1623 3.2700 2.6145
3.2000 2.5016 3.2000 2.9166
3.1400 2.6957 3.1400 2.9041
3.0800 2.8293 3.0800 3.0488
3.0900 3.0303 3.0900 3.3114
3.0800 3.0978 3.0800 3.2779
3.0900 2.9938 3.0900 2.9992
3.0700 2.8888 3.0700 2.9203
3.0200 2.9325 3.0200 3.1027
2.9700 3.0469 2.9700 3.2610
2.9200 3.0279 2.9200 3.1137
2.8600 3.0022 2.8600 3.0833
2.7900 2.8657 2.7900 2.8962
2.7200 2.6660 2.7200 2.6597
2.6600 2.6187 2.6600 2.7872
2.6300 2.5242 2.6300 2.6805
2.6400 2.7392 2.6400 3.0410
2.6600 2.6736 2.6600 2.8285
2.6900 2.7491 2.6900 2.8947
2.7100 2.6803 2.7100 2.8287
2.7300 2.5359 2.7300 2.5616
2.7400 2.4923 2.7400 2.6528
2.7300 2.4295 2.7300 2.5898
2.7100 2.3142 2.7100 2.4208
2.6900 2.1962 2.6900 2.3301
2.6700 2.1272 2.6700 2.3092
2.6500 2.1087 2.6500 2.3179
2.6300 2.1927 2.6300 2.4486
2.6200 2.3584 2.6200 2.6455
2.6100 2.4280 2.6100 2.6279
2.5900 2.5053 2.5900 2.6876
2.5700 2.5249 2.5700 2.6743
2.5500 2.5533 2.5500 2.6908
2.5100 2.5467 2.5100 2.6734
2.4700 2.4847 2.4700 2.5447
2.4300 2.4296 2.4300 2.5189
2.3900 2.3980 2.3900 2.5314
2.3500 2.3657 2.3500 2.4908
2.3200 2.3338 2.3200 2.4611
2.2900 2.3099 2.2900 2.4510
2.2600 2.3376 2.2600 2.5082
2.2300 2.3333 2.2300 2.4813
2.1900 2.2814 2.1900 2.3863
2.1500 2.2672 2.1500 2.4106
2.1100 2.2530 2.1100 2.4066
2.0700 2.1416 2.0700 2.2238
2.0400 2.0982 2.0400 2.2337
2.0200 2.0605 2.0200 2.2343
2.0000 2.0180 2.0000 2.1607
1.9800 1.9784 1.9800 2.1365
1.9700 1.9887 1.9700 2.1814
1.9500 1.9685 1.9500 2.1393
1.9300 1.9467 1.9300 2.1017
1.9100 1.9278 1.9100 2.1006
1.8900 1.8633 1.8900 2.0033
1.8600 1.8298 1.8600 1.9837
1.8300 1.7962 1.8300 1.9518
1.8000 1.7600 1.8000 1.8866
1.7800 1.7681 1.7800 1.9273
1.7700 1.7890 1.7700 1.9614
1.7400 1.7776 1.7400 1.9177
1.7300 1.7670 1.7300 1.9170
1.7200 1.8007 1.7200 2.0023
1.7200 1.7577 1.7200 1.8962
1.7000 1.7412 1.7000 1.8859
1.6800 1.7267 1.6800 1.8996
1.6600 1.7097 1.6600 1.8561
1.6500 1.6493 1.6500 1.7586
1.6400 1.6200 1.6400 1.7493
1.6400 1.5936 1.6400 1.7293
1.6400 1.6064 1.6400 1.7548
1.6400 1.6302 1.6400 1.7962
1.6500 1.5436 1.6500 1.6125
1.6600 1.5980 1.6600 1.7854
1.6600 1.5985 1.6600 1.7814
1.6600 1.6314 1.6600 1.7857
1.6500 1.5556 1.6500 1.6632
1.6300 1.5376 1.6300 1.6725
1.6000 1.5237 1.6000 1.6885
1.5900 1.5435 1.5900 1.7001
1.5700 1.5333 1.5700 1.6734
1.5600 1.5623 1.5600 1.7330
1.5400 1.5678 1.5400 1.7388
1.5200 1.5721 1.5200 1.7315
1.5000 1.6152 1.5000 1.8252
1.4800 1.6296 1.4800 1.8192
1.4800 1.6021 1.4800 1.7464
1.4700 1.6021 1.4700 1.7837
1.4700 1.5646 1.4700 1.7175
1.4500 1.5129 1.4500 1.6273
1.4400 1.4499 1.4400 1.5582
1.4400 1.4937 1.4400 1.6795
1.4500 1.4456 1.4500 1.5525
1.4500 1.4602 1.4500 1.5875
1.4300 1.4160 1.4300 1.5404
1.4000 1.3998 1.4000 1.5109
1.3700 1.3843 1.3700 1.5167
1.3700 1.3670 1.3700 1.4795
1.3900 1.4233 1.3900 1.5998
1.3900 1.3910 1.3900 1.5020
1.3900 1.4193 1.3900 1.5622
1.3800 1.3518 1.3800 1.4537
1.3700 1.3706 1.3700 1.5066
1.3600 1.4014 1.3600 1.5818
1.3500 1.4392 1.3500 1.5940
1.3400 1.4137 1.3400 1.5309
1.3200 1.3412 1.3200 1.4209
1.3100 1.2874 1.3100 1.3849
1.3100 1.2597 1.3100 1.3645
1.3000 1.3363 1.3000 1.5077
1.2800 1.4084 1.2800 1.5850
1.2500 1.3587 1.2500 1.4257
1.2300 1.3593 1.2300 1.4911
1.2200 1.3325 1.2200 1.4734
1.2300 1.3269 1.2300 1.4396
1.2200 1.3151 1.2200 1.4337
1.2100 1.3026 1.2100 1.4086
1.1900 1.2922 1.1900 1.3983
1.1800 1.2481 1.1800 1.3234
1.1700 1.2640 1.1700 1.3818
1.1600 1.2928 1.1600 1.4311
1.1600 1.2615 1.1600 1.3308
1.1500 1.2168 1.1500 1.2776
1.1400 1.1654 1.1400 1.2292
1.1100 1.1744 1.1100 1.2653
1.0900 1.1928 1.0900 1.2865
1.0800 1.2524 1.0800 1.3694
1.0900 1.1996 1.0900 1.2413
1.1000 1.1905 1.1000 1.2568
1.1000 1.1534 1.1000 1.2261
1.1100 1.1717 1.1100 1.2499
1.1000 1.1648 1.1000 1.2327
1.1000 1.1556 1.1000 1.2040
1.0900 1.1801 1.0900 1.2679
1.0900 1.1525 1.0900 1.1984
1.0800 1.1445 1.0800 1.1921
1.0700 1.0731 1.0700 1.0823
1.0700 1.0782 1.0700 1.1584
1.1000 1.0966 1.1000 1.2137
1.1500 1.1556 1.1500 1.2766
1.2000 1.1688 1.2000 1.2363
1.2600 1.1478 1.2600 1.1775
1.3300 1.1807 1.3300 1.2710
1.4100 1.1318 1.4100 1.1612
1.4900 1.1517 1.4900 1.2091
1.6000 1.1199 1.6000 1.1645
1.6900 1.1414 1.6900 1.1922
1.7700 1.1103 1.7700 1.1412
1.8100 1.1001 1.8100 1.1352
1.8500 1.1234 1.8500 1.2082
1.8600 1.2218 1.8600 1.3421
1.8700 1.3184 1.8700 1.4568
1.8900 1.3662 1.8900 1.4877
1.9400 1.4422 1.9400 1.6337
2.0000 1.5230 2.0000 1.7722
2.0400 1.5977 2.0400 1.8507
2.0500 1.6561 2.0500 1.8975
2.0400 1.7931 2.0400 2.0849
2.0100 1.8282 2.0100 2.0552
1.9900 1.8721 1.9900 2.0599
1.9500 1.8413 1.9500 1.9961
1.8900 1.8887 1.8900 2.0814
1.8300 1.8561 1.8300 1.9906
1.8100 1.8676 1.8100 1.9899
1.7800 1.8941 1.7800 2.1269
1.7400 2.0041 1.7400 2.2512
1.6900 2.0736 1.6900 2.2762
1.6900 2.0480 1.6900 2.1565
1.6800 1.9940 1.6800 2.0842
1.6700 1.9465 1.6700 2.0498
1.6200 1.8418 1.6200 1.9386
1.5800 1.8330 1.5800 2.0032
1.5300 1.7092 1.5300 1.8001
1.4900 1.5681 1.4900 1.5863
1.4500 1.5045 1.4500 1.6080
1.4200 1.6128 1.4200 1.8318
1.4100 1.5553 1.4100 1.6199
1.3900 1.4843 1.3900 1.5068
1.3900 1.4168 1.3900 1.5165
1.3900 1.5812 1.3900 1.8501
1.4000 1.5540 1.4000 1.6738
1.4300 1.5426 1.4300 1.6231
1.5500 1.3853 1.5500 1.4365
1.7400 1.3824 1.7400 1.5085
1.9800 1.3129 1.9800 1.4065
2.1700 1.2981 2.1700 1.3607
2.2800 1.2593 2.2800 1.3376
2.2900 1.2613 2.2900 1.3503
2.2400 1.3145 2.2400 1.4646
2.1800 1.2800 2.1800 1.3538
2.1900 1.3389 2.1900 1.4872
2.2500 1.3504 2.2500 1.5027
2.3100 1.3936 2.3100 1.5383
2.3400 1.4807 2.3400 1.7036
2.3300 1.7978 2.3300 2.1933
2.3400 2.0650 2.3400 2.4492
2.3500 2.3214 2.3500 2.6325
2.3800 2.3625 2.3800 2.5220
2.4200 2.2971 2.4200 2.3475
2.4400 2.1424 2.4400 2.1517
2.4300 2.0254 2.4300 2.0126
2.3900 1.9680 2.3900 2.0192
2.3400 2.1192 2.3400 2.4179
2.2800 2.2637 2.2800 2.5562
2.2300 2.2988 2.2300 2.4005
2.1500 2.2520 2.1500 2.3224
2.0800 2.1613 2.0800 2.2262
2.0300 2.2466 2.0300 2.4494
1.9900 2.2504 1.9900 2.4193
1.9600 2.3096 1.9600 2.4529
1.9200 2.3640 1.9200 2.5470
1.8800 2.3277 1.8800 2.4068
1.8300 2.2438 1.8300 2.2812
1.8100 2.1066 1.8100 2.1612
1.7900 2.0100 1.7900 2.1135
1.7500 1.8941 1.7500 2.0095
1.7100 1.8563 1.7100 2.0128
1.6800 1.6636 1.6800 1.6886
1.6800 1.6250 1.6800 1.7105
1.6900 1.6561 1.6900 1.8349
1.6800 1.6587 1.6800 1.7483
1.6500 1.6725 1.6500 1.7828
1.6300 1.6180 1.6300 1.7071
1.6700 1.5971 1.6700 1.7056
1.7600 1.5317 1.7600 1.6224
1.8800 1.6142 1.8800 1.8010
1.9900 1.6033 1.9900 1.7388
2.0700 1.5052 2.0700 1.5236
2.1200 1.4729 2.1200 1.5918
2.1400 1.4853 2.1400 1.6480
2.1900 1.5811 2.1900 1.7804
2.2500 1.6245 2.2500 1.7992
2.3200 1.5610 2.3200 1.6463
2.3500 1.4810 2.3500 1.5794
2.3700 1.4997 2.3700 1.6933
2.3700 1.7157 2.3700 2.0634
2.3800 1.9169 2.3800 2.2563
2.3900 2.0689 2.3900 2.3280
2.3900 2.1149 2.3900 2.3215
2.3600 2.1153 2.3600 2.2666
2.3100 2.1129 2.3100 2.2591
2.2900 2.0883 2.2900 2.2018
2.3100 2.2144 2.3100 2.4402
2.3600 2.2873 2.3600 2.4893
2.4200 2.3465 2.4200 2.4835
2.5200 2.2732 2.5200 2.3362
2.6500 2.2697 2.6500 2.3764
2.7800 2.2452 2.7800 2.3723
2.9000 2.2798 2.9000 2.4114
3.0100 2.2708 3.0100 2.4220
3.1100 2.2295 3.1100 2.3094
3.2400 2.0952 3.2400 2.1421
3.3500 1.9695 3.3500 2.0486
3.4300 2.0477 3.4300 2.2897
3.4700 2.1877 3.4700 2.4738
3.4500 2.3074 3.4500 2.5298
3.4200 2.3957 3.4200 2.5611
3.3400 2.5603 3.3400 2.8190
3.2900 2.7283 3.2900 2.9837
3.2500 2.8159 3.2500 2.9871
3.2100 2.8850 3.2100 3.0427
3.1700 2.9578 3.1700 3.1332
3.1400 3.0240 3.1400 3.1902
3.1400 3.2043 3.1400 3.4196
3.1300 3.2417 3.1300 3.3934
3.1300 3.2245 3.1300 3.2920
3.1100 3.1797 3.1100 3.2755
2.9600 3.0377 2.9600 3.0520
2.9200 3.0104 2.9200 3.1018
2.8500 2.7863 2.8500 2.7752
2.9200 2.7685 2.9200 2.9040
2.9000 2.7301 2.9000 2.9554
2.9000 2.6603 2.9000 2.7726
2.9200 2.6238 2.9200 2.7979
2.9300 2.6448 2.9300 2.8524
2.9600 2.7668 2.9600 3.0141
3.0000 2.7411 3.0000 2.8777
3.0300 2.7768 3.0300 2.9329
2.9900 2.7208 2.9900 2.8483
2.8900 2.1295 2.8900 2.0302
2.7800 2.4363 2.7800 2.8286
2.6900 2.2727 2.6900 2.5383
2.6300 2.7461 2.6300 3.0879
2.5700 2.4870 2.5700 2.5849
2.5400 2.5527 2.5400 2.5858
2.5200 2.6916 2.5200 3.0730
2.5200 2.6866 2.5200 2.7655
2.5200 2.7656 2.5200 2.9194
2.5100 2.8165 2.5100 3.0187
2.4800 2.8080 2.4800 2.9157
2.4300 2.6076 2.4300 2.5376
2.3900 2.2863 2.3900 2.2321
2.3600 2.1193 2.3600 2.2598
2.3300 2.0588 2.3300 2.2738
2.3000 2.0630 2.3000 2.2915
2.2700 1.9878 2.2700 2.1453
2.2300 2.0819 2.2300 2.3425
2.2000 2.1396 2.2000 2.3934
2.1600 2.2415 2.1600 2.4453
2.1300 2.2728 2.1300 2.4516
2.1000 2.2488 2.1000 2.3611
2.0800 2.1661 2.0800 2.2634
2.0700 2.0514 2.0700 2.1415
2.0600 2.0438 2.0600 2.2196
2.0400 2.0422 2.0400 2.2327
2.0200 2.0040 2.0200 2.1406
1.9900 1.9761 1.9900 2.1333
1.9600 1.9580 1.9600 2.1318
1.9200 1.8949 1.9200 2.0327
1.8900 1.9060 1.8900 2.0937
1.8600 1.8392 1.8600 1.9837
1.8400 1.8455 1.8400 2.0071
1.8100 1.8238 1.8100 1.9941
1.7800 1.8430 1.7800 2.0117
1.7400 1.8757 1.7400 2.0790
1.7000 1.8744 1.7000 2.0456
1.6700 1.8302 1.6700 1.9737
1.6300 1.8183 1.6300 1.9966
1.5900 1.7622 1.5900 1.9068
1.5600 1.7320 1.5600 1.8689
1.5300 1.6597 1.5300 1.7698
1.5000 1.6611 1.5000 1.8040
1.4800 1.6345 1.4800 1.7668
1.4600 1.6481 1.4600 1.7860
1.4300 1.5934 1.4300 1.6983
1.4000 1.5691 1.4000 1.6819
1.3800 1.5068 1.3800 1.6087
1.3500 1.4712 1.3500 1.5664
1.3200 1.4753 1.3200 1.6123
1.2900 1.4100 1.2900 1.4739
1.2700 1.3732 1.2700 1.4477
1.2500 1.3793 1.2500 1.5158
1.2300 1.3585 1.2300 1.4529
1.2100 1.3346 1.2100 1.4180
1.1900 1.3487 1.1900 1.4831
1.1600 1.3385 1.1600 1.4503
1.1200 1.2889 1.1200 1.3542
1.0900 1.2641 1.0900 1.3591
1.0500 1.2777 1.0500 1.4060
1.0200 1.2294 1.0200 1.2871
1.0000 1.2022 1.0000 1.2652
0.9800 1.1784 0.9800 1.2611
0.9600 1.1915 0.9600 1.2838
0.9400 1.1792 0.9400 1.2524
0.9200 1.1649 0.9200 1.2326
0.9000 1.1521 0.9000 1.2287
0.8900 1.1403 0.8900 1.2103
0.8700 1.0949 0.8700 1.1408
0.8500 1.0550 0.8500 1.1079
0.8300 1.0466 0.8300 1.1809
0.8000 1.0125 0.8000 1.1137
0.7700 1.0030 0.7700 1.1578
0.7300 1.0036 0.7300 1.1967
0.7000 0.9985 0.7000 1.1418
0.6800 0.9892 0.6800 1.1288
0.6800 0.9803 0.6800 1.1220
0.6800 0.9759 0.6800 1.1119
0.7100 0.9684 0.7100 1.1085
0.7600 0.9815 0.7600 1.1294
0.8500 0.9559 0.8500 1.0846
0.9400 0.9508 0.9400 1.0966
1.0000 0.9513 1.0000 1.1021
1.0100 0.9396 1.0100 1.0725
0.9900 0.9428 0.9900 1.0945
0.9500 0.9340 0.9500 1.0788
0.9100 0.9467 0.9100 1.1159
0.8800 0.9495 0.8800 1.1276
0.8600 0.9752 0.8600 1.1431
0.8500 0.9697 0.8500 1.1048
0.8400 1.0373 0.8400 1.1834
0.8400 1.0915 0.8400 1.2248
0.8300 1.2436 0.8300 1.3454
0.8300 1.3062 0.8300 1.3933
0.8400 1.2751 0.8400 1.3215
0.8500 1.1652 0.8500 1.1684
0.8600 1.0896 0.8600 1.1285
0.8700 1.0434 0.8700 1.0493
0.8800 0.9994 0.8800 1.0483
0.8900 0.9643 0.8900 1.1129
0.8900 0.9609 0.8900 1.1353
0.8800 0.9750 0.8800 1.1437
0.8800 0.9684 0.8800 1.1175
0.8800 0.9879 0.8800 1.1303
0.8800 0.9635 0.8800 1.0772
0.8800 0.9865 0.8800 1.1048
0.8700 1.0193 0.8700 1.1373
0.8700 1.0322 0.8700 1.1023
0.8600 1.0383 0.8600 1.0990
0.8400 1.0442 0.8400 1.0977
0.8200 1.0518 0.8200 1.0933
0.8300 1.0578 0.8300 1.0954
0.8400 1.0341 0.8400 1.0496
0.8500 1.0004 0.8500 1.0471
0.8700 1.0178 0.8700 1.0990
0.8900 1.0207 0.8900 1.0903
0.9000 1.0204 0.9000 1.0840
0.9000 1.0182 0.9000 1.0930
0.9000 0.9900 0.9000 1.0602
0.9100 1.0099 0.9100 1.1027
0.9200 0.9842 0.9200 1.0653
0.9300 0.9594 0.9300 1.0552
0.9400 0.9493 0.9400 1.0867
0.9300 1.0098 0.9300 1.1777
0.9300 1.0229 0.9300 1.1287
0.9300 1.0306 0.9300 1.1032
0.9100 1.0639 0.9100 1.1570
0.9000 1.0838 0.9000 1.1251
0.8800 1.0693 0.8800 1.0665
0.9000 1.0411 0.9000 1.0442
0.9100 1.0366 0.9100 1.0677
0.9300 1.0649 0.9300 1.1274
0.9400 1.0731 0.9400 1.1160
0.9500 1.0776 0.9500 1.1155
0.9800 1.0827 0.9800 1.1220
1.0200 1.0309 1.0200 1.0303
1.0600 1.0467 1.0600 1.1054
1.1200 1.0481 1.1200 1.1096
1.1900 0.9909 1.1900 1.0314
1.2700 0.9962 1.2700 1.1080
1.3500 0.9726 1.3500 1.0734
1.4400 1.0659 1.4400 1.2370
1.5800 1.0618 1.5800 1.1406
1.7100 1.0978 1.7100 1.1588
1.8000 1.0833 1.8000 1.1177
1.8900 1.0914 1.8900 1.1023
1.9700 1.1581 1.9700 1.2330
2.0900 1.2156 2.0900 1.2934
2.1500 1.2473 2.1500 1.3145
2.2200 1.3387 2.2200 1.4895
2.2600 1.4215 2.2600 1.6115
2.3200 1.4953 2.3200 1.7153
2.3800 1.5477 2.3800 1.7808
2.4700 1.6279 2.4700 1.8868
2.5600 1.8248 2.5600 2.1550
2.6300 1.9057 2.6300 2.1549
2.6700 1.8954 2.6700 2.0208
2.7000 1.9868 2.7000 2.2254
2.7500 2.0544 2.7500 2.2854
2.8100 2.2460 2.8100 2.4956
2.8700 2.1668 2.8700 2.2375
2.9300 2.2421 2.9300 2.3819
2.9800 2.2338 2.9800 2.4131
3.0300 2.3253 3.0300 2.4851
3.0300 2.3842 3.0300 2.5719
3.0300 2.5087 3.0300 2.7087
3.0400 2.5763 3.0400 2.7602
3.0800 2.5714 3.0800 2.6633
3.0700 2.5424 3.0700 2.6355
3.0300 2.5569 3.0300 2.6904
2.9800 2.6564 2.9800 2.8577
2.9100 2.7215 2.9100 2.8866
2.8200 2.7542 2.8200 2.8789
2.7100 2.7971 2.7100 2.9532
2.6100 2.8139 2.6100 2.9556
2.5200 2.8571 2.5200 3.0078
2.4700 2.7431 2.4700 2.7799
2.4500 2.7498 2.4500 2.8559
2.4700 2.7997 2.4700 2.9973
2.5100 2.8911 2.5100 3.0735
2.5400 2.7541 2.5400 2.7569
2.5700 2.6122 2.5700 2.6068
2.6200 2.5322 2.6200 2.6868
2.6700 2.3706 2.6700 2.4508
2.6900 2.1756 2.6900 2.2479
2.7300 1.9683 2.7300 2.0900
2.8100 1.8915 2.8100 2.1030
2.8900 1.8362 2.8900 2.0202
2.9400 1.9330 2.9400 2.1650
2.9400 2.0433 2.9400 2.3047
2.9200 2.2362 2.9200 2.5166
2.9200 2.3647 2.9200 2.6293
2.9000 2.3981 2.9000 2.5314
2.8700 2.4454 2.8700 2.5941
2.8800 2.5422 2.8800 2.7644
2.9400 2.5801 2.9400 2.7323
3.0300 2.5184 3.0300 2.5668
3.1200 2.6044 3.1200 2.7926
3.1800 2.7698 3.1800 3.0447
3.2200 2.8143 3.2200 2.9527
3.2500 2.7690 3.2500 2.8262
3.2800 2.6598 3.2800 2.7052
3.3200 2.6200 3.3200 2.7171
3.3800 2.6886 3.3800 2.8766
3.4100 2.5917 3.4100 2.6448
3.4500 2.4930 3.4500 2.5408
3.4500 2.6171 3.4500 2.9028
3.4700 2.8177 3.4700 3.1036
3.4800 2.9465 3.4800 3.1493
3.5100 2.9974 3.5100 3.1582
3.5400 2.9716 3.5400 3.0845
3.5500 2.9720 3.5500 3.1022
3.5800 2.9925 3.5800 3.1450
3.6400 3.0230 3.6400 3.1653
3.7300 3.0776 3.7300 3.2394
3.8100 3.1656 3.8100 3.3604
3.8400 3.1109 3.8400 3.1984
3.8600 3.1641 3.8600 3.3155
3.8300 3.0847 3.8300 3.1866
3.8000 3.1455 3.8000 3.2933
3.7500 3.1451 3.7500 3.3076
3.6800 3.2003 3.6800 3.3483
3.6000 3.2288 3.6000 3.3984
3.5300 3.1787 3.5300 3.2644
3.4800 3.2567 3.4800 3.4474
3.4300 3.3787 3.4300 3.6289
3.3700 3.5077 3.3700 3.7259
3.3200 3.5382 3.3200 3.6856
3.2800 3.4434 3.2800 3.4912
3.2600 3.4543 3.2600 3.5908
3.2600 3.3382 3.2600 3.4041
3.3100 3.3170 3.3100 3.3984
3.3400 3.2156 3.3400 3.3039
3.3500 3.0309 3.3500 3.0687
3.3300 2.8853 3.3300 3.0093
3.3000 2.8261 3.3000 3.0190
3.2500 2.8351 3.2500 3.0612
3.1800 2.7830 3.1800 2.9612
3.1100 2.6960 3.1100 2.8442
3.0600 2.6997 3.0600 2.9150
3.0100 2.7146 3.0100 2.9339
2.9500 2.7758 2.9500 2.9862
2.8900 2.8577 2.8900 3.0839
2.5700 3.5473 2.5700 3.6810
2.5100 3.3886 2.5100 3.3810
2.4300 2.8312 2.4300 2.6694
2.3400 2.7155 2.3400 2.8875
2.2600 2.6241 2.2600 2.9351
2.2000 2.5291 2.2000 2.7154
2.1600 2.2717 2.1600 2.4289
2.1200 2.1511 2.1200 2.3332
2.0900 2.0461 2.0900 2.2673
2.0400 1.9493 2.0400 2.1456
1.9800 1.8252 1.9800 1.9728
1.9200 1.7844 1.9200 2.0078
1.8700 1.8617 1.8700 2.0990
1.8400 1.8788 1.8400 2.0269
1.8200 1.7781 1.8200 1.8712
1.8000 1.7004 1.8000 1.8163
1.7700 1.6950 1.7700 1.8614
1.7300 1.7254 1.7300 1.8758
1.7000 1.7677 1.7000 1.9064
1.6800 1.7460 1.6800 1.8464
1.6700 1.7744 1.6700 1.9269
1.6600 1.6848 1.6600 1.7749
1.6500 1.6081 1.6500 1.6745
1.6400 1.5615 1.6400 1.6749
1.6300 1.5508 1.6300 1.6556
1.6000 1.5894 1.6000 1.7233
1.5700 1.6084 1.5700 1.7351
1.5600 1.6003 1.5600 1.7116
1.5600 1.5544 1.5600 1.6583
1.5600 1.4973 1.5600 1.5949
1.5700 1.5063 1.5700 1.6564
1.5700 1.5213 1.5700 1.6715
1.5500 1.5427 1.5500 1.6821
1.5300 1.5369 1.5300 1.6732
1.5200 1.5343 1.5200 1.6801
1.5200 1.5330 1.5200 1.6916
1.5000 1.5289 1.5000 1.6811
1.4800 1.4443 1.4800 1.5238
1.4500 1.4136 1.4500 1.5273
1.4300 1.4624 1.4300 1.6591
1.4100 1.4928 1.4100 1.6497
1.4100 1.4928 1.4100 1.6200
1.4100 1.5341 1.4100 1.7277
1.4100 1.5156 1.4100 1.6710
1.4000 1.4440 1.4000 1.5328
1.3900 1.4239 1.3900 1.5700
1.3800 1.4425 1.3800 1.6167
1.3700 1.4684 1.3700 1.6221
1.3700 1.3910 1.3700 1.4596
1.3600 1.3693 1.3600 1.4846
1.3600 1.3182 1.3600 1.4291
1.3700 1.3275 1.3700 1.4456
1.3800 1.3091 1.3800 1.4179
1.3800 1.3619 1.3800 1.5125
1.3800 1.3675 1.3800 1.5029
1.3700 1.3715 1.3700 1.4904
1.3500 1.3410 1.3500 1.4570
1.3300 1.3350 1.3300 1.4611
1.3000 1.3284 1.3000 1.4559
1.2700 1.3185 1.2700 1.4285
1.2300 1.3433 1.2300 1.4852
1.2000 1.3098 1.2000 1.4062
1.1800 1.3353 1.1800 1.4691
1.1700 1.3742 1.1700 1.5466
1.1700 1.3875 1.1700 1.5201
1.1600 1.3623 1.1600 1.4724
1.1600 1.3622 1.1600 1.5041
1.1500 1.3293 1.1500 1.4433
1.1600 1.2824 1.1600 1.3615
1.1700 1.2595 1.1700 1.3611
1.1900 1.2047 1.1900 1.2665
1.2000 1.1745 1.2000 1.2333
1.2000 1.1132 1.2000 1.1527
1.1800 1.1118 1.1800 1.2256
1.1400 1.1236 1.1400 1.2679
1.1100 1.1454 1.1100 1.2729
1.0900 1.1757 1.0900 1.2964
1.0800 1.1510 1.0800 1.1945
1.0900 1.1791 1.0900 1.2631
1.1000 1.1536 1.1000 1.2121
1.1000 1.2115 1.1000 1.3132
1.0900 1.2249 1.0900 1.3215
1.0800 1.2674 1.0800 1.3681
1.0800 1.2543 1.0800 1.3442
1.0900 1.2297 1.0900 1.2997
1.1100 1.1626 1.1100 1.2066
1.1300 1.0951 1.1300 1.1028
1.1300 1.0799 1.1300 1.1426
1.1200 1.0746 1.1200 1.1932
1.0900 1.0913 1.0900 1.2150
1.0600 1.1479 1.0600 1.3062
1.0400 1.1651 1.0400 1.2437
1.0300 1.1478 1.0300 1.1775
1.0400 1.1174 1.0400 1.1540
1.0600 1.1105 1.0600 1.1598
1.0800 1.1353 1.0800 1.1999
1.0900 1.1678 1.0900 1.2354
1.0800 1.2084 1.0800 1.2889
1.0700 1.2273 1.0700 1.3079
1.0700 1.1818 1.0700 1.2184
1.0700 1.1463 1.0700 1.1916
1.0700 1.0791 1.0700 1.0961
1.0600 1.0590 1.0600 1.0869
1.0600 1.0463 1.0600 1.1572
1.0600 1.0628 1.0600 1.1866
1.0500 1.1191 1.0500 1.2704
1.0400 1.1651 1.0400 1.2725
1.0400 1.1883 1.0400 1.2443
1.0400 1.1766 1.0400 1.2264
1.0400 1.1224 1.0400 1.1433
1.0500 1.1106 1.0500 1.1568
1.0600 1.1327 1.0600 1.2026
1.0500 1.1329 1.0500 1.1679
1.0400 1.1293 1.0400 1.1644
1.0300 1.0967 1.0300 1.1172
1.0300 1.1194 1.0300 1.1835
1.0400 1.1230 1.0400 1.1705
1.0700 1.0927 1.0700 1.1003
1.1100 1.0810 1.1100 1.1311
1.1500 1.1049 1.1500 1.1883
1.1700 1.1094 1.1700 1.1596
1.1500 1.1091 1.1500 1.1542
1.1300 1.1397 1.1300 1.2122
1.1500 1.1522 1.1500 1.2041
1.2100 1.0993 1.2100 1.0945
1.2900 1.0854 1.2900 1.1136
1.3000 1.0779 1.3000 1.1266
1.3000 1.1020 1.3000 1.1692
1.3000 1.1331 1.3000 1.2149
1.3500 1.2050 1.3500 1.2950
1.4100 1.2668 1.4100 1.3733
1.4200 1.3043 1.4200 1.4087
1.4000 1.2750 1.4000 1.3525
1.3700 1.1590 1.3700 1.1676
1.3700 1.1320 1.3700 1.1992
1.4000 1.2411 1.4000 1.4152
1.4600 1.3918 1.4600 1.5815
1.4900 1.5026 1.4900 1.6985
1.5200 1.3528 1.5200 1.3638
1.5300 1.3206 1.5300 1.4402
1.5400 1.3268 1.5400 1.5311
1.5300 1.4979 1.5300 1.7507
1.5200 1.5667 1.5200 1.7872
1.5300 1.4462 1.5300 1.4768
1.5700 1.3414 1.5700 1.4293
1.6100 1.2887 1.6100 1.4367
1.6500 1.3642 1.6500 1.5506
1.6800 1.4619 1.6800 1.6642
1.7400 1.5875 1.7400 1.8247
1.8000 1.5460 1.8000 1.6768
1.8600 1.5801 1.8600 1.7818
1.8900 1.5479 1.8900 1.7529
1.9600 1.5570 1.9600 1.7332
2.0000 1.4845 2.0000 1.6116
2.0200 1.4615 2.0200 1.5963
2.0100 1.5200 2.0100 1.7428
1.9800 1.6397 1.9800 1.8997
1.9100 1.6761 1.9100 1.8802
1.8600 1.7134 1.8600 1.9275
1.7800 1.7268 1.7800 1.9390
1.7400 1.8487 1.7400 2.1305
1.6600 1.8988 1.6600 2.1323
1.6300 1.9378 1.6300 2.1131
1.5700 1.9034 1.5700 2.0393
1.5300 2.0491 1.5300 2.3217
1.4400 2.0260 1.4400 2.1836
1.3900 1.9910 1.3900 2.0447
1.3700 1.9245 1.3700 2.0270
1.4400 1.8182 1.4400 1.9015
1.5600 1.6002 1.5600 1.6289
1.7200 1.5896 1.7200 1.7332
1.8500 1.4033 1.8500 1.4036
1.9600 1.4743 1.9600 1.5835
1.9800 1.2794 1.9800 1.2507
1.9800 1.4019 1.9800 1.5315
1.9700 1.2751 1.9700 1.3210
1.9900 1.3014 1.9900 1.3459
2.0400 1.1435 2.0400 1.1009
2.0900 1.1687 2.0900 1.3697
2.1700 1.2387 2.1700 1.5223
2.2300 1.5536 2.2300 1.8851
2.2700 1.7810 2.2700 2.1066
2.3100 1.9745 2.3100 2.2761
2.3700 2.0052 2.3700 2.2228
2.4300 2.0575 2.4300 2.2590
2.5100 1.9207 2.5100 1.9674
2.6000 1.9124 2.6000 2.0144
2.7100 1.9260 2.7100 2.0966
2.7100 1.9965 2.7100 2.1882
2.6200 2.0860 2.6200 2.3363
2.4600 2.1201 2.4600 2.2632
2.3000 2.2411 2.3000 2.4748
2.1200 2.2408 2.1200 2.4018
1.9800 2.2246 1.9800 2.3076
1.9100 2.2741 1.9100 2.4589
1.9500 2.3742 1.9500 2.5909
2.0200 2.4176 2.0200 2.5630
2.0600 2.5168 2.0600 2.7003
2.0800 2.6075 2.0800 2.8136
2.0800 2.7319 2.0800 2.9336
2.0700 2.4699 2.0700 2.3723
2.0500 2.1622 2.0500 1.9546
2.0300 1.9097 2.0300 1.9266
2.0200 1.7435 2.0200 1.8343
2.0000 1.4830 2.0000 1.4272
1.9700 1.3430 1.9700 1.3607
1.9400 1.3520 1.9400 1.7209
1.9500 1.7902 1.9500 2.2274
2.0300 1.9911 2.0300 2.2339
2.1900 1.9831 2.1900 2.0879
2.3600 2.0066 2.3600 2.1709
2.4800 1.9999 2.4800 2.1607
2.5200 1.9687 2.5200 2.0734
2.4700 1.8967 2.4700 2.0098
2.4100 1.8555 2.4100 2.0012
2.3400 1.8662 2.3400 2.0625
2.3000 1.8072 2.3000 1.9402
2.2500 1.7414 2.2500 1.8534
2.1900 1.7145 2.1900 1.8764
2.1400 1.8573 2.1400 2.1433
2.0800 2.1203 2.0800 2.4883
2.0200 2.4332 2.0200 2.7600
1.9900 2.5518 1.9900 2.7588
1.9700 2.5138 1.9700 2.5803
1.9600 2.3864 1.9600 2.4085
1.9300 2.1839 1.9300 2.1320
1.8600 2.1462 1.8600 2.1960
1.7900 1.9846 1.7900 2.0779
1.7400 1.9737 1.7400 2.1191
1.6900 1.8527 1.6900 1.9574
1.6400 1.7480 1.6400 1.8027
1.5600 1.7498 1.5600 1.9285
1.4800 1.6736 1.4800 1.7658
1.4200 1.6226 1.4200 1.6893
1.3800 1.7034 1.3800 1.9048
1.3700 1.7301 1.3700 1.8795
1.3600 1.7631 1.3600 1.8989
1.3500 1.6847 1.3500 1.7858
1.3400 1.5013 1.3400 1.4987
1.3400 1.4415 1.3400 1.5402
1.3300 1.4597 1.3300 1.6119
1.3000 1.4083 1.3000 1.4389
1.2700 1.3569 1.2700 1.3847
1.2300 1.2165 1.2300 1.1852
1.2300 1.1848 1.2300 1.2211
1.2700 1.1636 1.2700 1.3614
1.4000 1.1790 1.4000 1.3854
1.5800 1.2588 1.5800 1.5053
1.7300 1.2642 1.7300 1.3966
1.8000 1.2702 1.8000 1.3631
1.8000 1.2760 1.8000 1.4032
1.7100 1.3137 1.7100 1.4583
1.5900 1.2863 1.5900 1.3766
1.4500 1.2073 1.4500 1.2418
1.3600 1.1780 1.3600 1.2600
1.3400 1.1216 1.3400 1.1639
1.3400 1.2177 1.3400 1.3881
1.3700 1.3592 1.3700 1.5707
1.3700 1.6761 1.3700 2.0080
1.3400 1.8978 1.3400 2.2471
1.2700 1.9283 1.2700 2.1236
1.2000 1.8314 1.2000 1.9010
1.1400 1.7293 1.1400 1.8153
1.1100 1.5197 1.1100 1.4982
1.0900 1.3935 1.0900 1.3937
1.0900 1.2096 1.0900 1.1373
1.0900 1.1221 1.0900 1.3205
1.0900 1.1724 1.0900 1.6925
1.1100 1.2378 1.1100 1.5625
1.1400 1.3614 1.1400 1.6402
1.1900 1.3153 1.1900 1.4201
1.2400 1.2334 1.2400 1.2708
1.2900 1.1389 1.2900 1.1469
1.3500 1.1020 1.3500 1.1132
1.4100 1.0505 1.4100 1.1741
1.4900 1.0299 1.4900 1.2944
1.5600 1.0436 1.5600 1.2891
1.6200 1.1000 1.6200 1.3325
1.6100 1.1161 1.6100 1.2617
1.6100 1.1286 1.6100 1.2050
1.6400 1.1998 1.6400 1.3117
1.7400 1.2587 1.7400 1.3738
1.8200 1.3537 1.8200 1.5032
1.9300 1.4021 1.9300 1.5591
2.0500 1.4485 2.0500 1.6181
2.2300 1.5244 2.2300 1.7638
2.3700 1.5697 2.3700 1.8025
2.4800 1.6640 2.4800 1.9333
2.5500 1.6992 2.5500 1.9290
2.5500 1.7254 2.5500 1.9185
2.5500 1.5818 2.5500 1.6137
2.5400 1.6080 2.5400 1.7909
2.5700 1.7089 2.5700 2.0483
